FoamFile
{
    version     2.0;
    format      ascii;
    class       dictionary;
    object      blockMeshDict;
}
// Generated by aether.cfd - do not edit by hand. Regenerate from the run config.

scale 1;

vertices
(
    (0 0 -0.03)
    (-0.246114321447 9.22741091649e-17 -0.03)
    (0 0 0)
    (-0.246114321447 9.22741091649e-17 0)
    (0.00322553191392 0.0512067580107 -0.03)
    (-0.242802269511 0.0761966424542 -0.03)
    (0.00322553191392 0.0512067580107 0)
    (-0.242802269511 0.0761966424542 0)
    (0.0128503515739 0.101604156181 -0.03)
    (-0.233075655606 0.15213311151 -0.03)
    (0.0128503515739 0.101604156181 0)
    (-0.233075655606 0.15213311151 0)
    (0.0287226226376 0.15039561722 -0.03)
    (-0.217464787402 0.227751534194 -0.03)
    (0.0287226226376 0.15039561722 0)
    (-0.217464787402 0.227751534194 0)
    (0.0505916616998 0.196809843049 -0.03)
    (-0.196596375087 0.303316648357 -0.03)
    (0.0505916616998 0.196809843049 0)
    (-0.196596375087 0.303316648357 0)
    (0.0781113593235 0.240113441633 -0.03)
    (-0.170973727098 0.379446541226 -0.03)
    (0.0781113593235 0.240113441633 0)
    (-0.170973727098 0.379446541226 0)
    (0.110847228594 0.279621650776 -0.03)
    (-0.140831384785 0.457105515182 -0.03)
    (0.110847228594 0.279621650776 0)
    (-0.140831384785 0.457105515182 0)
    (0.148251331868 0.314746061559 -0.03)
    (-0.106047483878 0.537629394243 -0.03)
    (0.148251331868 0.314746061559 0)
    (-0.106047483878 0.537629394243 0)
    (0.187344675055 0.348028518303 -0.03)
    (-0.0658112150761 0.62334409907 -0.03)
    (0.187344675055 0.348028518303 0)
    (-0.0658112150761 0.62334409907 0)
    (0.226438018242 0.381310975046 -0.03)
    (-0.0196657207541 0.715360077962 -0.03)
    (0.226438018242 0.381310975046 0)
    (-0.0196657207541 0.715360077962 0)
    (0.265531361429 0.41459343179 -0.03)
    (0.0325208873119 0.814067328627 -0.03)
    (0.265531361429 0.41459343179 0)
    (0.0325208873119 0.814067328627 0)
    (0.304624704617 0.447875888534 -0.03)
    (0.0909275247882 0.919966162257 -0.03)
    (0.304624704617 0.447875888534 0)
    (0.0909275247882 0.919966162257 0)
    (0.343718047804 0.481158345278 -0.03)
    (0.15580569559 1.0336759902 -0.03)
    (0.343718047804 0.481158345278 0)
    (0.15580569559 1.0336759902 0)
    (0.382811390991 0.514440802021 -0.03)
    (0.227498713905 1.15594585745 -0.03)
    (0.382811390991 0.514440802021 0)
    (0.227498713905 1.15594585745 0)
    (0.421904734178 0.547723258765 -0.03)
    (0.306457817789 1.2876688936 -0.03)
    (0.421904734178 0.547723258765 0)
    (0.306457817789 1.2876688936 0)
    (0.460998077366 0.581005715509 -0.03)
    (0.393258137705 1.42990228715 -0.03)
    (0.460998077366 0.581005715509 0)
    (0.393258137705 1.42990228715 0)
    (0.50736095999 0.6 -0.03)
    (0.50736095999 1.61394051669 -0.03)
    (0.50736095999 0.6 0)
    (0.50736095999 1.61394051669 0)
);

blocks
(
    hex (0 4 5 1 2 6 7 3) (4 48 1) simpleGrading (1 4 1)
    hex (4 8 9 5 6 10 11 7) (4 48 1) simpleGrading (1 4 1)
    hex (8 12 13 9 10 14 15 11) (4 48 1) simpleGrading (1 4 1)
    hex (12 16 17 13 14 18 19 15) (4 48 1) simpleGrading (1 4 1)
    hex (16 20 21 17 18 22 23 19) (4 48 1) simpleGrading (1 4 1)
    hex (20 24 25 21 22 26 27 23) (4 48 1) simpleGrading (1 4 1)
    hex (24 28 29 25 26 30 31 27) (4 48 1) simpleGrading (1 4 1)
    hex (28 32 33 29 30 34 35 31) (4 48 1) simpleGrading (1 4 1)
    hex (32 36 37 33 34 38 39 35) (4 48 1) simpleGrading (1 4 1)
    hex (36 40 41 37 38 42 43 39) (4 48 1) simpleGrading (1 4 1)
    hex (40 44 45 41 42 46 47 43) (4 48 1) simpleGrading (1 4 1)
    hex (44 48 49 45 46 50 51 47) (4 48 1) simpleGrading (1 4 1)
    hex (48 52 53 49 50 54 55 51) (4 48 1) simpleGrading (1 4 1)
    hex (52 56 57 53 54 58 59 55) (4 48 1) simpleGrading (1 4 1)
    hex (56 60 61 57 58 62 63 59) (4 48 1) simpleGrading (1 4 1)
    hex (60 64 65 61 62 66 67 63) (4 48 1) simpleGrading (1 4 1)
);

edges
(
    polyLine 0 4 ((1.0530390046e-06 0.000927096921891 -0.03) (4.21215058413e-06 0.00185418905943 -0.03) (9.47731843571e-06 0.00278127162829 -0.03) (1.68485153881e-05 0.00370833984418 -0.03) (2.63257034016e-05 0.00463538892292 -0.03) (3.79088335686e-05 0.00556241408038 -0.03) (5.15978461134e-05 0.00648941053259 -0.03) (6.73926703929e-05 0.00741637349571 -0.03) (8.52932248967e-05 0.00834329818608 -0.03) (0.000105299417248 0.00927017982023 -0.03) (0.000127411144202 0.0101970136149 -0.03) (0.000151628291651 0.0111237947872 -0.03) (0.00017795073462 0.0120505185543 -0.03) (0.000206378337271 0.0129771801337 -0.03) (0.000236910952899 0.0139037747435 -0.03) (0.00026954842394 0.0148302976018 -0.03) (0.000304290581966 0.0157567439273 -0.03) (0.000341137247687 0.0166831089388 -0.03) (0.000380088230952 0.017609387856 -0.03) (0.000421143330753 0.0185355758986 -0.03) (0.000464302335222 0.019461668287 -0.03) (0.000509565021632 0.020387660242 -0.03) (0.000556931156404 0.0213135469849 -0.03) (0.0006064004951 0.0222393237377 -0.03) (0.00065797278243 0.0231649857228 -0.03) (0.000711647752252 0.0240905281632 -0.03) (0.000767425127572 0.0250159462827 -0.03) (0.000825304620546 0.0259412353055 -0.03) (0.000885285932483 0.0268663904567 -0.03) (0.000947368753845 0.0277914069618 -0.03) (0.00101155276425 0.0287162800473 -0.03) (0.00107783763247 0.0296410049403 -0.03) (0.00114622301644 0.0305655768687 -0.03) (0.00121670856324 0.0314899910611 -0.03) (0.00128929390914 0.0324142427471 -0.03) (0.00136397867956 0.0333383271569 -0.03) (0.00144076248906 0.0342622395219 -0.03) (0.00151964494142 0.035185975074 -0.03) (0.00160062562954 0.0361095290462 -0.03) (0.00168370413553 0.0370328966725 -0.03) (0.00176888003064 0.0379560731878 -0.03) (0.00185615287532 0.0388790538279 -0.03) (0.0019455222192 0.0398018338298 -0.03) (0.00203698760107 0.0407244084313 -0.03) (0.00213054854893 0.0416467728715 -0.03) (0.00222620457994 0.0425689223904 -0.03) (0.00232395520046 0.0434908522292 -0.03) (0.00242379990605 0.0444125576302 -0.03) (0.00252573818145 0.0453340338369 -0.03) (0.0026297695006 0.0462552760939 -0.03) (0.00273589332663 0.0471762796471 -0.03) (0.00284410911189 0.0480970397436 -0.03) (0.00295441629793 0.0490175516317 -0.03) (0.00306681431548 0.0499378105611 -0.03) (0.00318130258452 0.0508578117827 -0.03))
    polyLine 2 6 ((1.0530390046e-06 0.000927096921891 0) (4.21215058413e-06 0.00185418905943 0) (9.47731843571e-06 0.00278127162829 0) (1.68485153881e-05 0.00370833984418 0) (2.63257034016e-05 0.00463538892292 0) (3.79088335686e-05 0.00556241408038 0) (5.15978461134e-05 0.00648941053259 0) (6.73926703929e-05 0.00741637349571 0) (8.52932248967e-05 0.00834329818608 0) (0.000105299417248 0.00927017982023 0) (0.000127411144202 0.0101970136149 0) (0.000151628291651 0.0111237947872 0) (0.00017795073462 0.0120505185543 0) (0.000206378337271 0.0129771801337 0) (0.000236910952899 0.0139037747435 0) (0.00026954842394 0.0148302976018 0) (0.000304290581966 0.0157567439273 0) (0.000341137247687 0.0166831089388 0) (0.000380088230952 0.017609387856 0) (0.000421143330753 0.0185355758986 0) (0.000464302335222 0.019461668287 0) (0.000509565021632 0.020387660242 0) (0.000556931156404 0.0213135469849 0) (0.0006064004951 0.0222393237377 0) (0.00065797278243 0.0231649857228 0) (0.000711647752252 0.0240905281632 0) (0.000767425127572 0.0250159462827 0) (0.000825304620546 0.0259412353055 0) (0.000885285932483 0.0268663904567 0) (0.000947368753845 0.0277914069618 0) (0.00101155276425 0.0287162800473 0) (0.00107783763247 0.0296410049403 0) (0.00114622301644 0.0305655768687 0) (0.00121670856324 0.0314899910611 0) (0.00128929390914 0.0324142427471 0) (0.00136397867956 0.0333383271569 0) (0.00144076248906 0.0342622395219 0) (0.00151964494142 0.035185975074 0) (0.00160062562954 0.0361095290462 0) (0.00168370413553 0.0370328966725 0) (0.00176888003064 0.0379560731878 0) (0.00185615287532 0.0388790538279 0) (0.0019455222192 0.0398018338298 0) (0.00203698760107 0.0407244084313 0) (0.00213054854893 0.0416467728715 0) (0.00222620457994 0.0425689223904 0) (0.00232395520046 0.0434908522292 0) (0.00242379990605 0.0444125576302 0) (0.00252573818145 0.0453340338369 0) (0.0026297695006 0.0462552760939 0) (0.00273589332663 0.0471762796471 0) (0.00284410911189 0.0480970397436 0) (0.00295441629793 0.0490175516317 0) (0.00306681431548 0.0499378105611 0) (0.00318130258452 0.0508578117827 0))
    polyLine 1 5 ((-0.246108535287 0.00317797256615 -0.03) (-0.246091177571 0.00635591177992 -0.03) (-0.246062250596 0.00953378431991 -0.03) (-0.246021758187 0.0127115569268 -0.03) (-0.245969705695 0.015889196434 -0.03) (-0.245906099991 0.0190666697989 -0.03) (-0.245830949459 0.0222439441331 -0.03) (-0.245744263991 0.0254209867333 -0.03) (-0.245646054977 0.0285977651114 -0.03) (-0.245536335293 0.0317742470245 -0.03) (-0.245415119294 0.0349504005053 -0.03) (-0.245282422795 0.0381261938909 -0.03) (-0.245138263063 0.0413015958526 -0.03) (-0.244982658797 0.0444765754244 -0.03) (-0.244815630114 0.0476511020319 -0.03) (-0.244637198532 0.0508251455201 -0.03) (-0.244447386949 0.0539986761812 -0.03) (-0.244246219623 0.0571716647818 -0.03) (-0.244033722153 0.0603440825896 -0.03) (-0.243809921455 0.0635159013999 -0.03) (-0.243574845741 0.0666870935611 -0.03) (-0.243328524491 0.0698576319996 -0.03) (-0.243070988433 0.0730274902451 -0.03))
    polyLine 3 7 ((-0.246108535287 0.00317797256615 0) (-0.246091177571 0.00635591177992 0) (-0.246062250596 0.00953378431991 0) (-0.246021758187 0.0127115569268 0) (-0.245969705695 0.015889196434 0) (-0.245906099991 0.0190666697989 0) (-0.245830949459 0.0222439441331 0) (-0.245744263991 0.0254209867333 0) (-0.245646054977 0.0285977651114 0) (-0.245536335293 0.0317742470245 0) (-0.245415119294 0.0349504005053 0) (-0.245282422795 0.0381261938909 0) (-0.245138263063 0.0413015958526 0) (-0.244982658797 0.0444765754244 0) (-0.244815630114 0.0476511020319 0) (-0.244637198532 0.0508251455201 0) (-0.244447386949 0.0539986761812 0) (-0.244246219623 0.0571716647818 0) (-0.244033722153 0.0603440825896 0) (-0.243809921455 0.0635159013999 0) (-0.243574845741 0.0666870935611 0) (-0.243328524491 0.0698576319996 0) (-0.243070988433 0.0730274902451 0))
    polyLine 4 8 ((0.00329788051422 0.0517775505487 -0.03) (0.00341654750298 0.0526970221129 -0.03) (0.00353730293839 0.0536162217301 -0.03) (0.00366014619729 0.0545351446568 -0.03) (0.00378507664575 0.0554537861508 -0.03) (0.00391209363904 0.0563721414714 -0.03) (0.0040411965217 0.0572902058793 -0.03) (0.00417238462746 0.0582079746369 -0.03) (0.00430565727933 0.0591254430079 -0.03) (0.00444101378955 0.0600426062576 -0.03) (0.00457845345959 0.0609594596529 -0.03) (0.00471797558019 0.0618759984625 -0.03) (0.00485957943133 0.0627922179563 -0.03) (0.00500326428226 0.0637081134061 -0.03) (0.00514902939148 0.0646236800855 -0.03) (0.00529687400676 0.0655389132696 -0.03) (0.00544679736513 0.0664538082352 -0.03) (0.00559879869291 0.0673683602609 -0.03) (0.00575287720568 0.0682825646272 -0.03) (0.00590903210831 0.0691964166163 -0.03) (0.00606726259494 0.070109911512 -0.03) (0.00622756784902 0.0710230446003 -0.03) (0.00638994704328 0.0719358111689 -0.03) (0.00655439933975 0.0728482065074 -0.03) (0.00672092388976 0.0737602259073 -0.03) (0.00688951983395 0.074671864662 -0.03) (0.00706018630227 0.0755831180669 -0.03) (0.00723292241398 0.0764939814196 -0.03) (0.00740772727766 0.0774044500193 -0.03) (0.00758459999123 0.0783145191676 -0.03) (0.0077635396419 0.079224184168 -0.03) (0.00794454530626 0.080133440326 -0.03) (0.00812761605021 0.0810422829494 -0.03) (0.008312750929 0.0819507073481 -0.03) (0.00849994898722 0.0828587088341 -0.03) (0.00868920925884 0.0837662827215 -0.03) (0.00888053076715 0.0846734243267 -0.03) (0.00907391252482 0.0855801289684 -0.03) (0.0092693535339 0.0864863919674 -0.03) (0.0094668527858 0.087392208647 -0.03) (0.00966640926131 0.0882975743325 -0.03) (0.0098680219306 0.0892024843518 -0.03) (0.0100716897532 0.0901069340351 -0.03) (0.0102774116782 0.0910109187147 -0.03) (0.0104851866438 0.0919144337257 -0.03) (0.0106950135778 0.0928174744055 -0.03) (0.0109068913974 0.0937200360937 -0.03) (0.0111208190092 0.0946221141326 -0.03) (0.0113367953092 0.0955237038671 -0.03) (0.0115548191828 0.0964248006444 -0.03) (0.0117748895049 0.0973253998143 -0.03) (0.0119970051398 0.0982254967292 -0.03) (0.0122211649413 0.099125086744 -0.03) (0.0124473677526 0.100024165217 -0.03) (0.0126756124063 0.100922727507 -0.03))
    polyLine 6 10 ((0.00329788051422 0.0517775505487 0) (0.00341654750298 0.0526970221129 0) (0.00353730293839 0.0536162217301 0) (0.00366014619729 0.0545351446568 0) (0.00378507664575 0.0554537861508 0) (0.00391209363904 0.0563721414714 0) (0.0040411965217 0.0572902058793 0) (0.00417238462746 0.0582079746369 0) (0.00430565727933 0.0591254430079 0) (0.00444101378955 0.0600426062576 0) (0.00457845345959 0.0609594596529 0) (0.00471797558019 0.0618759984625 0) (0.00485957943133 0.0627922179563 0) (0.00500326428226 0.0637081134061 0) (0.00514902939148 0.0646236800855 0) (0.00529687400676 0.0655389132696 0) (0.00544679736513 0.0664538082352 0) (0.00559879869291 0.0673683602609 0) (0.00575287720568 0.0682825646272 0) (0.00590903210831 0.0691964166163 0) (0.00606726259494 0.070109911512 0) (0.00622756784902 0.0710230446003 0) (0.00638994704328 0.0719358111689 0) (0.00655439933975 0.0728482065074 0) (0.00672092388976 0.0737602259073 0) (0.00688951983395 0.074671864662 0) (0.00706018630227 0.0755831180669 0) (0.00723292241398 0.0764939814196 0) (0.00740772727766 0.0774044500193 0) (0.00758459999123 0.0783145191676 0) (0.0077635396419 0.079224184168 0) (0.00794454530626 0.080133440326 0) (0.00812761605021 0.0810422829494 0) (0.008312750929 0.0819507073481 0) (0.00849994898722 0.0828587088341 0) (0.00868920925884 0.0837662827215 0) (0.00888053076715 0.0846734243267 0) (0.00907391252482 0.0855801289684 0) (0.0092693535339 0.0864863919674 0) (0.0094668527858 0.087392208647 0) (0.00966640926131 0.0882975743325 0) (0.0098680219306 0.0892024843518 0) (0.0100716897532 0.0901069340351 0) (0.0102774116782 0.0910109187147 0) (0.0104851866438 0.0919144337257 0) (0.0106950135778 0.0928174744055 0) (0.0109068913974 0.0937200360937 0) (0.0111208190092 0.0946221141326 0) (0.0113367953092 0.0955237038671 0) (0.0115548191828 0.0964248006444 0) (0.0117748895049 0.0973253998143 0) (0.0119970051398 0.0982254967292 0) (0.0122211649413 0.099125086744 0) (0.0124473677526 0.100024165217 0) (0.0126756124063 0.100922727507 0))
    polyLine 5 9 ((-0.242521861134 0.0793710537512 -0.03) (-0.242230295328 0.0825447063923 -0.03) (-0.241927607735 0.0857175764195 -0.03) (-0.241613835116 0.0888896405971 -0.03) (-0.241289015314 0.0920608764332 -0.03) (-0.240953187229 0.0952312621996 -0.03) (-0.240606390781 0.0984007769515 -0.03) (-0.240248666884 0.101569400547 -0.03) (-0.239880057407 0.104737113664 -0.03) (-0.239500605146 0.107903897821 -0.03) (-0.239110353787 0.11106973539 -0.03) (-0.238709347876 0.114234609614 -0.03) (-0.238297632782 0.117398504626 -0.03) (-0.23787525466 0.120561405456 -0.03) (-0.237442260424 0.123723298054 -0.03) (-0.236998697703 0.126884169297 -0.03) (-0.236544614812 0.130044007002 -0.03) (-0.236080060716 0.133202799942 -0.03) (-0.235605084991 0.136360537853 -0.03) (-0.235119737792 0.139517211447 -0.03) (-0.234624069817 0.142672812418 -0.03) (-0.23411813227 0.145827333456 -0.03) (-0.233601976829 0.148980768253 -0.03))
    polyLine 7 11 ((-0.242521861134 0.0793710537512 0) (-0.242230295328 0.0825447063923 0) (-0.241927607735 0.0857175764195 0) (-0.241613835116 0.0888896405971 0) (-0.241289015314 0.0920608764332 0) (-0.240953187229 0.0952312621996 0) (-0.240606390781 0.0984007769515 0) (-0.240248666884 0.101569400547 0) (-0.239880057407 0.104737113664 0) (-0.239500605146 0.107903897821 0) (-0.239110353787 0.11106973539 0) (-0.238709347876 0.114234609614 0) (-0.238297632782 0.117398504626 0) (-0.23787525466 0.120561405456 0) (-0.237442260424 0.123723298054 0) (-0.236998697703 0.126884169297 0) (-0.236544614812 0.130044007002 0) (-0.236080060716 0.133202799942 0) (-0.235605084991 0.136360537853 0) (-0.235119737792 0.139517211447 0) (-0.234624069817 0.142672812418 0) (-0.23411813227 0.145827333456 0) (-0.233601976829 0.148980768253 0))
    polyLine 8 12 ((0.0129058977246 0.101820768978 -0.03) (0.013138222519 0.102718284995 -0.03) (0.0133725855907 0.103615270927 -0.03) (0.0136089857301 0.104511722145 -0.03) (0.0138474217174 0.105407634022 -0.03) (0.014087892322 0.106303001935 -0.03) (0.014330396303 0.107197821263 -0.03) (0.0145749324089 0.108092087389 -0.03) (0.0148214993779 0.108985795698 -0.03) (0.0150700959373 0.109878941578 -0.03) (0.0153207208045 0.110771520419 -0.03) (0.0155733726859 0.111663527615 -0.03) (0.0158280502778 0.112554958564 -0.03) (0.0160847522658 0.113445808664 -0.03) (0.0163434773253 0.114336073318 -0.03) (0.0166042241211 0.115225747933 -0.03) (0.0168669913075 0.116114827916 -0.03) (0.0171317775286 0.117003308681 -0.03) (0.0173985814178 0.117891185641 -0.03) (0.0176674015984 0.118778454214 -0.03) (0.0179382366831 0.119665109823 -0.03) (0.0182110852741 0.120551147891 -0.03) (0.0184859459635 0.121436563846 -0.03) (0.0187628173328 0.122321353118 -0.03) (0.0190416979532 0.123205511142 -0.03) (0.0193225863855 0.124089033354 -0.03) (0.0196054811802 0.124971915196 -0.03) (0.0198903808773 0.125854152111 -0.03) (0.0201772840066 0.126735739546 -0.03) (0.0204661890876 0.127616672952 -0.03) (0.0207570946293 0.128496947783 -0.03) (0.0210499991304 0.129376559495 -0.03) (0.0213449010795 0.13025550355 -0.03) (0.0216417989546 0.131133775412 -0.03) (0.0219406912236 0.132011370548 -0.03) (0.022241576344 0.13288828443 -0.03) (0.0225444527631 0.133764512532 -0.03) (0.0228493189179 0.134640050332 -0.03) (0.0231561732351 0.135514893311 -0.03) (0.0234650141312 0.136389036957 -0.03) (0.0237758400123 0.137262476756 -0.03) (0.0240886492744 0.138135208202 -0.03) (0.0244034403032 0.139007226791 -0.03) (0.0247202114743 0.139878528023 -0.03) (0.0250389611529 0.140749107401 -0.03) (0.025359687694 0.141618960433 -0.03) (0.0256823894427 0.14248808263 -0.03) (0.0260070647334 0.143356469506 -0.03) (0.0263337118907 0.144224116581 -0.03) (0.026662329229 0.145091019376 -0.03) (0.0269929150523 0.145957173419 -0.03) (0.0273254676547 0.146822574238 -0.03) (0.02765998532 0.147687217368 -0.03) (0.0279964663219 0.148551098348 -0.03) (0.0283349089239 0.149414212718 -0.03) (0.0286753113795 0.150276556026 -0.03))
    polyLine 10 14 ((0.0129058977246 0.101820768978 0) (0.013138222519 0.102718284995 0) (0.0133725855907 0.103615270927 0) (0.0136089857301 0.104511722145 0) (0.0138474217174 0.105407634022 0) (0.014087892322 0.106303001935 0) (0.014330396303 0.107197821263 0) (0.0145749324089 0.108092087389 0) (0.0148214993779 0.108985795698 0) (0.0150700959373 0.109878941578 0) (0.0153207208045 0.110771520419 0) (0.0155733726859 0.111663527615 0) (0.0158280502778 0.112554958564 0) (0.0160847522658 0.113445808664 0) (0.0163434773253 0.114336073318 0) (0.0166042241211 0.115225747933 0) (0.0168669913075 0.116114827916 0) (0.0171317775286 0.117003308681 0) (0.0173985814178 0.117891185641 0) (0.0176674015984 0.118778454214 0) (0.0179382366831 0.119665109823 0) (0.0182110852741 0.120551147891 0) (0.0184859459635 0.121436563846 0) (0.0187628173328 0.122321353118 0) (0.0190416979532 0.123205511142 0) (0.0193225863855 0.124089033354 0) (0.0196054811802 0.124971915196 0) (0.0198903808773 0.125854152111 0) (0.0201772840066 0.126735739546 0) (0.0204661890876 0.127616672952 0) (0.0207570946293 0.128496947783 0) (0.0210499991304 0.129376559495 0) (0.0213449010795 0.13025550355 0) (0.0216417989546 0.131133775412 0) (0.0219406912236 0.132011370548 0) (0.022241576344 0.13288828443 0) (0.0225444527631 0.133764512532 0) (0.0228493189179 0.134640050332 0) (0.0231561732351 0.135514893311 0) (0.0234650141312 0.136389036957 0) (0.0237758400123 0.137262476756 0) (0.0240886492744 0.138135208202 0) (0.0244034403032 0.139007226791 0) (0.0247202114743 0.139878528023 0) (0.0250389611529 0.140749107401 0) (0.025359687694 0.141618960433 0) (0.0256823894427 0.14248808263 0) (0.0260070647334 0.143356469506 0) (0.0263337118907 0.144224116581 0) (0.026662329229 0.145091019376 0) (0.0269929150523 0.145957173419 0) (0.0273254676547 0.146822574238 0) (0.02765998532 0.147687217368 0) (0.0279964663219 0.148551098348 0) (0.0283349089239 0.149414212718 0) (0.0286753113795 0.150276556026 0))
    polyLine 9 13 ((-0.232537162883 0.155296334855 -0.03) (-0.231988533353 0.158458450738 -0.03) (-0.231429820841 0.161619456908 -0.03) (-0.230861079471 0.164779352167 -0.03) (-0.230282363637 0.16793813637 -0.03) (-0.229693727965 0.171095810428 -0.03) (-0.229095227278 0.174252376318 -0.03) (-0.228486916564 0.17740783708 -0.03) (-0.227868850941 0.18056219682 -0.03) (-0.227241085627 0.183715460715 -0.03) (-0.226603675903 0.186867635008 -0.03) (-0.225956677083 0.190018727016 -0.03) (-0.225300144486 0.193168745126 -0.03) (-0.224634133396 0.196317698795 -0.03) (-0.223958699041 0.199465598548 -0.03) (-0.223273896555 0.202612455982 -0.03) (-0.222579780955 0.205758283756 -0.03) (-0.221876407105 0.208903095599 -0.03) (-0.221163829694 0.212046906297 -0.03) (-0.220442103206 0.215189731699 -0.03) (-0.219711281888 0.218331588708 -0.03) (-0.218971419731 0.221472495283 -0.03) (-0.218222570438 0.224612470428 -0.03))
    polyLine 11 15 ((-0.232537162883 0.155296334855 0) (-0.231988533353 0.158458450738 0) (-0.231429820841 0.161619456908 0) (-0.230861079471 0.164779352167 0) (-0.230282363637 0.16793813637 0) (-0.229693727965 0.171095810428 0) (-0.229095227278 0.174252376318 0) (-0.228486916564 0.17740783708 0) (-0.227868850941 0.18056219682 0) (-0.227241085627 0.183715460715 0) (-0.226603675903 0.186867635008 0) (-0.225956677083 0.190018727016 0) (-0.225300144486 0.193168745126 0) (-0.224634133396 0.196317698795 0) (-0.223958699041 0.199465598548 0) (-0.223273896555 0.202612455982 0) (-0.222579780955 0.205758283756 0) (-0.221876407105 0.208903095599 0) (-0.221163829694 0.212046906297 0) (-0.220442103206 0.215189731699 0) (-0.219711281888 0.218331588708 0) (-0.218971419731 0.221472495283 0) (-0.218222570438 0.224612470428 0))
    polyLine 12 16 ((0.029017671932 0.15113812382 -0.03) (0.0293619888147 0.151998911654 -0.03) (0.0297082602507 0.152858915087 -0.03) (0.0300564844529 0.153718129679 -0.03) (0.0304066596245 0.154576550998 -0.03) (0.0307587839582 0.155434174613 -0.03) (0.0311128556369 0.156290996099 -0.03) (0.0314688728335 0.157147011033 -0.03) (0.0318268337105 0.158002214998 -0.03) (0.0321867364208 0.158856603581 -0.03) (0.0325485791071 0.159710172372 -0.03) (0.032912359902 0.160562916968 -0.03) (0.0332780769282 0.161414832966 -0.03) (0.0336457282984 0.162265915971 -0.03) (0.0340153121154 0.163116161591 -0.03) (0.0343868264718 0.163965565437 -0.03) (0.0347602694504 0.164814123127 -0.03) (0.0351356391241 0.165661830281 -0.03) (0.0355129335556 0.166508682525 -0.03) (0.0358921507981 0.167354675489 -0.03) (0.0362732888944 0.168199804806 -0.03) (0.0366563458777 0.169044066116 -0.03) (0.0370413197712 0.169887455061 -0.03) (0.0374282085883 0.170729967289 -0.03) (0.0378170103322 0.171571598453 -0.03) (0.0382077229967 0.172412344208 -0.03) (0.0386003445654 0.173252200217 -0.03) (0.0389948730121 0.174091162145 -0.03) (0.0393913063009 0.174929225662 -0.03) (0.0397896423859 0.175766386444 -0.03) (0.0401898792115 0.17660264017 -0.03) (0.0405920147122 0.177437982526 -0.03) (0.0409960468128 0.178272409199 -0.03) (0.0414019734283 0.179105915884 -0.03) (0.0418097924638 0.17993849828 -0.03) (0.0422195018148 0.18077015209 -0.03) (0.0426310993668 0.181600873022 -0.03) (0.0430445829959 0.182430656789 -0.03) (0.0434599505683 0.183259499109 -0.03) (0.0438771999403 0.184087395704 -0.03) (0.0442963289587 0.184914342303 -0.03) (0.0447173354607 0.185740334638 -0.03) (0.0451402172735 0.186565368445 -0.03) (0.0455649722148 0.187389439468 -0.03) (0.0459915980928 0.188212543454 -0.03) (0.0464200927056 0.189034676156 -0.03) (0.0468504538421 0.189855833329 -0.03) (0.0472826792814 0.190676010737 -0.03) (0.0477167667929 0.191495204148 -0.03) (0.0481527141364 0.192313409333 -0.03) (0.0485905190623 0.193130622071 -0.03) (0.0490301793111 0.193946838143 -0.03) (0.0494716926141 0.194762053339 -0.03) (0.0499150566927 0.19557626345 -0.03) (0.050360269259 0.196389464275 -0.03))
    polyLine 14 18 ((0.029017671932 0.15113812382 0) (0.0293619888147 0.151998911654 0) (0.0297082602507 0.152858915087 0) (0.0300564844529 0.153718129679 0) (0.0304066596245 0.154576550998 0) (0.0307587839582 0.155434174613 0) (0.0311128556369 0.156290996099 0) (0.0314688728335 0.157147011033 0) (0.0318268337105 0.158002214998 0) (0.0321867364208 0.158856603581 0) (0.0325485791071 0.159710172372 0) (0.032912359902 0.160562916968 0) (0.0332780769282 0.161414832966 0) (0.0336457282984 0.162265915971 0) (0.0340153121154 0.163116161591 0) (0.0343868264718 0.163965565437 0) (0.0347602694504 0.164814123127 0) (0.0351356391241 0.165661830281 0) (0.0355129335556 0.166508682525 0) (0.0358921507981 0.167354675489 0) (0.0362732888944 0.168199804806 0) (0.0366563458777 0.169044066116 0) (0.0370413197712 0.169887455061 0) (0.0374282085883 0.170729967289 0) (0.0378170103322 0.171571598453 0) (0.0382077229967 0.172412344208 0) (0.0386003445654 0.173252200217 0) (0.0389948730121 0.174091162145 0) (0.0393913063009 0.174929225662 0) (0.0397896423859 0.175766386444 0) (0.0401898792115 0.17660264017 0) (0.0405920147122 0.177437982526 0) (0.0409960468128 0.178272409199 0) (0.0414019734283 0.179105915884 0) (0.0418097924638 0.17993849828 0) (0.0422195018148 0.18077015209 0) (0.0426310993668 0.181600873022 0) (0.0430445829959 0.182430656789 0) (0.0434599505683 0.183259499109 0) (0.0438771999403 0.184087395704 0) (0.0442963289587 0.184914342303 0) (0.0447173354607 0.185740334638 0) (0.0451402172735 0.186565368445 0) (0.0455649722148 0.187389439468 0) (0.0459915980928 0.188212543454 0) (0.0464200927056 0.189034676156 0) (0.0468504538421 0.189855833329 0) (0.0472826792814 0.190676010737 0) (0.0477167667929 0.191495204148 0) (0.0481527141364 0.192313409333 0) (0.0485905190623 0.193130622071 0) (0.0490301793111 0.193946838143 0) (0.0494716926141 0.194762053339 0) (0.0499150566927 0.19557626345 0) (0.050360269259 0.196389464275 0))
    polyLine 13 17 ((-0.216693693049 0.230907736356 -0.03) (-0.21591366927 0.234063060485 -0.03) (-0.215124769279 0.237217530148 -0.03) (-0.214327045872 0.240371169964 -0.03) (-0.213520551406 0.243524005594 -0.03) (-0.212705337774 0.246676063738 -0.03) (-0.211881456386 0.249827372128 -0.03) (-0.211048958144 0.252977959524 -0.03) (-0.210207893426 0.256127855705 -0.03) (-0.209358312061 0.259277091463 -0.03) (-0.208500263313 0.262425698598 -0.03) (-0.207633795863 0.265573709914 -0.03) (-0.206758957789 0.268721159204 -0.03) (-0.205875796547 0.271868081252 -0.03) (-0.204984358958 0.275014511824 -0.03) (-0.20408469119 0.278160487655 -0.03) (-0.203176838739 0.281306046454 -0.03) (-0.202260846421 0.284451226885 -0.03) (-0.201336758351 0.287596068568 -0.03) (-0.200404617929 0.29074061207 -0.03) (-0.199464467833 0.293884898897 -0.03) (-0.198516349998 0.29702897149 -0.03) (-0.19756030561 0.300172873214 -0.03))
    polyLine 15 19 ((-0.216693693049 0.230907736356 0) (-0.21591366927 0.234063060485 0) (-0.215124769279 0.237217530148 0) (-0.214327045872 0.240371169964 0) (-0.213520551406 0.243524005594 0) (-0.212705337774 0.246676063738 0) (-0.211881456386 0.249827372128 0) (-0.211048958144 0.252977959524 0) (-0.210207893426 0.256127855705 0) (-0.209358312061 0.259277091463 0) (-0.208500263313 0.262425698598 0) (-0.207633795863 0.265573709914 0) (-0.206758957789 0.268721159204 0) (-0.205875796547 0.271868081252 0) (-0.204984358958 0.275014511824 0) (-0.20408469119 0.278160487655 0) (-0.203176838739 0.281306046454 0) (-0.202260846421 0.284451226885 0) (-0.201336758351 0.287596068568 0) (-0.200404617929 0.29074061207 0) (-0.199464467833 0.293884898897 0) (-0.198516349998 0.29702897149 0) (-0.19756030561 0.300172873214 0))
    polyLine 16 20 ((0.0508073280153 0.197201651618 -0.03) (0.0512562306546 0.198012821287 -0.03) (0.0517069748604 0.198822969096 -0.03) (0.0521595583064 0.199632090864 -0.03) (0.0526139786571 0.200440182416 -0.03) (0.0530702335675 0.201247239582 -0.03) (0.053528320683 0.202053258196 -0.03) (0.0539882376396 0.202858234099 -0.03) (0.0544499820639 0.203662163137 -0.03) (0.054913551573 0.204465041161 -0.03) (0.0553789437746 0.205266864028 -0.03) (0.0558461562671 0.2060676276 -0.03) (0.0563151866393 0.206867327745 -0.03) (0.0567860324708 0.207665960335 -0.03) (0.0572586913317 0.20846352125 -0.03) (0.0577331607829 0.209260006373 -0.03) (0.0582094383758 0.210055411594 -0.03) (0.0586875216526 0.210849732809 -0.03) (0.059167408146 0.211642965917 -0.03) (0.0596490953796 0.212435106827 -0.03) (0.0601325808676 0.213226151449 -0.03) (0.0606178621149 0.214016095702 -0.03) (0.0611049366173 0.214804935509 -0.03) (0.0615938018611 0.215592666798 -0.03) (0.0620844553234 0.216379285506 -0.03) (0.0625768944723 0.217164787572 -0.03) (0.0630711167665 0.217949168944 -0.03) (0.0635671196555 0.218732425572 -0.03) (0.0640649005796 0.219514553415 -0.03) (0.06456445697 0.220295548437 -0.03) (0.0650657862487 0.221075406607 -0.03) (0.0655688858286 0.221854123901 -0.03) (0.0660737531134 0.222631696301 -0.03) (0.0665803854976 0.223408119792 -0.03) (0.0670887803668 0.22418339037 -0.03) (0.0675989350973 0.224957504033 -0.03) (0.0681108470565 0.225730456785 -0.03) (0.0686245136026 0.226502244639 -0.03) (0.0691399320847 0.22727286361 -0.03) (0.0696570998431 0.228042309724 -0.03) (0.0701760142089 0.228810579007 -0.03) (0.070696672504 0.229577667497 -0.03) (0.0712190720418 0.230343571234 -0.03) (0.0717432101262 0.231108286266 -0.03) (0.0722690840524 0.231871808646 -0.03) (0.0727966911066 0.232634134435 -0.03) (0.0733260285661 0.233395259698 -0.03) (0.0738570936991 0.234155180507 -0.03) (0.0743898837651 0.23491389294 -0.03) (0.0749243960145 0.235671393083 -0.03) (0.075460627689 0.236427677026 -0.03) (0.0759985760214 0.237182740867 -0.03) (0.0765382382354 0.237936580708 -0.03) (0.0770796115461 0.23868919266 -0.03) (0.0776226931597 0.239440572838 -0.03))
    polyLine 18 22 ((0.0508073280153 0.197201651618 0) (0.0512562306546 0.198012821287 0) (0.0517069748604 0.198822969096 0) (0.0521595583064 0.199632090864 0) (0.0526139786571 0.200440182416 0) (0.0530702335675 0.201247239582 0) (0.053528320683 0.202053258196 0) (0.0539882376396 0.202858234099 0) (0.0544499820639 0.203662163137 0) (0.054913551573 0.204465041161 0) (0.0553789437746 0.205266864028 0) (0.0558461562671 0.2060676276 0) (0.0563151866393 0.206867327745 0) (0.0567860324708 0.207665960335 0) (0.0572586913317 0.20846352125 0) (0.0577331607829 0.209260006373 0) (0.0582094383758 0.210055411594 0) (0.0586875216526 0.210849732809 0) (0.059167408146 0.211642965917 0) (0.0596490953796 0.212435106827 0) (0.0601325808676 0.213226151449 0) (0.0606178621149 0.214016095702 0) (0.0611049366173 0.214804935509 0) (0.0615938018611 0.215592666798 0) (0.0620844553234 0.216379285506 0) (0.0625768944723 0.217164787572 0) (0.0630711167665 0.217949168944 0) (0.0635671196555 0.218732425572 0) (0.0640649005796 0.219514553415 0) (0.06456445697 0.220295548437 0) (0.0650657862487 0.221075406607 0) (0.0655688858286 0.221854123901 0) (0.0660737531134 0.222631696301 0) (0.0665803854976 0.223408119792 0) (0.0670887803668 0.22418339037 0) (0.0675989350973 0.224957504033 0) (0.0681108470565 0.225730456785 0) (0.0686245136026 0.226502244639 0) (0.0691399320847 0.22727286361 0) (0.0696570998431 0.228042309724 0) (0.0701760142089 0.228810579007 0) (0.070696672504 0.229577667497 0) (0.0712190720418 0.230343571234 0) (0.0717432101262 0.231108286266 0) (0.0722690840524 0.231871808646 0) (0.0727966911066 0.232634134435 0) (0.0733260285661 0.233395259698 0) (0.0738570936991 0.234155180507 0) (0.0743898837651 0.23491389294 0) (0.0749243960145 0.235671393083 0) (0.075460627689 0.236427677026 0) (0.0759985760214 0.237182740867 0) (0.0765382382354 0.237936580708 0) (0.0770796115461 0.23868919266 0) (0.0776226931597 0.239440572838 0))
    polyLine 17 21 ((-0.195617044402 0.306484679332 -0.03) (-0.194629785033 0.309652674851 -0.03) (-0.193634635922 0.312820683031 -0.03) (-0.19263163518 0.315988752914 -0.03) (-0.191620820075 0.319156934455 -0.03) (-0.190602227023 0.322325278518 -0.03) (-0.189575891579 0.325493836873 -0.03) (-0.188541848428 0.328662662185 -0.03) (-0.187500131376 0.331831808011 -0.03) (-0.186450773346 0.335001328793 -0.03) (-0.185393806363 0.338171279854 -0.03) (-0.184329261554 0.34134171739 -0.03) (-0.183257169139 0.344512698467 -0.03) (-0.182177558423 0.347684281017 -0.03) (-0.18109045779 0.35085652383 -0.03) (-0.179995894702 0.35402948655 -0.03) (-0.178893895685 0.357203229673 -0.03) (-0.177784486331 0.360377814542 -0.03) (-0.176667691291 0.363553303341 -0.03) (-0.175543534269 0.366729759091 -0.03) (-0.17441203802 0.369907245652 -0.03) (-0.173273224341 0.373085827712 -0.03) (-0.172127114074 0.376265570789 -0.03))
    polyLine 19 23 ((-0.195617044402 0.306484679332 0) (-0.194629785033 0.309652674851 0) (-0.193634635922 0.312820683031 0) (-0.19263163518 0.315988752914 0) (-0.191620820075 0.319156934455 0) (-0.190602227023 0.322325278518 0) (-0.189575891579 0.325493836873 0) (-0.188541848428 0.328662662185 0) (-0.187500131376 0.331831808011 0) (-0.186450773346 0.335001328793 0) (-0.185393806363 0.338171279854 0) (-0.184329261554 0.34134171739 0) (-0.183257169139 0.344512698467 0) (-0.182177558423 0.347684281017 0) (-0.18109045779 0.35085652383 0) (-0.179995894702 0.35402948655 0) (-0.178893895685 0.357203229673 0) (-0.177784486331 0.360377814542 0) (-0.176667691291 0.363553303341 0) (-0.175543534269 0.366729759091 0) (-0.17441203802 0.369907245652 0) (-0.173273224341 0.373085827712 0) (-0.172127114074 0.376265570789 0))
    polyLine 20 24 ((0.0781674802736 0.240190717366 -0.03) (0.0787139700764 0.240939622371 -0.03) (0.0792621597479 0.241687283989 -0.03) (0.0798120464592 0.242433698362 -0.03) (0.0803636273724 0.243178861638 -0.03) (0.0809168996411 0.243922769971 -0.03) (0.0814718604101 0.244665419523 -0.03) (0.0820285068155 0.24540680646 -0.03) (0.0825868359847 0.246146926957 -0.03) (0.0831468450363 0.246885777195 -0.03) (0.0837085310805 0.24762335336 -0.03) (0.0842718912185 0.248359651646 -0.03) (0.0848369225432 0.249094668254 -0.03) (0.0854036221386 0.24982839939 -0.03) (0.0859719870802 0.250560841268 -0.03) (0.086542014435 0.251291990108 -0.03) (0.0871137012612 0.252021842137 -0.03) (0.0876870446087 0.252750393588 -0.03) (0.0882620415187 0.253477640702 -0.03) (0.0888386890238 0.254203579726 -0.03) (0.0894169841483 0.254928206914 -0.03) (0.0899969239077 0.255651518525 -0.03) (0.0905785053093 0.256373510827 -0.03) (0.0911617253517 0.257094180095 -0.03) (0.0917465810253 0.257813522609 -0.03) (0.0923330693118 0.258531534657 -0.03) (0.0929211871846 0.259248212534 -0.03) (0.0935109316087 0.259963552541 -0.03) (0.0941022995406 0.260677550987 -0.03) (0.0946952879286 0.261390204187 -0.03) (0.0952898937125 0.262101508463 -0.03) (0.0958861138238 0.262811460144 -0.03) (0.0964839451857 0.263520055568 -0.03) (0.097083384713 0.264227291077 -0.03) (0.0976844293122 0.264933163021 -0.03) (0.0982870758816 0.265637667757 -0.03) (0.0988913213113 0.266340801651 -0.03) (0.0994971624829 0.267042561073 -0.03) (0.10010459627 0.267742942401 -0.03) (0.100713619538 0.268441942023 -0.03) (0.101324229143 0.269139556329 -0.03) (0.101936421936 0.269835781721 -0.03) (0.102550194756 0.270530614606 -0.03) (0.103165544436 0.271224051396 -0.03) (0.1037824678 0.271916088515 -0.03) (0.104400961666 0.272606722391 -0.03) (0.10502102284 0.273295949459 -0.03) (0.105642648124 0.273983766163 -0.03) (0.106265834309 0.274670168953 -0.03) (0.106890578179 0.275355154287 -0.03) (0.10751687651 0.276038718631 -0.03) (0.10814472607 0.276720858456 -0.03) (0.10877412362 0.277401570243 -0.03) (0.10940506591 0.278080850477 -0.03) (0.110037549686 0.278758695655 -0.03) (0.110671571682 0.279435102278 -0.03))
    polyLine 22 26 ((0.0781674802736 0.240190717366 0) (0.0787139700764 0.240939622371 0) (0.0792621597479 0.241687283989 0) (0.0798120464592 0.242433698362 0) (0.0803636273724 0.243178861638 0) (0.0809168996411 0.243922769971 0) (0.0814718604101 0.244665419523 0) (0.0820285068155 0.24540680646 0) (0.0825868359847 0.246146926957 0) (0.0831468450363 0.246885777195 0) (0.0837085310805 0.24762335336 0) (0.0842718912185 0.248359651646 0) (0.0848369225432 0.249094668254 0) (0.0854036221386 0.24982839939 0) (0.0859719870802 0.250560841268 0) (0.086542014435 0.251291990108 0) (0.0871137012612 0.252021842137 0) (0.0876870446087 0.252750393588 0) (0.0882620415187 0.253477640702 0) (0.0888386890238 0.254203579726 0) (0.0894169841483 0.254928206914 0) (0.0899969239077 0.255651518525 0) (0.0905785053093 0.256373510827 0) (0.0911617253517 0.257094180095 0) (0.0917465810253 0.257813522609 0) (0.0923330693118 0.258531534657 0) (0.0929211871846 0.259248212534 0) (0.0935109316087 0.259963552541 0) (0.0941022995406 0.260677550987 0) (0.0946952879286 0.261390204187 0) (0.0952898937125 0.262101508463 0) (0.0958861138238 0.262811460144 0) (0.0964839451857 0.263520055568 0) (0.097083384713 0.264227291077 0) (0.0976844293122 0.264933163021 0) (0.0982870758816 0.265637667757 0) (0.0988913213113 0.266340801651 0) (0.0994971624829 0.267042561073 0) (0.10010459627 0.267742942401 0) (0.100713619538 0.268441942023 0) (0.101324229143 0.269139556329 0) (0.101936421936 0.269835781721 0) (0.102550194756 0.270530614606 0) (0.103165544436 0.271224051396 0) (0.1037824678 0.271916088515 0) (0.104400961666 0.272606722391 0) (0.10502102284 0.273295949459 0) (0.105642648124 0.273983766163 0) (0.106265834309 0.274670168953 0) (0.106890578179 0.275355154287 0) (0.10751687651 0.276038718631 0) (0.10814472607 0.276720858456 0) (0.10877412362 0.277401570243 0) (0.10940506591 0.278080850477 0) (0.110037549686 0.278758695655 0) (0.110671571682 0.279435102278 0))
    polyLine 21 25 ((-0.16980167331 0.38265999586 -0.03) (-0.168622237259 0.385874840526 -0.03) (-0.167435436406 0.389091146087 -0.03) (-0.166241287197 0.392308984252 -0.03) (-0.16503980506 0.395528427579 -0.03) (-0.163831004406 0.398749549472 -0.03) (-0.162614898619 0.40197242418 -0.03) (-0.161391500062 0.405197126797 -0.03) (-0.160160820069 0.408423733259 -0.03) (-0.158922868942 0.411652320347 -0.03) (-0.157677655953 0.414882965684 -0.03) (-0.156425189339 0.418115747738 -0.03) (-0.155165476301 0.421350745821 -0.03) (-0.153898523001 0.424588040089 -0.03) (-0.15262433456 0.427827711546 -0.03) (-0.151342915057 0.431069842044 -0.03) (-0.150054267527 0.434314514283 -0.03) (-0.148758393958 0.437561811816 -0.03) (-0.147455295291 0.440811819052 -0.03) (-0.146144971415 0.444064621253 -0.03) (-0.144827421171 0.447320304545 -0.03) (-0.143502642341 0.450578955916 -0.03) (-0.142170631655 0.453840663219 -0.03))
    polyLine 23 27 ((-0.16980167331 0.38265999586 0) (-0.168622237259 0.385874840526 0) (-0.167435436406 0.389091146087 0) (-0.166241287197 0.392308984252 0) (-0.16503980506 0.395528427579 0) (-0.163831004406 0.398749549472 0) (-0.162614898619 0.40197242418 0) (-0.161391500062 0.405197126797 0) (-0.160160820069 0.408423733259 0) (-0.158922868942 0.411652320347 0) (-0.157677655953 0.414882965684 0) (-0.156425189339 0.418115747738 0) (-0.155165476301 0.421350745821 0) (-0.153898523001 0.424588040089 0) (-0.15262433456 0.427827711546 0) (-0.151342915057 0.431069842044 0) (-0.150054267527 0.434314514283 0) (-0.148758393958 0.437561811816 0) (-0.147455295291 0.440811819052 0) (-0.146144971415 0.444064621253 0) (-0.144827421171 0.447320304545 0) (-0.143502642341 0.450578955916 0) (-0.142170631655 0.453840663219 0))
    polyLine 24 28 ((0.111307128628 0.280110066855 -0.03) (0.111944217243 0.280783585904 -0.03) (0.112582834239 0.281455655947 -0.03) (0.113222976321 0.282126273518 -0.03) (0.113864640186 0.282795435155 -0.03) (0.114507822521 0.283463137405 -0.03) (0.115152520009 0.284129376822 -0.03) (0.115798729321 0.284794149968 -0.03) (0.116446447123 0.285457453413 -0.03) (0.117095670073 0.286119283734 -0.03) (0.11774639482 0.286779637514 -0.03) (0.118398618006 0.287438511347 -0.03) (0.119052336265 0.288095901832 -0.03) (0.119707546223 0.288751805576 -0.03) (0.1203642445 0.289406219195 -0.03) (0.121022427706 0.290059139312 -0.03) (0.121682092444 0.290710562557 -0.03) (0.122343235312 0.291360485568 -0.03) (0.123005852895 0.292008904992 -0.03) (0.123669941776 0.292655817482 -0.03) (0.124335498527 0.293301219699 -0.03) (0.125002519714 0.293945108314 -0.03) (0.125671001893 0.294587480004 -0.03) (0.126340941616 0.295228331452 -0.03) (0.127012335425 0.295867659353 -0.03) (0.127685179856 0.296505460406 -0.03) (0.128359471435 0.297141731321 -0.03) (0.129035206684 0.297776468814 -0.03) (0.129712382115 0.298409669609 -0.03) (0.130390994234 0.299041330439 -0.03) (0.131071039538 0.299671448044 -0.03) (0.131752514519 0.300300019171 -0.03) (0.132435415658 0.300927040578 -0.03) (0.133119739433 0.301552509029 -0.03) (0.133805482312 0.302176421295 -0.03) (0.134492640755 0.302798774158 -0.03) (0.135181211217 0.303419564404 -0.03) (0.135871190144 0.304038788832 -0.03) (0.136562573976 0.304656444244 -0.03) (0.137255359144 0.305272527454 -0.03) (0.137949542074 0.305887035283 -0.03) (0.138645119183 0.306499964558 -0.03) (0.139342086882 0.307111312118 -0.03) (0.140040441573 0.307721074807 -0.03) (0.140740179653 0.308329249478 -0.03) (0.141441297511 0.308935832993 -0.03) (0.142143791529 0.309540822221 -0.03) (0.142847658081 0.310144214041 -0.03) (0.143552893535 0.310746005339 -0.03) (0.144259358611 0.311347460508 -0.03) (0.144965823686 0.311948915676 -0.03) (0.145672288762 0.312550370845 -0.03) (0.146378753837 0.313151826014 -0.03) (0.147085218913 0.313753281182 -0.03) (0.147791683988 0.314354736351 -0.03))
    polyLine 26 30 ((0.111307128628 0.280110066855 0) (0.111944217243 0.280783585904 0) (0.112582834239 0.281455655947 0) (0.113222976321 0.282126273518 0) (0.113864640186 0.282795435155 0) (0.114507822521 0.283463137405 0) (0.115152520009 0.284129376822 0) (0.115798729321 0.284794149968 0) (0.116446447123 0.285457453413 0) (0.117095670073 0.286119283734 0) (0.11774639482 0.286779637514 0) (0.118398618006 0.287438511347 0) (0.119052336265 0.288095901832 0) (0.119707546223 0.288751805576 0) (0.1203642445 0.289406219195 0) (0.121022427706 0.290059139312 0) (0.121682092444 0.290710562557 0) (0.122343235312 0.291360485568 0) (0.123005852895 0.292008904992 0) (0.123669941776 0.292655817482 0) (0.124335498527 0.293301219699 0) (0.125002519714 0.293945108314 0) (0.125671001893 0.294587480004 0) (0.126340941616 0.295228331452 0) (0.127012335425 0.295867659353 0) (0.127685179856 0.296505460406 0) (0.128359471435 0.297141731321 0) (0.129035206684 0.297776468814 0) (0.129712382115 0.298409669609 0) (0.130390994234 0.299041330439 0) (0.131071039538 0.299671448044 0) (0.131752514519 0.300300019171 0) (0.132435415658 0.300927040578 0) (0.133119739433 0.301552509029 0) (0.133805482312 0.302176421295 0) (0.134492640755 0.302798774158 0) (0.135181211217 0.303419564404 0) (0.135871190144 0.304038788832 0) (0.136562573976 0.304656444244 0) (0.137255359144 0.305272527454 0) (0.137949542074 0.305887035283 0) (0.138645119183 0.306499964558 0) (0.139342086882 0.307111312118 0) (0.140040441573 0.307721074807 0) (0.140740179653 0.308329249478 0) (0.141441297511 0.308935832993 0) (0.142143791529 0.309540822221 0) (0.142847658081 0.310144214041 0) (0.143552893535 0.310746005339 0) (0.144259358611 0.311347460508 0) (0.144965823686 0.311948915676 0) (0.145672288762 0.312550370845 0) (0.146378753837 0.313151826014 0) (0.147085218913 0.313753281182 0) (0.147791683988 0.314354736351 0))
    polyLine 25 29 ((-0.139468592667 0.460413085019 -0.03) (-0.138098376334 0.463724061505 -0.03) (-0.136720727977 0.467038539372 -0.03) (-0.13533563867 0.470356614288 -0.03) (-0.133943098363 0.473678382859 -0.03) (-0.132543095884 0.47700394264 -0.03) (-0.131135618935 0.480333392137 -0.03) (-0.12972065409 0.483666830817 -0.03) (-0.128298186792 0.487004359114 -0.03) (-0.126868201347 0.490346078439 -0.03) (-0.125430680927 0.493692091185 -0.03) (-0.123985607562 0.497042500738 -0.03) (-0.122532962138 0.500397411482 -0.03) (-0.121072724394 0.503756928814 -0.03) (-0.119604872919 0.507121159151 -0.03) (-0.118129385145 0.510490209936 -0.03) (-0.116646237348 0.513864189657 -0.03) (-0.115155404639 0.517243207849 -0.03) (-0.113656860964 0.520627375111 -0.03) (-0.112150579096 0.524016803114 -0.03) (-0.110636530631 0.527411604617 -0.03) (-0.109114685986 0.530811893475 -0.03) (-0.107585014389 0.534217784653 -0.03))
    polyLine 27 31 ((-0.139468592667 0.460413085019 0) (-0.138098376334 0.463724061505 0) (-0.136720727977 0.467038539372 0) (-0.13533563867 0.470356614288 0) (-0.133943098363 0.473678382859 0) (-0.132543095884 0.47700394264 0) (-0.131135618935 0.480333392137 0) (-0.12972065409 0.483666830817 0) (-0.128298186792 0.487004359114 0) (-0.126868201347 0.490346078439 0) (-0.125430680927 0.493692091185 0) (-0.123985607562 0.497042500738 0) (-0.122532962138 0.500397411482 0) (-0.121072724394 0.503756928814 0) (-0.119604872919 0.507121159151 0) (-0.118129385145 0.510490209936 0) (-0.116646237348 0.513864189657 0) (-0.115155404639 0.517243207849 0) (-0.113656860964 0.520627375111 0) (-0.112150579096 0.524016803114 0) (-0.110636530631 0.527411604617 0) (-0.109114685986 0.530811893475 0) (-0.107585014389 0.534217784653 0))
    polyLine 28 32 ((0.148498149064 0.314956191519 -0.03) (0.14920461414 0.315557646688 -0.03) (0.149911079215 0.316159101857 -0.03) (0.150617544291 0.316760557025 -0.03) (0.151324009366 0.317362012194 -0.03) (0.152030474442 0.317963467363 -0.03) (0.152736939517 0.318564922531 -0.03) (0.153443404593 0.3191663777 -0.03) (0.154149869668 0.319767832868 -0.03) (0.154856334744 0.320369288037 -0.03) (0.15556279982 0.320970743206 -0.03) (0.156269264895 0.321572198374 -0.03) (0.156975729971 0.322173653543 -0.03) (0.157682195046 0.322775108711 -0.03) (0.158388660122 0.32337656388 -0.03) (0.159095125197 0.323978019049 -0.03) (0.159801590273 0.324579474217 -0.03) (0.160508055349 0.325180929386 -0.03) (0.161214520424 0.325782384555 -0.03) (0.1619209855 0.326383839723 -0.03) (0.162627450575 0.326985294892 -0.03) (0.163333915651 0.32758675006 -0.03) (0.164040380726 0.328188205229 -0.03) (0.164746845802 0.328789660398 -0.03) (0.165453310878 0.329391115566 -0.03) (0.166159775953 0.329992570735 -0.03) (0.166866241029 0.330594025904 -0.03) (0.167572706104 0.331195481072 -0.03) (0.16827917118 0.331796936241 -0.03) (0.168985636255 0.332398391409 -0.03) (0.169692101331 0.332999846578 -0.03) (0.170398566407 0.333601301747 -0.03) (0.171105031482 0.334202756915 -0.03) (0.171811496558 0.334804212084 -0.03) (0.172517961633 0.335405667252 -0.03) (0.173224426709 0.336007122421 -0.03) (0.173930891784 0.33660857759 -0.03) (0.17463735686 0.337210032758 -0.03) (0.175343821935 0.337811487927 -0.03) (0.176050287011 0.338412943096 -0.03) (0.176756752087 0.339014398264 -0.03) (0.177463217162 0.339615853433 -0.03) (0.178169682238 0.340217308601 -0.03) (0.178876147313 0.34081876377 -0.03) (0.179582612389 0.341420218939 -0.03) (0.180289077464 0.342021674107 -0.03) (0.18099554254 0.342623129276 -0.03) (0.181702007616 0.343224584444 -0.03) (0.182408472691 0.343826039613 -0.03) (0.183114937767 0.344427494782 -0.03) (0.183821402842 0.34502894995 -0.03) (0.184527867918 0.345630405119 -0.03) (0.185234332993 0.346231860288 -0.03) (0.185940798069 0.346833315456 -0.03) (0.186647263145 0.347434770625 -0.03))
    polyLine 30 34 ((0.148498149064 0.314956191519 0) (0.14920461414 0.315557646688 0) (0.149911079215 0.316159101857 0) (0.150617544291 0.316760557025 0) (0.151324009366 0.317362012194 0) (0.152030474442 0.317963467363 0) (0.152736939517 0.318564922531 0) (0.153443404593 0.3191663777 0) (0.154149869668 0.319767832868 0) (0.154856334744 0.320369288037 0) (0.15556279982 0.320970743206 0) (0.156269264895 0.321572198374 0) (0.156975729971 0.322173653543 0) (0.157682195046 0.322775108711 0) (0.158388660122 0.32337656388 0) (0.159095125197 0.323978019049 0) (0.159801590273 0.324579474217 0) (0.160508055349 0.325180929386 0) (0.161214520424 0.325782384555 0) (0.1619209855 0.326383839723 0) (0.162627450575 0.326985294892 0) (0.163333915651 0.32758675006 0) (0.164040380726 0.328188205229 0) (0.164746845802 0.328789660398 0) (0.165453310878 0.329391115566 0) (0.166159775953 0.329992570735 0) (0.166866241029 0.330594025904 0) (0.167572706104 0.331195481072 0) (0.16827917118 0.331796936241 0) (0.168985636255 0.332398391409 0) (0.169692101331 0.332999846578 0) (0.170398566407 0.333601301747 0) (0.171105031482 0.334202756915 0) (0.171811496558 0.334804212084 0) (0.172517961633 0.335405667252 0) (0.173224426709 0.336007122421 0) (0.173930891784 0.33660857759 0) (0.17463735686 0.337210032758 0) (0.175343821935 0.337811487927 0) (0.176050287011 0.338412943096 0) (0.176756752087 0.339014398264 0) (0.177463217162 0.339615853433 0) (0.178169682238 0.340217308601 0) (0.178876147313 0.34081876377 0) (0.179582612389 0.341420218939 0) (0.180289077464 0.342021674107 0) (0.18099554254 0.342623129276 0) (0.181702007616 0.343224584444 0) (0.182408472691 0.343826039613 0) (0.183114937767 0.344427494782 0) (0.183821402842 0.34502894995 0) (0.184527867918 0.345630405119 0) (0.185234332993 0.346231860288 0) (0.185940798069 0.346833315456 0) (0.186647263145 0.347434770625 0))
    polyLine 29 33 ((-0.104469768717 0.541118125872 -0.03) (-0.10288379252 0.544613064871 -0.03) (-0.101289517404 0.548114338454 -0.03) (-0.0996869041634 0.551622075122 -0.03) (-0.0980759122679 0.555136404672 -0.03) (-0.0964564998505 0.558657458221 -0.03) (-0.094828623701 0.562185368222 -0.03) (-0.0931922392581 0.56572026848 -0.03) (-0.0915473006006 0.569262294176 -0.03) (-0.0898937604385 0.572811581882 -0.03) (-0.088231570104 0.576368269584 -0.03) (-0.0865606795419 0.5799324967 -0.03) (-0.0848810372997 0.583504404105 -0.03) (-0.0831925905174 0.587084134148 -0.03) (-0.081495284917 0.59067183068 -0.03) (-0.0797890647913 0.594267639072 -0.03) (-0.0780738729929 0.59787170624 -0.03) (-0.076349650922 0.60148418067 -0.03) (-0.0746163385146 0.605105212442 -0.03) (-0.0728738742301 0.608734953256 -0.03) (-0.0711221950378 0.612373556456 -0.03) (-0.0693612364038 0.61602117706 -0.03) (-0.0675909322773 0.619677971784 -0.03))
    polyLine 31 35 ((-0.104469768717 0.541118125872 0) (-0.10288379252 0.544613064871 0) (-0.101289517404 0.548114338454 0) (-0.0996869041634 0.551622075122 0) (-0.0980759122679 0.555136404672 0) (-0.0964564998505 0.558657458221 0) (-0.094828623701 0.562185368222 0) (-0.0931922392581 0.56572026848 0) (-0.0915473006006 0.569262294176 0) (-0.0898937604385 0.572811581882 0) (-0.088231570104 0.576368269584 0) (-0.0865606795419 0.5799324967 0) (-0.0848810372997 0.583504404105 0) (-0.0831925905174 0.587084134148 0) (-0.081495284917 0.59067183068 0) (-0.0797890647913 0.594267639072 0) (-0.0780738729929 0.59787170624 0) (-0.076349650922 0.60148418067 0) (-0.0746163385146 0.605105212442 0) (-0.0728738742301 0.608734953256 0) (-0.0711221950378 0.612373556456 0) (-0.0693612364038 0.61602117706 0) (-0.0675909322773 0.619677971784 0))
    polyLine 32 36 ((0.18735372822 0.348036225793 -0.03) (0.188060193296 0.348637680962 -0.03) (0.188766658371 0.349239136131 -0.03) (0.189473123447 0.349840591299 -0.03) (0.190179588522 0.350442046468 -0.03) (0.190886053598 0.351043501636 -0.03) (0.191592518674 0.351644956805 -0.03) (0.192298983749 0.352246411974 -0.03) (0.193005448825 0.352847867142 -0.03) (0.1937119139 0.353449322311 -0.03) (0.194418378976 0.35405077748 -0.03) (0.195124844051 0.354652232648 -0.03) (0.195831309127 0.355253687817 -0.03) (0.196537774202 0.355855142985 -0.03) (0.197244239278 0.356456598154 -0.03) (0.197950704354 0.357058053323 -0.03) (0.198657169429 0.357659508491 -0.03) (0.199363634505 0.35826096366 -0.03) (0.20007009958 0.358862418829 -0.03) (0.200776564656 0.359463873997 -0.03) (0.201483029731 0.360065329166 -0.03) (0.202189494807 0.360666784334 -0.03) (0.202895959883 0.361268239503 -0.03) (0.203602424958 0.361869694672 -0.03) (0.204308890034 0.36247114984 -0.03) (0.205015355109 0.363072605009 -0.03) (0.205721820185 0.363674060177 -0.03) (0.20642828526 0.364275515346 -0.03) (0.207134750336 0.364876970515 -0.03) (0.207841215412 0.365478425683 -0.03) (0.208547680487 0.366079880852 -0.03) (0.209254145563 0.366681336021 -0.03) (0.209960610638 0.367282791189 -0.03) (0.210667075714 0.367884246358 -0.03) (0.211373540789 0.368485701526 -0.03) (0.212080005865 0.369087156695 -0.03) (0.212786470941 0.369688611864 -0.03) (0.213492936016 0.370290067032 -0.03) (0.214199401092 0.370891522201 -0.03) (0.214905866167 0.371492977369 -0.03) (0.215612331243 0.372094432538 -0.03) (0.216318796318 0.372695887707 -0.03) (0.217025261394 0.373297342875 -0.03) (0.217731726469 0.373898798044 -0.03) (0.218438191545 0.374500253213 -0.03) (0.219144656621 0.375101708381 -0.03) (0.219851121696 0.37570316355 -0.03) (0.220557586772 0.376304618718 -0.03) (0.221264051847 0.376906073887 -0.03) (0.221970516923 0.377507529056 -0.03) (0.222676981998 0.378108984224 -0.03) (0.223383447074 0.378710439393 -0.03) (0.22408991215 0.379311894562 -0.03) (0.224796377225 0.37991334973 -0.03) (0.225502842301 0.380514804899 -0.03) (0.226209307376 0.381116260067 -0.03))
    polyLine 34 38 ((0.18735372822 0.348036225793 0) (0.188060193296 0.348637680962 0) (0.188766658371 0.349239136131 0) (0.189473123447 0.349840591299 0) (0.190179588522 0.350442046468 0) (0.190886053598 0.351043501636 0) (0.191592518674 0.351644956805 0) (0.192298983749 0.352246411974 0) (0.193005448825 0.352847867142 0) (0.1937119139 0.353449322311 0) (0.194418378976 0.35405077748 0) (0.195124844051 0.354652232648 0) (0.195831309127 0.355253687817 0) (0.196537774202 0.355855142985 0) (0.197244239278 0.356456598154 0) (0.197950704354 0.357058053323 0) (0.198657169429 0.357659508491 0) (0.199363634505 0.35826096366 0) (0.20007009958 0.358862418829 0) (0.200776564656 0.359463873997 0) (0.201483029731 0.360065329166 0) (0.202189494807 0.360666784334 0) (0.202895959883 0.361268239503 0) (0.203602424958 0.361869694672 0) (0.204308890034 0.36247114984 0) (0.205015355109 0.363072605009 0) (0.205721820185 0.363674060177 0) (0.20642828526 0.364275515346 0) (0.207134750336 0.364876970515 0) (0.207841215412 0.365478425683 0) (0.208547680487 0.366079880852 0) (0.209254145563 0.366681336021 0) (0.209960610638 0.367282791189 0) (0.210667075714 0.367884246358 0) (0.211373540789 0.368485701526 0) (0.212080005865 0.369087156695 0) (0.212786470941 0.369688611864 0) (0.213492936016 0.370290067032 0) (0.214199401092 0.370891522201 0) (0.214905866167 0.371492977369 0) (0.215612331243 0.372094432538 0) (0.216318796318 0.372695887707 0) (0.217025261394 0.373297342875 0) (0.217731726469 0.373898798044 0) (0.218438191545 0.374500253213 0) (0.219144656621 0.375101708381 0) (0.219851121696 0.37570316355 0) (0.220557586772 0.376304618718 0) (0.221264051847 0.376906073887 0) (0.221970516923 0.377507529056 0) (0.222676981998 0.378108984224 0) (0.223383447074 0.378710439393 0) (0.22408991215 0.379311894562 0) (0.224796377225 0.37991334973 0) (0.225502842301 0.380514804899 0) (0.226209307376 0.381116260067 0))
    polyLine 33 37 ((-0.0640071865685 0.627050141537 -0.03) (-0.0621934459858 0.63076600039 -0.03) (-0.0603699192346 0.634491843547 -0.03) (-0.0585365305746 0.638227840832 -0.03) (-0.0566932026016 0.641974164012 -0.03) (-0.0548398562292 0.645730986824 -0.03) (-0.0529764106708 0.649498485016 -0.03) (-0.0511027834202 0.653276836381 -0.03) (-0.0492188902324 0.657066220786 -0.03) (-0.047324645103 0.66086682022 -0.03) (-0.0454199602477 0.664678818821 -0.03) (-0.0435047460813 0.668502402921 -0.03) (-0.0415789111949 0.672337761085 -0.03) (-0.039642362334 0.676185084147 -0.03) (-0.0376950043751 0.680044565256 -0.03) (-0.0357367403015 0.683916399917 -0.03) (-0.0337674711789 0.687800786031 -0.03) (-0.0317870961302 0.691697923944 -0.03) (-0.0297955123093 0.695608016489 -0.03) (-0.0277926148744 0.699531269035 -0.03) (-0.0257782969607 0.70346788953 -0.03) (-0.0237524496522 0.707418088555 -0.03) (-0.0217149619522 0.711382079369 -0.03))
    polyLine 35 39 ((-0.0640071865685 0.627050141537 0) (-0.0621934459858 0.63076600039 0) (-0.0603699192346 0.634491843547 0) (-0.0585365305746 0.638227840832 0) (-0.0566932026016 0.641974164012 0) (-0.0548398562292 0.645730986824 0) (-0.0529764106708 0.649498485016 0) (-0.0511027834202 0.653276836381 0) (-0.0492188902324 0.657066220786 0) (-0.047324645103 0.66086682022 0) (-0.0454199602477 0.664678818821 0) (-0.0435047460813 0.668502402921 0) (-0.0415789111949 0.672337761085 0) (-0.039642362334 0.676185084147 0) (-0.0376950043751 0.680044565256 0) (-0.0357367403015 0.683916399917 0) (-0.0337674711789 0.687800786031 0) (-0.0317870961302 0.691697923944 0) (-0.0297955123093 0.695608016489 0) (-0.0277926148744 0.699531269035 0) (-0.0257782969607 0.70346788953 0) (-0.0237524496522 0.707418088555 0) (-0.0217149619522 0.711382079369 0))
    polyLine 36 40 ((0.226915772452 0.381717715236 -0.03) (0.227622237527 0.382319170405 -0.03) (0.228328702603 0.382920625573 -0.03) (0.229035167679 0.383522080742 -0.03) (0.229741632754 0.38412353591 -0.03) (0.23044809783 0.384724991079 -0.03) (0.231154562905 0.385326446248 -0.03) (0.231861027981 0.385927901416 -0.03) (0.232567493056 0.386529356585 -0.03) (0.233273958132 0.387130811754 -0.03) (0.233980423207 0.387732266922 -0.03) (0.234686888283 0.388333722091 -0.03) (0.235393353359 0.388935177259 -0.03) (0.236099818434 0.389536632428 -0.03) (0.23680628351 0.390138087597 -0.03) (0.237512748585 0.390739542765 -0.03) (0.238219213661 0.391340997934 -0.03) (0.238925678736 0.391942453102 -0.03) (0.239632143812 0.392543908271 -0.03) (0.240338608888 0.39314536344 -0.03) (0.241045073963 0.393746818608 -0.03) (0.241751539039 0.394348273777 -0.03) (0.242458004114 0.394949728946 -0.03) (0.24316446919 0.395551184114 -0.03) (0.243870934265 0.396152639283 -0.03) (0.244577399341 0.396754094451 -0.03) (0.245283864417 0.39735554962 -0.03) (0.245990329492 0.397957004789 -0.03) (0.246696794568 0.398558459957 -0.03) (0.247403259643 0.399159915126 -0.03) (0.248109724719 0.399761370294 -0.03) (0.248816189794 0.400362825463 -0.03) (0.24952265487 0.400964280632 -0.03) (0.250229119946 0.4015657358 -0.03) (0.250935585021 0.402167190969 -0.03) (0.251642050097 0.402768646138 -0.03) (0.252348515172 0.403370101306 -0.03) (0.253054980248 0.403971556475 -0.03) (0.253761445323 0.404573011643 -0.03) (0.254467910399 0.405174466812 -0.03) (0.255174375474 0.405775921981 -0.03) (0.25588084055 0.406377377149 -0.03) (0.256587305626 0.406978832318 -0.03) (0.257293770701 0.407580287487 -0.03) (0.258000235777 0.408181742655 -0.03) (0.258706700852 0.408783197824 -0.03) (0.259413165928 0.409384652992 -0.03) (0.260119631003 0.409986108161 -0.03) (0.260826096079 0.41058756333 -0.03) (0.261532561155 0.411189018498 -0.03) (0.26223902623 0.411790473667 -0.03) (0.262945491306 0.412391928835 -0.03) (0.263651956381 0.412993384004 -0.03) (0.264358421457 0.413594839173 -0.03) (0.265064886532 0.414196294341 -0.03))
    polyLine 38 42 ((0.226915772452 0.381717715236 0) (0.227622237527 0.382319170405 0) (0.228328702603 0.382920625573 0) (0.229035167679 0.383522080742 0) (0.229741632754 0.38412353591 0) (0.23044809783 0.384724991079 0) (0.231154562905 0.385326446248 0) (0.231861027981 0.385927901416 0) (0.232567493056 0.386529356585 0) (0.233273958132 0.387130811754 0) (0.233980423207 0.387732266922 0) (0.234686888283 0.388333722091 0) (0.235393353359 0.388935177259 0) (0.236099818434 0.389536632428 0) (0.23680628351 0.390138087597 0) (0.237512748585 0.390739542765 0) (0.238219213661 0.391340997934 0) (0.238925678736 0.391942453102 0) (0.239632143812 0.392543908271 0) (0.240338608888 0.39314536344 0) (0.241045073963 0.393746818608 0) (0.241751539039 0.394348273777 0) (0.242458004114 0.394949728946 0) (0.24316446919 0.395551184114 0) (0.243870934265 0.396152639283 0) (0.244577399341 0.396754094451 0) (0.245283864417 0.39735554962 0) (0.245990329492 0.397957004789 0) (0.246696794568 0.398558459957 0) (0.247403259643 0.399159915126 0) (0.248109724719 0.399761370294 0) (0.248816189794 0.400362825463 0) (0.24952265487 0.400964280632 0) (0.250229119946 0.4015657358 0) (0.250935585021 0.402167190969 0) (0.251642050097 0.402768646138 0) (0.252348515172 0.403370101306 0) (0.253054980248 0.403971556475 0) (0.253761445323 0.404573011643 0) (0.254467910399 0.405174466812 0) (0.255174375474 0.405775921981 0) (0.25588084055 0.406377377149 0) (0.256587305626 0.406978832318 0) (0.257293770701 0.407580287487 0) (0.258000235777 0.408181742655 0) (0.258706700852 0.408783197824 0) (0.259413165928 0.409384652992 0) (0.260119631003 0.409986108161 0) (0.260826096079 0.41058756333 0) (0.261532561155 0.411189018498 0) (0.26223902623 0.411790473667 0) (0.262945491306 0.412391928835 0) (0.263651956381 0.412993384004 0) (0.264358421457 0.413594839173 0) (0.265064886532 0.414196294341 0))
    polyLine 37 41 ((-0.0176356244237 0.719292296692 -0.03) (-0.0155939006461 0.723238530015 -0.03) (-0.0135404351492 0.72719899241 -0.03) (-0.0114751115555 0.73117390113 -0.03) (-0.00939781135054 0.73516347625 -0.03) (-0.00730841385038 0.739167940723 -0.03) (-0.00520679616845 0.743187520438 -0.03) (-0.00309283318139 0.747222444271 -0.03) (-0.000966397494008 0.751272944145 -0.03) (0.00117264059666 0.755339255093 -0.03) (0.00332441313825 0.759421615312 -0.03) (0.00548905456097 0.763520266229 -0.03) (0.00766670171641 0.767635452565 -0.03) (0.00985749391745 0.771767422398 -0.03) (0.0120615729792 0.775916427228 -0.03) (0.0142790832608 0.78008272205 -0.03) (0.016510171709 0.784266565419 -0.03) (0.0187549879017 0.788468219523 -0.03) (0.0210136840937 0.792687950257 -0.03) (0.0232864152634 0.796926027294 -0.03) (0.0255733391601 0.801182724166 -0.03) (0.0278746163534 0.805458318341 -0.03) (0.0301904102833 0.809753091301 -0.03))
    polyLine 39 43 ((-0.0176356244237 0.719292296692 0) (-0.0155939006461 0.723238530015 0) (-0.0135404351492 0.72719899241 0) (-0.0114751115555 0.73117390113 0) (-0.00939781135054 0.73516347625 0) (-0.00730841385038 0.739167940723 0) (-0.00520679616845 0.743187520438 0) (-0.00309283318139 0.747222444271 0) (-0.000966397494008 0.751272944145 0) (0.00117264059666 0.755339255093 0) (0.00332441313825 0.759421615312 0) (0.00548905456097 0.763520266229 0) (0.00766670171641 0.767635452565 0) (0.00985749391745 0.771767422398 0) (0.0120615729792 0.775916427228 0) (0.0142790832608 0.78008272205 0) (0.016510171709 0.784266565419 0) (0.0187549879017 0.788468219523 0) (0.0210136840937 0.792687950257 0) (0.0232864152634 0.796926027294 0) (0.0255733391601 0.801182724166 0) (0.0278746163534 0.805458318341 0) (0.0301904102833 0.809753091301 0))
    polyLine 40 44 ((0.265771351608 0.41479774951 -0.03) (0.266477816684 0.415399204679 -0.03) (0.267184281759 0.416000659847 -0.03) (0.267890746835 0.416602115016 -0.03) (0.26859721191 0.417203570184 -0.03) (0.269303676986 0.417805025353 -0.03) (0.270010142061 0.418406480522 -0.03) (0.270716607137 0.41900793569 -0.03) (0.271423072213 0.419609390859 -0.03) (0.272129537288 0.420210846027 -0.03) (0.272836002364 0.420812301196 -0.03) (0.273542467439 0.421413756365 -0.03) (0.274248932515 0.422015211533 -0.03) (0.27495539759 0.422616666702 -0.03) (0.275661862666 0.423218121871 -0.03) (0.276368327741 0.423819577039 -0.03) (0.277074792817 0.424421032208 -0.03) (0.277781257893 0.425022487376 -0.03) (0.278487722968 0.425623942545 -0.03) (0.279194188044 0.426225397714 -0.03) (0.279900653119 0.426826852882 -0.03) (0.280607118195 0.427428308051 -0.03) (0.28131358327 0.42802976322 -0.03) (0.282020048346 0.428631218388 -0.03) (0.282726513422 0.429232673557 -0.03) (0.283432978497 0.429834128725 -0.03) (0.284139443573 0.430435583894 -0.03) (0.284845908648 0.431037039063 -0.03) (0.285552373724 0.431638494231 -0.03) (0.286258838799 0.4322399494 -0.03) (0.286965303875 0.432841404568 -0.03) (0.287671768951 0.433442859737 -0.03) (0.288378234026 0.434044314906 -0.03) (0.289084699102 0.434645770074 -0.03) (0.289791164177 0.435247225243 -0.03) (0.290497629253 0.435848680412 -0.03) (0.291204094328 0.43645013558 -0.03) (0.291910559404 0.437051590749 -0.03) (0.29261702448 0.437653045917 -0.03) (0.293323489555 0.438254501086 -0.03) (0.294029954631 0.438855956255 -0.03) (0.294736419706 0.439457411423 -0.03) (0.295442884782 0.440058866592 -0.03) (0.296149349857 0.44066032176 -0.03) (0.296855814933 0.441261776929 -0.03) (0.297562280008 0.441863232098 -0.03) (0.298268745084 0.442464687266 -0.03) (0.29897521016 0.443066142435 -0.03) (0.299681675235 0.443667597604 -0.03) (0.300388140311 0.444269052772 -0.03) (0.301094605386 0.444870507941 -0.03) (0.301801070462 0.445471963109 -0.03) (0.302507535537 0.446073418278 -0.03) (0.303214000613 0.446674873447 -0.03) (0.303920465689 0.447276328615 -0.03))
    polyLine 42 46 ((0.265771351608 0.41479774951 0) (0.266477816684 0.415399204679 0) (0.267184281759 0.416000659847 0) (0.267890746835 0.416602115016 0) (0.26859721191 0.417203570184 0) (0.269303676986 0.417805025353 0) (0.270010142061 0.418406480522 0) (0.270716607137 0.41900793569 0) (0.271423072213 0.419609390859 0) (0.272129537288 0.420210846027 0) (0.272836002364 0.420812301196 0) (0.273542467439 0.421413756365 0) (0.274248932515 0.422015211533 0) (0.27495539759 0.422616666702 0) (0.275661862666 0.423218121871 0) (0.276368327741 0.423819577039 0) (0.277074792817 0.424421032208 0) (0.277781257893 0.425022487376 0) (0.278487722968 0.425623942545 0) (0.279194188044 0.426225397714 0) (0.279900653119 0.426826852882 0) (0.280607118195 0.427428308051 0) (0.28131358327 0.42802976322 0) (0.282020048346 0.428631218388 0) (0.282726513422 0.429232673557 0) (0.283432978497 0.429834128725 0) (0.284139443573 0.430435583894 0) (0.284845908648 0.431037039063 0) (0.285552373724 0.431638494231 0) (0.286258838799 0.4322399494 0) (0.286965303875 0.432841404568 0) (0.287671768951 0.433442859737 0) (0.288378234026 0.434044314906 0) (0.289084699102 0.434645770074 0) (0.289791164177 0.435247225243 0) (0.290497629253 0.435848680412 0) (0.291204094328 0.43645013558 0) (0.291910559404 0.437051590749 0) (0.29261702448 0.437653045917 0) (0.293323489555 0.438254501086 0) (0.294029954631 0.438855956255 0) (0.294736419706 0.439457411423 0) (0.295442884782 0.440058866592 0) (0.296149349857 0.44066032176 0) (0.296855814933 0.441261776929 0) (0.297562280008 0.441863232098 0) (0.298268745084 0.442464687266 0) (0.29897521016 0.443066142435 0) (0.299681675235 0.443667597604 0) (0.300388140311 0.444269052772 0) (0.301094605386 0.444870507941 0) (0.301801070462 0.445471963109 0) (0.302507535537 0.446073418278 0) (0.303214000613 0.446674873447 0) (0.303920465689 0.447276328615 0))
    polyLine 41 45 ((0.0347797478949 0.818241668574 -0.03) (0.0370525431415 0.822434599879 -0.03) (0.0393394297053 0.826646389002 -0.03) (0.0416405669416 0.830877306227 -0.03) (0.0439561169556 0.835127625739 -0.03) (0.0462862446525 0.839397625699 -0.03) (0.0486311177887 0.843687588325 -0.03) (0.0509909070237 0.847997799979 -0.03) (0.0533657859742 0.852328551244 -0.03) (0.0557559312692 0.856680137016 -0.03) (0.0581615226062 0.86105285659 -0.03) (0.0605827428093 0.865447013751 -0.03) (0.0630197778886 0.869862916867 -0.03) (0.0654728171012 0.874300878984 -0.03) (0.0679420530135 0.878761217923 -0.03) (0.0704276815655 0.883244256378 -0.03) (0.0729299021366 0.887750322024 -0.03) (0.0754489176129 0.892279747616 -0.03) (0.0779849344565 0.896832871097 -0.03) (0.0805381627766 0.901410035711 -0.03) (0.0831088164023 0.906011590115 -0.03) (0.0856971129576 0.910637888492 -0.03) (0.0883032739377 0.915289290673 -0.03))
    polyLine 43 47 ((0.0347797478949 0.818241668574 0) (0.0370525431415 0.822434599879 0) (0.0393394297053 0.826646389002 0) (0.0416405669416 0.830877306227 0) (0.0439561169556 0.835127625739 0) (0.0462862446525 0.839397625699 0) (0.0486311177887 0.843687588325 0) (0.0509909070237 0.847997799979 0) (0.0533657859742 0.852328551244 0) (0.0557559312692 0.856680137016 0) (0.0581615226062 0.86105285659 0) (0.0605827428093 0.865447013751 0) (0.0630197778886 0.869862916867 0) (0.0654728171012 0.874300878984 0) (0.0679420530135 0.878761217923 0) (0.0704276815655 0.883244256378 0) (0.0729299021366 0.887750322024 0) (0.0754489176129 0.892279747616 0) (0.0779849344565 0.896832871097 0) (0.0805381627766 0.901410035711 0) (0.0831088164023 0.906011590115 0) (0.0856971129576 0.910637888492 0) (0.0883032739377 0.915289290673 0))
    polyLine 44 48 ((0.304626930764 0.447877783784 -0.03) (0.30533339584 0.448479238952 -0.03) (0.306039860915 0.449080694121 -0.03) (0.306746325991 0.44968214929 -0.03) (0.307452791066 0.450283604458 -0.03) (0.308159256142 0.450885059627 -0.03) (0.308865721218 0.451486514796 -0.03) (0.309572186293 0.452087969964 -0.03) (0.310278651369 0.452689425133 -0.03) (0.310985116444 0.453290880301 -0.03) (0.31169158152 0.45389233547 -0.03) (0.312398046595 0.454493790639 -0.03) (0.313104511671 0.455095245807 -0.03) (0.313810976747 0.455696700976 -0.03) (0.314517441822 0.456298156145 -0.03) (0.315223906898 0.456899611313 -0.03) (0.315930371973 0.457501066482 -0.03) (0.316636837049 0.45810252165 -0.03) (0.317343302124 0.458703976819 -0.03) (0.3180497672 0.459305431988 -0.03) (0.318756232275 0.459906887156 -0.03) (0.319462697351 0.460508342325 -0.03) (0.320169162427 0.461109797493 -0.03) (0.320875627502 0.461711252662 -0.03) (0.321582092578 0.462312707831 -0.03) (0.322288557653 0.462914162999 -0.03) (0.322995022729 0.463515618168 -0.03) (0.323701487804 0.464117073337 -0.03) (0.32440795288 0.464718528505 -0.03) (0.325114417956 0.465319983674 -0.03) (0.325820883031 0.465921438842 -0.03) (0.326527348107 0.466522894011 -0.03) (0.327233813182 0.46712434918 -0.03) (0.327940278258 0.467725804348 -0.03) (0.328646743333 0.468327259517 -0.03) (0.329353208409 0.468928714685 -0.03) (0.330059673485 0.469530169854 -0.03) (0.33076613856 0.470131625023 -0.03) (0.331472603636 0.470733080191 -0.03) (0.332179068711 0.47133453536 -0.03) (0.332885533787 0.471935990529 -0.03) (0.333591998862 0.472537445697 -0.03) (0.334298463938 0.473138900866 -0.03) (0.335004929014 0.473740356034 -0.03) (0.335711394089 0.474341811203 -0.03) (0.336417859165 0.474943266372 -0.03) (0.33712432424 0.47554472154 -0.03) (0.337830789316 0.476146176709 -0.03) (0.338537254391 0.476747631878 -0.03) (0.339243719467 0.477349087046 -0.03) (0.339950184542 0.477950542215 -0.03) (0.340656649618 0.478551997383 -0.03) (0.341363114694 0.479153452552 -0.03) (0.342069579769 0.479754907721 -0.03) (0.342776044845 0.480356362889 -0.03) (0.34348250992 0.480957818058 -0.03))
    polyLine 46 50 ((0.304626930764 0.447877783784 0) (0.30533339584 0.448479238952 0) (0.306039860915 0.449080694121 0) (0.306746325991 0.44968214929 0) (0.307452791066 0.450283604458 0) (0.308159256142 0.450885059627 0) (0.308865721218 0.451486514796 0) (0.309572186293 0.452087969964 0) (0.310278651369 0.452689425133 0) (0.310985116444 0.453290880301 0) (0.31169158152 0.45389233547 0) (0.312398046595 0.454493790639 0) (0.313104511671 0.455095245807 0) (0.313810976747 0.455696700976 0) (0.314517441822 0.456298156145 0) (0.315223906898 0.456899611313 0) (0.315930371973 0.457501066482 0) (0.316636837049 0.45810252165 0) (0.317343302124 0.458703976819 0) (0.3180497672 0.459305431988 0) (0.318756232275 0.459906887156 0) (0.319462697351 0.460508342325 0) (0.320169162427 0.461109797493 0) (0.320875627502 0.461711252662 0) (0.321582092578 0.462312707831 0) (0.322288557653 0.462914162999 0) (0.322995022729 0.463515618168 0) (0.323701487804 0.464117073337 0) (0.32440795288 0.464718528505 0) (0.325114417956 0.465319983674 0) (0.325820883031 0.465921438842 0) (0.326527348107 0.466522894011 0) (0.327233813182 0.46712434918 0) (0.327940278258 0.467725804348 0) (0.328646743333 0.468327259517 0) (0.329353208409 0.468928714685 0) (0.330059673485 0.469530169854 0) (0.33076613856 0.470131625023 0) (0.331472603636 0.470733080191 0) (0.332179068711 0.47133453536 0) (0.332885533787 0.471935990529 0) (0.333591998862 0.472537445697 0) (0.334298463938 0.473138900866 0) (0.335004929014 0.473740356034 0) (0.335711394089 0.474341811203 0) (0.336417859165 0.474943266372 0) (0.33712432424 0.47554472154 0) (0.337830789316 0.476146176709 0) (0.338537254391 0.476747631878 0) (0.339243719467 0.477349087046 0) (0.339950184542 0.477950542215 0) (0.340656649618 0.478551997383 0) (0.341363114694 0.479153452552 0) (0.342069579769 0.479754907721 0) (0.342776044845 0.480356362889 0) (0.34348250992 0.480957818058 0))
    polyLine 45 49 ((0.0934222060189 0.924405870505 -0.03) (0.0959334163993 0.928868934844 -0.03) (0.0984613558064 0.933355677812 -0.03) (0.101006227517 0.937866426933 -0.03) (0.103568238274 0.942401514817 -0.03) (0.106147598358 0.94696127927 -0.03) (0.108744521652 0.951546063401 -0.03) (0.11135922572 0.956156215732 -0.03) (0.11399193188 0.960792090313 -0.03) (0.116642865276 0.965454046838 -0.03) (0.119312254961 0.970142450767 -0.03) (0.122000333974 0.974857673445 -0.03) (0.124707339425 0.979600092231 -0.03) (0.127433512576 0.984370090626 -0.03) (0.130179098931 0.989168058406 -0.03) (0.132944348321 0.993994391753 -0.03) (0.135729514999 0.998849493404 -0.03) (0.138534857731 1.00373377278 -0.03) (0.141360639891 1.00864764616 -0.03) (0.144207129565 1.01359153678 -0.03) (0.147074599644 1.01856587505 -0.03) (0.149963327935 1.02357109866 -0.03) (0.152873597265 1.02860765278 -0.03))
    polyLine 47 51 ((0.0934222060189 0.924405870505 0) (0.0959334163993 0.928868934844 0) (0.0984613558064 0.933355677812 0) (0.101006227517 0.937866426933 0) (0.103568238274 0.942401514817 0) (0.106147598358 0.94696127927 0) (0.108744521652 0.951546063401 0) (0.11135922572 0.956156215732 0) (0.11399193188 0.960792090313 0) (0.116642865276 0.965454046838 0) (0.119312254961 0.970142450767 0) (0.122000333974 0.974857673445 0) (0.124707339425 0.979600092231 0) (0.127433512576 0.984370090626 0) (0.130179098931 0.989168058406 0) (0.132944348321 0.993994391753 0) (0.135729514999 0.998849493404 0) (0.138534857731 1.00373377278 0) (0.141360639891 1.00864764616 0) (0.144207129565 1.01359153678 0) (0.147074599644 1.01856587505 0) (0.149963327935 1.02357109866 0) (0.152873597265 1.02860765278 0))
    polyLine 48 52 ((0.344188974996 0.481559273226 -0.03) (0.344895440071 0.482160728395 -0.03) (0.345601905147 0.482762183564 -0.03) (0.346308370223 0.483363638732 -0.03) (0.347014835298 0.483965093901 -0.03) (0.347721300374 0.48456654907 -0.03) (0.348427765449 0.485168004238 -0.03) (0.349134230525 0.485769459407 -0.03) (0.3498406956 0.486370914575 -0.03) (0.350547160676 0.486972369744 -0.03) (0.351253625752 0.487573824913 -0.03) (0.351960090827 0.488175280081 -0.03) (0.352666555903 0.48877673525 -0.03) (0.353373020978 0.489378190418 -0.03) (0.354079486054 0.489979645587 -0.03) (0.354785951129 0.490581100756 -0.03) (0.355492416205 0.491182555924 -0.03) (0.356198881281 0.491784011093 -0.03) (0.356905346356 0.492385466262 -0.03) (0.357611811432 0.49298692143 -0.03) (0.358318276507 0.493588376599 -0.03) (0.359024741583 0.494189831767 -0.03) (0.359731206658 0.494791286936 -0.03) (0.360437671734 0.495392742105 -0.03) (0.361144136809 0.495994197273 -0.03) (0.361850601885 0.496595652442 -0.03) (0.362557066961 0.49719710761 -0.03) (0.363263532036 0.497798562779 -0.03) (0.363969997112 0.498400017948 -0.03) (0.364676462187 0.499001473116 -0.03) (0.365382927263 0.499602928285 -0.03) (0.366089392338 0.500204383454 -0.03) (0.366795857414 0.500805838622 -0.03) (0.36750232249 0.501407293791 -0.03) (0.368208787565 0.502008748959 -0.03) (0.368915252641 0.502610204128 -0.03) (0.369621717716 0.503211659297 -0.03) (0.370328182792 0.503813114465 -0.03) (0.371034647867 0.504414569634 -0.03) (0.371741112943 0.505016024803 -0.03) (0.372447578019 0.505617479971 -0.03) (0.373154043094 0.50621893514 -0.03) (0.37386050817 0.506820390308 -0.03) (0.374566973245 0.507421845477 -0.03) (0.375273438321 0.508023300646 -0.03) (0.375979903396 0.508624755814 -0.03) (0.376686368472 0.509226210983 -0.03) (0.377392833547 0.509827666151 -0.03) (0.378099298623 0.51042912132 -0.03) (0.378805763699 0.511030576489 -0.03) (0.379512228774 0.511632031657 -0.03) (0.38021869385 0.512233486826 -0.03) (0.380925158925 0.512834941995 -0.03) (0.381631624001 0.513436397163 -0.03) (0.382338089076 0.514037852332 -0.03))
    polyLine 50 54 ((0.344188974996 0.481559273226 0) (0.344895440071 0.482160728395 0) (0.345601905147 0.482762183564 0) (0.346308370223 0.483363638732 0) (0.347014835298 0.483965093901 0) (0.347721300374 0.48456654907 0) (0.348427765449 0.485168004238 0) (0.349134230525 0.485769459407 0) (0.3498406956 0.486370914575 0) (0.350547160676 0.486972369744 0) (0.351253625752 0.487573824913 0) (0.351960090827 0.488175280081 0) (0.352666555903 0.48877673525 0) (0.353373020978 0.489378190418 0) (0.354079486054 0.489979645587 0) (0.354785951129 0.490581100756 0) (0.355492416205 0.491182555924 0) (0.356198881281 0.491784011093 0) (0.356905346356 0.492385466262 0) (0.357611811432 0.49298692143 0) (0.358318276507 0.493588376599 0) (0.359024741583 0.494189831767 0) (0.359731206658 0.494791286936 0) (0.360437671734 0.495392742105 0) (0.361144136809 0.495994197273 0) (0.361850601885 0.496595652442 0) (0.362557066961 0.49719710761 0) (0.363263532036 0.497798562779 0) (0.363969997112 0.498400017948 0) (0.364676462187 0.499001473116 0) (0.365382927263 0.499602928285 0) (0.366089392338 0.500204383454 0) (0.366795857414 0.500805838622 0) (0.36750232249 0.501407293791 0) (0.368208787565 0.502008748959 0) (0.368915252641 0.502610204128 0) (0.369621717716 0.503211659297 0) (0.370328182792 0.503813114465 0) (0.371034647867 0.504414569634 0) (0.371741112943 0.505016024803 0) (0.372447578019 0.505617479971 0) (0.373154043094 0.50621893514 0) (0.37386050817 0.506820390308 0) (0.374566973245 0.507421845477 0) (0.375273438321 0.508023300646 0) (0.375979903396 0.508624755814 0) (0.376686368472 0.509226210983 0) (0.377392833547 0.509827666151 0) (0.378099298623 0.51042912132 0) (0.378805763699 0.511030576489 0) (0.379512228774 0.511632031657 0) (0.38021869385 0.512233486826 0) (0.380925158925 0.512834941995 0) (0.381631624001 0.513436397163 0) (0.382338089076 0.514037852332 0))
    polyLine 49 53 ((0.15854828394 1.03841137825 -0.03) (0.161310187613 1.04317494584 -0.03) (0.16409164959 1.04796707401 -0.03) (0.166892917002 1.05278815 -0.03) (0.169714241216 1.05763856733 -0.03) (0.172555877922 1.06251872601 -0.03) (0.175418087226 1.06742903261 -0.03) (0.178301133741 1.07236990045 -0.03) (0.181205286683 1.07734174972 -0.03) (0.184130819967 1.08234500761 -0.03) (0.187078012312 1.08738010851 -0.03) (0.190047147339 1.09244749415 -0.03) (0.193038513677 1.09754761371 -0.03) (0.196052405078 1.10268092407 -0.03) (0.199089120519 1.1078478899 -0.03) (0.202148964323 1.11304898391 -0.03) (0.205232246272 1.11828468695 -0.03) (0.208339281734 1.12355548824 -0.03) (0.211470391777 1.12886188555 -0.03) (0.214625903306 1.13420438539 -0.03) (0.217806149188 1.13958350322 -0.03) (0.221011468386 1.14499976362 -0.03) (0.2242422061 1.15045370053 -0.03))
    polyLine 51 55 ((0.15854828394 1.03841137825 0) (0.161310187613 1.04317494584 0) (0.16409164959 1.04796707401 0) (0.166892917002 1.05278815 0) (0.169714241216 1.05763856733 0) (0.172555877922 1.06251872601 0) (0.175418087226 1.06742903261 0) (0.178301133741 1.07236990045 0) (0.181205286683 1.07734174972 0) (0.184130819967 1.08234500761 0) (0.187078012312 1.08738010851 0) (0.190047147339 1.09244749415 0) (0.193038513677 1.09754761371 0) (0.196052405078 1.10268092407 0) (0.199089120519 1.1078478899 0) (0.202148964323 1.11304898391 0) (0.205232246272 1.11828468695 0) (0.208339281734 1.12355548824 0) (0.211470391777 1.12886188555 0) (0.214625903306 1.13420438539 0) (0.217806149188 1.13958350322 0) (0.221011468386 1.14499976362 0) (0.2242422061 1.15045370053 0))
    polyLine 52 56 ((0.383044554152 0.5146393075 -0.03) (0.383751019228 0.515240762669 -0.03) (0.384457484303 0.515842217838 -0.03) (0.385163949379 0.516443673006 -0.03) (0.385870414454 0.517045128175 -0.03) (0.38657687953 0.517646583343 -0.03) (0.387283344605 0.518248038512 -0.03) (0.387989809681 0.518849493681 -0.03) (0.388696274757 0.519450948849 -0.03) (0.389402739832 0.520052404018 -0.03) (0.390109204908 0.520653859187 -0.03) (0.390815669983 0.521255314355 -0.03) (0.391522135059 0.521856769524 -0.03) (0.392228600134 0.522458224692 -0.03) (0.39293506521 0.523059679861 -0.03) (0.393641530286 0.52366113503 -0.03) (0.394347995361 0.524262590198 -0.03) (0.395054460437 0.524864045367 -0.03) (0.395760925512 0.525465500536 -0.03) (0.396467390588 0.526066955704 -0.03) (0.397173855663 0.526668410873 -0.03) (0.397880320739 0.527269866041 -0.03) (0.398586785814 0.52787132121 -0.03) (0.39929325089 0.528472776379 -0.03) (0.399999715966 0.529074231547 -0.03) (0.400706181041 0.529675686716 -0.03) (0.401412646117 0.530277141884 -0.03) (0.402119111192 0.530878597053 -0.03) (0.402825576268 0.531480052222 -0.03) (0.403532041343 0.53208150739 -0.03) (0.404238506419 0.532682962559 -0.03) (0.404944971495 0.533284417728 -0.03) (0.40565143657 0.533885872896 -0.03) (0.406357901646 0.534487328065 -0.03) (0.407064366721 0.535088783233 -0.03) (0.407770831797 0.535690238402 -0.03) (0.408477296872 0.536291693571 -0.03) (0.409183761948 0.536893148739 -0.03) (0.409890227024 0.537494603908 -0.03) (0.410596692099 0.538096059076 -0.03) (0.411303157175 0.538697514245 -0.03) (0.41200962225 0.539298969414 -0.03) (0.412716087326 0.539900424582 -0.03) (0.413422552401 0.540501879751 -0.03) (0.414129017477 0.54110333492 -0.03) (0.414835482553 0.541704790088 -0.03) (0.415541947628 0.542306245257 -0.03) (0.416248412704 0.542907700425 -0.03) (0.416954877779 0.543509155594 -0.03) (0.417661342855 0.544110610763 -0.03) (0.41836780793 0.544712065931 -0.03) (0.419074273006 0.5453135211 -0.03) (0.419780738081 0.545914976268 -0.03) (0.420487203157 0.546516431437 -0.03) (0.421193668233 0.547117886606 -0.03) (0.421900133308 0.547719341774 -0.03))
    polyLine 54 58 ((0.383044554152 0.5146393075 0) (0.383751019228 0.515240762669 0) (0.384457484303 0.515842217838 0) (0.385163949379 0.516443673006 0) (0.385870414454 0.517045128175 0) (0.38657687953 0.517646583343 0) (0.387283344605 0.518248038512 0) (0.387989809681 0.518849493681 0) (0.388696274757 0.519450948849 0) (0.389402739832 0.520052404018 0) (0.390109204908 0.520653859187 0) (0.390815669983 0.521255314355 0) (0.391522135059 0.521856769524 0) (0.392228600134 0.522458224692 0) (0.39293506521 0.523059679861 0) (0.393641530286 0.52366113503 0) (0.394347995361 0.524262590198 0) (0.395054460437 0.524864045367 0) (0.395760925512 0.525465500536 0) (0.396467390588 0.526066955704 0) (0.397173855663 0.526668410873 0) (0.397880320739 0.527269866041 0) (0.398586785814 0.52787132121 0) (0.39929325089 0.528472776379 0) (0.399999715966 0.529074231547 0) (0.400706181041 0.529675686716 0) (0.401412646117 0.530277141884 0) (0.402119111192 0.530878597053 0) (0.402825576268 0.531480052222 0) (0.403532041343 0.53208150739 0) (0.404238506419 0.532682962559 0) (0.404944971495 0.533284417728 0) (0.40565143657 0.533885872896 0) (0.406357901646 0.534487328065 0) (0.407064366721 0.535088783233 0) (0.407770831797 0.535690238402 0) (0.408477296872 0.536291693571 0) (0.409183761948 0.536893148739 0) (0.409890227024 0.537494603908 0) (0.410596692099 0.538096059076 0) (0.411303157175 0.538697514245 0) (0.41200962225 0.539298969414 0) (0.412716087326 0.539900424582 0) (0.413422552401 0.540501879751 0) (0.414129017477 0.54110333492 0) (0.414835482553 0.541704790088 0) (0.415541947628 0.542306245257 0) (0.416248412704 0.542907700425 0) (0.416954877779 0.543509155594 0) (0.417661342855 0.544110610763 0) (0.41836780793 0.544712065931 0) (0.419074273006 0.5453135211 0) (0.419780738081 0.545914976268 0) (0.420487203157 0.546516431437 0) (0.421193668233 0.547117886606 0) (0.421900133308 0.547719341774 0))
    polyLine 53 57 ((0.230506554976 1.16101398623 -0.03) (0.233536628173 1.16611512362 -0.03) (0.236589218985 1.1712497103 -0.03) (0.239664617813 1.1764181943 -0.03) (0.242763120075 1.1816210312 -0.03) (0.245885026307 1.18685868427 -0.03) (0.249030642281 1.19213162462 -0.03) (0.252200279115 1.19744033142 -0.03) (0.255394253385 1.20278529201 -0.03) (0.25861288725 1.20816700214 -0.03) (0.261856508571 1.21358596612 -0.03) (0.265125451035 1.21904269702 -0.03) (0.268420054286 1.22453771685 -0.03) (0.271740664058 1.23007155681 -0.03) (0.275087632307 1.23564475741 -0.03) (0.278461317354 1.24125786876 -0.03) (0.281862084025 1.24691145076 -0.03) (0.285290303799 1.25260607329 -0.03) (0.288746354962 1.25834231648 -0.03) (0.292230622757 1.26412077095 -0.03) (0.295743499549 1.26994203799 -0.03) (0.299285384982 1.27580672987 -0.03) (0.302856686155 1.28171547009 -0.03))
    polyLine 55 59 ((0.230506554976 1.16101398623 0) (0.233536628173 1.16611512362 0) (0.236589218985 1.1712497103 0) (0.239664617813 1.1764181943 0) (0.242763120075 1.1816210312 0) (0.245885026307 1.18685868427 0) (0.249030642281 1.19213162462 0) (0.252200279115 1.19744033142 0) (0.255394253385 1.20278529201 0) (0.25861288725 1.20816700214 0) (0.261856508571 1.21358596612 0) (0.265125451035 1.21904269702 0) (0.268420054286 1.22453771685 0) (0.271740664058 1.23007155681 0) (0.275087632307 1.23564475741 0) (0.278461317354 1.24125786876 0) (0.281862084025 1.24691145076 0) (0.285290303799 1.25260607329 0) (0.288746354962 1.25834231648 0) (0.292230622757 1.26412077095 0) (0.295743499549 1.26994203799 0) (0.299285384982 1.27580672987 0) (0.302856686155 1.28171547009 0))
    polyLine 56 60 ((0.422606598384 0.548320796943 -0.03) (0.423313063459 0.548922252112 -0.03) (0.424019528535 0.54952370728 -0.03) (0.42472599361 0.550125162449 -0.03) (0.425432458686 0.550726617617 -0.03) (0.426138923762 0.551328072786 -0.03) (0.426845388837 0.551929527955 -0.03) (0.427551853913 0.552530983123 -0.03) (0.428258318988 0.553132438292 -0.03) (0.428964784064 0.553733893461 -0.03) (0.429671249139 0.554335348629 -0.03) (0.430377714215 0.554936803798 -0.03) (0.431084179291 0.555538258966 -0.03) (0.431790644366 0.556139714135 -0.03) (0.432497109442 0.556741169304 -0.03) (0.433203574517 0.557342624472 -0.03) (0.433910039593 0.557944079641 -0.03) (0.434616504668 0.558545534809 -0.03) (0.435322969744 0.559146989978 -0.03) (0.43602943482 0.559748445147 -0.03) (0.436735899895 0.560349900315 -0.03) (0.437442364971 0.560951355484 -0.03) (0.438148830046 0.561552810653 -0.03) (0.438855295122 0.562154265821 -0.03) (0.439561760197 0.56275572099 -0.03) (0.440268225273 0.563357176158 -0.03) (0.440974690348 0.563958631327 -0.03) (0.441681155424 0.564560086496 -0.03) (0.4423876205 0.565161541664 -0.03) (0.443094085575 0.565762996833 -0.03) (0.443800550651 0.566364452001 -0.03) (0.444507015726 0.56696590717 -0.03) (0.445213480802 0.567567362339 -0.03) (0.445919945877 0.568168817507 -0.03) (0.446626410953 0.568770272676 -0.03) (0.447332876029 0.569371727845 -0.03) (0.448039341104 0.569973183013 -0.03) (0.44874580618 0.570574638182 -0.03) (0.449452271255 0.57117609335 -0.03) (0.450158736331 0.571777548519 -0.03) (0.450865201406 0.572379003688 -0.03) (0.451571666482 0.572980458856 -0.03) (0.452278131558 0.573581914025 -0.03) (0.452984596633 0.574183369194 -0.03) (0.453691061709 0.574784824362 -0.03) (0.454397526784 0.575386279531 -0.03) (0.45510399186 0.575987734699 -0.03) (0.455810456935 0.576589189868 -0.03) (0.456516922011 0.577190645037 -0.03) (0.457223387087 0.577792100205 -0.03) (0.457929852162 0.578393555374 -0.03) (0.458636317238 0.578995010542 -0.03) (0.459342782313 0.579596465711 -0.03) (0.460049247389 0.58019792088 -0.03) (0.460755712464 0.580799376048 -0.03))
    polyLine 58 62 ((0.422606598384 0.548320796943 0) (0.423313063459 0.548922252112 0) (0.424019528535 0.54952370728 0) (0.42472599361 0.550125162449 0) (0.425432458686 0.550726617617 0) (0.426138923762 0.551328072786 0) (0.426845388837 0.551929527955 0) (0.427551853913 0.552530983123 0) (0.428258318988 0.553132438292 0) (0.428964784064 0.553733893461 0) (0.429671249139 0.554335348629 0) (0.430377714215 0.554936803798 0) (0.431084179291 0.555538258966 0) (0.431790644366 0.556139714135 0) (0.432497109442 0.556741169304 0) (0.433203574517 0.557342624472 0) (0.433910039593 0.557944079641 0) (0.434616504668 0.558545534809 0) (0.435322969744 0.559146989978 0) (0.43602943482 0.559748445147 0) (0.436735899895 0.560349900315 0) (0.437442364971 0.560951355484 0) (0.438148830046 0.561552810653 0) (0.438855295122 0.562154265821 0) (0.439561760197 0.56275572099 0) (0.440268225273 0.563357176158 0) (0.440974690348 0.563958631327 0) (0.441681155424 0.564560086496 0) (0.4423876205 0.565161541664 0) (0.443094085575 0.565762996833 0) (0.443800550651 0.566364452001 0) (0.444507015726 0.56696590717 0) (0.445213480802 0.567567362339 0) (0.445919945877 0.568168817507 0) (0.446626410953 0.568770272676 0) (0.447332876029 0.569371727845 0) (0.448039341104 0.569973183013 0) (0.44874580618 0.570574638182 0) (0.449452271255 0.57117609335 0) (0.450158736331 0.571777548519 0) (0.450865201406 0.572379003688 0) (0.451571666482 0.572980458856 0) (0.452278131558 0.573581914025 0) (0.452984596633 0.574183369194 0) (0.453691061709 0.574784824362 0) (0.454397526784 0.575386279531 0) (0.45510399186 0.575987734699 0) (0.455810456935 0.576589189868 0) (0.456516922011 0.577190645037 0) (0.457223387087 0.577792100205 0) (0.457929852162 0.578393555374 0) (0.458636317238 0.578995010542 0) (0.459342782313 0.579596465711 0) (0.460049247389 0.58019792088 0) (0.460755712464 0.580799376048 0))
    polyLine 57 61 ((0.309753633252 1.29311350954 -0.03) (0.313074709943 1.29859598622 -0.03) (0.31642137535 1.3041168246 -0.03) (0.319793962621 1.30967653417 -0.03) (0.323192810689 1.3152756331 -0.03) (0.326618264395 1.32091464848 -0.03) (0.33007067462 1.32659411649 -0.03) (0.333550398411 1.3323145826 -0.03) (0.337057799123 1.33807660177 -0.03) (0.340593246555 1.34388073867 -0.03) (0.344157117091 1.34972756788 -0.03) (0.347749793849 1.35561767413 -0.03) (0.351371666831 1.36155165252 -0.03) (0.355023133079 1.36753010876 -0.03) (0.358704596829 1.37355365938 -0.03) (0.362416469679 1.37962293202 -0.03) (0.366159170755 1.38573856564 -0.03) (0.369933126882 1.39190121081 -0.03) (0.373738772761 1.39811152999 -0.03) (0.377576551152 1.40437019774 -0.03) (0.381446913062 1.41067790108 -0.03) (0.385350317932 1.41703533972 -0.03) (0.389287233841 1.42344322639 -0.03))
    polyLine 59 63 ((0.309753633252 1.29311350954 0) (0.313074709943 1.29859598622 0) (0.31642137535 1.3041168246 0) (0.319793962621 1.30967653417 0) (0.323192810689 1.3152756331 0) (0.326618264395 1.32091464848 0) (0.33007067462 1.32659411649 0) (0.333550398411 1.3323145826 0) (0.337057799123 1.33807660177 0) (0.340593246555 1.34388073867 0) (0.344157117091 1.34972756788 0) (0.347749793849 1.35561767413 0) (0.351371666831 1.36155165252 0) (0.355023133079 1.36753010876 0) (0.358704596829 1.37355365938 0) (0.362416469679 1.37962293202 0) (0.366159170755 1.38573856564 0) (0.369933126882 1.39190121081 0) (0.373738772761 1.39811152999 0) (0.377576551152 1.40437019774 0) (0.381446913062 1.41067790108 0) (0.385350317932 1.41703533972 0) (0.389287233841 1.42344322639 0))
    polyLine 60 64 ((0.46146217754 0.581400831217 -0.03) (0.462168642615 0.582002286386 -0.03) (0.462875107691 0.582603741554 -0.03) (0.463581572767 0.583205196723 -0.03) (0.464288037842 0.583806651891 -0.03) (0.464994502918 0.58440810706 -0.03) (0.465700638554 0.585000742895 -0.03) (0.466415063176 0.585583359603 -0.03) (0.467137634637 0.586155841264 -0.03) (0.467868209171 0.586718073974 -0.03) (0.468606641418 0.587269945867 -0.03) (0.469352784455 0.587811347139 -0.03) (0.470106489826 0.58834217007 -0.03) (0.470867607567 0.588862309045 -0.03) (0.471635986244 0.589371660573 -0.03) (0.472411472974 0.58987012331 -0.03) (0.473193913462 0.590357598081 -0.03) (0.473983152029 0.590833987893 -0.03) (0.474779031644 0.591299197961 -0.03) (0.475581393954 0.591753135725 -0.03) (0.476390079315 0.592195710867 -0.03) (0.477204926827 0.592626835328 -0.03) (0.478025774364 0.59304642333 -0.03) (0.478852458603 0.593454391389 -0.03) (0.479684815064 0.593850658334 -0.03) (0.480522678136 0.59423514532 -0.03) (0.481365881112 0.594607775848 -0.03) (0.482214256224 0.594968475777 -0.03) (0.483067634674 0.59531717334 -0.03) (0.483925846668 0.595653799159 -0.03) (0.484788721453 0.595978286255 -0.03) (0.485656087344 0.596290570068 -0.03) (0.486527771767 0.596590588463 -0.03) (0.487403601284 0.596878281746 -0.03) (0.488283401637 0.597153592678 -0.03) (0.489166997774 0.597416466479 -0.03) (0.49005421389 0.597666850848 -0.03) (0.49094487346 0.597904695967 -0.03) (0.491838799272 0.598129954511 -0.03) (0.492735813466 0.598342581663 -0.03) (0.493635737566 0.598542535117 -0.03) (0.494538392518 0.598729775088 -0.03) (0.495443598724 0.598904264324 -0.03) (0.49635117608 0.599065968105 -0.03) (0.497260944008 0.599214854259 -0.03) (0.498172721495 0.599350893162 -0.03) (0.499086327129 0.599474057748 -0.03) (0.500001579133 0.59958432351 -0.03) (0.500918295403 0.59968166851 -0.03) (0.501836293545 0.599766073378 -0.03) (0.502755390906 0.599837521323 -0.03) (0.50367540462 0.599895998127 -0.03) (0.504596151633 0.599941492156 -0.03) (0.505517448749 0.599973994358 -0.03) (0.506439112661 0.599993498266 -0.03))
    polyLine 62 66 ((0.46146217754 0.581400831217 0) (0.462168642615 0.582002286386 0) (0.462875107691 0.582603741554 0) (0.463581572767 0.583205196723 0) (0.464288037842 0.583806651891 0) (0.464994502918 0.58440810706 0) (0.465700638554 0.585000742895 0) (0.466415063176 0.585583359603 0) (0.467137634637 0.586155841264 0) (0.467868209171 0.586718073974 0) (0.468606641418 0.587269945867 0) (0.469352784455 0.587811347139 0) (0.470106489826 0.58834217007 0) (0.470867607567 0.588862309045 0) (0.471635986244 0.589371660573 0) (0.472411472974 0.58987012331 0) (0.473193913462 0.590357598081 0) (0.473983152029 0.590833987893 0) (0.474779031644 0.591299197961 0) (0.475581393954 0.591753135725 0) (0.476390079315 0.592195710867 0) (0.477204926827 0.592626835328 0) (0.478025774364 0.59304642333 0) (0.478852458603 0.593454391389 0) (0.479684815064 0.593850658334 0) (0.480522678136 0.59423514532 0) (0.481365881112 0.594607775848 0) (0.482214256224 0.594968475777 0) (0.483067634674 0.59531717334 0) (0.483925846668 0.595653799159 0) (0.484788721453 0.595978286255 0) (0.485656087344 0.596290570068 0) (0.486527771767 0.596590588463 0) (0.487403601284 0.596878281746 0) (0.488283401637 0.597153592678 0) (0.489166997774 0.597416466479 0) (0.49005421389 0.597666850848 0) (0.49094487346 0.597904695967 0) (0.491838799272 0.598129954511 0) (0.492735813466 0.598342581663 0) (0.493635737566 0.598542535117 0) (0.494538392518 0.598729775088 0) (0.495443598724 0.598904264324 0) (0.49635117608 0.599065968105 0) (0.497260944008 0.599214854259 0) (0.498172721495 0.599350893162 0) (0.499086327129 0.599474057748 0) (0.500001579133 0.59958432351 0) (0.500918295403 0.59968166851 0) (0.501836293545 0.599766073378 0) (0.502755390906 0.599837521323 0) (0.50367540462 0.599895998127 0) (0.504596151633 0.599941492156 0) (0.505517448749 0.599973994358 0) (0.506439112661 0.599993498266 0))
    polyLine 61 65 ((0.397503668261 1.43680351241 -0.03) (0.401788500259 1.44376393052 -0.03) (0.406113235303 1.45078445683 -0.03) (0.41047848727 1.45786602521 -0.03) (0.414884882634 1.46500958846 -0.03) (0.419333060783 1.4722161189 -0.03) (0.423823674355 1.4794866088 -0.03) (0.428357389581 1.4868220709 -0.03) (0.432934886642 1.494223539 -0.03) (0.437556860031 1.50169206846 -0.03) (0.442224018936 1.50922873677 -0.03) (0.446937087623 1.51683464419 -0.03) (0.451696805844 1.52451091429 -0.03) (0.456503929248 1.53225869462 -0.03) (0.461359229811 1.54007915735 -0.03) (0.46626349628 1.5479734999 -0.03) (0.471217534624 1.55594294569 -0.03) (0.476222168513 1.56398874481 -0.03) (0.481278239802 1.57211217477 -0.03) (0.486386609034 1.58031454124 -0.03) (0.491548155959 1.58859717886 -0.03) (0.496763780079 1.59696145205 -0.03) (0.502034401196 1.60540875583 -0.03))
    polyLine 63 67 ((0.397503668261 1.43680351241 0) (0.401788500259 1.44376393052 0) (0.406113235303 1.45078445683 0) (0.41047848727 1.45786602521 0) (0.414884882634 1.46500958846 0) (0.419333060783 1.4722161189 0) (0.423823674355 1.4794866088 0) (0.428357389581 1.4868220709 0) (0.432934886642 1.494223539 0) (0.437556860031 1.50169206846 0) (0.442224018936 1.50922873677 0) (0.446937087623 1.51683464419 0) (0.451696805844 1.52451091429 0) (0.456503929248 1.53225869462 0) (0.461359229811 1.54007915735 0) (0.46626349628 1.5479734999 0) (0.471217534624 1.55594294569 0) (0.476222168513 1.56398874481 0) (0.481278239802 1.57211217477 0) (0.486386609034 1.58031454124 0) (0.491548155959 1.58859717886 0) (0.496763780079 1.59696145205 0) (0.502034401196 1.60540875583 0))
);

boundary
(
    body_fore
    {
        type wall;
        faces
        (
            (0 2 6 4)
            (4 6 10 8)
            (8 10 14 12)
            (12 14 18 16)
            (16 18 22 20)
            (20 22 26 24)
            (24 26 30 28)
            (28 30 34 32)
            (32 34 38 36)
            (36 38 42 40)
            (40 42 46 44)
            (44 46 50 48)
            (48 50 54 52)
            (52 54 58 56)
            (56 58 62 60)
            (60 62 66 64)
        );
    }
    freestream
    {
        type patch;
        faces
        (
            (1 5 7 3)
            (5 9 11 7)
            (9 13 15 11)
            (13 17 19 15)
            (17 21 23 19)
            (21 25 27 23)
            (25 29 31 27)
            (29 33 35 31)
            (33 37 39 35)
            (37 41 43 39)
            (41 45 47 43)
            (45 49 51 47)
            (49 53 55 51)
            (53 57 59 55)
            (57 61 63 59)
            (61 65 67 63)
        );
    }
    outlet
    {
        type patch;
        faces
        (
            (64 66 67 65)
        );
    }
    axis
    {
        type patch;
        faces
        (
            (0 1 3 2)
        );
    }
    front
    {
        type patch;
        faces
        (
            (2 6 7 3)
            (6 10 11 7)
            (10 14 15 11)
            (14 18 19 15)
            (18 22 23 19)
            (22 26 27 23)
            (26 30 31 27)
            (30 34 35 31)
            (34 38 39 35)
            (38 42 43 39)
            (42 46 47 43)
            (46 50 51 47)
            (50 54 55 51)
            (54 58 59 55)
            (58 62 63 59)
            (62 66 67 63)
        );
    }
    back
    {
        type patch;
        faces
        (
            (0 1 5 4)
            (4 5 9 8)
            (8 9 13 12)
            (12 13 17 16)
            (16 17 21 20)
            (20 21 25 24)
            (24 25 29 28)
            (28 29 33 32)
            (32 33 37 36)
            (36 37 41 40)
            (40 41 45 44)
            (44 45 49 48)
            (48 49 53 52)
            (52 53 57 56)
            (56 57 61 60)
            (60 61 65 64)
        );
    }
);
