FoamFile
{
    version     2.0;
    format      ascii;
    class       dictionary;
    object      blockMeshDict;
}
// Generated by aether.cfd - do not edit by hand. Regenerate from the run config.

scale 1;

vertices
(
    (0 0 -0.03)
    (-0.240505409295 7.48626878584e-17 -0.03)
    (0 0 0)
    (-0.240505409295 7.48626878584e-17 0)
    (0.00183589651502 0.0464135206137 -0.03)
    (-0.237503052938 0.0765213790349 -0.03)
    (0.00183589651502 0.0464135206137 0)
    (-0.237503052938 0.0765213790349 0)
    (0.00733195917773 0.0925370316363 -0.03)
    (-0.228786434677 0.152652375384 -0.03)
    (0.00733195917773 0.0925370316363 0)
    (-0.228786434677 0.152652375384 0)
    (0.0164538472958 0.13808234785 -0.03)
    (-0.215062138988 0.228301297158 -0.03)
    (0.0164538472958 0.13808234785 0)
    (-0.215062138988 0.228301297158 0)
    (0.0291445658148 0.182764896673 -0.03)
    (-0.197114990546 0.303801843077 -0.03)
    (0.0291445658148 0.182764896673 0)
    (-0.197114990546 0.303801843077 0)
    (0.0453248214252 0.226305496166 -0.03)
    (-0.175545368488 0.379880747185 -0.03)
    (0.0453248214252 0.226305496166 0)
    (-0.175545368488 0.379880747185 0)
    (0.0648935179878 0.268432099358 -0.03)
    (-0.15065916664 0.457582187361 -0.03)
    (0.0648935179878 0.268432099358 0)
    (-0.15065916664 0.457582187361 0)
    (0.0877283881815 0.308881493999 -0.03)
    (-0.122452264275 0.538230172865 -0.03)
    (0.0877283881815 0.308881493999 0)
    (-0.122452264275 0.538230172865 0)
    (0.113686757427 0.347400947103 -0.03)
    (-0.0906180682344 0.623454864237 -0.03)
    (0.113686757427 0.347400947103 0)
    (-0.0906180682344 0.623454864237 0)
    (0.142179876841 0.384096669009 -0.03)
    (-0.054701111839 0.714877012336 -0.03)
    (0.142179876841 0.384096669009 0)
    (-0.054701111839 0.714877012336 0)
    (0.170971415811 0.420562500978 -0.03)
    (-0.01501870251 0.812010472813 -0.03)
    (0.170971415811 0.420562500978 0)
    (-0.01501870251 0.812010472813 0)
    (0.199762954782 0.457028332948 -0.03)
    (0.0283659069094 0.915032479857 -0.03)
    (0.199762954782 0.457028332948 0)
    (0.0283659069094 0.915032479857 0)
    (0.228554493752 0.493494164918 -0.03)
    (0.0755300718758 1.02440306521 -0.03)
    (0.228554493752 0.493494164918 0)
    (0.0755300718758 1.02440306521 0)
    (0.257346032723 0.529959996888 -0.03)
    (0.126612743438 1.14066206368 -0.03)
    (0.257346032723 0.529959996888 0)
    (0.126612743438 1.14066206368 0)
    (0.286883718785 0.565783114868 -0.03)
    (0.182906172712 1.26686716246 -0.03)
    (0.286883718785 0.565783114868 0)
    (0.182906172712 1.26686716246 0)
    (0.325485193322 0.591116673264 -0.03)
    (0.260528827084 1.43854772463 -0.03)
    (0.325485193322 0.591116673264 0)
    (0.260528827084 1.43854772463 0)
    (0.370794827724 0.6 -0.03)
    (0.370794827724 1.67925547296 -0.03)
    (0.370794827724 0.6 0)
    (0.370794827724 1.67925547296 0)
);

blocks
(
    hex (0 4 5 1 2 6 7 3) (4 48 1) simpleGrading (1 4 1)
    hex (4 8 9 5 6 10 11 7) (4 48 1) simpleGrading (1 4 1)
    hex (8 12 13 9 10 14 15 11) (4 48 1) simpleGrading (1 4 1)
    hex (12 16 17 13 14 18 19 15) (4 48 1) simpleGrading (1 4 1)
    hex (16 20 21 17 18 22 23 19) (4 48 1) simpleGrading (1 4 1)
    hex (20 24 25 21 22 26 27 23) (4 48 1) simpleGrading (1 4 1)
    hex (24 28 29 25 26 30 31 27) (4 48 1) simpleGrading (1 4 1)
    hex (28 32 33 29 30 34 35 31) (4 48 1) simpleGrading (1 4 1)
    hex (32 36 37 33 34 38 39 35) (4 48 1) simpleGrading (1 4 1)
    hex (36 40 41 37 38 42 43 39) (4 48 1) simpleGrading (1 4 1)
    hex (40 44 45 41 42 46 47 43) (4 48 1) simpleGrading (1 4 1)
    hex (44 48 49 45 46 50 51 47) (4 48 1) simpleGrading (1 4 1)
    hex (48 52 53 49 50 54 55 51) (4 48 1) simpleGrading (1 4 1)
    hex (52 56 57 53 54 58 59 55) (4 48 1) simpleGrading (1 4 1)
    hex (56 60 61 57 58 62 63 59) (4 48 1) simpleGrading (1 4 1)
    hex (60 64 65 61 62 66 67 63) (4 48 1) simpleGrading (1 4 1)
);

edges
(
    polyLine 0 4 ((6.56825323156e-07 0.000878603309859 -0.03) (2.62729982433e-06 0.0017572046556 -0.03) (5.91141909841e-06 0.00263580207312 -0.03) (1.05091758039e-05 0.00351439359832 -0.03) (1.64205596625e-05 0.00439297726711 -0.03) (2.36455574593e-05 0.00527155111541 -0.03) (3.21841530429e-05 0.00615011317918 -0.03) (4.20363273252e-05 0.0070286614944 -0.03) (5.32020582819e-05 0.00790719409708 -0.03) (6.56813209519e-05 0.00878570902326 -0.03) (7.94740874378e-05 0.00966420430902 -0.03) (9.45803269061e-05 0.0105426779905 -0.03) (0.000111000005587 0.0114211281039 -0.03) (0.000128733086774 0.0122995526853 -0.03) (0.000147779530825 0.0131779497712 -0.03) (0.000168139295161 0.0140563173978 -0.03) (0.00018981233427 0.0149346536016 -0.03) (0.0002127985997 0.0158129564191 -0.03) (0.000237098040066 0.0166912238867 -0.03) (0.000262710601047 0.0175694540412 -0.03) (0.000289636225385 0.0184476449192 -0.03) (0.000317874852889 0.0193257945576 -0.03) (0.000347426420432 0.0202039009933 -0.03) (0.000378290861951 0.0210819622632 -0.03) (0.000410468108448 0.0219599764045 -0.03) (0.000443958087992 0.0228379414544 -0.03) (0.000478760725716 0.0237158554501 -0.03) (0.000514875943818 0.0245937164292 -0.03) (0.000552303661564 0.0254715224291 -0.03) (0.000591043795284 0.0263492714875 -0.03) (0.000631096258374 0.0272269616422 -0.03) (0.000672460961297 0.0281045909312 -0.03) (0.000715137811583 0.0289821573925 -0.03) (0.000759126713828 0.0298596590643 -0.03) (0.000804427569695 0.0307370939849 -0.03) (0.000851040277913 0.0316144601929 -0.03) (0.000898964734281 0.032491755727 -0.03) (0.000948200831663 0.0333689786258 -0.03) (0.000998748459993 0.0342461269284 -0.03) (0.00105060750627 0.0351231986739 -0.03) (0.00110377785457 0.0360001919017 -0.03) (0.00115825938602 0.0368771046512 -0.03) (0.00121405197883 0.0377539349621 -0.03) (0.00127115550828 0.0386306808743 -0.03) (0.00132956984672 0.0395073404277 -0.03) (0.00138929486355 0.0403839116626 -0.03) (0.00145033042527 0.0412603926194 -0.03) (0.00151267639542 0.0421367813388 -0.03) (0.00157633263465 0.0430130758617 -0.03) (0.00164129900063 0.0438892742289 -0.03) (0.00170757534814 0.0447653744819 -0.03) (0.00177516152902 0.0456413746621 -0.03))
    polyLine 2 6 ((6.56825323156e-07 0.000878603309859 0) (2.62729982433e-06 0.0017572046556 0) (5.91141909841e-06 0.00263580207312 0) (1.05091758039e-05 0.00351439359832 0) (1.64205596625e-05 0.00439297726711 0) (2.36455574593e-05 0.00527155111541 0) (3.21841530429e-05 0.00615011317918 0) (4.20363273252e-05 0.0070286614944 0) (5.32020582819e-05 0.00790719409708 0) (6.56813209519e-05 0.00878570902326 0) (7.94740874378e-05 0.00966420430902 0) (9.45803269061e-05 0.0105426779905 0) (0.000111000005587 0.0114211281039 0) (0.000128733086774 0.0122995526853 0) (0.000147779530825 0.0131779497712 0) (0.000168139295161 0.0140563173978 0) (0.00018981233427 0.0149346536016 0) (0.0002127985997 0.0158129564191 0) (0.000237098040066 0.0166912238867 0) (0.000262710601047 0.0175694540412 0) (0.000289636225385 0.0184476449192 0) (0.000317874852889 0.0193257945576 0) (0.000347426420432 0.0202039009933 0) (0.000378290861951 0.0210819622632 0) (0.000410468108448 0.0219599764045 0) (0.000443958087992 0.0228379414544 0) (0.000478760725716 0.0237158554501 0) (0.000514875943818 0.0245937164292 0) (0.000552303661564 0.0254715224291 0) (0.000591043795284 0.0263492714875 0) (0.000631096258374 0.0272269616422 0) (0.000672460961297 0.0281045909312 0) (0.000715137811583 0.0289821573925 0) (0.000759126713828 0.0298596590643 0) (0.000804427569695 0.0307370939849 0) (0.000851040277913 0.0316144601929 0) (0.000898964734281 0.032491755727 0) (0.000948200831663 0.0333689786258 0) (0.000998748459993 0.0342461269284 0) (0.00105060750627 0.0351231986739 0) (0.00110377785457 0.0360001919017 0) (0.00115825938602 0.0368771046512 0) (0.00121405197883 0.0377539349621 0) (0.00127115550828 0.0386306808743 0) (0.00132956984672 0.0395073404277 0) (0.00138929486355 0.0403839116626 0) (0.00145033042527 0.0412603926194 0) (0.00151267639542 0.0421367813388 0) (0.00157633263465 0.0430130758617 0) (0.00164129900063 0.0438892742289 0) (0.00170757534814 0.0447653744819 0) (0.00177516152902 0.0456413746621 0))
    polyLine 1 5 ((-0.240500164876 0.00318738649917 -0.03) (-0.240484432306 0.00637478224804 -0.03) (-0.240458213638 0.00956219653996 -0.03) (-0.240421512292 0.0127496387555 -0.03) (-0.240374333048 0.0159371184062 -0.03) (-0.240316682042 0.0191246451774 -0.03) (-0.240248566757 0.022312228972 -0.03) (-0.240169996014 0.025499879953 -0.03) (-0.240080979955 0.0286876085862 -0.03) (-0.239981530038 0.0318754256827 -0.03) (-0.239871659016 0.0350633424404 -0.03) (-0.239751380919 0.0382513704859 -0.03) (-0.239620711042 0.0414395219151 -0.03) (-0.239479665919 0.0446278093342 -0.03) (-0.239328263301 0.0478162458991 -0.03) (-0.239166522138 0.0510048453552 -0.03) (-0.238994462551 0.0541936220757 -0.03) (-0.238812105804 0.0573825911002 -0.03) (-0.23861947428 0.0605717681716 -0.03) (-0.238416591453 0.063761169773 -0.03) (-0.238203481851 0.0669508131636 -0.03) (-0.237980171036 0.0701407164137 -0.03) (-0.237746685559 0.0733308984392 -0.03))
    polyLine 3 7 ((-0.240500164876 0.00318738649917 0) (-0.240484432306 0.00637478224804 0) (-0.240458213638 0.00956219653996 0) (-0.240421512292 0.0127496387555 0) (-0.240374333048 0.0159371184062 0) (-0.240316682042 0.0191246451774 0) (-0.240248566757 0.022312228972 0) (-0.240169996014 0.025499879953 0) (-0.240080979955 0.0286876085862 0) (-0.239981530038 0.0318754256827 0) (-0.239871659016 0.0350633424404 0) (-0.239751380919 0.0382513704859 0) (-0.239620711042 0.0414395219151 0) (-0.239479665919 0.0446278093342 0) (-0.239328263301 0.0478162458991 0) (-0.239166522138 0.0510048453552 0) (-0.238994462551 0.0541936220757 0) (-0.238812105804 0.0573825911002 0) (-0.23861947428 0.0605717681716 0) (-0.238416591453 0.063761169773 0) (-0.238203481851 0.0669508131636 0) (-0.237980171036 0.0701407164137 0) (-0.237746685559 0.0733308984392 0))
    polyLine 4 8 ((0.00184405739218 0.0465172728112 -0.03) (0.0019142627836 0.0473930669711 -0.03) (0.00198577754635 0.048268755184 -0.03) (0.00205860152054 0.0491443354923 -0.03) (0.00213273454338 0.0500198059386 -0.03) (0.00220817644916 0.0508951645659 -0.03) (0.00228492706921 0.0517704094173 -0.03) (0.00236298623196 0.0526455385361 -0.03) (0.00244235376291 0.0535205499661 -0.03) (0.00252302948463 0.0543954417511 -0.03) (0.00260501321678 0.0552702119353 -0.03) (0.00268830477608 0.0561448585631 -0.03) (0.00277290397633 0.0570193796794 -0.03) (0.00285881062842 0.0578937733291 -0.03) (0.00294602454029 0.0587680375576 -0.03) (0.00303454551698 0.0596421704103 -0.03) (0.00312437336061 0.0605161699332 -0.03) (0.00321550787035 0.0613900341724 -0.03) (0.00330794884249 0.0622637611745 -0.03) (0.00340169607037 0.0631373489862 -0.03) (0.00349674934442 0.0640107956547 -0.03) (0.00359310845215 0.0648840992272 -0.03) (0.00369077317814 0.0657572577517 -0.03) (0.00378974330408 0.0666302692761 -0.03) (0.0038900186087 0.0675031318487 -0.03) (0.00399159886785 0.0683758435185 -0.03) (0.00409448385444 0.0692484023343 -0.03) (0.00419867333848 0.0701208063456 -0.03) (0.00430416708705 0.0709930536021 -0.03) (0.00441096486432 0.071865142154 -0.03) (0.00451906643154 0.0727370700516 -0.03) (0.00462847154705 0.0736088353458 -0.03) (0.00473917996628 0.0744804360878 -0.03) (0.00485119144175 0.0753518703291 -0.03) (0.00496450572303 0.0762231361216 -0.03) (0.00507912255684 0.0770942315176 -0.03) (0.00519504168693 0.0779651545698 -0.03) (0.00531226285417 0.0788359033311 -0.03) (0.00543078579652 0.0797064758552 -0.03) (0.00555061024902 0.0805768701958 -0.03) (0.0056717359438 0.0814470844071 -0.03) (0.00579416261008 0.0823171165438 -0.03) (0.00591788997419 0.0831869646609 -0.03) (0.00604291775952 0.084056626814 -0.03) (0.00616924568658 0.0849261010588 -0.03) (0.00629687347296 0.0857953854516 -0.03) (0.00642580083336 0.0866644780492 -0.03) (0.00655602747955 0.0875333769088 -0.03) (0.00668755312042 0.0884020800879 -0.03) (0.00682037746193 0.0892705856444 -0.03) (0.00695450020717 0.090138891637 -0.03) (0.0070899210563 0.0910069961245 -0.03) (0.00722663970658 0.0918748971661 -0.03))
    polyLine 6 10 ((0.00184405739218 0.0465172728112 0) (0.0019142627836 0.0473930669711 0) (0.00198577754635 0.048268755184 0) (0.00205860152054 0.0491443354923 0) (0.00213273454338 0.0500198059386 0) (0.00220817644916 0.0508951645659 0) (0.00228492706921 0.0517704094173 0) (0.00236298623196 0.0526455385361 0) (0.00244235376291 0.0535205499661 0) (0.00252302948463 0.0543954417511 0) (0.00260501321678 0.0552702119353 0) (0.00268830477608 0.0561448585631 0) (0.00277290397633 0.0570193796794 0) (0.00285881062842 0.0578937733291 0) (0.00294602454029 0.0587680375576 0) (0.00303454551698 0.0596421704103 0) (0.00312437336061 0.0605161699332 0) (0.00321550787035 0.0613900341724 0) (0.00330794884249 0.0622637611745 0) (0.00340169607037 0.0631373489862 0) (0.00349674934442 0.0640107956547 0) (0.00359310845215 0.0648840992272 0) (0.00369077317814 0.0657572577517 0) (0.00378974330408 0.0666302692761 0) (0.0038900186087 0.0675031318487 0) (0.00399159886785 0.0683758435185 0) (0.00409448385444 0.0692484023343 0) (0.00419867333848 0.0701208063456 0) (0.00430416708705 0.0709930536021 0) (0.00441096486432 0.071865142154 0) (0.00451906643154 0.0727370700516 0) (0.00462847154705 0.0736088353458 0) (0.00473917996628 0.0744804360878 0) (0.00485119144175 0.0753518703291 0) (0.00496450572303 0.0762231361216 0) (0.00507912255684 0.0770942315176 0) (0.00519504168693 0.0779651545698 0) (0.00531226285417 0.0788359033311 0) (0.00543078579652 0.0797064758552 0) (0.00555061024902 0.0805768701958 0) (0.0056717359438 0.0814470844071 0) (0.00579416261008 0.0823171165438 0) (0.00591788997419 0.0831869646609 0) (0.00604291775952 0.084056626814 0) (0.00616924568658 0.0849261010588 0) (0.00629687347296 0.0857953854516 0) (0.00642580083336 0.0866644780492 0) (0.00655602747955 0.0875333769088 0) (0.00668755312042 0.0884020800879 0) (0.00682037746193 0.0892705856444 0) (0.00695450020717 0.090138891637 0) (0.0070899210563 0.0910069961245 0) (0.00722663970658 0.0918748971661 0))
    polyLine 5 9 ((-0.237251318478 0.0796873076022 -0.03) (-0.23698965109 0.0828535716315 -0.03) (-0.236718080254 0.0860201932111 -0.03) (-0.236436636246 0.0891871954024 -0.03) (-0.236145350101 0.092354602268 -0.03) (-0.235844253572 0.0955224388987 -0.03) (-0.235533379097 0.09869073144 -0.03) (-0.235212759758 0.101859507118 -0.03) (-0.234882429246 0.105028794262 -0.03) (-0.234542421816 0.108198622332 -0.03) (-0.234192772253 0.111369021938 -0.03) (-0.23383351583 0.114540024863 -0.03) (-0.233464688269 0.117711664086 -0.03) (-0.2330863257 0.120883973798 -0.03) (-0.232698464621 0.124056989428 -0.03) (-0.232301141858 0.127230747654 -0.03) (-0.231894394525 0.130405286428 -0.03) (-0.231478259983 0.133580644987 -0.03) (-0.231052775801 0.136756863874 -0.03) (-0.230617979716 0.139933984951 -0.03) (-0.230173909589 0.143112051414 -0.03) (-0.229720603373 0.146291107807 -0.03) (-0.229258099066 0.149471200037 -0.03))
    polyLine 7 11 ((-0.237251318478 0.0796873076022 0) (-0.23698965109 0.0828535716315 0) (-0.236718080254 0.0860201932111 0) (-0.236436636246 0.0891871954024 0) (-0.236145350101 0.092354602268 0) (-0.235844253572 0.0955224388987 0) (-0.235533379097 0.09869073144 0) (-0.235212759758 0.101859507118 0) (-0.234882429246 0.105028794262 0) (-0.234542421816 0.108198622332 0) (-0.234192772253 0.111369021938 0) (-0.23383351583 0.114540024863 0) (-0.233464688269 0.117711664086 0) (-0.2330863257 0.120883973798 0) (-0.232698464621 0.124056989428 0) (-0.232301141858 0.127230747654 0) (-0.231894394525 0.130405286428 0) (-0.231478259983 0.133580644987 0) (-0.231052775801 0.136756863874 0) (-0.230617979716 0.139933984951 0) (-0.230173909589 0.143112051414 0) (-0.229720603373 0.146291107807 0) (-0.229258099066 0.149471200037 0))
    polyLine 8 12 ((0.00736465585239 0.0927425928219 -0.03) (0.00750396918519 0.093610081152 -0.03) (0.00764457939354 0.0944773602171 -0.03) (0.00778648616312 0.0953444280785 -0.03) (0.00792968917668 0.0962112827978 -0.03) (0.0080741881141 0.0970779224372 -0.03) (0.00821998265236 0.0979443450594 -0.03) (0.00836707246552 0.0988105487273 -0.03) (0.00851545722478 0.0996765315047 -0.03) (0.00866513659842 0.100542291456 -0.03) (0.00881611025182 0.101407826645 -0.03) (0.00896837784749 0.102273135137 -0.03) (0.00912193904504 0.103138214998 -0.03) (0.00927679350118 0.104003064294 -0.03) (0.00943294086973 0.104867681092 -0.03) (0.00959038080163 0.105732063458 -0.03) (0.00974911294492 0.106596209461 -0.03) (0.00990913694476 0.107460117169 -0.03) (0.0100704524434 0.108323784649 -0.03) (0.0102330590802 0.109187209973 -0.03) (0.0103969564918 0.110050391209 -0.03) (0.0105621443116 0.110913326427 -0.03) (0.0107286221704 0.1117760137 -0.03) (0.0108963896961 0.112638451097 -0.03) (0.0110654465136 0.113500636692 -0.03) (0.011235792245 0.114362568557 -0.03) (0.0114074265095 0.115224244765 -0.03) (0.0115803489234 0.116085663389 -0.03) (0.0117545591001 0.116946822504 -0.03) (0.0119300566501 0.117807720185 -0.03) (0.0121068411813 0.118668354508 -0.03) (0.0122849122982 0.119528723548 -0.03) (0.012464269603 0.120388825382 -0.03) (0.0126449126946 0.121248658087 -0.03) (0.0128268411691 0.122108219741 -0.03) (0.01301005462 0.122967508423 -0.03) (0.0131945526376 0.123826522212 -0.03) (0.0133803348095 0.124685259187 -0.03) (0.0135674007203 0.125543717428 -0.03) (0.013755749952 0.126401895017 -0.03) (0.0139453820833 0.127259790036 -0.03) (0.0141362966905 0.128117400565 -0.03) (0.0143284933466 0.128974724689 -0.03) (0.0145219716222 0.12983176049 -0.03) (0.0147167310845 0.130688506053 -0.03) (0.0149127712983 0.131544959462 -0.03) (0.0151100918254 0.132401118803 -0.03) (0.0153086922245 0.133256982162 -0.03) (0.0155085720518 0.134112547625 -0.03) (0.0157097308603 0.13496781328 -0.03) (0.0159121682005 0.135822777216 -0.03) (0.0161158836197 0.13667743752 -0.03) (0.0163208766626 0.137531792282 -0.03))
    polyLine 10 14 ((0.00736465585239 0.0927425928219 0) (0.00750396918519 0.093610081152 0) (0.00764457939354 0.0944773602171 0) (0.00778648616312 0.0953444280785 0) (0.00792968917668 0.0962112827978 0) (0.0080741881141 0.0970779224372 0) (0.00821998265236 0.0979443450594 0) (0.00836707246552 0.0988105487273 0) (0.00851545722478 0.0996765315047 0) (0.00866513659842 0.100542291456 0) (0.00881611025182 0.101407826645 0) (0.00896837784749 0.102273135137 0) (0.00912193904504 0.103138214998 0) (0.00927679350118 0.104003064294 0) (0.00943294086973 0.104867681092 0) (0.00959038080163 0.105732063458 0) (0.00974911294492 0.106596209461 0) (0.00990913694476 0.107460117169 0) (0.0100704524434 0.108323784649 0) (0.0102330590802 0.109187209973 0) (0.0103969564918 0.110050391209 0) (0.0105621443116 0.110913326427 0) (0.0107286221704 0.1117760137 0) (0.0108963896961 0.112638451097 0) (0.0110654465136 0.113500636692 0) (0.011235792245 0.114362568557 0) (0.0114074265095 0.115224244765 0) (0.0115803489234 0.116085663389 0) (0.0117545591001 0.116946822504 0) (0.0119300566501 0.117807720185 0) (0.0121068411813 0.118668354508 0) (0.0122849122982 0.119528723548 0) (0.012464269603 0.120388825382 0) (0.0126449126946 0.121248658087 0) (0.0128268411691 0.122108219741 0) (0.01301005462 0.122967508423 0) (0.0131945526376 0.123826522212 0) (0.0133803348095 0.124685259187 0) (0.0135674007203 0.125543717428 0) (0.013755749952 0.126401895017 0) (0.0139453820833 0.127259790036 0) (0.0141362966905 0.128117400565 0) (0.0143284933466 0.128974724689 0) (0.0145219716222 0.12983176049 0) (0.0147167310845 0.130688506053 0) (0.0149127712983 0.131544959462 0) (0.0151100918254 0.132401118803 0) (0.0153086922245 0.133256982162 0) (0.0155085720518 0.134112547625 0) (0.0157097308603 0.13496781328 0) (0.0159121682005 0.135822777216 0) (0.0161158836197 0.13667743752 0) (0.0163208766626 0.137531792282 0))
    polyLine 9 13 ((-0.228312995564 0.155786490753 -0.03) (-0.227830744708 0.158921751706 -0.03) (-0.227339718226 0.162058207381 -0.03) (-0.2268399521 0.165195908256 -0.03) (-0.226331482145 0.168334906147 -0.03) (-0.225814343976 0.171475254226 -0.03) (-0.225288572968 0.174617007025 -0.03) (-0.224754204231 0.177760220444 -0.03) (-0.224211272573 0.180904951756 -0.03) (-0.223659812468 0.18405125962 -0.03) (-0.223099858028 0.187199204081 -0.03) (-0.222531442967 0.190348846582 -0.03) (-0.221954600575 0.193500249964 -0.03) (-0.221369363687 0.196653478477 -0.03) (-0.220775764652 0.199808597784 -0.03) (-0.220173835309 0.202965674964 -0.03) (-0.219563606953 0.206124778519 -0.03) (-0.218945110312 0.20928597838 -0.03) (-0.218318375519 0.212449345909 -0.03) (-0.217683432084 0.215614953907 -0.03) (-0.217040308873 0.218782876616 -0.03) (-0.216389034076 0.221953189725 -0.03) (-0.215729635189 0.225125970374 -0.03))
    polyLine 11 15 ((-0.228312995564 0.155786490753 0) (-0.227830744708 0.158921751706 0) (-0.227339718226 0.162058207381 0) (-0.2268399521 0.165195908256 0) (-0.226331482145 0.168334906147 0) (-0.225814343976 0.171475254226 0) (-0.225288572968 0.174617007025 0) (-0.224754204231 0.177760220444 0) (-0.224211272573 0.180904951756 0) (-0.223659812468 0.18405125962 0) (-0.223099858028 0.187199204081 0) (-0.222531442967 0.190348846582 0) (-0.221954600575 0.193500249964 0) (-0.221369363687 0.196653478477 0) (-0.220775764652 0.199808597784 0) (-0.220173835309 0.202965674964 0) (-0.219563606953 0.206124778519 0) (-0.218945110312 0.20928597838 0) (-0.218318375519 0.212449345909 0) (-0.217683432084 0.215614953907 0) (-0.217040308873 0.218782876616 0) (-0.216389034076 0.221953189725 0) (-0.215729635189 0.225125970374 0))
    polyLine 12 16 ((0.0165271468709 0.138385839593 -0.03) (0.0167346937834 0.139239577542 -0.03) (0.0169435169363 0.140093004223 -0.03) (0.0171536158627 0.140946117725 -0.03) (0.0173649900928 0.141798916144 -0.03) (0.0175776391543 0.142651397571 -0.03) (0.0177915625716 0.143503560102 -0.03) (0.0180067598667 0.144355401831 -0.03) (0.0182232305583 0.145206920855 -0.03) (0.0184409741627 0.146058115269 -0.03) (0.0186599901929 0.14690898317 -0.03) (0.0188802781595 0.147759522657 -0.03) (0.01910183757 0.148609731829 -0.03) (0.019324667929 0.149459608784 -0.03) (0.0195487687384 0.150309151622 -0.03) (0.0197741394974 0.151158358446 -0.03) (0.0200007797019 0.152007227355 -0.03) (0.0202286888454 0.152855756453 -0.03) (0.0204578664185 0.153703943842 -0.03) (0.0206883119087 0.154551787627 -0.03) (0.0209200248009 0.155399285912 -0.03) (0.0211530045771 0.156246436803 -0.03) (0.0213872507166 0.157093238405 -0.03) (0.0216227626955 0.157939688826 -0.03) (0.0218595399876 0.158785786173 -0.03) (0.0220975820633 0.159631528556 -0.03) (0.0223368883907 0.160476914083 -0.03) (0.0225774584346 0.161321940865 -0.03) (0.0228192916575 0.162166607012 -0.03) (0.0230623875185 0.163010910636 -0.03) (0.0233067454743 0.16385484985 -0.03) (0.0235523649786 0.164698422767 -0.03) (0.0237992454824 0.165541627501 -0.03) (0.0240473864336 0.166384462168 -0.03) (0.0242967872777 0.167226924884 -0.03) (0.0245474474571 0.168069013764 -0.03) (0.0247993664114 0.168910726926 -0.03) (0.0250525435775 0.16975206249 -0.03) (0.0253069783894 0.170593018573 -0.03) (0.0255626702783 0.171433593296 -0.03) (0.0258196186725 0.17227378478 -0.03) (0.0260778229978 0.173113591147 -0.03) (0.0263372826769 0.17395301052 -0.03) (0.0265979971297 0.174792041021 -0.03) (0.0268599657735 0.175630680775 -0.03) (0.0271231880225 0.176468927907 -0.03) (0.0273876632885 0.177306780544 -0.03) (0.02765339098 0.178144236812 -0.03) (0.0279203705032 0.17898129484 -0.03) (0.0281886012612 0.179817952756 -0.03) (0.0284580826543 0.180654208689 -0.03) (0.0287288140801 0.181490060771 -0.03) (0.0290007949335 0.182325507133 -0.03))
    polyLine 14 18 ((0.0165271468709 0.138385839593 0) (0.0167346937834 0.139239577542 0) (0.0169435169363 0.140093004223 0) (0.0171536158627 0.140946117725 0) (0.0173649900928 0.141798916144 0) (0.0175776391543 0.142651397571 0) (0.0177915625716 0.143503560102 0) (0.0180067598667 0.144355401831 0) (0.0182232305583 0.145206920855 0) (0.0184409741627 0.146058115269 0) (0.0186599901929 0.14690898317 0) (0.0188802781595 0.147759522657 0) (0.01910183757 0.148609731829 0) (0.019324667929 0.149459608784 0) (0.0195487687384 0.150309151622 0) (0.0197741394974 0.151158358446 0) (0.0200007797019 0.152007227355 0) (0.0202286888454 0.152855756453 0) (0.0204578664185 0.153703943842 0) (0.0206883119087 0.154551787627 0) (0.0209200248009 0.155399285912 0) (0.0211530045771 0.156246436803 0) (0.0213872507166 0.157093238405 0) (0.0216227626955 0.157939688826 0) (0.0218595399876 0.158785786173 0) (0.0220975820633 0.159631528556 0) (0.0223368883907 0.160476914083 0) (0.0225774584346 0.161321940865 0) (0.0228192916575 0.162166607012 0) (0.0230623875185 0.163010910636 0) (0.0233067454743 0.16385484985 0) (0.0235523649786 0.164698422767 0) (0.0237992454824 0.165541627501 0) (0.0240473864336 0.166384462168 0) (0.0242967872777 0.167226924884 0) (0.0245474474571 0.168069013764 0) (0.0247993664114 0.168910726926 0) (0.0250525435775 0.16975206249 0) (0.0253069783894 0.170593018573 0) (0.0255626702783 0.171433593296 0) (0.0258196186725 0.17227378478 0) (0.0260778229978 0.173113591147 0) (0.0263372826769 0.17395301052 0) (0.0265979971297 0.174792041021 0) (0.0268599657735 0.175630680775 0) (0.0271231880225 0.176468927907 0) (0.0273876632885 0.177306780544 0) (0.02765339098 0.178144236812 0) (0.0279203705032 0.17898129484 0) (0.0281886012612 0.179817952756 0) (0.0284580826543 0.180654208689 0) (0.0287288140801 0.181490060771 0) (0.0290007949335 0.182325507133 0))
    polyLine 13 17 ((-0.214401326225 0.23141021607 -0.03) (-0.213732812556 0.234521724668 -0.03) (-0.213056620921 0.237635900609 -0.03) (-0.21237277352 0.240752822898 -0.03) (-0.211681291792 0.243872571899 -0.03) (-0.210982196396 0.246995229331 -0.03) (-0.210275507197 0.250120878282 -0.03) (-0.209561243244 0.253249603205 -0.03) (-0.208839422754 0.256381489929 -0.03) (-0.208110063097 0.259516625661 -0.03) (-0.207373180778 0.262655098995 -0.03) (-0.206628791421 0.265796999914 -0.03) (-0.205876909754 0.268942419798 -0.03) (-0.205117549596 0.272091451429 -0.03) (-0.204350723836 0.275244189 -0.03) (-0.203576444427 0.278400728118 -0.03) (-0.202794722363 0.281561165816 -0.03) (-0.202005567674 0.284725600554 -0.03) (-0.201208989403 0.287894132235 -0.03) (-0.200404995603 0.291066862205 -0.03) (-0.199593593314 0.294243893269 -0.03) (-0.198774788557 0.297425329694 -0.03) (-0.197948586321 0.300611277221 -0.03))
    polyLine 15 19 ((-0.214401326225 0.23141021607 0) (-0.213732812556 0.234521724668 0) (-0.213056620921 0.237635900609 0) (-0.21237277352 0.240752822898 0) (-0.211681291792 0.243872571899 0) (-0.210982196396 0.246995229331 0) (-0.210275507197 0.250120878282 0) (-0.209561243244 0.253249603205 0) (-0.208839422754 0.256381489929 0) (-0.208110063097 0.259516625661 0) (-0.207373180778 0.262655098995 0) (-0.206628791421 0.265796999914 0) (-0.205876909754 0.268942419798 0) (-0.205117549596 0.272091451429 0) (-0.204350723836 0.275244189 0) (-0.203576444427 0.278400728118 0) (-0.202794722363 0.281561165816 0) (-0.202005567674 0.284725600554 0) (-0.201208989403 0.287894132235 0) (-0.200404995603 0.291066862205 0) (-0.199593593314 0.294243893269 0) (-0.198774788557 0.297425329694 0) (-0.197948586321 0.300611277221 0))
    polyLine 16 20 ((0.0292740246063 0.183160545906 -0.03) (0.0295485024878 0.183995175225 -0.03) (0.0298242279644 0.184829393224 -0.03) (0.0301012004197 0.185663198037 -0.03) (0.0303794192346 0.186496587801 -0.03) (0.030658883787 0.187329560652 -0.03) (0.0309395934523 0.188162114729 -0.03) (0.0312215476029 0.188994248171 -0.03) (0.0315047456085 0.189825959117 -0.03) (0.031789186836 0.190657245707 -0.03) (0.0320748706496 0.191488106084 -0.03) (0.0323617964106 0.19231853839 -0.03) (0.0326499634776 0.193148540769 -0.03) (0.0329393712063 0.193978111366 -0.03) (0.0332300189499 0.194807248325 -0.03) (0.0335219060586 0.195635949793 -0.03) (0.0338150318798 0.196464213917 -0.03) (0.0341093957583 0.197292038847 -0.03) (0.0344049970361 0.198119422732 -0.03) (0.0347018350522 0.198946363721 -0.03) (0.0349999091433 0.199772859966 -0.03) (0.0352992186428 0.200598909621 -0.03) (0.0355997628817 0.201424510837 -0.03) (0.0359015411881 0.202249661769 -0.03) (0.0362045528874 0.203074360573 -0.03) (0.0365087973023 0.203898605405 -0.03) (0.0368142737525 0.204722394423 -0.03) (0.0371209815552 0.205545725785 -0.03) (0.0374289200248 0.20636859765 -0.03) (0.0377380884729 0.207191008179 -0.03) (0.0380484862082 0.208012955534 -0.03) (0.0383601125369 0.208834437876 -0.03) (0.0386729667625 0.20965545337 -0.03) (0.0389870481854 0.21047600018 -0.03) (0.0393023561036 0.211296076471 -0.03) (0.0396188898122 0.212115680412 -0.03) (0.0399366486035 0.212934810168 -0.03) (0.0402556317673 0.21375346391 -0.03) (0.0405758385905 0.214571639806 -0.03) (0.0408972683572 0.215389336029 -0.03) (0.0412199203488 0.21620655075 -0.03) (0.0415437938442 0.217023282142 -0.03) (0.0418688881192 0.217839528379 -0.03) (0.0421952024472 0.218655287637 -0.03) (0.0425227360986 0.219470558092 -0.03) (0.0428514883412 0.220285337921 -0.03) (0.0431814584402 0.221099625304 -0.03) (0.0435126456578 0.221913418419 -0.03) (0.0438450492538 0.222726715448 -0.03) (0.0441786684849 0.223539514572 -0.03) (0.0445135026055 0.224351813974 -0.03) (0.044849550867 0.225163611839 -0.03) (0.0451868125182 0.225974906352 -0.03))
    polyLine 18 22 ((0.0292740246063 0.183160545906 0) (0.0295485024878 0.183995175225 0) (0.0298242279644 0.184829393224 0) (0.0301012004197 0.185663198037 0) (0.0303794192346 0.186496587801 0) (0.030658883787 0.187329560652 0) (0.0309395934523 0.188162114729 0) (0.0312215476029 0.188994248171 0) (0.0315047456085 0.189825959117 0) (0.031789186836 0.190657245707 0) (0.0320748706496 0.191488106084 0) (0.0323617964106 0.19231853839 0) (0.0326499634776 0.193148540769 0) (0.0329393712063 0.193978111366 0) (0.0332300189499 0.194807248325 0) (0.0335219060586 0.195635949793 0) (0.0338150318798 0.196464213917 0) (0.0341093957583 0.197292038847 0) (0.0344049970361 0.198119422732 0) (0.0347018350522 0.198946363721 0) (0.0349999091433 0.199772859966 0) (0.0352992186428 0.200598909621 0) (0.0355997628817 0.201424510837 0) (0.0359015411881 0.202249661769 0) (0.0362045528874 0.203074360573 0) (0.0365087973023 0.203898605405 0) (0.0368142737525 0.204722394423 0) (0.0371209815552 0.205545725785 0) (0.0374289200248 0.20636859765 0) (0.0377380884729 0.207191008179 0) (0.0380484862082 0.208012955534 0) (0.0383601125369 0.208834437876 0) (0.0386729667625 0.20965545337 0) (0.0389870481854 0.21047600018 0) (0.0393023561036 0.211296076471 0) (0.0396188898122 0.212115680412 0) (0.0399366486035 0.212934810168 0) (0.0402556317673 0.21375346391 0) (0.0405758385905 0.214571639806 0) (0.0408972683572 0.215389336029 0) (0.0412199203488 0.21620655075 0) (0.0415437938442 0.217023282142 0) (0.0418688881192 0.217839528379 0) (0.0421952024472 0.218655287637 0) (0.0425227360986 0.219470558092 0) (0.0428514883412 0.220285337921 0) (0.0431814584402 0.221099625304 0) (0.0435126456578 0.221913418419 0) (0.0438450492538 0.222726715448 0) (0.0441786684849 0.223539514572 0) (0.0445135026055 0.224351813974 0) (0.044849550867 0.225163611839 0) (0.0451868125182 0.225974906352 0))
    polyLine 17 21 ((-0.196297045332 0.306909900677 -0.03) (-0.195472108903 0.310022532346 -0.03) (-0.194640181973 0.313139840868 -0.03) (-0.193801264278 0.316261930396 -0.03) (-0.192955354568 0.319388906461 -0.03) (-0.192102450592 0.322520875981 -0.03) (-0.191242549094 0.325657947276 -0.03) (-0.190375645798 0.328800230078 -0.03) (-0.189501735402 0.331947835544 -0.03) (-0.188620811569 0.335100876266 -0.03) (-0.187732866913 0.338259466292 -0.03) (-0.186837892995 0.34142372113 -0.03) (-0.185935880308 0.344593757771 -0.03) (-0.185026818272 0.347769694697 -0.03) (-0.184110695223 0.350951651903 -0.03) (-0.183187498402 0.354139750908 -0.03) (-0.182257213948 0.357334114773 -0.03) (-0.181319826886 0.360534868119 -0.03) (-0.180375321119 0.363742137145 -0.03) (-0.179423679418 0.366956049645 -0.03) (-0.178464883411 0.370176735027 -0.03) (-0.177498913573 0.373404324334 -0.03) (-0.176525749218 0.376638950262 -0.03))
    polyLine 19 23 ((-0.196297045332 0.306909900677 0) (-0.195472108903 0.310022532346 0) (-0.194640181973 0.313139840868 0) (-0.193801264278 0.316261930396 0) (-0.192955354568 0.319388906461 0) (-0.192102450592 0.322520875981 0) (-0.191242549094 0.325657947276 0) (-0.190375645798 0.328800230078 0) (-0.189501735402 0.331947835544 0) (-0.188620811569 0.335100876266 0) (-0.187732866913 0.338259466292 0) (-0.186837892995 0.34142372113 0) (-0.185935880308 0.344593757771 0) (-0.185026818272 0.347769694697 0) (-0.184110695223 0.350951651903 0) (-0.183187498402 0.354139750908 0) (-0.182257213948 0.357334114773 0) (-0.181319826886 0.360534868119 0) (-0.180375321119 0.363742137145 0) (-0.179423679418 0.366956049645 0) (-0.178464883411 0.370176735027 0) (-0.177498913573 0.373404324334 0) (-0.176525749218 0.376638950262 0))
    polyLine 20 24 ((0.0455252868051 0.226785695699 -0.03) (0.045864972971 0.227595978067 -0.03) (0.0462058702566 0.228405751645 -0.03) (0.0465479778999 0.229215014623 -0.03) (0.046891295136 0.230023765192 -0.03) (0.0472358211974 0.230832001544 -0.03) (0.047581555314 0.231639721872 -0.03) (0.0479284967129 0.23244692437 -0.03) (0.0482766446185 0.233253607235 -0.03) (0.0486259982525 0.234059768661 -0.03) (0.0489765568339 0.234865406848 -0.03) (0.0493283195791 0.235670519995 -0.03) (0.0496812857017 0.236475106301 -0.03) (0.0500354544126 0.237279163968 -0.03) (0.0503908249201 0.238082691198 -0.03) (0.0507473964298 0.238885686196 -0.03) (0.0511051681446 0.239688147165 -0.03) (0.0514641392646 0.240490072313 -0.03) (0.0518243089874 0.241291459846 -0.03) (0.0521856765078 0.242092307973 -0.03) (0.052548241018 0.242892614904 -0.03) (0.0529120017074 0.243692378849 -0.03) (0.053276957763 0.244491598021 -0.03) (0.0536431083688 0.245290270633 -0.03) (0.0540104527063 0.2460883949 -0.03) (0.0543789899543 0.246885969037 -0.03) (0.0547487192889 0.247682991262 -0.03) (0.0551196398837 0.248479459793 -0.03) (0.0554917509094 0.249275372848 -0.03) (0.0558650515341 0.25007072865 -0.03) (0.0562395409235 0.250865525419 -0.03) (0.0566152182402 0.25165976138 -0.03) (0.0569920826444 0.252453434756 -0.03) (0.0573701332938 0.253246543774 -0.03) (0.0577493693431 0.25403908666 -0.03) (0.0581297899446 0.254831061643 -0.03) (0.0585113942478 0.255622466952 -0.03) (0.0588941813997 0.256413300818 -0.03) (0.0592781505446 0.257203561474 -0.03) (0.059663300824 0.257993247151 -0.03) (0.0600496313771 0.258782356086 -0.03) (0.06043714134 0.259570886515 -0.03) (0.0608258298467 0.260358836673 -0.03) (0.0612156960281 0.2611462048 -0.03) (0.0616067390127 0.261932989137 -0.03) (0.0619989579264 0.262719187923 -0.03) (0.0623923518923 0.263504799401 -0.03) (0.062786920031 0.264289821816 -0.03) (0.0631826614605 0.265074253412 -0.03) (0.063579575296 0.265858092435 -0.03) (0.0639776606504 0.266641337134 -0.03) (0.0643769166335 0.267423985757 -0.03) (0.064777342353 0.268206036555 -0.03))
    polyLine 22 26 ((0.0455252868051 0.226785695699 0) (0.045864972971 0.227595978067 0) (0.0462058702566 0.228405751645 0) (0.0465479778999 0.229215014623 0) (0.046891295136 0.230023765192 0) (0.0472358211974 0.230832001544 0) (0.047581555314 0.231639721872 0) (0.0479284967129 0.23244692437 0) (0.0482766446185 0.233253607235 0) (0.0486259982525 0.234059768661 0) (0.0489765568339 0.234865406848 0) (0.0493283195791 0.235670519995 0) (0.0496812857017 0.236475106301 0) (0.0500354544126 0.237279163968 0) (0.0503908249201 0.238082691198 0) (0.0507473964298 0.238885686196 0) (0.0511051681446 0.239688147165 0) (0.0514641392646 0.240490072313 0) (0.0518243089874 0.241291459846 0) (0.0521856765078 0.242092307973 0) (0.052548241018 0.242892614904 0) (0.0529120017074 0.243692378849 0) (0.053276957763 0.244491598021 0) (0.0536431083688 0.245290270633 0) (0.0540104527063 0.2460883949 0) (0.0543789899543 0.246885969037 0) (0.0547487192889 0.247682991262 0) (0.0551196398837 0.248479459793 0) (0.0554917509094 0.249275372848 0) (0.0558650515341 0.25007072865 0) (0.0562395409235 0.250865525419 0) (0.0566152182402 0.25165976138 0) (0.0569920826444 0.252453434756 0) (0.0573701332938 0.253246543774 0) (0.0577493693431 0.25403908666 0) (0.0581297899446 0.254831061643 0) (0.0585113942478 0.255622466952 0) (0.0588941813997 0.256413300818 0) (0.0592781505446 0.257203561474 0) (0.059663300824 0.257993247151 0) (0.0600496313771 0.258782356086 0) (0.06043714134 0.259570886515 0) (0.0608258298467 0.260358836673 0) (0.0612156960281 0.2611462048 0) (0.0616067390127 0.261932989137 0) (0.0619989579264 0.262719187923 0) (0.0623923518923 0.263504799401 0) (0.062786920031 0.264289821816 0) (0.0631826614605 0.265074253412 0) (0.063579575296 0.265858092435 0) (0.0639776606504 0.266641337134 0) (0.0643769166335 0.267423985757 0) (0.064777342353 0.268206036555 0))
    polyLine 21 25 ((-0.174589185385 0.383026681515 -0.03) (-0.173626192847 0.386179591778 -0.03) (-0.172656367833 0.389339604566 -0.03) (-0.171679686233 0.392506848023 -0.03) (-0.17069612286 0.395681451863 -0.03) (-0.169705651443 0.398863547393 -0.03) (-0.168708244613 0.402053267533 -0.03) (-0.167703873896 0.405250746839 -0.03) (-0.166692509702 0.408456121529 -0.03) (-0.165674121314 0.411669529502 -0.03) (-0.164648676879 0.414891110364 -0.03) (-0.163616143396 0.418121005456 -0.03) (-0.162576486705 0.421359357876 -0.03) (-0.161529671477 0.424606312506 -0.03) (-0.1604756612 0.427862016042 -0.03) (-0.159414418169 0.431126617018 -0.03) (-0.158345903476 0.434400265837 -0.03) (-0.157270076992 0.437683114801 -0.03) (-0.15618689736 0.440975318138 -0.03) (-0.155096321977 0.444277032036 -0.03) (-0.153998306986 0.447588414673 -0.03) (-0.152892807258 0.450909626253 -0.03) (-0.15177977638 0.454240829032 -0.03))
    polyLine 23 27 ((-0.174589185385 0.383026681515 0) (-0.173626192847 0.386179591778 0) (-0.172656367833 0.389339604566 0) (-0.171679686233 0.392506848023 0) (-0.17069612286 0.395681451863 0) (-0.169705651443 0.398863547393 0) (-0.168708244613 0.402053267533 0) (-0.167703873896 0.405250746839 0) (-0.166692509702 0.408456121529 0) (-0.165674121314 0.411669529502 0) (-0.164648676879 0.414891110364 0) (-0.163616143396 0.418121005456 0) (-0.162576486705 0.421359357876 0) (-0.161529671477 0.424606312506 0) (-0.1604756612 0.427862016042 0) (-0.159414418169 0.431126617018 0) (-0.158345903476 0.434400265837 0) (-0.157270076992 0.437683114801 0) (-0.15618689736 0.440975318138 0) (-0.155096321977 0.444277032036 0) (-0.153998306986 0.447588414673 0) (-0.152892807258 0.450909626253 0) (-0.15177977638 0.454240829032 0))
    polyLine 24 28 ((0.0651789369137 0.26898748778 -0.03) (0.0655816994178 0.269768337684 -0.03) (0.0659856289649 0.270548584522 -0.03) (0.066390724652 0.27132822655 -0.03) (0.0667969855736 0.272107262025 -0.03) (0.0672044108215 0.272885689205 -0.03) (0.0676129994849 0.27366350635 -0.03) (0.0680227506503 0.274440711722 -0.03) (0.0684336634018 0.275217303583 -0.03) (0.0688457368208 0.275993280197 -0.03) (0.069258969986 0.276768639828 -0.03) (0.0696733619738 0.277543380745 -0.03) (0.0700889118577 0.278317501215 -0.03) (0.0705056187088 0.279090999507 -0.03) (0.0709234815956 0.279863873892 -0.03) (0.0713424995838 0.280636122643 -0.03) (0.0717626717368 0.281407744033 -0.03) (0.0721839971153 0.282178736337 -0.03) (0.0726064747775 0.282949097831 -0.03) (0.0730301037788 0.283718826795 -0.03) (0.0734548831723 0.284487921506 -0.03) (0.0738808120083 0.285256380245 -0.03) (0.0743078893348 0.286024201295 -0.03) (0.0747361141969 0.286791382939 -0.03) (0.0751654856374 0.287557923462 -0.03) (0.0755960026964 0.288323821151 -0.03) (0.0760276644115 0.289089074293 -0.03) (0.0764604698178 0.289853681177 -0.03) (0.0768944179476 0.290617640095 -0.03) (0.0773295078309 0.291380949338 -0.03) (0.0777657384951 0.292143607201 -0.03) (0.078203108965 0.292905611977 -0.03) (0.0786416182628 0.293666961965 -0.03) (0.0790812654082 0.294427655461 -0.03) (0.0795220494184 0.295187690765 -0.03) (0.0799639693081 0.295947066179 -0.03) (0.0804070240893 0.296705780004 -0.03) (0.0808512127716 0.297463830544 -0.03) (0.081296534362 0.298221216106 -0.03) (0.0817429878649 0.298977934995 -0.03) (0.0821905722825 0.29973398552 -0.03) (0.0826392866139 0.300489365991 -0.03) (0.0830891298563 0.30124407472 -0.03) (0.0835401010039 0.301998110018 -0.03) (0.0839921990486 0.302751470201 -0.03) (0.0844454229797 0.303504153585 -0.03) (0.0848997717841 0.304256158486 -0.03) (0.0853552444461 0.305007483224 -0.03) (0.0858118399474 0.305758126119 -0.03) (0.0862695572674 0.306508085493 -0.03) (0.0867283953828 0.307257359669 -0.03) (0.0871883532678 0.308005946973 -0.03) (0.0876494298943 0.308753845731 -0.03))
    polyLine 26 30 ((0.0651789369137 0.26898748778 0) (0.0655816994178 0.269768337684 0) (0.0659856289649 0.270548584522 0) (0.066390724652 0.27132822655 0) (0.0667969855736 0.272107262025 0) (0.0672044108215 0.272885689205 0) (0.0676129994849 0.27366350635 0) (0.0680227506503 0.274440711722 0) (0.0684336634018 0.275217303583 0) (0.0688457368208 0.275993280197 0) (0.069258969986 0.276768639828 0) (0.0696733619738 0.277543380745 0) (0.0700889118577 0.278317501215 0) (0.0705056187088 0.279090999507 0) (0.0709234815956 0.279863873892 0) (0.0713424995838 0.280636122643 0) (0.0717626717368 0.281407744033 0) (0.0721839971153 0.282178736337 0) (0.0726064747775 0.282949097831 0) (0.0730301037788 0.283718826795 0) (0.0734548831723 0.284487921506 0) (0.0738808120083 0.285256380245 0) (0.0743078893348 0.286024201295 0) (0.0747361141969 0.286791382939 0) (0.0751654856374 0.287557923462 0) (0.0755960026964 0.288323821151 0) (0.0760276644115 0.289089074293 0) (0.0764604698178 0.289853681177 0) (0.0768944179476 0.290617640095 0) (0.0773295078309 0.291380949338 0) (0.0777657384951 0.292143607201 0) (0.078203108965 0.292905611977 0) (0.0786416182628 0.293666961965 0) (0.0790812654082 0.294427655461 0) (0.0795220494184 0.295187690765 0) (0.0799639693081 0.295947066179 0) (0.0804070240893 0.296705780004 0) (0.0808512127716 0.297463830544 0) (0.081296534362 0.298221216106 0) (0.0817429878649 0.298977934995 0) (0.0821905722825 0.29973398552 0) (0.0826392866139 0.300489365991 0) (0.0830891298563 0.30124407472 0) (0.0835401010039 0.301998110018 0) (0.0839921990486 0.302751470201 0) (0.0844454229797 0.303504153585 0) (0.0848997717841 0.304256158486 0) (0.0853552444461 0.305007483224 0) (0.0858118399474 0.305758126119 0) (0.0862695572674 0.306508085493 0) (0.0867283953828 0.307257359669 0) (0.0871883532678 0.308005946973 0) (0.0876494298943 0.308753845731 0))
    polyLine 25 29 ((-0.149570547459 0.460816380472 -0.03) (-0.148474779786 0.464060337195 -0.03) (-0.147371817227 0.467314210945 -0.03) (-0.146261612209 0.470578157072 -0.03) (-0.145144115967 0.473852332901 -0.03) (-0.14401927853 0.477136897755 -0.03) (-0.142887048705 0.480432012999 -0.03) (-0.141747374064 0.483737842069 -0.03) (-0.14060020093 0.487054550507 -0.03) (-0.139445474358 0.490382306002 -0.03) (-0.138283138122 0.493721278425 -0.03) (-0.137113134696 0.497071639867 -0.03) (-0.13593540524 0.50043356468 -0.03) (-0.134749889582 0.503807229515 -0.03) (-0.133556526198 0.507192813365 -0.03) (-0.132355252197 0.510590497609 -0.03) (-0.131146003302 0.514000466049 -0.03) (-0.129928713827 0.517422904961 -0.03) (-0.128703316663 0.520858003138 -0.03) (-0.127469743254 0.524305951936 -0.03) (-0.126227923577 0.527766945322 -0.03) (-0.124977786124 0.531241179921 -0.03) (-0.123719257873 0.534728855069 -0.03))
    polyLine 27 31 ((-0.149570547459 0.460816380472 0) (-0.148474779786 0.464060337195 0) (-0.147371817227 0.467314210945 0) (-0.146261612209 0.470578157072 0) (-0.145144115967 0.473852332901 0) (-0.14401927853 0.477136897755 0) (-0.142887048705 0.480432012999 0) (-0.141747374064 0.483737842069 0) (-0.14060020093 0.487054550507 0) (-0.139445474358 0.490382306002 0) (-0.138283138122 0.493721278425 0) (-0.137113134696 0.497071639867 0) (-0.13593540524 0.50043356468 0) (-0.134749889582 0.503807229515 0) (-0.133556526198 0.507192813365 0) (-0.132355252197 0.510590497609 0) (-0.131146003302 0.514000466049 0) (-0.129928713827 0.517422904961 0) (-0.128703316663 0.520858003138 0) (-0.127469743254 0.524305951936 0) (-0.126227923577 0.527766945322 0) (-0.124977786124 0.531241179921 0) (-0.123719257873 0.534728855069 0))
    polyLine 28 32 ((0.0881116242316 0.309501054271 -0.03) (0.0885749352463 0.310247570922 -0.03) (0.0890393619027 0.310993394017 -0.03) (0.0895049031627 0.311738521887 -0.03) (0.0899715579855 0.312482952867 -0.03) (0.0904393253279 0.313226685293 -0.03) (0.0909082041443 0.313969717501 -0.03) (0.0913781933863 0.314712047832 -0.03) (0.0918492920035 0.315453674625 -0.03) (0.0923214989426 0.316194596223 -0.03) (0.092794813148 0.316934810969 -0.03) (0.0932692335616 0.317674317209 -0.03) (0.0937447591229 0.318413113289 -0.03) (0.0942213887689 0.319151197558 -0.03) (0.094699121434 0.319888568366 -0.03) (0.0951779560502 0.320625224064 -0.03) (0.0956578915472 0.321361163006 -0.03) (0.096138926852 0.322096383547 -0.03) (0.0966210608892 0.322830884042 -0.03) (0.0971042925812 0.32356466285 -0.03) (0.0975886208475 0.324297718331 -0.03) (0.0980740446056 0.325030048846 -0.03) (0.0985605627702 0.325761652757 -0.03) (0.0990481742537 0.326492528429 -0.03) (0.0995368779661 0.327222674229 -0.03) (0.100026672815 0.327952088524 -0.03) (0.100517557705 0.328680769684 -0.03) (0.101009531539 0.329408716078 -0.03) (0.101502593218 0.330135926082 -0.03) (0.101996741638 0.330862398067 -0.03) (0.102491975696 0.331588130411 -0.03) (0.102988294284 0.332313121492 -0.03) (0.103485696293 0.333037369688 -0.03) (0.103984180611 0.33376087338 -0.03) (0.104483746123 0.334483630951 -0.03) (0.104984391713 0.335205640785 -0.03) (0.105486116262 0.335926901269 -0.03) (0.105988918647 0.336647410789 -0.03) (0.106492797745 0.337367167735 -0.03) (0.106997752429 0.338086170499 -0.03) (0.107503781572 0.338804417472 -0.03) (0.10801088404 0.33952190705 -0.03) (0.108519058701 0.340238637628 -0.03) (0.10902830442 0.340954607603 -0.03) (0.109538620056 0.341669815377 -0.03) (0.11005000447 0.342384259348 -0.03) (0.110562456518 0.343097937921 -0.03) (0.111075975055 0.343810849501 -0.03) (0.111590558933 0.344522992492 -0.03) (0.112106207001 0.345234365304 -0.03) (0.112622918107 0.345944966346 -0.03) (0.113140691095 0.346654794029 -0.03) (0.113659524809 0.347363846767 -0.03))
    polyLine 30 34 ((0.0881116242316 0.309501054271 0) (0.0885749352463 0.310247570922 0) (0.0890393619027 0.310993394017 0) (0.0895049031627 0.311738521887 0) (0.0899715579855 0.312482952867 0) (0.0904393253279 0.313226685293 0) (0.0909082041443 0.313969717501 0) (0.0913781933863 0.314712047832 0) (0.0918492920035 0.315453674625 0) (0.0923214989426 0.316194596223 0) (0.092794813148 0.316934810969 0) (0.0932692335616 0.317674317209 0) (0.0937447591229 0.318413113289 0) (0.0942213887689 0.319151197558 0) (0.094699121434 0.319888568366 0) (0.0951779560502 0.320625224064 0) (0.0956578915472 0.321361163006 0) (0.096138926852 0.322096383547 0) (0.0966210608892 0.322830884042 0) (0.0971042925812 0.32356466285 0) (0.0975886208475 0.324297718331 0) (0.0980740446056 0.325030048846 0) (0.0985605627702 0.325761652757 0) (0.0990481742537 0.326492528429 0) (0.0995368779661 0.327222674229 0) (0.100026672815 0.327952088524 0) (0.100517557705 0.328680769684 0) (0.101009531539 0.329408716078 0) (0.101502593218 0.330135926082 0) (0.101996741638 0.330862398067 0) (0.102491975696 0.331588130411 0) (0.102988294284 0.332313121492 0) (0.103485696293 0.333037369688 0) (0.103984180611 0.33376087338 0) (0.104483746123 0.334483630951 0) (0.104984391713 0.335205640785 0) (0.105486116262 0.335926901269 0) (0.105988918647 0.336647410789 0) (0.106492797745 0.337367167735 0) (0.106997752429 0.338086170499 0) (0.107503781572 0.338804417472 0) (0.10801088404 0.33952190705 0) (0.108519058701 0.340238637628 0) (0.10902830442 0.340954607603 0) (0.109538620056 0.341669815377 0) (0.11005000447 0.342384259348 0) (0.110562456518 0.343097937921 0) (0.111075975055 0.343810849501 0) (0.111590558933 0.344522992492 0) (0.112106207001 0.345234365304 0) (0.112622918107 0.345944966346 0) (0.113140691095 0.346654794029 0) (0.113659524809 0.347363846767 0))
    polyLine 29 33 ((-0.121224313864 0.541614376308 -0.03) (-0.119988376116 0.545011601996 -0.03) (-0.118744380346 0.548422037838 -0.03) (-0.11749225447 0.5518458743 -0.03) (-0.116231924988 0.55528330445 -0.03) (-0.114963316961 0.55873452401 -0.03) (-0.113686353985 0.562199731401 -0.03) (-0.112400958177 0.565679127798 -0.03) (-0.111107050143 0.569172917182 -0.03) (-0.109804548958 0.57268130639 -0.03) (-0.108493372144 0.576204505176 -0.03) (-0.10717343564 0.579742726261 -0.03) (-0.105844653779 0.583296185391 -0.03) (-0.104506939261 0.586865101401 -0.03) (-0.103160203127 0.59044969627 -0.03) (-0.101804354729 0.594050195183 -0.03) (-0.100439301704 0.597666826598 -0.03) (-0.0990649499441 0.601299822306 -0.03) (-0.0976812035646 0.604949417499 -0.03) (-0.096287964876 0.608615850838 -0.03) (-0.0948851343507 0.612299364525 -0.03) (-0.0934726105917 0.616000204366 -0.03) (-0.0920502902987 0.619718619854 -0.03))
    polyLine 31 35 ((-0.121224313864 0.541614376308 0) (-0.119988376116 0.545011601996 0) (-0.118744380346 0.548422037838 0) (-0.11749225447 0.5518458743 0) (-0.116231924988 0.55528330445 0) (-0.114963316961 0.55873452401 0) (-0.113686353985 0.562199731401 0) (-0.112400958177 0.565679127798 0) (-0.111107050143 0.569172917182 0) (-0.109804548958 0.57268130639 0) (-0.108493372144 0.576204505176 0) (-0.10717343564 0.579742726261 0) (-0.105844653779 0.583296185391 0) (-0.104506939261 0.586865101401 0) (-0.103160203127 0.59044969627 0) (-0.101804354729 0.594050195183 0) (-0.100439301704 0.597666826598 0) (-0.0990649499441 0.601299822306 0) (-0.0976812035646 0.604949417499 0) (-0.096287964876 0.608615850838 0) (-0.0948851343507 0.612299364525 0) (-0.0934726105917 0.616000204366 0) (-0.0920502902987 0.619718619854 0))
    polyLine 32 36 ((0.114179418088 0.348072122974 -0.03) (0.11470036977 0.348779621068 -0.03) (0.11522237869 0.349486339466 -0.03) (0.115745443682 0.35019227659 -0.03) (0.116269563576 0.350897430859 -0.03) (0.1167947372 0.351601800699 -0.03) (0.117320963382 0.352305384535 -0.03) (0.117848240943 0.353008180794 -0.03) (0.118376568705 0.353710187904 -0.03) (0.118905945488 0.354411404296 -0.03) (0.119436370108 0.355111828404 -0.03) (0.119967841379 0.35581145866 -0.03) (0.120500358113 0.356510293502 -0.03) (0.12103391912 0.357208331366 -0.03) (0.121568523206 0.357905570692 -0.03) (0.122104169177 0.358602009922 -0.03) (0.122640855836 0.359297647499 -0.03) (0.123178581982 0.359992481867 -0.03) (0.123717346413 0.360686511474 -0.03) (0.124257147926 0.361379734767 -0.03) (0.124797985312 0.362072150198 -0.03) (0.125339857364 0.362763756218 -0.03) (0.12588276287 0.363454551281 -0.03) (0.126426700617 0.364144533843 -0.03) (0.126970851404 0.364833726289 -0.03) (0.127515002192 0.365522918736 -0.03) (0.128059152979 0.366212111182 -0.03) (0.128603303767 0.366901303629 -0.03) (0.129147454554 0.367590496075 -0.03) (0.129691605341 0.368279688522 -0.03) (0.130235756129 0.368968880968 -0.03) (0.130779906916 0.369658073415 -0.03) (0.131324057704 0.370347265861 -0.03) (0.131868208491 0.371036458308 -0.03) (0.132412359279 0.371725650754 -0.03) (0.132956510066 0.372414843201 -0.03) (0.133500660854 0.373104035647 -0.03) (0.134044811641 0.373793228094 -0.03) (0.134588962429 0.37448242054 -0.03) (0.135133113216 0.375171612987 -0.03) (0.135677264004 0.375860805433 -0.03) (0.136221414791 0.37654999788 -0.03) (0.136765565578 0.377239190326 -0.03) (0.137309716366 0.377928382773 -0.03) (0.137853867153 0.378617575219 -0.03) (0.138398017941 0.379306767666 -0.03) (0.138942168728 0.379995960112 -0.03) (0.139486319516 0.380685152559 -0.03) (0.140030470303 0.381374345005 -0.03) (0.140574621091 0.382063537452 -0.03) (0.141118771878 0.382752729898 -0.03) (0.141662922666 0.383441922345 -0.03))
    polyLine 34 38 ((0.114179418088 0.348072122974 0) (0.11470036977 0.348779621068 0) (0.11522237869 0.349486339466 0) (0.115745443682 0.35019227659 0) (0.116269563576 0.350897430859 0) (0.1167947372 0.351601800699 0) (0.117320963382 0.352305384535 0) (0.117848240943 0.353008180794 0) (0.118376568705 0.353710187904 0) (0.118905945488 0.354411404296 0) (0.119436370108 0.355111828404 0) (0.119967841379 0.35581145866 0) (0.120500358113 0.356510293502 0) (0.12103391912 0.357208331366 0) (0.121568523206 0.357905570692 0) (0.122104169177 0.358602009922 0) (0.122640855836 0.359297647499 0) (0.123178581982 0.359992481867 0) (0.123717346413 0.360686511474 0) (0.124257147926 0.361379734767 0) (0.124797985312 0.362072150198 0) (0.125339857364 0.362763756218 0) (0.12588276287 0.363454551281 0) (0.126426700617 0.364144533843 0) (0.126970851404 0.364833726289 0) (0.127515002192 0.365522918736 0) (0.128059152979 0.366212111182 0) (0.128603303767 0.366901303629 0) (0.129147454554 0.367590496075 0) (0.129691605341 0.368279688522 0) (0.130235756129 0.368968880968 0) (0.130779906916 0.369658073415 0) (0.131324057704 0.370347265861 0) (0.131868208491 0.371036458308 0) (0.132412359279 0.371725650754 0) (0.132956510066 0.372414843201 0) (0.133500660854 0.373104035647 0) (0.134044811641 0.373793228094 0) (0.134588962429 0.37448242054 0) (0.135133113216 0.375171612987 0) (0.135677264004 0.375860805433 0) (0.136221414791 0.37654999788 0) (0.136765565578 0.377239190326 0) (0.137309716366 0.377928382773 0) (0.137853867153 0.378617575219 0) (0.138398017941 0.379306767666 0) (0.138942168728 0.379995960112 0) (0.139486319516 0.380685152559 0) (0.140030470303 0.381374345005 0) (0.140574621091 0.382063537452 0) (0.141118771878 0.382752729898 0) (0.141662922666 0.383441922345 0))
    polyLine 33 37 ((-0.0892372360849 0.627049526821 -0.03) (-0.0878471304555 0.630661002221 -0.03) (-0.0864476537699 0.634289522877 -0.03) (-0.0850387067041 0.637935324648 -0.03) (-0.0836201881545 0.641598646881 -0.03) (-0.0821919952067 0.64527973248 -0.03) (-0.0807540231025 0.648978827977 -0.03) (-0.0793061652065 0.652696183603 -0.03) (-0.0778483129714 0.656432053364 -0.03) (-0.0763803559034 0.660186695119 -0.03) (-0.0749021815254 0.663960370655 -0.03) (-0.0734136753404 0.667753345769 -0.03) (-0.0719147207935 0.67156589035 -0.03) (-0.0704051992326 0.67539827846 -0.03) (-0.0688849898687 0.679250788426 -0.03) (-0.0673539697348 0.683123702923 -0.03) (-0.065812013644 0.687017309067 -0.03) (-0.064258994146 0.690931898507 -0.03) (-0.0626947814833 0.69486776752 -0.03) (-0.0611192435454 0.698825217109 -0.03) (-0.0595322458224 0.702804553101 -0.03) (-0.0579336513572 0.706806086254 -0.03) (-0.0563233206961 0.710830132355 -0.03))
    polyLine 35 39 ((-0.0892372360849 0.627049526821 0) (-0.0878471304555 0.630661002221 0) (-0.0864476537699 0.634289522877 0) (-0.0850387067041 0.637935324648 0) (-0.0836201881545 0.641598646881 0) (-0.0821919952067 0.64527973248 0) (-0.0807540231025 0.648978827977 0) (-0.0793061652065 0.652696183603 0) (-0.0778483129714 0.656432053364 0) (-0.0763803559034 0.660186695119 0) (-0.0749021815254 0.663960370655 0) (-0.0734136753404 0.667753345769 0) (-0.0719147207935 0.67156589035 0) (-0.0704051992326 0.67539827846 0) (-0.0688849898687 0.679250788426 0) (-0.0673539697348 0.683123702923 0) (-0.065812013644 0.687017309067 0) (-0.064258994146 0.690931898507 0) (-0.0626947814833 0.69486776752 0) (-0.0611192435454 0.698825217109 0) (-0.0595322458224 0.702804553101 0) (-0.0579336513572 0.706806086254 0) (-0.0563233206961 0.710830132355 0))
    polyLine 36 40 ((0.142207073453 0.384131114791 -0.03) (0.142751224241 0.384820307238 -0.03) (0.143295375028 0.385509499684 -0.03) (0.143839525816 0.386198692131 -0.03) (0.144383676603 0.386887884577 -0.03) (0.14492782739 0.387577077024 -0.03) (0.145471978178 0.38826626947 -0.03) (0.146016128965 0.388955461917 -0.03) (0.146560279753 0.389644654364 -0.03) (0.14710443054 0.39033384681 -0.03) (0.147648581328 0.391023039257 -0.03) (0.148192732115 0.391712231703 -0.03) (0.148736882903 0.39240142415 -0.03) (0.14928103369 0.393090616596 -0.03) (0.149825184478 0.393779809043 -0.03) (0.150369335265 0.394469001489 -0.03) (0.150913486053 0.395158193936 -0.03) (0.15145763684 0.395847386382 -0.03) (0.152001787627 0.396536578829 -0.03) (0.152545938415 0.397225771275 -0.03) (0.153090089202 0.397914963722 -0.03) (0.15363423999 0.398604156168 -0.03) (0.154178390777 0.399293348615 -0.03) (0.154722541565 0.399982541061 -0.03) (0.155266692352 0.400671733508 -0.03) (0.15581084314 0.401360925954 -0.03) (0.156354993927 0.402050118401 -0.03) (0.156899144715 0.402739310847 -0.03) (0.157443295502 0.403428503294 -0.03) (0.15798744629 0.40411769574 -0.03) (0.158531597077 0.404806888187 -0.03) (0.159075747864 0.405496080633 -0.03) (0.159619898652 0.40618527308 -0.03) (0.160164049439 0.406874465526 -0.03) (0.160708200227 0.407563657973 -0.03) (0.161252351014 0.408252850419 -0.03) (0.161796501802 0.408942042866 -0.03) (0.162340652589 0.409631235312 -0.03) (0.162884803377 0.410320427759 -0.03) (0.163428954164 0.411009620205 -0.03) (0.163973104952 0.411698812652 -0.03) (0.164517255739 0.412388005098 -0.03) (0.165061406527 0.413077197545 -0.03) (0.165605557314 0.413766389991 -0.03) (0.166149708101 0.414455582438 -0.03) (0.166693858889 0.415144774884 -0.03) (0.167238009676 0.415833967331 -0.03) (0.167782160464 0.416523159777 -0.03) (0.168326311251 0.417212352224 -0.03) (0.168870462039 0.41790154467 -0.03) (0.169414612826 0.418590737117 -0.03) (0.169958763614 0.419279929563 -0.03) (0.170502914401 0.41996912201 -0.03))
    polyLine 38 42 ((0.142207073453 0.384131114791 0) (0.142751224241 0.384820307238 0) (0.143295375028 0.385509499684 0) (0.143839525816 0.386198692131 0) (0.144383676603 0.386887884577 0) (0.14492782739 0.387577077024 0) (0.145471978178 0.38826626947 0) (0.146016128965 0.388955461917 0) (0.146560279753 0.389644654364 0) (0.14710443054 0.39033384681 0) (0.147648581328 0.391023039257 0) (0.148192732115 0.391712231703 0) (0.148736882903 0.39240142415 0) (0.14928103369 0.393090616596 0) (0.149825184478 0.393779809043 0) (0.150369335265 0.394469001489 0) (0.150913486053 0.395158193936 0) (0.15145763684 0.395847386382 0) (0.152001787627 0.396536578829 0) (0.152545938415 0.397225771275 0) (0.153090089202 0.397914963722 0) (0.15363423999 0.398604156168 0) (0.154178390777 0.399293348615 0) (0.154722541565 0.399982541061 0) (0.155266692352 0.400671733508 0) (0.15581084314 0.401360925954 0) (0.156354993927 0.402050118401 0) (0.156899144715 0.402739310847 0) (0.157443295502 0.403428503294 0) (0.15798744629 0.40411769574 0) (0.158531597077 0.404806888187 0) (0.159075747864 0.405496080633 0) (0.159619898652 0.40618527308 0) (0.160164049439 0.406874465526 0) (0.160708200227 0.407563657973 0) (0.161252351014 0.408252850419 0) (0.161796501802 0.408942042866 0) (0.162340652589 0.409631235312 0) (0.162884803377 0.410320427759 0) (0.163428954164 0.411009620205 0) (0.163973104952 0.411698812652 0) (0.164517255739 0.412388005098 0) (0.165061406527 0.413077197545 0) (0.165605557314 0.413766389991 0) (0.166149708101 0.414455582438 0) (0.166693858889 0.415144774884 0) (0.167238009676 0.415833967331 0) (0.167782160464 0.416523159777 0) (0.168326311251 0.417212352224 0) (0.168870462039 0.41790154467 0) (0.169414612826 0.418590737117 0) (0.169958763614 0.419279929563 0) (0.170502914401 0.41996912201 0))
    polyLine 37 41 ((-0.0531800575183 0.718665403816 -0.03) (-0.0516484639477 0.722474136169 -0.03) (-0.0501062103546 0.726303480882 -0.03) (-0.0485531738974 0.730153713636 -0.03) (-0.0469892296253 0.734025114394 -0.03) (-0.0454142504381 0.737917967483 -0.03) (-0.0438281070432 0.741832561687 -0.03) (-0.0422306679135 0.745769190339 -0.03) (-0.0406217992424 0.749728151413 -0.03) (-0.0390013648992 0.753709747623 -0.03) (-0.0373692263822 0.757714286518 -0.03) (-0.0357252427715 0.761742080585 -0.03) (-0.0340692706799 0.765793447352 -0.03) (-0.0324011642029 0.769868709498 -0.03) (-0.0307207748676 0.773968194954 -0.03) (-0.0290279515796 0.778092237023 -0.03) (-0.0273225405692 0.782241174489 -0.03) (-0.0256043853362 0.786415351736 -0.03) (-0.0238733265924 0.790615118869 -0.03) (-0.0221292022039 0.794840831839 -0.03) (-0.0203718471306 0.799092852566 -0.03) (-0.018601093365 0.803371549071 -0.03) (-0.0168167698693 0.807677295611 -0.03))
    polyLine 39 43 ((-0.0531800575183 0.718665403816 0) (-0.0516484639477 0.722474136169 0) (-0.0501062103546 0.726303480882 0) (-0.0485531738974 0.730153713636 0) (-0.0469892296253 0.734025114394 0) (-0.0454142504381 0.737917967483 0) (-0.0438281070432 0.741832561687 0) (-0.0422306679135 0.745769190339 0) (-0.0406217992424 0.749728151413 0) (-0.0390013648992 0.753709747623 0) (-0.0373692263822 0.757714286518 0) (-0.0357252427715 0.761742080585 0) (-0.0340692706799 0.765793447352 0) (-0.0324011642029 0.769868709498 0) (-0.0307207748676 0.773968194954 0) (-0.0290279515796 0.778092237023 0) (-0.0273225405692 0.782241174489 0) (-0.0256043853362 0.786415351736 0) (-0.0238733265924 0.790615118869 0) (-0.0221292022039 0.794840831839 0) (-0.0203718471306 0.799092852566 0) (-0.018601093365 0.803371549071 0) (-0.0168167698693 0.807677295611 0))
    polyLine 40 44 ((0.171047065189 0.420658314456 -0.03) (0.171591215976 0.421347506903 -0.03) (0.172135366764 0.422036699349 -0.03) (0.172679517551 0.422725891796 -0.03) (0.173223668339 0.423415084242 -0.03) (0.173767819126 0.424104276689 -0.03) (0.174311969913 0.424793469136 -0.03) (0.174856120701 0.425482661582 -0.03) (0.175400271488 0.426171854029 -0.03) (0.175944422276 0.426861046475 -0.03) (0.176488573063 0.427550238922 -0.03) (0.177032723851 0.428239431368 -0.03) (0.177576874638 0.428928623815 -0.03) (0.178121025426 0.429617816261 -0.03) (0.178665176213 0.430307008708 -0.03) (0.179209327001 0.430996201154 -0.03) (0.179753477788 0.431685393601 -0.03) (0.180297628576 0.432374586047 -0.03) (0.180841779363 0.433063778494 -0.03) (0.18138593015 0.43375297094 -0.03) (0.181930080938 0.434442163387 -0.03) (0.182474231725 0.435131355833 -0.03) (0.183018382513 0.43582054828 -0.03) (0.1835625333 0.436509740726 -0.03) (0.184106684088 0.437198933173 -0.03) (0.184650834875 0.437888125619 -0.03) (0.185194985663 0.438577318066 -0.03) (0.18573913645 0.439266510512 -0.03) (0.186283287238 0.439955702959 -0.03) (0.186827438025 0.440644895405 -0.03) (0.187371588813 0.441334087852 -0.03) (0.1879157396 0.442023280298 -0.03) (0.188459890387 0.442712472745 -0.03) (0.189004041175 0.443401665191 -0.03) (0.189548191962 0.444090857638 -0.03) (0.19009234275 0.444780050084 -0.03) (0.190636493537 0.445469242531 -0.03) (0.191180644325 0.446158434977 -0.03) (0.191724795112 0.446847627424 -0.03) (0.1922689459 0.44753681987 -0.03) (0.192813096687 0.448226012317 -0.03) (0.193357247475 0.448915204763 -0.03) (0.193901398262 0.44960439721 -0.03) (0.19444554905 0.450293589656 -0.03) (0.194989699837 0.450982782103 -0.03) (0.195533850625 0.451671974549 -0.03) (0.196078001412 0.452361166996 -0.03) (0.196622152199 0.453050359442 -0.03) (0.197166302987 0.453739551889 -0.03) (0.197710453774 0.454428744335 -0.03) (0.198254604562 0.455117936782 -0.03) (0.198798755349 0.455807129228 -0.03) (0.199342906137 0.456496321675 -0.03))
    polyLine 42 46 ((0.171047065189 0.420658314456 0) (0.171591215976 0.421347506903 0) (0.172135366764 0.422036699349 0) (0.172679517551 0.422725891796 0) (0.173223668339 0.423415084242 0) (0.173767819126 0.424104276689 0) (0.174311969913 0.424793469136 0) (0.174856120701 0.425482661582 0) (0.175400271488 0.426171854029 0) (0.175944422276 0.426861046475 0) (0.176488573063 0.427550238922 0) (0.177032723851 0.428239431368 0) (0.177576874638 0.428928623815 0) (0.178121025426 0.429617816261 0) (0.178665176213 0.430307008708 0) (0.179209327001 0.430996201154 0) (0.179753477788 0.431685393601 0) (0.180297628576 0.432374586047 0) (0.180841779363 0.433063778494 0) (0.18138593015 0.43375297094 0) (0.181930080938 0.434442163387 0) (0.182474231725 0.435131355833 0) (0.183018382513 0.43582054828 0) (0.1835625333 0.436509740726 0) (0.184106684088 0.437198933173 0) (0.184650834875 0.437888125619 0) (0.185194985663 0.438577318066 0) (0.18573913645 0.439266510512 0) (0.186283287238 0.439955702959 0) (0.186827438025 0.440644895405 0) (0.187371588813 0.441334087852 0) (0.1879157396 0.442023280298 0) (0.188459890387 0.442712472745 0) (0.189004041175 0.443401665191 0) (0.189548191962 0.444090857638 0) (0.19009234275 0.444780050084 0) (0.190636493537 0.445469242531 0) (0.191180644325 0.446158434977 0) (0.191724795112 0.446847627424 0) (0.1922689459 0.44753681987 0) (0.192813096687 0.448226012317 0) (0.193357247475 0.448915204763 0) (0.193901398262 0.44960439721 0) (0.19444554905 0.450293589656 0) (0.194989699837 0.450982782103 0) (0.195533850625 0.451671974549 0) (0.196078001412 0.452361166996 0) (0.196622152199 0.453050359442 0) (0.197166302987 0.453739551889 0) (0.197710453774 0.454428744335 0) (0.198254604562 0.455117936782 0) (0.198798755349 0.455807129228 0) (0.199342906137 0.456496321675 0))
    polyLine 41 45 ((-0.0133598790205 0.816003058915 -0.03) (-0.0116892422631 0.820019276133 -0.03) (-0.0100066513845 0.824059431458 -0.03) (-0.00831196316838 0.828123836755 -0.03) (-0.0066050319877 0.832212808863 -0.03) (-0.00488570975636 0.836326669699 -0.03) (-0.00315384587936 0.84046574636 -0.03) (-0.00140928720168 0.844630371236 -0.03) (0.000348122043917 0.848820882111 -0.03) (0.00211854029062 0.853037622288 -0.03) (0.00390212869251 0.857280940694 -0.03) (0.00569905118098 0.861551192006 -0.03) (0.00750947452257 0.865848736769 -0.03) (0.00933356837833 0.870173941522 -0.03) (0.0111715053646 0.874527178928 -0.03) (0.0130234611154 0.878908827902 -0.03) (0.0148896143468 0.88331927375 -0.03) (0.0167701469221 0.887758908301 -0.03) (0.0186652439198 0.892228130056 -0.03) (0.0205750937023 0.896727344328 -0.03) (0.0224998879875 0.901256963397 -0.03) (0.0244398219212 0.905817406656 -0.03) (0.0263950941522 0.910409100774 -0.03))
    polyLine 43 47 ((-0.0133598790205 0.816003058915 0) (-0.0116892422631 0.820019276133 0) (-0.0100066513845 0.824059431458 0) (-0.00831196316838 0.828123836755 0) (-0.0066050319877 0.832212808863 0) (-0.00488570975636 0.836326669699 0) (-0.00315384587936 0.84046574636 0) (-0.00140928720168 0.844630371236 0) (0.000348122043917 0.848820882111 0) (0.00211854029062 0.853037622288 0) (0.00390212869251 0.857280940694 0) (0.00569905118098 0.861551192006 0) (0.00750947452257 0.865848736769 0) (0.00933356837833 0.870173941522 0) (0.0111715053646 0.874527178928 0) (0.0130234611154 0.878908827902 0) (0.0148896143468 0.88331927375 0) (0.0167701469221 0.887758908301 0) (0.0186652439198 0.892228130056 0) (0.0205750937023 0.896727344328 0) (0.0224998879875 0.901256963397 0) (0.0244398219212 0.905817406656 0) (0.0263950941522 0.910409100774 0))
    polyLine 44 48 ((0.199887056924 0.457185514121 -0.03) (0.200431207712 0.457874706568 -0.03) (0.200975358499 0.458563899014 -0.03) (0.201519509287 0.459253091461 -0.03) (0.202063660074 0.459942283908 -0.03) (0.202607810862 0.460631476354 -0.03) (0.203151961649 0.461320668801 -0.03) (0.203696112436 0.462009861247 -0.03) (0.204240263224 0.462699053694 -0.03) (0.204784414011 0.46338824614 -0.03) (0.205328564799 0.464077438587 -0.03) (0.205872715586 0.464766631033 -0.03) (0.206416866374 0.46545582348 -0.03) (0.206961017161 0.466145015926 -0.03) (0.207505167949 0.466834208373 -0.03) (0.208049318736 0.467523400819 -0.03) (0.208593469524 0.468212593266 -0.03) (0.209137620311 0.468901785712 -0.03) (0.209681771099 0.469590978159 -0.03) (0.210225921886 0.470280170605 -0.03) (0.210770072673 0.470969363052 -0.03) (0.211314223461 0.471658555498 -0.03) (0.211858374248 0.472347747945 -0.03) (0.212402525036 0.473036940391 -0.03) (0.212946675823 0.473726132838 -0.03) (0.213490826611 0.474415325284 -0.03) (0.214034977398 0.475104517731 -0.03) (0.214579128186 0.475793710177 -0.03) (0.215123278973 0.476482902624 -0.03) (0.215667429761 0.47717209507 -0.03) (0.216211580548 0.477861287517 -0.03) (0.216755731336 0.478550479963 -0.03) (0.217299882123 0.47923967241 -0.03) (0.21784403291 0.479928864856 -0.03) (0.218388183698 0.480618057303 -0.03) (0.218932334485 0.481307249749 -0.03) (0.219476485273 0.481996442196 -0.03) (0.22002063606 0.482685634642 -0.03) (0.220564786848 0.483374827089 -0.03) (0.221108937635 0.484064019535 -0.03) (0.221653088423 0.484753211982 -0.03) (0.22219723921 0.485442404428 -0.03) (0.222741389998 0.486131596875 -0.03) (0.223285540785 0.486820789321 -0.03) (0.223829691573 0.487509981768 -0.03) (0.22437384236 0.488199174214 -0.03) (0.224917993148 0.488888366661 -0.03) (0.225462143935 0.489577559107 -0.03) (0.226006294722 0.490266751554 -0.03) (0.22655044551 0.490955944 -0.03) (0.227094596297 0.491645136447 -0.03) (0.227638747085 0.492334328893 -0.03) (0.228182897872 0.49302352134 -0.03))
    polyLine 46 50 ((0.199887056924 0.457185514121 0) (0.200431207712 0.457874706568 0) (0.200975358499 0.458563899014 0) (0.201519509287 0.459253091461 0) (0.202063660074 0.459942283908 0) (0.202607810862 0.460631476354 0) (0.203151961649 0.461320668801 0) (0.203696112436 0.462009861247 0) (0.204240263224 0.462699053694 0) (0.204784414011 0.46338824614 0) (0.205328564799 0.464077438587 0) (0.205872715586 0.464766631033 0) (0.206416866374 0.46545582348 0) (0.206961017161 0.466145015926 0) (0.207505167949 0.466834208373 0) (0.208049318736 0.467523400819 0) (0.208593469524 0.468212593266 0) (0.209137620311 0.468901785712 0) (0.209681771099 0.469590978159 0) (0.210225921886 0.470280170605 0) (0.210770072673 0.470969363052 0) (0.211314223461 0.471658555498 0) (0.211858374248 0.472347747945 0) (0.212402525036 0.473036940391 0) (0.212946675823 0.473726132838 0) (0.213490826611 0.474415325284 0) (0.214034977398 0.475104517731 0) (0.214579128186 0.475793710177 0) (0.215123278973 0.476482902624 0) (0.215667429761 0.47717209507 0) (0.216211580548 0.477861287517 0) (0.216755731336 0.478550479963 0) (0.217299882123 0.47923967241 0) (0.21784403291 0.479928864856 0) (0.218388183698 0.480618057303 0) (0.218932334485 0.481307249749 0) (0.219476485273 0.481996442196 0) (0.22002063606 0.482685634642 0) (0.220564786848 0.483374827089 0) (0.221108937635 0.484064019535 0) (0.221653088423 0.484753211982 0) (0.22219723921 0.485442404428 0) (0.222741389998 0.486131596875 0) (0.223285540785 0.486820789321 0) (0.223829691573 0.487509981768 0) (0.22437384236 0.488199174214 0) (0.224917993148 0.488888366661 0) (0.225462143935 0.489577559107 0) (0.226006294722 0.490266751554 0) (0.22655044551 0.490955944 0) (0.227094596297 0.491645136447 0) (0.227638747085 0.492334328893 0) (0.228182897872 0.49302352134 0))
    polyLine 45 49 ((0.0301658749892 0.919250912635 -0.03) (0.0319789359868 0.923496074498 -0.03) (0.0338052484523 0.927768305247 -0.03) (0.035644973563 0.932067950145 -0.03) (0.0374982751773 0.93639536003 -0.03) (0.0393653198886 0.940750891428 -0.03) (0.0412462770822 0.945134906674 -0.03) (0.0431413189923 0.949547774031 -0.03) (0.0450506207609 0.953989867813 -0.03) (0.0469743604988 0.958461568514 -0.03) (0.0489127193469 0.962963262937 -0.03) (0.0508658815399 0.967495344325 -0.03) (0.0528340344716 0.972058212502 -0.03) (0.0548173687618 0.976652274011 -0.03) (0.0568160783244 0.981277942256 -0.03) (0.0588303604381 0.985935637653 -0.03) (0.0608604158185 0.99062578778 -0.03) (0.0629064486917 0.995348827531 -0.03) (0.0649686668708 1.00010519928 -0.03) (0.0670472818335 1.00489535303 -0.03) (0.069142508802 1.0097197466 -0.03) (0.0712545668255 1.0145788458 -0.03) (0.0733836788642 1.01947312457 -0.03))
    polyLine 47 51 ((0.0301658749892 0.919250912635 0) (0.0319789359868 0.923496074498 0) (0.0338052484523 0.927768305247 0) (0.035644973563 0.932067950145 0) (0.0374982751773 0.93639536003 0) (0.0393653198886 0.940750891428 0) (0.0412462770822 0.945134906674 0) (0.0431413189923 0.949547774031 0) (0.0450506207609 0.953989867813 0) (0.0469743604988 0.958461568514 0) (0.0489127193469 0.962963262937 0) (0.0508658815399 0.967495344325 0) (0.0528340344716 0.972058212502 0) (0.0548173687618 0.976652274011 0) (0.0568160783244 0.981277942256 0) (0.0588303604381 0.985935637653 0) (0.0608604158185 0.99062578778 0) (0.0629064486917 0.995348827531 0) (0.0649686668708 1.00010519928 0) (0.0670472818335 1.00489535303 0) (0.069142508802 1.0097197466 0) (0.0712545668255 1.0145788458 0) (0.0733836788642 1.01947312457 0))
    polyLine 48 52 ((0.22872704866 0.493712713786 -0.03) (0.229271199447 0.494401906233 -0.03) (0.229815350235 0.49509109868 -0.03) (0.230359501022 0.495780291126 -0.03) (0.23090365181 0.496469483573 -0.03) (0.231447802597 0.497158676019 -0.03) (0.231991953385 0.497847868466 -0.03) (0.232536104172 0.498537060912 -0.03) (0.233080254959 0.499226253359 -0.03) (0.233624405747 0.499915445805 -0.03) (0.234168556534 0.500604638252 -0.03) (0.234712707322 0.501293830698 -0.03) (0.235256858109 0.501983023145 -0.03) (0.235801008897 0.502672215591 -0.03) (0.236345159684 0.503361408038 -0.03) (0.236889310472 0.504050600484 -0.03) (0.237433461259 0.504739792931 -0.03) (0.237977612047 0.505428985377 -0.03) (0.238521762834 0.506118177824 -0.03) (0.239065913622 0.50680737027 -0.03) (0.239610064409 0.507496562717 -0.03) (0.240154215196 0.508185755163 -0.03) (0.240698365984 0.50887494761 -0.03) (0.241242516771 0.509564140056 -0.03) (0.241786667559 0.510253332503 -0.03) (0.242330818346 0.510942524949 -0.03) (0.242874969134 0.511631717396 -0.03) (0.243419119921 0.512320909842 -0.03) (0.243963270709 0.513010102289 -0.03) (0.244507421496 0.513699294735 -0.03) (0.245051572284 0.514388487182 -0.03) (0.245595723071 0.515077679628 -0.03) (0.246139873859 0.515766872075 -0.03) (0.246684024646 0.516456064521 -0.03) (0.247228175433 0.517145256968 -0.03) (0.247772326221 0.517834449414 -0.03) (0.248316477008 0.518523641861 -0.03) (0.248860627796 0.519212834307 -0.03) (0.249404778583 0.519902026754 -0.03) (0.249948929371 0.5205912192 -0.03) (0.250493080158 0.521280411647 -0.03) (0.251037230946 0.521969604093 -0.03) (0.251581381733 0.52265879654 -0.03) (0.252125532521 0.523347988986 -0.03) (0.252669683308 0.524037181433 -0.03) (0.253213834096 0.524726373879 -0.03) (0.253757984883 0.525415566326 -0.03) (0.254302135671 0.526104758772 -0.03) (0.254846286458 0.526793951219 -0.03) (0.255390437245 0.527483143665 -0.03) (0.255934588033 0.528172336112 -0.03) (0.25647873882 0.528861528558 -0.03) (0.257022889608 0.529550721005 -0.03))
    polyLine 50 54 ((0.22872704866 0.493712713786 0) (0.229271199447 0.494401906233 0) (0.229815350235 0.49509109868 0) (0.230359501022 0.495780291126 0) (0.23090365181 0.496469483573 0) (0.231447802597 0.497158676019 0) (0.231991953385 0.497847868466 0) (0.232536104172 0.498537060912 0) (0.233080254959 0.499226253359 0) (0.233624405747 0.499915445805 0) (0.234168556534 0.500604638252 0) (0.234712707322 0.501293830698 0) (0.235256858109 0.501983023145 0) (0.235801008897 0.502672215591 0) (0.236345159684 0.503361408038 0) (0.236889310472 0.504050600484 0) (0.237433461259 0.504739792931 0) (0.237977612047 0.505428985377 0) (0.238521762834 0.506118177824 0) (0.239065913622 0.50680737027 0) (0.239610064409 0.507496562717 0) (0.240154215196 0.508185755163 0) (0.240698365984 0.50887494761 0) (0.241242516771 0.509564140056 0) (0.241786667559 0.510253332503 0) (0.242330818346 0.510942524949 0) (0.242874969134 0.511631717396 0) (0.243419119921 0.512320909842 0) (0.243963270709 0.513010102289 0) (0.244507421496 0.513699294735 0) (0.245051572284 0.514388487182 0) (0.245595723071 0.515077679628 0) (0.246139873859 0.515766872075 0) (0.246684024646 0.516456064521 0) (0.247228175433 0.517145256968 0) (0.247772326221 0.517834449414 0) (0.248316477008 0.518523641861 0) (0.248860627796 0.519212834307 0) (0.249404778583 0.519902026754 0) (0.249948929371 0.5205912192 0) (0.250493080158 0.521280411647 0) (0.251037230946 0.521969604093 0) (0.251581381733 0.52265879654 0) (0.252125532521 0.523347988986 0) (0.252669683308 0.524037181433 0) (0.253213834096 0.524726373879 0) (0.253757984883 0.525415566326 0) (0.254302135671 0.526104758772 0) (0.254846286458 0.526793951219 0) (0.255390437245 0.527483143665 0) (0.255934588033 0.528172336112 0) (0.25647873882 0.528861528558 0) (0.257022889608 0.529550721005 0))
    polyLine 49 53 ((0.0774772704202 1.02887200647 -0.03) (0.0794388320444 1.03337060975 -0.03) (0.0814149309951 1.03789924499 -0.03) (0.0834057443745 1.04245828809 -0.03) (0.0854114521986 1.04704812104 -0.03) (0.087432237457 1.05166913201 -0.03) (0.089468286173 1.05632171553 -0.03) (0.0915197874673 1.06100627259 -0.03) (0.0935869336209 1.06572321076 -0.03) (0.0956699201418 1.07047294437 -0.03) (0.0977689458314 1.07525589461 -0.03) (0.0998842128543 1.08007248969 -0.03) (0.102015926808 1.08492316501 -0.03) (0.104164296798 1.08980836327 -0.03) (0.106329535508 1.09472853467 -0.03) (0.10851185928 1.09968413702 -0.03) (0.110711488191 1.10467563595 -0.03) (0.112928646134 1.10970350506 -0.03) (0.115163560899 1.1147682261 -0.03) (0.11741646426 1.11987028911 -0.03) (0.119687592059 1.12501019266 -0.03) (0.121977184297 1.13018844401 -0.03) (0.124285485225 1.13540555928 -0.03))
    polyLine 51 55 ((0.0774772704202 1.02887200647 0) (0.0794388320444 1.03337060975 0) (0.0814149309951 1.03789924499 0) (0.0834057443745 1.04245828809 0) (0.0854114521986 1.04704812104 0) (0.087432237457 1.05166913201 0) (0.089468286173 1.05632171553 0) (0.0915197874673 1.06100627259 0) (0.0935869336209 1.06572321076 0) (0.0956699201418 1.07047294437 0) (0.0977689458314 1.07525589461 0) (0.0998842128543 1.08007248969 0) (0.102015926808 1.08492316501 0) (0.104164296798 1.08980836327 0) (0.106329535508 1.09472853467 0) (0.10851185928 1.09968413702 0) (0.110711488191 1.10467563595 0) (0.112928646134 1.10970350506 0) (0.115163560899 1.1147682261 0) (0.11741646426 1.11987028911 0) (0.119687592059 1.12501019266 0) (0.121977184297 1.13018844401 0) (0.124285485225 1.13540555928 0))
    polyLine 52 56 ((0.257567040395 0.530239913452 -0.03) (0.258111191183 0.530929105898 -0.03) (0.25865534197 0.531618298345 -0.03) (0.259199492758 0.532307490791 -0.03) (0.259743643545 0.532996683238 -0.03) (0.260287794333 0.533685875684 -0.03) (0.26083194512 0.534375068131 -0.03) (0.261376095908 0.535064260577 -0.03) (0.261920246695 0.535753453024 -0.03) (0.262464397482 0.53644264547 -0.03) (0.26300854827 0.537131837917 -0.03) (0.263552699057 0.537821030363 -0.03) (0.264096849845 0.53851022281 -0.03) (0.264641000632 0.539199415256 -0.03) (0.26518515142 0.539888607703 -0.03) (0.265729302207 0.540577800149 -0.03) (0.266273452995 0.541266992596 -0.03) (0.266817603782 0.541956185042 -0.03) (0.26736175457 0.542645377489 -0.03) (0.267905905357 0.543334569935 -0.03) (0.268450056145 0.544023762382 -0.03) (0.268994206932 0.544712954828 -0.03) (0.269538357719 0.545402147275 -0.03) (0.270082508507 0.546091339721 -0.03) (0.270626659294 0.546780532168 -0.03) (0.271170810082 0.547469724614 -0.03) (0.271714960869 0.548158917061 -0.03) (0.272259111657 0.548848109507 -0.03) (0.272803262444 0.549537301954 -0.03) (0.273347413232 0.5502264944 -0.03) (0.273891564019 0.550915686847 -0.03) (0.274435714807 0.551604879293 -0.03) (0.274979865594 0.55229407174 -0.03) (0.275524016382 0.552983264186 -0.03) (0.276068167169 0.553672456633 -0.03) (0.276612317956 0.554361649079 -0.03) (0.277156004914 0.555045125509 -0.03) (0.277704651709 0.555724626968 -0.03) (0.278258229281 0.556400117464 -0.03) (0.278816708307 0.557071561217 -0.03) (0.279380059208 0.557738922664 -0.03) (0.279948252142 0.558402166456 -0.03) (0.280521257015 0.559061257461 -0.03) (0.281099043476 0.55971616077 -0.03) (0.281681580919 0.560366841694 -0.03) (0.282268838491 0.561013265767 -0.03) (0.282860785085 0.56165539875 -0.03) (0.283457389347 0.562293206631 -0.03) (0.284058619676 0.562926655626 -0.03) (0.284664444226 0.563555712183 -0.03) (0.285274830909 0.564180342982 -0.03) (0.285889747393 0.564800514939 -0.03) (0.286509161108 0.565416195203 -0.03))
    polyLine 54 58 ((0.257567040395 0.530239913452 0) (0.258111191183 0.530929105898 0) (0.25865534197 0.531618298345 0) (0.259199492758 0.532307490791 0) (0.259743643545 0.532996683238 0) (0.260287794333 0.533685875684 0) (0.26083194512 0.534375068131 0) (0.261376095908 0.535064260577 0) (0.261920246695 0.535753453024 0) (0.262464397482 0.53644264547 0) (0.26300854827 0.537131837917 0) (0.263552699057 0.537821030363 0) (0.264096849845 0.53851022281 0) (0.264641000632 0.539199415256 0) (0.26518515142 0.539888607703 0) (0.265729302207 0.540577800149 0) (0.266273452995 0.541266992596 0) (0.266817603782 0.541956185042 0) (0.26736175457 0.542645377489 0) (0.267905905357 0.543334569935 0) (0.268450056145 0.544023762382 0) (0.268994206932 0.544712954828 0) (0.269538357719 0.545402147275 0) (0.270082508507 0.546091339721 0) (0.270626659294 0.546780532168 0) (0.271170810082 0.547469724614 0) (0.271714960869 0.548158917061 0) (0.272259111657 0.548848109507 0) (0.272803262444 0.549537301954 0) (0.273347413232 0.5502264944 0) (0.273891564019 0.550915686847 0) (0.274435714807 0.551604879293 0) (0.274979865594 0.55229407174 0) (0.275524016382 0.552983264186 0) (0.276068167169 0.553672456633 0) (0.276612317956 0.554361649079 0) (0.277156004914 0.555045125509 0) (0.277704651709 0.555724626968 0) (0.278258229281 0.556400117464 0) (0.278816708307 0.557071561217 0) (0.279380059208 0.557738922664 0) (0.279948252142 0.558402166456 0) (0.280521257015 0.559061257461 0) (0.281099043476 0.55971616077 0) (0.281681580919 0.560366841694 0) (0.282268838491 0.561013265767 0) (0.282860785085 0.56165539875 0) (0.283457389347 0.562293206631 0) (0.284058619676 0.562926655626 0) (0.284664444226 0.563555712183 0) (0.285274830909 0.564180342982 0) (0.285889747393 0.564800514939 0) (0.286509161108 0.565416195203 0))
    polyLine 53 57 ((0.128753655635 1.14549464962 -0.03) (0.130910767007 1.15036090789 -0.03) (0.133084276465 1.1552612585 -0.03) (0.135274386199 1.16019612833 -0.03) (0.137481301747 1.16516595123 -0.03) (0.139705232067 1.17017116822 -0.03) (0.141946389599 1.17521222759 -0.03) (0.14420499035 1.18028958509 -0.03) (0.146481253957 1.18540370404 -0.03) (0.148775403771 1.19055505555 -0.03) (0.151087666932 1.19574411864 -0.03) (0.153418274451 1.20097138042 -0.03) (0.155767461291 1.20623733626 -0.03) (0.158135466451 1.21154248998 -0.03) (0.160522533055 1.21688735401 -0.03) (0.16292890844 1.2222724496 -0.03) (0.165354844246 1.22769830699 -0.03) (0.167800596511 1.23316546563 -0.03) (0.170266425767 1.23867447433 -0.03) (0.172752597136 1.24422589156 -0.03) (0.175259380438 1.24982028554 -0.03) (0.177787050286 1.25545823458 -0.03) (0.180335886199 1.26114032721 -0.03))
    polyLine 55 59 ((0.128753655635 1.14549464962 0) (0.130910767007 1.15036090789 0) (0.133084276465 1.1552612585 0) (0.135274386199 1.16019612833 0) (0.137481301747 1.16516595123 0) (0.139705232067 1.17017116822 0) (0.141946389599 1.17521222759 0) (0.14420499035 1.18028958509 0) (0.146481253957 1.18540370404 0) (0.148775403771 1.19055505555 0) (0.151087666932 1.19574411864 0) (0.153418274451 1.20097138042 0) (0.155767461291 1.20623733626 0) (0.158135466451 1.21154248998 0) (0.160522533055 1.21688735401 0) (0.16292890844 1.2222724496 0) (0.165354844246 1.22769830699 0) (0.167800596511 1.23316546563 0) (0.170266425767 1.23867447433 0) (0.172752597136 1.24422589156 0) (0.175259380438 1.24982028554 0) (0.177787050286 1.25545823458 0) (0.180335886199 1.26114032721 0))
    polyLine 56 60 ((0.287133039244 0.566027351164 -0.03) (0.287761348757 0.56663395045 -0.03) (0.288394056366 0.567235960931 -0.03) (0.289031128558 0.56783335072 -0.03) (0.289672531589 0.568426088174 -0.03) (0.290318231485 0.569014141898 -0.03) (0.290968194045 0.569597480743 -0.03) (0.291622384842 0.570176073812 -0.03) (0.292280769225 0.570749890457 -0.03) (0.29294331232 0.571318900285 -0.03) (0.293609979035 0.571883073157 -0.03) (0.294280734057 0.57244237919 -0.03) (0.294955541858 0.572996788758 -0.03) (0.295634366695 0.573546272496 -0.03) (0.296317172613 0.574090801299 -0.03) (0.297003923444 0.574630346324 -0.03) (0.297694582812 0.575164878993 -0.03) (0.298389114136 0.575694370993 -0.03) (0.299087480627 0.576218794278 -0.03) (0.299789645295 0.57673812107 -0.03) (0.300495570947 0.577252323862 -0.03) (0.301205220193 0.577761375418 -0.03) (0.301918555443 0.578265248774 -0.03) (0.302635538914 0.578763917241 -0.03) (0.303356132629 0.579257354406 -0.03) (0.304080298419 0.579745534133 -0.03) (0.304807997928 0.580228430564 -0.03) (0.30553919261 0.580706018121 -0.03) (0.306273843736 0.581178271507 -0.03) (0.307011912393 0.581645165708 -0.03) (0.307753359488 0.582106675994 -0.03) (0.308498145747 0.58256277792 -0.03) (0.309246231721 0.583013447326 -0.03) (0.309997577785 0.583458660342 -0.03) (0.310752144142 0.583898393386 -0.03) (0.311509890825 0.584332623167 -0.03) (0.312270777697 0.584761326683 -0.03) (0.313034764457 0.585184481229 -0.03) (0.313801810637 0.585602064389 -0.03) (0.314571875608 0.586014054046 -0.03) (0.315344918583 0.586420428378 -0.03) (0.316120898614 0.58682116586 -0.03) (0.3168997746 0.587216245265 -0.03) (0.317681505285 0.587605645667 -0.03) (0.318466049263 0.587989346441 -0.03) (0.319253364979 0.588367327263 -0.03) (0.32004341073 0.588739568111 -0.03) (0.320836144669 0.58910604927 -0.03) (0.321631524807 0.589466751328 -0.03) (0.322429509014 0.589821655178 -0.03) (0.323230055023 0.590170742023 -0.03) (0.324033120431 0.590513993372 -0.03) (0.324838662701 0.590851391044 -0.03))
    polyLine 58 62 ((0.287133039244 0.566027351164 0) (0.287761348757 0.56663395045 0) (0.288394056366 0.567235960931 0) (0.289031128558 0.56783335072 0) (0.289672531589 0.568426088174 0) (0.290318231485 0.569014141898 0) (0.290968194045 0.569597480743 0) (0.291622384842 0.570176073812 0) (0.292280769225 0.570749890457 0) (0.29294331232 0.571318900285 0) (0.293609979035 0.571883073157 0) (0.294280734057 0.57244237919 0) (0.294955541858 0.572996788758 0) (0.295634366695 0.573546272496 0) (0.296317172613 0.574090801299 0) (0.297003923444 0.574630346324 0) (0.297694582812 0.575164878993 0) (0.298389114136 0.575694370993 0) (0.299087480627 0.576218794278 0) (0.299789645295 0.57673812107 0) (0.300495570947 0.577252323862 0) (0.301205220193 0.577761375418 0) (0.301918555443 0.578265248774 0) (0.302635538914 0.578763917241 0) (0.303356132629 0.579257354406 0) (0.304080298419 0.579745534133 0) (0.304807997928 0.580228430564 0) (0.30553919261 0.580706018121 0) (0.306273843736 0.581178271507 0) (0.307011912393 0.581645165708 0) (0.307753359488 0.582106675994 0) (0.308498145747 0.58256277792 0) (0.309246231721 0.583013447326 0) (0.309997577785 0.583458660342 0) (0.310752144142 0.583898393386 0) (0.311509890825 0.584332623167 0) (0.312270777697 0.584761326683 0) (0.313034764457 0.585184481229 0) (0.313801810637 0.585602064389 0) (0.314571875608 0.586014054046 0) (0.315344918583 0.586420428378 0) (0.316120898614 0.58682116586 0) (0.3168997746 0.587216245265 0) (0.317681505285 0.587605645667 0) (0.318466049263 0.587989346441 0) (0.319253364979 0.588367327263 0) (0.32004341073 0.588739568111 0) (0.320836144669 0.58910604927 0) (0.321631524807 0.589466751328 0) (0.322429509014 0.589821655178 0) (0.323230055023 0.590170742023 0) (0.324033120431 0.590513993372 0) (0.324838662701 0.590851391044 0))
    polyLine 57 61 ((0.185788031822 1.27328458722 -0.03) (0.188697144822 1.27975887391 -0.03) (0.191633925046 1.2862908924 -0.03) (0.19459879423 1.29288153013 -0.03) (0.197592182731 1.29953169259 -0.03) (0.200614529743 1.30624230373 -0.03) (0.203666283527 1.31301430648 -0.03) (0.206747901645 1.31984866321 -0.03) (0.209859851201 1.32674635626 -0.03) (0.21300260909 1.33370838844 -0.03) (0.216176662259 1.3407357836 -0.03) (0.219382507965 1.34782958714 -0.03) (0.222620654059 1.35499086663 -0.03) (0.225891619259 1.36222071238 -0.03) (0.229195933447 1.36952023803 -0.03) (0.232534137971 1.37689058123 -0.03) (0.235906785951 1.38433290423 -0.03) (0.239314442607 1.39184839463 -0.03) (0.242757685584 1.39943826598 -0.03) (0.246237105302 1.40710375859 -0.03) (0.249753305302 1.41484614019 -0.03) (0.253306902619 1.42266670677 -0.03) (0.256898528158 1.4305667833 -0.03))
    polyLine 59 63 ((0.185788031822 1.27328458722 0) (0.188697144822 1.27975887391 0) (0.191633925046 1.2862908924 0) (0.19459879423 1.29288153013 0) (0.197592182731 1.29953169259 0) (0.200614529743 1.30624230373 0) (0.203666283527 1.31301430648 0) (0.206747901645 1.31984866321 0) (0.209859851201 1.32674635626 0) (0.21300260909 1.33370838844 0) (0.216176662259 1.3407357836 0) (0.219382507965 1.34782958714 0) (0.222620654059 1.35499086663 0) (0.225891619259 1.36222071238 0) (0.229195933447 1.36952023803 0) (0.232534137971 1.37689058123 0) (0.235906785951 1.38433290423 0) (0.239314442607 1.39184839463 0) (0.242757685584 1.39943826598 0) (0.246237105302 1.40710375859 0) (0.249753305302 1.41484614019 0) (0.253306902619 1.42266670677 0) (0.256898528158 1.4305667833 0))
    polyLine 60 64 ((0.325646639165 0.591182917167 -0.03) (0.326457007028 0.591508554182 -0.03) (0.327269723364 0.591828284841 -0.03) (0.328084745128 0.592142092207 -0.03) (0.328902029148 0.592449959659 -0.03) (0.329721532135 0.592751870891 -0.03) (0.330543210682 0.59304780991 -0.03) (0.331367021267 0.593337761042 -0.03) (0.332192920253 0.593621708927 -0.03) (0.333020863896 0.593899638527 -0.03) (0.33385080834 0.59417153512 -0.03) (0.334682709626 0.594437384304 -0.03) (0.335516523689 0.594697171998 -0.03) (0.336352206365 0.594950884441 -0.03) (0.337189713388 0.595198508195 -0.03) (0.338029000399 0.595440030144 -0.03) (0.338870022941 0.595675437495 -0.03) (0.339712736469 0.595904717778 -0.03) (0.340557096345 0.59612785885 -0.03) (0.341403057845 0.59634484889 -0.03) (0.342250576161 0.596555676407 -0.03) (0.343099606402 0.596760330232 -0.03) (0.343950103596 0.596958799526 -0.03) (0.344802022695 0.597151073775 -0.03) (0.345655318574 0.597337142797 -0.03) (0.346509946036 0.597516996734 -0.03) (0.347365859813 0.597690626061 -0.03) (0.348223014571 0.597858021581 -0.03) (0.349081364906 0.598019174427 -0.03) (0.349940865354 0.598174076063 -0.03) (0.35080147039 0.598322718286 -0.03) (0.351663134429 0.59846509322 -0.03) (0.35252581183 0.598601193326 -0.03) (0.353389456901 0.598731011393 -0.03) (0.354254023894 0.598854540547 -0.03) (0.355119467016 0.598971774244 -0.03) (0.355985740427 0.599082706274 -0.03) (0.356852798242 0.599187330761 -0.03) (0.357720594535 0.599285642164 -0.03) (0.358589083341 0.599377635276 -0.03) (0.359458218657 0.599463305223 -0.03) (0.360327954448 0.599542647469 -0.03) (0.361198244645 0.59961565781 -0.03) (0.362069043152 0.599682332379 -0.03) (0.362940303844 0.599742667644 -0.03) (0.363811980573 0.599796660411 -0.03) (0.364684027167 0.599844307819 -0.03) (0.365556397437 0.599885607343 -0.03) (0.366429045174 0.599920556798 -0.03) (0.367301924157 0.599949154331 -0.03) (0.368174988151 0.599971398427 -0.03) (0.369048190912 0.599987287909 -0.03) (0.369921486189 0.599996821935 -0.03))
    polyLine 62 66 ((0.325646639165 0.591182917167 0) (0.326457007028 0.591508554182 0) (0.327269723364 0.591828284841 0) (0.328084745128 0.592142092207 0) (0.328902029148 0.592449959659 0) (0.329721532135 0.592751870891 0) (0.330543210682 0.59304780991 0) (0.331367021267 0.593337761042 0) (0.332192920253 0.593621708927 0) (0.333020863896 0.593899638527 0) (0.33385080834 0.59417153512 0) (0.334682709626 0.594437384304 0) (0.335516523689 0.594697171998 0) (0.336352206365 0.594950884441 0) (0.337189713388 0.595198508195 0) (0.338029000399 0.595440030144 0) (0.338870022941 0.595675437495 0) (0.339712736469 0.595904717778 0) (0.340557096345 0.59612785885 0) (0.341403057845 0.59634484889 0) (0.342250576161 0.596555676407 0) (0.343099606402 0.596760330232 0) (0.343950103596 0.596958799526 0) (0.344802022695 0.597151073775 0) (0.345655318574 0.597337142797 0) (0.346509946036 0.597516996734 0) (0.347365859813 0.597690626061 0) (0.348223014571 0.597858021581 0) (0.349081364906 0.598019174427 0) (0.349940865354 0.598174076063 0) (0.35080147039 0.598322718286 0) (0.351663134429 0.59846509322 0) (0.35252581183 0.598601193326 0) (0.353389456901 0.598731011393 0) (0.354254023894 0.598854540547 0) (0.355119467016 0.598971774244 0) (0.355985740427 0.599082706274 0) (0.356852798242 0.599187330761 0) (0.357720594535 0.599285642164 0) (0.358589083341 0.599377635276 0) (0.359458218657 0.599463305223 0) (0.360327954448 0.599542647469 0) (0.361198244645 0.59961565781 0) (0.362069043152 0.599682332379 0) (0.362940303844 0.599742667644 0) (0.363811980573 0.599796660411 0) (0.364684027167 0.599844307819 0) (0.365556397437 0.599885607343 0) (0.366429045174 0.599920556798 0) (0.367301924157 0.599949154331 0) (0.368174988151 0.599971398427 0) (0.369048190912 0.599987287909 0) (0.369921486189 0.599996821935 0))
    polyLine 61 65 ((0.264499357881 1.44727188731 -0.03) (0.268516750917 1.4560940516 -0.03) (0.272581882063 1.46501605631 -0.03) (0.276695649133 1.4740397862 -0.03) (0.280858972577 1.48316717335 -0.03) (0.285072796199 1.49240019871 -0.03) (0.289338087897 1.50174089366 -0.03) (0.293655840437 1.51119134158 -0.03) (0.298027072259 1.52075367958 -0.03) (0.302452828308 1.53043010022 -0.03) (0.306934180902 1.54022285334 -0.03) (0.311472230632 1.55013424791 -0.03) (0.316068107302 1.56016665405 -0.03) (0.320722970898 1.57032250502 -0.03) (0.325438012607 1.58060429934 -0.03) (0.330214455872 1.59101460304 -0.03) (0.335053557483 1.60155605193 -0.03) (0.339956608728 1.61223135396 -0.03) (0.344924936582 1.62304329179 -0.03) (0.349959904941 1.63399472531 -0.03) (0.355062915923 1.64508859438 -0.03) (0.360235411209 1.65632792164 -0.03) (0.365478873448 1.66771581545 -0.03))
    polyLine 63 67 ((0.264499357881 1.44727188731 0) (0.268516750917 1.4560940516 0) (0.272581882063 1.46501605631 0) (0.276695649133 1.4740397862 0) (0.280858972577 1.48316717335 0) (0.285072796199 1.49240019871 0) (0.289338087897 1.50174089366 0) (0.293655840437 1.51119134158 0) (0.298027072259 1.52075367958 0) (0.302452828308 1.53043010022 0) (0.306934180902 1.54022285334 0) (0.311472230632 1.55013424791 0) (0.316068107302 1.56016665405 0) (0.320722970898 1.57032250502 0) (0.325438012607 1.58060429934 0) (0.330214455872 1.59101460304 0) (0.335053557483 1.60155605193 0) (0.339956608728 1.61223135396 0) (0.344924936582 1.62304329179 0) (0.349959904941 1.63399472531 0) (0.355062915923 1.64508859438 0) (0.360235411209 1.65632792164 0) (0.365478873448 1.66771581545 0))
);

boundary
(
    body_fore
    {
        type wall;
        faces
        (
            (0 2 6 4)
            (4 6 10 8)
            (8 10 14 12)
            (12 14 18 16)
            (16 18 22 20)
            (20 22 26 24)
            (24 26 30 28)
            (28 30 34 32)
            (32 34 38 36)
            (36 38 42 40)
            (40 42 46 44)
            (44 46 50 48)
            (48 50 54 52)
            (52 54 58 56)
            (56 58 62 60)
            (60 62 66 64)
        );
    }
    freestream
    {
        type patch;
        faces
        (
            (1 5 7 3)
            (5 9 11 7)
            (9 13 15 11)
            (13 17 19 15)
            (17 21 23 19)
            (21 25 27 23)
            (25 29 31 27)
            (29 33 35 31)
            (33 37 39 35)
            (37 41 43 39)
            (41 45 47 43)
            (45 49 51 47)
            (49 53 55 51)
            (53 57 59 55)
            (57 61 63 59)
            (61 65 67 63)
        );
    }
    outlet
    {
        type patch;
        faces
        (
            (64 66 67 65)
        );
    }
    axis
    {
        type patch;
        faces
        (
            (0 1 3 2)
        );
    }
    front
    {
        type patch;
        faces
        (
            (2 6 7 3)
            (6 10 11 7)
            (10 14 15 11)
            (14 18 19 15)
            (18 22 23 19)
            (22 26 27 23)
            (26 30 31 27)
            (30 34 35 31)
            (34 38 39 35)
            (38 42 43 39)
            (42 46 47 43)
            (46 50 51 47)
            (50 54 55 51)
            (54 58 59 55)
            (58 62 63 59)
            (62 66 67 63)
        );
    }
    back
    {
        type patch;
        faces
        (
            (0 1 5 4)
            (4 5 9 8)
            (8 9 13 12)
            (12 13 17 16)
            (16 17 21 20)
            (20 21 25 24)
            (24 25 29 28)
            (28 29 33 32)
            (32 33 37 36)
            (36 37 41 40)
            (40 41 45 44)
            (44 45 49 48)
            (48 49 53 52)
            (52 53 57 56)
            (56 57 61 60)
            (60 61 65 64)
        );
    }
);
