FoamFile
{
    version     2.0;
    format      ascii;
    class       dictionary;
    object      blockMeshDict;
}
// Generated by aether.cfd - do not edit by hand. Regenerate from the run config.

scale 1;

vertices
(
    (0 0 -0.03)
    (-0.347552668893 7.77745477317e-17 -0.03)
    (0 0 0)
    (-0.347552668893 7.77745477317e-17 0)
    (0.00308926343049 0.0434907659341 -0.03)
    (-0.344220441561 0.096595135848 -0.03)
    (0.00308926343049 0.0434907659341 0)
    (-0.344220441561 0.096595135848 0)
    (0.012294850826 0.0861082098031 -0.03)
    (-0.334049046459 0.194465105505 -0.03)
    (0.012294850826 0.0861082098031 0)
    (-0.334049046459 0.194465105505 0)
    (0.026808094146 0.127246752028 -0.03)
    (-0.316523664814 0.294815095612 -0.03)
    (0.026808094146 0.127246752028 0)
    (-0.316523664814 0.294815095612 0)
    (0.0421548850704 0.168095925746 -0.03)
    (-0.29141373723 0.396614353985 -0.03)
    (0.0421548850704 0.168095925746 0)
    (-0.29141373723 0.396614353985 0)
    (0.0575016759948 0.208945099463 -0.03)
    (-0.259478376288 0.496878998336 -0.03)
    (0.0575016759948 0.208945099463 0)
    (-0.259478376288 0.496878998336 0)
    (0.0728484669193 0.24979427318 -0.03)
    (-0.222147168174 0.59304706981 -0.03)
    (0.0728484669193 0.24979427318 0)
    (-0.222147168174 0.59304706981 0)
    (0.0881952578437 0.290643446897 -0.03)
    (-0.181134549446 0.683354826591 -0.03)
    (0.0881952578437 0.290643446897 0)
    (-0.181134549446 0.683354826591 0)
    (0.103542048768 0.331492620615 -0.03)
    (-0.138093108842 0.766861213435 -0.03)
    (0.103542048768 0.331492620615 0)
    (-0.138093108842 0.766861213435 0)
    (0.118888839693 0.372341794332 -0.03)
    (-0.0944054173173 0.843287667134 -0.03)
    (0.118888839693 0.372341794332 0)
    (-0.0944054173173 0.843287667134 0)
    (0.134235630617 0.413190968049 -0.03)
    (-0.0511148144407 0.912803405723 -0.03)
    (0.134235630617 0.413190968049 0)
    (-0.0511148144407 0.912803405723 0)
    (0.149582421541 0.454040141766 -0.03)
    (-0.00894487501206 0.975836306223 -0.03)
    (0.149582421541 0.454040141766 0)
    (-0.00894487501206 0.975836306223 0)
    (0.164929212466 0.494889315484 -0.03)
    (0.0316425766458 1.0329362597 -0.03)
    (0.164929212466 0.494889315484 0)
    (0.0316425766458 1.0329362597 0)
    (0.181078485257 0.535399645973 -0.03)
    (0.0715645354844 1.08622924052 -0.03)
    (0.181078485257 0.535399645973 0)
    (0.0715645354844 1.08622924052 0)
    (0.207744000021 0.569637517037 -0.03)
    (0.125793423766 1.15476797934 -0.03)
    (0.207744000021 0.569637517037 0)
    (0.125793423766 1.15476797934 0)
    (0.244843371775 0.592152198312 -0.03)
    (0.198116629239 1.24042953682 -0.03)
    (0.244843371775 0.592152198312 0)
    (0.198116629239 1.24042953682 0)
    (0.287524708403 0.6 -0.03)
    (0.287524708403 1.33896777748 -0.03)
    (0.287524708403 0.6 0)
    (0.287524708403 1.33896777748 0)
);

blocks
(
    hex (0 4 5 1 2 6 7 3) (4 48 1) simpleGrading (1 4 1)
    hex (4 8 9 5 6 10 11 7) (4 48 1) simpleGrading (1 4 1)
    hex (8 12 13 9 10 14 15 11) (4 48 1) simpleGrading (1 4 1)
    hex (12 16 17 13 14 18 19 15) (4 48 1) simpleGrading (1 4 1)
    hex (16 20 21 17 18 22 23 19) (4 48 1) simpleGrading (1 4 1)
    hex (20 24 25 21 22 26 27 23) (4 48 1) simpleGrading (1 4 1)
    hex (24 28 29 25 26 30 31 27) (4 48 1) simpleGrading (1 4 1)
    hex (28 32 33 29 30 34 35 31) (4 48 1) simpleGrading (1 4 1)
    hex (32 36 37 33 34 38 39 35) (4 48 1) simpleGrading (1 4 1)
    hex (36 40 41 37 38 42 43 39) (4 48 1) simpleGrading (1 4 1)
    hex (40 44 45 41 42 46 47 43) (4 48 1) simpleGrading (1 4 1)
    hex (44 48 49 45 46 50 51 47) (4 48 1) simpleGrading (1 4 1)
    hex (48 52 53 49 50 54 55 51) (4 48 1) simpleGrading (1 4 1)
    hex (52 56 57 53 54 58 59 55) (4 48 1) simpleGrading (1 4 1)
    hex (56 60 61 57 58 62 63 59) (4 48 1) simpleGrading (1 4 1)
    hex (60 64 65 61 62 66 67 63) (4 48 1) simpleGrading (1 4 1)
);

edges
(
    polyLine 0 4 ((1.29222389119e-06 0.000891736300256 -0.03) (5.16888471054e-06 0.00178346511023 -0.03) (1.16299498954e-05 0.0026751789397 -0.03) (2.06753651751e-05 0.00356687029858 -0.03) (3.23050545711e-05 0.00445853169696 -0.03) (4.65189203979e-05 0.00535015564519 -0.03) (6.33168432641e-05 0.00624173465393 -0.03) (8.26986820727e-05 0.00713326123422 -0.03) (0.000104664274023 0.00802472789754 -0.03) (0.000129213434611 0.00891612715587 -0.03) (0.000156345957633 0.00980745152176 -0.03) (0.000186061615184 0.0106986935084 -0.03) (0.000218360157663 0.0115898456296 -0.03) (0.000253241313774 0.0124809004001 -0.03) (0.000290704790525 0.0133718503353 -0.03) (0.000330750273238 0.0142626879514 -0.03) (0.000373377425543 0.0151534057658 -0.03) (0.000418585889387 0.0160439962968 -0.03) (0.000466375285035 0.0169344520636 -0.03) (0.00051674521107 0.0178247655868 -0.03) (0.000569695244404 0.018714929388 -0.03) (0.000625224940274 0.0196049359902 -0.03) (0.000683333832249 0.0204947779176 -0.03) (0.000744021432235 0.0213844476958 -0.03) (0.000807287230475 0.0222739378519 -0.03) (0.00087313069556 0.0231632409145 -0.03) (0.000941551274426 0.0240523494137 -0.03) (0.00101254839236 0.0249412558814 -0.03) (0.00108612145302 0.025829952851 -0.03) (0.00116226983841 0.0267184328578 -0.03) (0.00124099290891 0.0276066884388 -0.03) (0.00132229000327 0.028494712133 -0.03) (0.00140616043863 0.0293824964813 -0.03) (0.0014926035105 0.0302700340267 -0.03) (0.00158161849279 0.031157317314 -0.03) (0.00167320463781 0.0320443388904 -0.03) (0.00176736117625 0.0329310913053 -0.03) (0.00186408731725 0.0338175671102 -0.03) (0.00196338224833 0.0347037588591 -0.03) (0.00206524513544 0.0355896591081 -0.03) (0.00216967512299 0.0364752604161 -0.03) (0.00227667133378 0.0373605553443 -0.03) (0.00238623286908 0.0382455364566 -0.03) (0.00249835880863 0.0391301963193 -0.03) (0.00261304821059 0.0400145275017 -0.03) (0.00273030011162 0.0408985225756 -0.03) (0.00285011352683 0.0417821741158 -0.03) (0.00297248744985 0.0426654747 -0.03))
    polyLine 2 6 ((1.29222389119e-06 0.000891736300256 0) (5.16888471054e-06 0.00178346511023 0) (1.16299498954e-05 0.0026751789397 0) (2.06753651751e-05 0.00356687029858 0) (3.23050545711e-05 0.00445853169696 0) (4.65189203979e-05 0.00535015564519 0) (6.33168432641e-05 0.00624173465393 0) (8.26986820727e-05 0.00713326123422 0) (0.000104664274023 0.00802472789754 0) (0.000129213434611 0.00891612715587 0) (0.000156345957633 0.00980745152176 0) (0.000186061615184 0.0106986935084 0) (0.000218360157663 0.0115898456296 0) (0.000253241313774 0.0124809004001 0) (0.000290704790525 0.0133718503353 0) (0.000330750273238 0.0142626879514 0) (0.000373377425543 0.0151534057658 0) (0.000418585889387 0.0160439962968 0) (0.000466375285035 0.0169344520636 0) (0.00051674521107 0.0178247655868 0) (0.000569695244404 0.018714929388 0) (0.000625224940274 0.0196049359902 0) (0.000683333832249 0.0204947779176 0) (0.000744021432235 0.0213844476958 0) (0.000807287230475 0.0222739378519 0) (0.00087313069556 0.0231632409145 0) (0.000941551274426 0.0240523494137 0) (0.00101254839236 0.0249412558814 0) (0.00108612145302 0.025829952851 0) (0.00116226983841 0.0267184328578 0) (0.00124099290891 0.0276066884388 0) (0.00132229000327 0.028494712133 0) (0.00140616043863 0.0293824964813 0) (0.0014926035105 0.0302700340267 0) (0.00158161849279 0.031157317314 0) (0.00167320463781 0.0320443388904 0) (0.00176736117625 0.0329310913053 0) (0.00186408731725 0.0338175671102 0) (0.00196338224833 0.0347037588591 0) (0.00206524513544 0.0355896591081 0) (0.00216967512299 0.0364752604161 0) (0.00227667133378 0.0373605553443 0) (0.00238623286908 0.0382455364566 0) (0.00249835880863 0.0391301963193 0) (0.00261304821059 0.0400145275017 0) (0.00273030011162 0.0408985225756 0) (0.00285011352683 0.0417821741158 0) (0.00297248744985 0.0426654747 0))
    polyLine 1 5 ((-0.347546911808 0.00401494807133 -0.03) (-0.347529639968 0.00802999870063 -0.03) (-0.347500851625 0.0120452544535 -0.03) (-0.347460543863 0.0160608179105 -0.03) (-0.347408712598 0.0200767916751 -0.03) (-0.347345352581 0.024093278381 -0.03) (-0.34727045739 0.0281103806997 -0.03) (-0.347184019438 0.0321282013481 -0.03) (-0.347086029963 0.0361468430963 -0.03) (-0.346976479033 0.0401664087748 -0.03) (-0.34685535554 0.0441870012825 -0.03) (-0.346722647201 0.0482087235942 -0.03) (-0.346578340554 0.0522316787682 -0.03) (-0.346422420957 0.0562559699536 -0.03) (-0.346254872584 0.0602817003988 -0.03) (-0.346075678423 0.0643089734583 -0.03) (-0.345884820275 0.0683378926009 -0.03) (-0.345682278747 0.0723685614173 -0.03) (-0.345468033251 0.0764010836277 -0.03) (-0.345242062002 0.0804355630897 -0.03) (-0.345004342009 0.0844721038059 -0.03) (-0.344754849078 0.0885108099321 -0.03) (-0.344493557803 0.0925517857845 -0.03))
    polyLine 3 7 ((-0.347546911808 0.00401494807133 0) (-0.347529639968 0.00802999870063 0) (-0.347500851625 0.0120452544535 0) (-0.347460543863 0.0160608179105 0) (-0.347408712598 0.0200767916751 0) (-0.347345352581 0.024093278381 0) (-0.34727045739 0.0281103806997 0) (-0.347184019438 0.0321282013481 0) (-0.347086029963 0.0361468430963 0) (-0.346976479033 0.0401664087748 0) (-0.34685535554 0.0441870012825 0) (-0.346722647201 0.0482087235942 0) (-0.346578340554 0.0522316787682 0) (-0.346422420957 0.0562559699536 0) (-0.346254872584 0.0602817003988 0) (-0.346075678423 0.0643089734583 0) (-0.345884820275 0.0683378926009 0) (-0.345682278747 0.0723685614173 0) (-0.345468033251 0.0764010836277 0) (-0.345242062002 0.0804355630897 0) (-0.345004342009 0.0844721038059 0) (-0.344754849078 0.0885108099321 0) (-0.344493557803 0.0925517857845 0))
    polyLine 4 8 ((0.00309742085276 0.0435484169087 -0.03) (0.00322491268617 0.0444309933255 -0.03) (0.00335496187919 0.045313196537 -0.03) (0.00348756733945 0.0461950191331 -0.03) (0.00362272795312 0.0470764537067 -0.03) (0.00376044258488 0.0479574928541 -0.03) (0.00390071007799 0.0488381291748 -0.03) (0.00404352925424 0.0497183552719 -0.03) (0.004188898914 0.0505981637516 -0.03) (0.00433681783621 0.051477547224 -0.03) (0.00448728477841 0.0523564983025 -0.03) (0.00464029847673 0.0532350096041 -0.03) (0.0047958576459 0.0541130737498 -0.03) (0.00495396097927 0.0549906833641 -0.03) (0.00511460714884 0.0558678310752 -0.03) (0.00527779480523 0.0567445095156 -0.03) (0.00544352257772 0.0576207113214 -0.03) (0.00561178907425 0.0584964291328 -0.03) (0.00578259288144 0.0593716555941 -0.03) (0.00595593256459 0.0602463833536 -0.03) (0.00613180666772 0.061120605064 -0.03) (0.00631021371354 0.061994313382 -0.03) (0.00649115220349 0.0628675009689 -0.03) (0.00667462061775 0.0637401604901 -0.03) (0.00686061741525 0.0646122846157 -0.03) (0.00704914103368 0.06548386602 -0.03) (0.00724018988949 0.0663548973821 -0.03) (0.00743376237796 0.0672253713856 -0.03) (0.00762985687312 0.0680952807188 -0.03) (0.00782847172787 0.0689646180747 -0.03) (0.00802960527389 0.0698333761514 -0.03) (0.00823325582174 0.0707015476514 -0.03) (0.00843942166083 0.0715691252824 -0.03) (0.00864810105942 0.0724361017571 -0.03) (0.00885929226468 0.0733024697931 -0.03) (0.00907299350268 0.0741682221133 -0.03) (0.00928920297839 0.0750333514456 -0.03) (0.00950791887574 0.0758978505233 -0.03) (0.00972913935759 0.0767617120848 -0.03) (0.00995286256575 0.077624928874 -0.03) (0.010179086621 0.0784874936402 -0.03) (0.0104078096232 0.079349399138 -0.03) (0.0106390296511 0.080210638128 -0.03) (0.0108727447626 0.0810712033757 -0.03) (0.0111089529945 0.081931087653 -0.03) (0.0113476523627 0.0827902837369 -0.03) (0.0115888408623 0.0836487844106 -0.03) (0.0118325164674 0.0845065824629 -0.03) (0.0120786771311 0.0853636706886 -0.03))
    polyLine 6 10 ((0.00309742085276 0.0435484169087 0) (0.00322491268617 0.0444309933255 0) (0.00335496187919 0.045313196537 0) (0.00348756733945 0.0461950191331 0) (0.00362272795312 0.0470764537067 0) (0.00376044258488 0.0479574928541 0) (0.00390071007799 0.0488381291748 0) (0.00404352925424 0.0497183552719 0) (0.004188898914 0.0505981637516 0) (0.00433681783621 0.051477547224 0) (0.00448728477841 0.0523564983025 0) (0.00464029847673 0.0532350096041 0) (0.0047958576459 0.0541130737498 0) (0.00495396097927 0.0549906833641 0) (0.00511460714884 0.0558678310752 0) (0.00527779480523 0.0567445095156 0) (0.00544352257772 0.0576207113214 0) (0.00561178907425 0.0584964291328 0) (0.00578259288144 0.0593716555941 0) (0.00595593256459 0.0602463833536 0) (0.00613180666772 0.061120605064 0) (0.00631021371354 0.061994313382 0) (0.00649115220349 0.0628675009689 0) (0.00667462061775 0.0637401604901 0) (0.00686061741525 0.0646122846157 0) (0.00704914103368 0.06548386602 0) (0.00724018988949 0.0663548973821 0) (0.00743376237796 0.0672253713856 0) (0.00762985687312 0.0680952807188 0) (0.00782847172787 0.0689646180747 0) (0.00802960527389 0.0698333761514 0) (0.00823325582174 0.0707015476514 0) (0.00843942166083 0.0715691252824 0) (0.00864810105942 0.0724361017571 0) (0.00885929226468 0.0733024697931 0) (0.00907299350268 0.0741682221133 0) (0.00928920297839 0.0750333514456 0) (0.00950791887574 0.0758978505233 0) (0.00972913935759 0.0767617120848 0) (0.00995286256575 0.077624928874 0) (0.010179086621 0.0784874936402 0) (0.0104078096232 0.079349399138 0) (0.0106390296511 0.080210638128 0) (0.0108727447626 0.0810712033757 0) (0.0111089529945 0.081931087653 0) (0.0113476523627 0.0827902837369 0) (0.0115888408623 0.0836487844106 0) (0.0118325164674 0.0845065824629 0) (0.0120786771311 0.0853636706886 0))
    polyLine 5 9 ((-0.343935935975 0.100634516831 -0.03) (-0.343639586395 0.104676473138 -0.03) (-0.343331362671 0.108721109307 -0.03) (-0.34301123343 0.112768530072 -0.03) (-0.342679166064 0.116818840376 -0.03) (-0.342335126728 0.120872145374 -0.03) (-0.341979080331 0.124928550446 -0.03) (-0.341610990536 0.128988161202 -0.03) (-0.341230819745 0.133051083493 -0.03) (-0.340838529101 0.137117423413 -0.03) (-0.340434078474 0.141187287313 -0.03) (-0.34001742646 0.145260781809 -0.03) (-0.339588530369 0.149338013786 -0.03) (-0.339147346221 0.15341909041 -0.03) (-0.338693828737 0.157504119135 -0.03) (-0.33822793133 0.16159320771 -0.03) (-0.337749606099 0.165686464192 -0.03) (-0.337258803817 0.169783996948 -0.03) (-0.336755473929 0.173885914668 -0.03) (-0.336239564534 0.177992326374 -0.03) (-0.335711022384 0.182103341424 -0.03) (-0.33516979287 0.186219069526 -0.03) (-0.334615820015 0.190339620743 -0.03))
    polyLine 7 11 ((-0.343935935975 0.100634516831 0) (-0.343639586395 0.104676473138 0) (-0.343331362671 0.108721109307 0) (-0.34301123343 0.112768530072 0) (-0.342679166064 0.116818840376 0) (-0.342335126728 0.120872145374 0) (-0.341979080331 0.124928550446 0) (-0.341610990536 0.128988161202 0) (-0.341230819745 0.133051083493 0) (-0.340838529101 0.137117423413 0) (-0.340434078474 0.141187287313 0) (-0.34001742646 0.145260781809 0) (-0.339588530369 0.149338013786 0) (-0.339147346221 0.15341909041 0) (-0.338693828737 0.157504119135 0) (-0.33822793133 0.16159320771 0) (-0.337749606099 0.165686464192 0) (-0.337258803817 0.169783996948 0) (-0.336755473929 0.173885914668 0) (-0.336239564534 0.177992326374 0) (-0.335711022384 0.182103341424 0) (-0.33516979287 0.186219069526 0) (-0.334615820015 0.190339620743 0))
    polyLine 8 12 ((0.0123273207858 0.0862200418885 -0.03) (0.012578445343 0.0870756888693 -0.03) (0.0128320486933 0.087930604444 -0.03) (0.0130881287065 0.0887847814314 -0.03) (0.0133466832317 0.0896382126568 -0.03) (0.013607710097 0.0904908909518 -0.03) (0.01387120711 0.0913428091539 -0.03) (0.0141371720574 0.0921939601075 -0.03) (0.0144056027051 0.0930443366632 -0.03) (0.0146764967984 0.093893931678 -0.03) (0.0149498520619 0.0947427380157 -0.03) (0.0152256661995 0.0955907485466 -0.03) (0.0155039368945 0.0964379561477 -0.03) (0.0157846618094 0.0972843537028 -0.03) (0.0160678385864 0.0981299341023 -0.03) (0.0163534648467 0.0989746902437 -0.03) (0.0166415381913 0.0998186150313 -0.03) (0.0169320562003 0.100661701377 -0.03) (0.0172250164337 0.101503942198 -0.03) (0.0175204164305 0.10234533042 -0.03) (0.0178182537096 0.103185858977 -0.03) (0.0181185257692 0.104025520807 -0.03) (0.0184212300871 0.104864308858 -0.03) (0.0187263641207 0.105702216085 -0.03) (0.019033925307 0.106539235449 -0.03) (0.0193439110626 0.107375359919 -0.03) (0.0196563187837 0.108210582474 -0.03) (0.0199718046681 0.109050324004 -0.03) (0.0202872905524 0.109890065534 -0.03) (0.0206027764368 0.110729807064 -0.03) (0.0209182623212 0.111569548595 -0.03) (0.0212337482056 0.112409290125 -0.03) (0.02154923409 0.113249031655 -0.03) (0.0218647199743 0.114088773186 -0.03) (0.0221802058587 0.114928514716 -0.03) (0.0224956917431 0.115768256246 -0.03) (0.0228111776275 0.116607997777 -0.03) (0.0231266635119 0.117447739307 -0.03) (0.0234421493962 0.118287480837 -0.03) (0.0237576352806 0.119127222368 -0.03) (0.024073121165 0.119966963898 -0.03) (0.0243886070494 0.120806705428 -0.03) (0.0247040929338 0.121646446959 -0.03) (0.0250195788181 0.122486188489 -0.03) (0.0253350647025 0.123325930019 -0.03) (0.0256505505869 0.12416567155 -0.03) (0.0259660364713 0.12500541308 -0.03) (0.0262815223557 0.12584515461 -0.03) (0.02659700824 0.126684896141 -0.03))
    polyLine 10 14 ((0.0123273207858 0.0862200418885 0) (0.012578445343 0.0870756888693 0) (0.0128320486933 0.087930604444 0) (0.0130881287065 0.0887847814314 0) (0.0133466832317 0.0896382126568 0) (0.013607710097 0.0904908909518 0) (0.01387120711 0.0913428091539 0) (0.0141371720574 0.0921939601075 0) (0.0144056027051 0.0930443366632 0) (0.0146764967984 0.093893931678 0) (0.0149498520619 0.0947427380157 0) (0.0152256661995 0.0955907485466 0) (0.0155039368945 0.0964379561477 0) (0.0157846618094 0.0972843537028 0) (0.0160678385864 0.0981299341023 0) (0.0163534648467 0.0989746902437 0) (0.0166415381913 0.0998186150313 0) (0.0169320562003 0.100661701377 0) (0.0172250164337 0.101503942198 0) (0.0175204164305 0.10234533042 0) (0.0178182537096 0.103185858977 0) (0.0181185257692 0.104025520807 0) (0.0184212300871 0.104864308858 0) (0.0187263641207 0.105702216085 0) (0.019033925307 0.106539235449 0) (0.0193439110626 0.107375359919 0) (0.0196563187837 0.108210582474 0) (0.0199718046681 0.109050324004 0) (0.0202872905524 0.109890065534 0) (0.0206027764368 0.110729807064 0) (0.0209182623212 0.111569548595 0) (0.0212337482056 0.112409290125 0) (0.02154923409 0.113249031655 0) (0.0218647199743 0.114088773186 0) (0.0221802058587 0.114928514716 0) (0.0224956917431 0.115768256246 0) (0.0228111776275 0.116607997777 0) (0.0231266635119 0.117447739307 0) (0.0234421493962 0.118287480837 0) (0.0237576352806 0.119127222368 0) (0.024073121165 0.119966963898 0) (0.0243886070494 0.120806705428 0) (0.0247040929338 0.121646446959 0) (0.0250195788181 0.122486188489 0) (0.0253350647025 0.123325930019 0) (0.0256505505869 0.12416567155 0) (0.0259660364713 0.12500541308 0) (0.0262815223557 0.12584515461 0) (0.02659700824 0.126684896141 0))
    polyLine 9 13 ((-0.333471900767 0.198578093192 -0.03) (-0.33288194517 0.202696192275 -0.03) (-0.332279118902 0.206819512912 -0.03) (-0.331663359795 0.210948165659 -0.03) (-0.331034604276 0.215082261472 -0.03) (-0.330392787351 0.219221911722 -0.03) (-0.329737842593 0.223367228198 -0.03) (-0.329069702133 0.227518323122 -0.03) (-0.328388296647 0.231675309154 -0.03) (-0.327693555343 0.235838299401 -0.03) (-0.326985405947 0.24000740743 -0.03) (-0.326263774694 0.244182747276 -0.03) (-0.32552858631 0.24836443345 -0.03) (-0.324779764002 0.252552580947 -0.03) (-0.324017229442 0.256747305263 -0.03) (-0.323240902755 0.260948722396 -0.03) (-0.322450702501 0.26515694886 -0.03) (-0.321646545665 0.269372101698 -0.03) (-0.320828347636 0.273594298485 -0.03) (-0.319996022198 0.277823657343 -0.03) (-0.319149481508 0.282060296951 -0.03) (-0.318288636085 0.286304336553 -0.03) (-0.317413394791 0.290555895971 -0.03))
    polyLine 11 15 ((-0.333471900767 0.198578093192 0) (-0.33288194517 0.202696192275 0) (-0.332279118902 0.206819512912 0) (-0.331663359795 0.210948165659 0) (-0.331034604276 0.215082261472 0) (-0.330392787351 0.219221911722 0) (-0.329737842593 0.223367228198 0) (-0.329069702133 0.227518323122 0) (-0.328388296647 0.231675309154 0) (-0.327693555343 0.235838299401 0) (-0.326985405947 0.24000740743 0) (-0.326263774694 0.244182747276 0) (-0.32552858631 0.24836443345 0) (-0.324779764002 0.252552580947 0) (-0.324017229442 0.256747305263 0) (-0.323240902755 0.260948722396 0) (-0.322450702501 0.26515694886 0) (-0.321646545665 0.269372101698 0) (-0.320828347636 0.273594298485 0) (-0.319996022198 0.277823657343 0) (-0.319149481508 0.282060296951 0) (-0.318288636085 0.286304336553 0) (-0.317413394791 0.290555895971 0))
    polyLine 12 16 ((0.0269124941244 0.127524637671 -0.03) (0.0272279800088 0.128364379201 -0.03) (0.0275434658932 0.129204120732 -0.03) (0.0278589517776 0.130043862262 -0.03) (0.0281744376619 0.130883603792 -0.03) (0.0284899235463 0.131723345323 -0.03) (0.0288054094307 0.132563086853 -0.03) (0.0291208953151 0.133402828383 -0.03) (0.0294363811995 0.134242569913 -0.03) (0.0297518670838 0.135082311444 -0.03) (0.0300673529682 0.135922052974 -0.03) (0.0303828388526 0.136761794504 -0.03) (0.030698324737 0.137601536035 -0.03) (0.0310138106214 0.138441277565 -0.03) (0.0313292965057 0.139281019095 -0.03) (0.0316447823901 0.140120760626 -0.03) (0.0319602682745 0.140960502156 -0.03) (0.0322757541589 0.141800243686 -0.03) (0.0325912400433 0.142639985217 -0.03) (0.0329067259276 0.143479726747 -0.03) (0.033222211812 0.144319468277 -0.03) (0.0335376976964 0.145159209808 -0.03) (0.0338531835808 0.145998951338 -0.03) (0.0341686694652 0.146838692868 -0.03) (0.0344841553496 0.147678434399 -0.03) (0.0347996412339 0.148518175929 -0.03) (0.0351151271183 0.149357917459 -0.03) (0.0354306130027 0.15019765899 -0.03) (0.0357460988871 0.15103740052 -0.03) (0.0360615847715 0.15187714205 -0.03) (0.0363770706558 0.152716883581 -0.03) (0.0366925565402 0.153556625111 -0.03) (0.0370080424246 0.154396366641 -0.03) (0.037323528309 0.155236108171 -0.03) (0.0376390141934 0.156075849702 -0.03) (0.0379545000777 0.156915591232 -0.03) (0.0382699859621 0.157755332762 -0.03) (0.0385854718465 0.158595074293 -0.03) (0.0389009577309 0.159434815823 -0.03) (0.0392164436153 0.160274557353 -0.03) (0.0395319294996 0.161114298884 -0.03) (0.039847415384 0.161954040414 -0.03) (0.0401629012684 0.162793781944 -0.03) (0.0404783871528 0.163633523475 -0.03) (0.0407938730372 0.164473265005 -0.03) (0.0411093589215 0.165313006535 -0.03) (0.0414248448059 0.166152748066 -0.03) (0.0417403306903 0.166992489596 -0.03) (0.0420558165747 0.167832231126 -0.03))
    polyLine 14 18 ((0.0269124941244 0.127524637671 0) (0.0272279800088 0.128364379201 0) (0.0275434658932 0.129204120732 0) (0.0278589517776 0.130043862262 0) (0.0281744376619 0.130883603792 0) (0.0284899235463 0.131723345323 0) (0.0288054094307 0.132563086853 0) (0.0291208953151 0.133402828383 0) (0.0294363811995 0.134242569913 0) (0.0297518670838 0.135082311444 0) (0.0300673529682 0.135922052974 0) (0.0303828388526 0.136761794504 0) (0.030698324737 0.137601536035 0) (0.0310138106214 0.138441277565 0) (0.0313292965057 0.139281019095 0) (0.0316447823901 0.140120760626 0) (0.0319602682745 0.140960502156 0) (0.0322757541589 0.141800243686 0) (0.0325912400433 0.142639985217 0) (0.0329067259276 0.143479726747 0) (0.033222211812 0.144319468277 0) (0.0335376976964 0.145159209808 0) (0.0338531835808 0.145998951338 0) (0.0341686694652 0.146838692868 0) (0.0344841553496 0.147678434399 0) (0.0347996412339 0.148518175929 0) (0.0351151271183 0.149357917459 0) (0.0354306130027 0.15019765899 0) (0.0357460988871 0.15103740052 0) (0.0360615847715 0.15187714205 0) (0.0363770706558 0.152716883581 0) (0.0366925565402 0.153556625111 0) (0.0370080424246 0.154396366641 0) (0.037323528309 0.155236108171 0) (0.0376390141934 0.156075849702 0) (0.0379545000777 0.156915591232 0) (0.0382699859621 0.157755332762 0) (0.0385854718465 0.158595074293 0) (0.0389009577309 0.159434815823 0) (0.0392164436153 0.160274557353 0) (0.0395319294996 0.161114298884 0) (0.039847415384 0.161954040414 0) (0.0401629012684 0.162793781944 0) (0.0404783871528 0.163633523475 0) (0.0407938730372 0.164473265005 0) (0.0411093589215 0.165313006535 0) (0.0414248448059 0.166152748066 0) (0.0417403306903 0.166992489596 0) (0.0420558165747 0.167832231126 0))
    polyLine 13 17 ((-0.315645092411 0.298961440575 -0.03) (-0.314752660656 0.303115226159 -0.03) (-0.313846279744 0.307276564508 -0.03) (-0.31292585832 0.311445568327 -0.03) (-0.311991303453 0.315622350893 -0.03) (-0.311042520628 0.319807026061 -0.03) (-0.310079413728 0.323999708281 -0.03) (-0.309101885012 0.3282005126 -0.03) (-0.308109835101 0.332409554678 -0.03) (-0.307103162963 0.336626950794 -0.03) (-0.30608176589 0.340852817859 -0.03) (-0.30504553948 0.345087273425 -0.03) (-0.303994377622 0.349330435695 -0.03) (-0.302928172474 0.353582423535 -0.03) (-0.301846814443 0.357843356483 -0.03) (-0.300750192169 0.362113354762 -0.03) (-0.299638192497 0.366392539289 -0.03) (-0.298510700466 0.370681031686 -0.03) (-0.297367599281 0.374978954293 -0.03) (-0.296208770292 0.379286430178 -0.03) (-0.295034092976 0.383603583148 -0.03) (-0.293843444912 0.387930537762 -0.03) (-0.292636701758 0.392267419342 -0.03))
    polyLine 15 19 ((-0.315645092411 0.298961440575 0) (-0.314752660656 0.303115226159 0) (-0.313846279744 0.307276564508 0) (-0.31292585832 0.311445568327 0) (-0.311991303453 0.315622350893 0) (-0.311042520628 0.319807026061 0) (-0.310079413728 0.323999708281 0) (-0.309101885012 0.3282005126 0) (-0.308109835101 0.332409554678 0) (-0.307103162963 0.336626950794 0) (-0.30608176589 0.340852817859 0) (-0.30504553948 0.345087273425 0) (-0.303994377622 0.349330435695 0) (-0.302928172474 0.353582423535 0) (-0.301846814443 0.357843356483 0) (-0.300750192169 0.362113354762 0) (-0.299638192497 0.366392539289 0) (-0.298510700466 0.370681031686 0) (-0.297367599281 0.374978954293 0) (-0.296208770292 0.379286430178 0) (-0.295034092976 0.383603583148 0) (-0.293843444912 0.387930537762 0) (-0.292636701758 0.392267419342 0))
    polyLine 16 20 ((0.0423713024591 0.168671972657 -0.03) (0.0426867883434 0.169511714187 -0.03) (0.0430022742278 0.170351455717 -0.03) (0.0433177601122 0.171191197248 -0.03) (0.0436332459966 0.172030938778 -0.03) (0.043948731881 0.172870680308 -0.03) (0.0442642177653 0.173710421839 -0.03) (0.0445797036497 0.174550163369 -0.03) (0.0448951895341 0.175389904899 -0.03) (0.0452106754185 0.17622964643 -0.03) (0.0455261613029 0.17706938796 -0.03) (0.0458416471872 0.17790912949 -0.03) (0.0461571330716 0.17874887102 -0.03) (0.046472618956 0.179588612551 -0.03) (0.0467881048404 0.180428354081 -0.03) (0.0471035907248 0.181268095611 -0.03) (0.0474190766091 0.182107837142 -0.03) (0.0477345624935 0.182947578672 -0.03) (0.0480500483779 0.183787320202 -0.03) (0.0483655342623 0.184627061733 -0.03) (0.0486810201467 0.185466803263 -0.03) (0.048996506031 0.186306544793 -0.03) (0.0493119919154 0.187146286324 -0.03) (0.0496274777998 0.187986027854 -0.03) (0.0499429636842 0.188825769384 -0.03) (0.0502584495686 0.189665510915 -0.03) (0.0505739354529 0.190505252445 -0.03) (0.0508894213373 0.191344993975 -0.03) (0.0512049072217 0.192184735506 -0.03) (0.0515203931061 0.193024477036 -0.03) (0.0518358789905 0.193864218566 -0.03) (0.0521513648748 0.194703960097 -0.03) (0.0524668507592 0.195543701627 -0.03) (0.0527823366436 0.196383443157 -0.03) (0.053097822528 0.197223184688 -0.03) (0.0534133084124 0.198062926218 -0.03) (0.0537287942967 0.198902667748 -0.03) (0.0540442801811 0.199742409278 -0.03) (0.0543597660655 0.200582150809 -0.03) (0.0546752519499 0.201421892339 -0.03) (0.0549907378343 0.202261633869 -0.03) (0.0553062237186 0.2031013754 -0.03) (0.055621709603 0.20394111693 -0.03) (0.0559371954874 0.20478085846 -0.03) (0.0562526813718 0.205620599991 -0.03) (0.0565681672562 0.206460341521 -0.03) (0.0568836531405 0.207300083051 -0.03) (0.0571991390249 0.208139824582 -0.03))
    polyLine 18 22 ((0.0423713024591 0.168671972657 0) (0.0426867883434 0.169511714187 0) (0.0430022742278 0.170351455717 0) (0.0433177601122 0.171191197248 0) (0.0436332459966 0.172030938778 0) (0.043948731881 0.172870680308 0) (0.0442642177653 0.173710421839 0) (0.0445797036497 0.174550163369 0) (0.0448951895341 0.175389904899 0) (0.0452106754185 0.17622964643 0) (0.0455261613029 0.17706938796 0) (0.0458416471872 0.17790912949 0) (0.0461571330716 0.17874887102 0) (0.046472618956 0.179588612551 0) (0.0467881048404 0.180428354081 0) (0.0471035907248 0.181268095611 0) (0.0474190766091 0.182107837142 0) (0.0477345624935 0.182947578672 0) (0.0480500483779 0.183787320202 0) (0.0483655342623 0.184627061733 0) (0.0486810201467 0.185466803263 0) (0.048996506031 0.186306544793 0) (0.0493119919154 0.187146286324 0) (0.0496274777998 0.187986027854 0) (0.0499429636842 0.188825769384 0) (0.0502584495686 0.189665510915 0) (0.0505739354529 0.190505252445 0) (0.0508894213373 0.191344993975 0) (0.0512049072217 0.192184735506 0) (0.0515203931061 0.193024477036 0) (0.0518358789905 0.193864218566 0) (0.0521513648748 0.194703960097 0) (0.0524668507592 0.195543701627 0) (0.0527823366436 0.196383443157 0) (0.053097822528 0.197223184688 0) (0.0534133084124 0.198062926218 0) (0.0537287942967 0.198902667748 0) (0.0540442801811 0.199742409278 0) (0.0543597660655 0.200582150809 0) (0.0546752519499 0.201421892339 0) (0.0549907378343 0.202261633869 0) (0.0553062237186 0.2031013754 0) (0.055621709603 0.20394111693 0) (0.0559371954874 0.20478085846 0) (0.0562526813718 0.205620599991 0) (0.0565681672562 0.206460341521 0) (0.0568836531405 0.207300083051 0) (0.0571991390249 0.208139824582 0))
    polyLine 17 21 ((-0.290257798118 0.400679825236 -0.03) (-0.289087516857 0.404754264365 -0.03) (-0.28790278615 0.408837775711 -0.03) (-0.286703497153 0.412930464235 -0.03) (-0.285489539462 0.417032435531 -0.03) (-0.284260801091 0.421143795835 -0.03) (-0.283017168455 0.425264652032 -0.03) (-0.28175852635 0.429395111669 -0.03) (-0.280484757937 0.433535282959 -0.03) (-0.279195744719 0.437685274798 -0.03) (-0.27789136652 0.441845196766 -0.03) (-0.276571501472 0.446015159143 -0.03) (-0.275236025984 0.450195272918 -0.03) (-0.273884814731 0.454385649796 -0.03) (-0.272517740625 0.458586402209 -0.03) (-0.271134674798 0.462797643331 -0.03) (-0.269735486579 0.467019487082 -0.03) (-0.268320043469 0.471252048139 -0.03) (-0.266888211121 0.475495441954 -0.03) (-0.265439853317 0.479749784754 -0.03) (-0.263974831941 0.484015193561 -0.03) (-0.262493006958 0.488291786198 -0.03) (-0.26099423639 0.492579681303 -0.03))
    polyLine 19 23 ((-0.290257798118 0.400679825236 0) (-0.289087516857 0.404754264365 0) (-0.28790278615 0.408837775711 0) (-0.286703497153 0.412930464235 0) (-0.285489539462 0.417032435531 0) (-0.284260801091 0.421143795835 0) (-0.283017168455 0.425264652032 0) (-0.28175852635 0.429395111669 0) (-0.280484757937 0.433535282959 0) (-0.279195744719 0.437685274798 0) (-0.27789136652 0.441845196766 0) (-0.276571501472 0.446015159143 0) (-0.275236025984 0.450195272918 0) (-0.273884814731 0.454385649796 0) (-0.272517740625 0.458586402209 0) (-0.271134674798 0.462797643331 0) (-0.269735486579 0.467019487082 0) (-0.268320043469 0.471252048139 0) (-0.266888211121 0.475495441954 0) (-0.265439853317 0.479749784754 0) (-0.263974831941 0.484015193561 0) (-0.262493006958 0.488291786198 0) (-0.26099423639 0.492579681303 0))
    polyLine 20 24 ((0.0575146249093 0.208979566112 -0.03) (0.0578301107937 0.209819307642 -0.03) (0.0581455966781 0.210659049173 -0.03) (0.0584610825624 0.211498790703 -0.03) (0.0587765684468 0.212338532233 -0.03) (0.0590920543312 0.213178273764 -0.03) (0.0594075402156 0.214018015294 -0.03) (0.0597230261 0.214857756824 -0.03) (0.0600385119843 0.215697498355 -0.03) (0.0603539978687 0.216537239885 -0.03) (0.0606694837531 0.217376981415 -0.03) (0.0609849696375 0.218216722946 -0.03) (0.0613004555219 0.219056464476 -0.03) (0.0616159414063 0.219896206006 -0.03) (0.0619314272906 0.220735947537 -0.03) (0.062246913175 0.221575689067 -0.03) (0.0625623990594 0.222415430597 -0.03) (0.0628778849438 0.223255172127 -0.03) (0.0631933708282 0.224094913658 -0.03) (0.0635088567125 0.224934655188 -0.03) (0.0638243425969 0.225774396718 -0.03) (0.0641398284813 0.226614138249 -0.03) (0.0644553143657 0.227453879779 -0.03) (0.0647708002501 0.228293621309 -0.03) (0.0650862861344 0.22913336284 -0.03) (0.0654017720188 0.22997310437 -0.03) (0.0657172579032 0.2308128459 -0.03) (0.0660327437876 0.231652587431 -0.03) (0.066348229672 0.232492328961 -0.03) (0.0666637155563 0.233332070491 -0.03) (0.0669792014407 0.234171812022 -0.03) (0.0672946873251 0.235011553552 -0.03) (0.0676101732095 0.235851295082 -0.03) (0.0679256590939 0.236691036613 -0.03) (0.0682411449782 0.237530778143 -0.03) (0.0685566308626 0.238370519673 -0.03) (0.068872116747 0.239210261204 -0.03) (0.0691876026314 0.240050002734 -0.03) (0.0695030885158 0.240889744264 -0.03) (0.0698185744001 0.241729485795 -0.03) (0.0701340602845 0.242569227325 -0.03) (0.0704495461689 0.243408968855 -0.03) (0.0707650320533 0.244248710386 -0.03) (0.0710805179377 0.245088451916 -0.03) (0.071396003822 0.245928193446 -0.03) (0.0717114897064 0.246767934976 -0.03) (0.0720269755908 0.247607676507 -0.03) (0.0723424614752 0.248447418037 -0.03) (0.0726579473596 0.249287159567 -0.03))
    polyLine 22 26 ((0.0575146249093 0.208979566112 0) (0.0578301107937 0.209819307642 0) (0.0581455966781 0.210659049173 0) (0.0584610825624 0.211498790703 0) (0.0587765684468 0.212338532233 0) (0.0590920543312 0.213178273764 0) (0.0594075402156 0.214018015294 0) (0.0597230261 0.214857756824 0) (0.0600385119843 0.215697498355 0) (0.0603539978687 0.216537239885 0) (0.0606694837531 0.217376981415 0) (0.0609849696375 0.218216722946 0) (0.0613004555219 0.219056464476 0) (0.0616159414063 0.219896206006 0) (0.0619314272906 0.220735947537 0) (0.062246913175 0.221575689067 0) (0.0625623990594 0.222415430597 0) (0.0628778849438 0.223255172127 0) (0.0631933708282 0.224094913658 0) (0.0635088567125 0.224934655188 0) (0.0638243425969 0.225774396718 0) (0.0641398284813 0.226614138249 0) (0.0644553143657 0.227453879779 0) (0.0647708002501 0.228293621309 0) (0.0650862861344 0.22913336284 0) (0.0654017720188 0.22997310437 0) (0.0657172579032 0.2308128459 0) (0.0660327437876 0.231652587431 0) (0.066348229672 0.232492328961 0) (0.0666637155563 0.233332070491 0) (0.0669792014407 0.234171812022 0) (0.0672946873251 0.235011553552 0) (0.0676101732095 0.235851295082 0) (0.0679256590939 0.236691036613 0) (0.0682411449782 0.237530778143 0) (0.0685566308626 0.238370519673 0) (0.068872116747 0.239210261204 0) (0.0691876026314 0.240050002734 0) (0.0695030885158 0.240889744264 0) (0.0698185744001 0.241729485795 0) (0.0701340602845 0.242569227325 0) (0.0704495461689 0.243408968855 0) (0.0707650320533 0.244248710386 0) (0.0710805179377 0.245088451916 0) (0.071396003822 0.245928193446 0) (0.0717114897064 0.246767934976 0) (0.0720269755908 0.247607676507 0) (0.0723424614752 0.248447418037 0) (0.0726579473596 0.249287159567 0))
    polyLine 21 25 ((-0.258095519451 0.500769039013 -0.03) (-0.256698515532 0.504668569926 -0.03) (-0.255287254479 0.508577680669 -0.03) (-0.25386162487 0.512496461412 -0.03) (-0.252421513895 0.516425002908 -0.03) (-0.250966807338 0.520363396506 -0.03) (-0.249497389561 0.52431173415 -0.03) (-0.248013143488 0.528270108392 -0.03) (-0.246513950588 0.532238612398 -0.03) (-0.244999690853 0.536217339957 -0.03) (-0.243470242788 0.540206385486 -0.03) (-0.241925483385 0.544205844043 -0.03) (-0.240365288109 0.548215811328 -0.03) (-0.238789530879 0.552236383698 -0.03) (-0.237198084048 0.556267658171 -0.03) (-0.235590818383 0.560309732435 -0.03) (-0.233967603047 0.564362704858 -0.03) (-0.232328305578 0.568426674496 -0.03) (-0.230672791868 0.5725017411 -0.03) (-0.229000926145 0.576588005129 -0.03) (-0.227312570949 0.580685567752 -0.03) (-0.225607587112 0.584794530866 -0.03) (-0.223885833737 0.588914997095 -0.03))
    polyLine 23 27 ((-0.258095519451 0.500769039013 0) (-0.256698515532 0.504668569926 0) (-0.255287254479 0.508577680669 0) (-0.25386162487 0.512496461412 0) (-0.252421513895 0.516425002908 0) (-0.250966807338 0.520363396506 0) (-0.249497389561 0.52431173415 0) (-0.248013143488 0.528270108392 0) (-0.246513950588 0.532238612398 0) (-0.244999690853 0.536217339957 0) (-0.243470242788 0.540206385486 0) (-0.241925483385 0.544205844043 0) (-0.240365288109 0.548215811328 0) (-0.238789530879 0.552236383698 0) (-0.237198084048 0.556267658171 0) (-0.235590818383 0.560309732435 0) (-0.233967603047 0.564362704858 0) (-0.232328305578 0.568426674496 0) (-0.230672791868 0.5725017411 0) (-0.229000926145 0.576588005129 0) (-0.227312570949 0.580685567752 0) (-0.225607587112 0.584794530866 0) (-0.223885833737 0.588914997095 0))
    polyLine 24 28 ((0.0729734332439 0.250126901098 -0.03) (0.0732889191283 0.250966642628 -0.03) (0.0736044050127 0.251806384158 -0.03) (0.0739198908971 0.252646125689 -0.03) (0.0742353767815 0.253485867219 -0.03) (0.0745508626658 0.254325608749 -0.03) (0.0748663485502 0.25516535028 -0.03) (0.0751818344346 0.25600509181 -0.03) (0.075497320319 0.25684483334 -0.03) (0.0758128062034 0.257684574871 -0.03) (0.0761282920877 0.258524316401 -0.03) (0.0764437779721 0.259364057931 -0.03) (0.0767592638565 0.260203799462 -0.03) (0.0770747497409 0.261043540992 -0.03) (0.0773902356253 0.261883282522 -0.03) (0.0777057215096 0.262723024053 -0.03) (0.078021207394 0.263562765583 -0.03) (0.0783366932784 0.264402507113 -0.03) (0.0786521791628 0.265242248644 -0.03) (0.0789676650472 0.266081990174 -0.03) (0.0792831509315 0.266921731704 -0.03) (0.0795986368159 0.267761473234 -0.03) (0.0799141227003 0.268601214765 -0.03) (0.0802296085847 0.269440956295 -0.03) (0.0805450944691 0.270280697825 -0.03) (0.0808605803534 0.271120439356 -0.03) (0.0811760662378 0.271960180886 -0.03) (0.0814915521222 0.272799922416 -0.03) (0.0818070380066 0.273639663947 -0.03) (0.082122523891 0.274479405477 -0.03) (0.0824380097753 0.275319147007 -0.03) (0.0827534956597 0.276158888538 -0.03) (0.0830689815441 0.276998630068 -0.03) (0.0833844674285 0.277838371598 -0.03) (0.0836999533129 0.278678113129 -0.03) (0.0840154391972 0.279517854659 -0.03) (0.0843309250816 0.280357596189 -0.03) (0.084646410966 0.28119733772 -0.03) (0.0849618968504 0.28203707925 -0.03) (0.0852773827348 0.28287682078 -0.03) (0.0855928686191 0.283716562311 -0.03) (0.0859083545035 0.284556303841 -0.03) (0.0862238403879 0.285396045371 -0.03) (0.0865393262723 0.286235786902 -0.03) (0.0868548121567 0.287075528432 -0.03) (0.0871702980411 0.287915269962 -0.03) (0.0874857839254 0.288755011493 -0.03) (0.0878012698098 0.289594753023 -0.03) (0.0881167556942 0.290434494553 -0.03))
    polyLine 26 30 ((0.0729734332439 0.250126901098 0) (0.0732889191283 0.250966642628 0) (0.0736044050127 0.251806384158 0) (0.0739198908971 0.252646125689 0) (0.0742353767815 0.253485867219 0) (0.0745508626658 0.254325608749 0) (0.0748663485502 0.25516535028 0) (0.0751818344346 0.25600509181 0) (0.075497320319 0.25684483334 0) (0.0758128062034 0.257684574871 0) (0.0761282920877 0.258524316401 0) (0.0764437779721 0.259364057931 0) (0.0767592638565 0.260203799462 0) (0.0770747497409 0.261043540992 0) (0.0773902356253 0.261883282522 0) (0.0777057215096 0.262723024053 0) (0.078021207394 0.263562765583 0) (0.0783366932784 0.264402507113 0) (0.0786521791628 0.265242248644 0) (0.0789676650472 0.266081990174 0) (0.0792831509315 0.266921731704 0) (0.0795986368159 0.267761473234 0) (0.0799141227003 0.268601214765 0) (0.0802296085847 0.269440956295 0) (0.0805450944691 0.270280697825 0) (0.0808605803534 0.271120439356 0) (0.0811760662378 0.271960180886 0) (0.0814915521222 0.272799922416 0) (0.0818070380066 0.273639663947 0) (0.082122523891 0.274479405477 0) (0.0824380097753 0.275319147007 0) (0.0827534956597 0.276158888538 0) (0.0830689815441 0.276998630068 0) (0.0833844674285 0.277838371598 0) (0.0836999533129 0.278678113129 0) (0.0840154391972 0.279517854659 0) (0.0843309250816 0.280357596189 0) (0.084646410966 0.28119733772 0) (0.0849618968504 0.28203707925 0) (0.0852773827348 0.28287682078 0) (0.0855928686191 0.283716562311 0) (0.0859083545035 0.284556303841 0) (0.0862238403879 0.285396045371 0) (0.0865393262723 0.286235786902 0) (0.0868548121567 0.287075528432 0) (0.0871702980411 0.287915269962 0) (0.0874857839254 0.288755011493 0) (0.0878012698098 0.289594753023 0) (0.0881167556942 0.290434494553 0))
    polyLine 25 29 ((-0.220600830591 0.596698173679 -0.03) (-0.219041146767 0.600358443813 -0.03) (-0.217468015609 0.604027952423 -0.03) (-0.215881334915 0.607706772191 -0.03) (-0.214281001362 0.611394976272 -0.03) (-0.212666910494 0.615092638299 -0.03) (-0.211038956707 0.618799832394 -0.03) (-0.209397033238 0.622516633167 -0.03) (-0.207741032149 0.626243115725 -0.03) (-0.206070844316 0.629979355677 -0.03) (-0.204386359414 0.633725429138 -0.03) (-0.202687465903 0.637481412739 -0.03) (-0.200974051013 0.641247383627 -0.03) (-0.199246000731 0.645023419477 -0.03) (-0.197503199787 0.648809598493 -0.03) (-0.195745531636 0.652605999417 -0.03) (-0.193972878445 0.656412701532 -0.03) (-0.19218512108 0.660229784673 -0.03) (-0.190382139087 0.664057329231 -0.03) (-0.188563810674 0.667895416155 -0.03) (-0.186730012704 0.671744126967 -0.03) (-0.18488062067 0.675603543761 -0.03) (-0.18301550868 0.679473749214 -0.03))
    polyLine 27 31 ((-0.220600830591 0.596698173679 0) (-0.219041146767 0.600358443813 0) (-0.217468015609 0.604027952423 0) (-0.215881334915 0.607706772191 0) (-0.214281001362 0.611394976272 0) (-0.212666910494 0.615092638299 0) (-0.211038956707 0.618799832394 0) (-0.209397033238 0.622516633167 0) (-0.207741032149 0.626243115725 0) (-0.206070844316 0.629979355677 0) (-0.204386359414 0.633725429138 0) (-0.202687465903 0.637481412739 0) (-0.200974051013 0.641247383627 0) (-0.199246000731 0.645023419477 0) (-0.197503199787 0.648809598493 0) (-0.195745531636 0.652605999417 0) (-0.193972878445 0.656412701532 0) (-0.19218512108 0.660229784673 0) (-0.190382139087 0.664057329231 0) (-0.188563810674 0.667895416155 0) (-0.186730012704 0.671744126967 0) (-0.18488062067 0.675603543761 0) (-0.18301550868 0.679473749214 0))
    polyLine 28 32 ((0.0884322415786 0.291274236083 -0.03) (0.088747727463 0.292113977614 -0.03) (0.0890632133473 0.292953719144 -0.03) (0.0893786992317 0.293793460674 -0.03) (0.0896941851161 0.294633202205 -0.03) (0.0900096710005 0.295472943735 -0.03) (0.0903251568849 0.296312685265 -0.03) (0.0906406427692 0.297152426796 -0.03) (0.0909561286536 0.297992168326 -0.03) (0.091271614538 0.298831909856 -0.03) (0.0915871004224 0.299671651387 -0.03) (0.0919025863068 0.300511392917 -0.03) (0.0922180721911 0.301351134447 -0.03) (0.0925335580755 0.302190875978 -0.03) (0.0928490439599 0.303030617508 -0.03) (0.0931645298443 0.303870359038 -0.03) (0.0934800157287 0.304710100569 -0.03) (0.093795501613 0.305549842099 -0.03) (0.0941109874974 0.306389583629 -0.03) (0.0944264733818 0.30722932516 -0.03) (0.0947419592662 0.30806906669 -0.03) (0.0950574451506 0.30890880822 -0.03) (0.0953729310349 0.309748549751 -0.03) (0.0956884169193 0.310588291281 -0.03) (0.0960039028037 0.311428032811 -0.03) (0.0963193886881 0.312267774341 -0.03) (0.0966348745725 0.313107515872 -0.03) (0.0969503604568 0.313947257402 -0.03) (0.0972658463412 0.314786998932 -0.03) (0.0975813322256 0.315626740463 -0.03) (0.09789681811 0.316466481993 -0.03) (0.0982123039944 0.317306223523 -0.03) (0.0985277898787 0.318145965054 -0.03) (0.0988432757631 0.318985706584 -0.03) (0.0991587616475 0.319825448114 -0.03) (0.0994742475319 0.320665189645 -0.03) (0.0997897334163 0.321504931175 -0.03) (0.100105219301 0.322344672705 -0.03) (0.100420705185 0.323184414236 -0.03) (0.100736191069 0.324024155766 -0.03) (0.101051676954 0.324863897296 -0.03) (0.101367162838 0.325703638827 -0.03) (0.101682648723 0.326543380357 -0.03) (0.101998134607 0.327383121887 -0.03) (0.102313620491 0.328222863418 -0.03) (0.102629106376 0.329062604948 -0.03) (0.10294459226 0.329902346478 -0.03) (0.103260078144 0.330742088009 -0.03))
    polyLine 30 34 ((0.0884322415786 0.291274236083 0) (0.088747727463 0.292113977614 0) (0.0890632133473 0.292953719144 0) (0.0893786992317 0.293793460674 0) (0.0896941851161 0.294633202205 0) (0.0900096710005 0.295472943735 0) (0.0903251568849 0.296312685265 0) (0.0906406427692 0.297152426796 0) (0.0909561286536 0.297992168326 0) (0.091271614538 0.298831909856 0) (0.0915871004224 0.299671651387 0) (0.0919025863068 0.300511392917 0) (0.0922180721911 0.301351134447 0) (0.0925335580755 0.302190875978 0) (0.0928490439599 0.303030617508 0) (0.0931645298443 0.303870359038 0) (0.0934800157287 0.304710100569 0) (0.093795501613 0.305549842099 0) (0.0941109874974 0.306389583629 0) (0.0944264733818 0.30722932516 0) (0.0947419592662 0.30806906669 0) (0.0950574451506 0.30890880822 0) (0.0953729310349 0.309748549751 0) (0.0956884169193 0.310588291281 0) (0.0960039028037 0.311428032811 0) (0.0963193886881 0.312267774341 0) (0.0966348745725 0.313107515872 0) (0.0969503604568 0.313947257402 0) (0.0972658463412 0.314786998932 0) (0.0975813322256 0.315626740463 0) (0.09789681811 0.316466481993 0) (0.0982123039944 0.317306223523 0) (0.0985277898787 0.318145965054 0) (0.0988432757631 0.318985706584 0) (0.0991587616475 0.319825448114 0) (0.0994742475319 0.320665189645 0) (0.0997897334163 0.321504931175 0) (0.100105219301 0.322344672705 0) (0.100420705185 0.323184414236 0) (0.100736191069 0.324024155766 0) (0.101051676954 0.324863897296 0) (0.101367162838 0.325703638827 0) (0.101682648723 0.326543380357 0) (0.101998134607 0.327383121887 0) (0.102313620491 0.328222863418 0) (0.102629106376 0.329062604948 0) (0.10294459226 0.329902346478 0) (0.103260078144 0.330742088009 0))
    polyLine 29 33 ((-0.179488297634 0.68673377461 -0.03) (-0.177829914823 0.690121038561 -0.03) (-0.176159315044 0.693516674062 -0.03) (-0.174476411496 0.696920737081 -0.03) (-0.172781116538 0.700333283939 -0.03) (-0.171073341675 0.703754371312 -0.03) (-0.169352997555 0.707184056236 -0.03) (-0.167619993957 0.710622396112 -0.03) (-0.16587423978 0.714069448707 -0.03) (-0.164115643037 0.717525272158 -0.03) (-0.162344110844 0.720989924978 -0.03) (-0.160559549407 0.724463466059 -0.03) (-0.158761864019 0.727945954673 -0.03) (-0.156950959043 0.731437450479 -0.03) (-0.155126737908 0.734938013529 -0.03) (-0.153289103093 0.738447704264 -0.03) (-0.151437956122 0.741966583529 -0.03) (-0.14957319755 0.745494712566 -0.03) (-0.147694726951 0.749032153026 -0.03) (-0.145802442913 0.752578966971 -0.03) (-0.143896243021 0.756135216877 -0.03) (-0.14197602385 0.759700965639 -0.03) (-0.140041680952 0.763276276576 -0.03))
    polyLine 31 35 ((-0.179488297634 0.68673377461 0) (-0.177829914823 0.690121038561 0) (-0.176159315044 0.693516674062 0) (-0.174476411496 0.696920737081 0) (-0.172781116538 0.700333283939 0) (-0.171073341675 0.703754371312 0) (-0.169352997555 0.707184056236 0) (-0.167619993957 0.710622396112 0) (-0.16587423978 0.714069448707 0) (-0.164115643037 0.717525272158 0) (-0.162344110844 0.720989924978 0) (-0.160559549407 0.724463466059 0) (-0.158761864019 0.727945954673 0) (-0.156950959043 0.731437450479 0) (-0.155126737908 0.734938013529 0) (-0.153289103093 0.738447704264 0) (-0.151437956122 0.741966583529 0) (-0.14957319755 0.745494712566 0) (-0.147694726951 0.749032153026 0) (-0.145802442913 0.752578966971 0) (-0.143896243021 0.756135216877 0) (-0.14197602385 0.759700965639 0) (-0.140041680952 0.763276276576 0))
    polyLine 32 36 ((0.103575564029 0.331581829539 -0.03) (0.103891049913 0.332421571069 -0.03) (0.104206535798 0.3332613126 -0.03) (0.104522021682 0.33410105413 -0.03) (0.104837507566 0.33494079566 -0.03) (0.105152993451 0.33578053719 -0.03) (0.105468479335 0.336620278721 -0.03) (0.105783965219 0.337460020251 -0.03) (0.106099451104 0.338299761781 -0.03) (0.106414936988 0.339139503312 -0.03) (0.106730422873 0.339979244842 -0.03) (0.107045908757 0.340818986372 -0.03) (0.107361394641 0.341658727903 -0.03) (0.107676880526 0.342498469433 -0.03) (0.10799236641 0.343338210963 -0.03) (0.108307852295 0.344177952494 -0.03) (0.108623338179 0.345017694024 -0.03) (0.108938824063 0.345857435554 -0.03) (0.109254309948 0.346697177085 -0.03) (0.109569795832 0.347536918615 -0.03) (0.109885281716 0.348376660145 -0.03) (0.110200767601 0.349216401676 -0.03) (0.110516253485 0.350056143206 -0.03) (0.11083173937 0.350895884736 -0.03) (0.111147225254 0.351735626267 -0.03) (0.111462711138 0.352575367797 -0.03) (0.111778197023 0.353415109327 -0.03) (0.112093682907 0.354254850858 -0.03) (0.112409168791 0.355094592388 -0.03) (0.112724654676 0.355934333918 -0.03) (0.11304014056 0.356774075448 -0.03) (0.113355626445 0.357613816979 -0.03) (0.113671112329 0.358453558509 -0.03) (0.113986598213 0.359293300039 -0.03) (0.114302084098 0.36013304157 -0.03) (0.114617569982 0.3609727831 -0.03) (0.114933055867 0.36181252463 -0.03) (0.115248541751 0.362652266161 -0.03) (0.115564027635 0.363492007691 -0.03) (0.11587951352 0.364331749221 -0.03) (0.116194999404 0.365171490752 -0.03) (0.116510485288 0.366011232282 -0.03) (0.116825971173 0.366850973812 -0.03) (0.117141457057 0.367690715343 -0.03) (0.117456942942 0.368530456873 -0.03) (0.117772428826 0.369370198403 -0.03) (0.11808791471 0.370209939934 -0.03) (0.118403400595 0.371049681464 -0.03) (0.118718886479 0.371889422994 -0.03))
    polyLine 34 38 ((0.103575564029 0.331581829539 0) (0.103891049913 0.332421571069 0) (0.104206535798 0.3332613126 0) (0.104522021682 0.33410105413 0) (0.104837507566 0.33494079566 0) (0.105152993451 0.33578053719 0) (0.105468479335 0.336620278721 0) (0.105783965219 0.337460020251 0) (0.106099451104 0.338299761781 0) (0.106414936988 0.339139503312 0) (0.106730422873 0.339979244842 0) (0.107045908757 0.340818986372 0) (0.107361394641 0.341658727903 0) (0.107676880526 0.342498469433 0) (0.10799236641 0.343338210963 0) (0.108307852295 0.344177952494 0) (0.108623338179 0.345017694024 0) (0.108938824063 0.345857435554 0) (0.109254309948 0.346697177085 0) (0.109569795832 0.347536918615 0) (0.109885281716 0.348376660145 0) (0.110200767601 0.349216401676 0) (0.110516253485 0.350056143206 0) (0.11083173937 0.350895884736 0) (0.111147225254 0.351735626267 0) (0.111462711138 0.352575367797 0) (0.111778197023 0.353415109327 0) (0.112093682907 0.354254850858 0) (0.112409168791 0.355094592388 0) (0.112724654676 0.355934333918 0) (0.11304014056 0.356774075448 0) (0.113355626445 0.357613816979 0) (0.113671112329 0.358453558509 0) (0.113986598213 0.359293300039 0) (0.114302084098 0.36013304157 0) (0.114617569982 0.3609727831 0) (0.114933055867 0.36181252463 0) (0.115248541751 0.362652266161 0) (0.115564027635 0.363492007691 0) (0.11587951352 0.364331749221 0) (0.116194999404 0.365171490752 0) (0.116510485288 0.366011232282 0) (0.116825971173 0.366850973812 0) (0.117141457057 0.367690715343 0) (0.117456942942 0.368530456873 0) (0.117772428826 0.369370198403 0) (0.11808791471 0.370209939934 0) (0.118403400595 0.371049681464 0) (0.118718886479 0.371889422994 0))
    polyLine 33 37 ((-0.136402173568 0.769958774116 -0.03) (-0.134700520339 0.773063574319 -0.03) (-0.132988079732 0.776175655638 -0.03) (-0.131264781729 0.779295059911 -0.03) (-0.129530555711 0.782421829224 -0.03) (-0.127785330453 0.785556005913 -0.03) (-0.126029034117 0.788697632567 -0.03) (-0.124261594248 0.791846752027 -0.03) (-0.122482937765 0.795003407393 -0.03) (-0.120692990955 0.798167642023 -0.03) (-0.118891679472 0.801339499537 -0.03) (-0.117078928322 0.804519023817 -0.03) (-0.115254661866 0.807706259012 -0.03) (-0.113418803806 0.810901249542 -0.03) (-0.111571277183 0.814104040094 -0.03) (-0.109712004368 0.817314675631 -0.03) (-0.107840907055 0.820533201391 -0.03) (-0.10595790626 0.823759662892 -0.03) (-0.104062922304 0.826994105931 -0.03) (-0.102155874815 0.830236576589 -0.03) (-0.100236682718 0.833487121236 -0.03) (-0.0983052642264 0.836745786528 -0.03) (-0.0963615368356 0.840012619412 -0.03))
    polyLine 35 39 ((-0.136402173568 0.769958774116 0) (-0.134700520339 0.773063574319 0) (-0.132988079732 0.776175655638 0) (-0.131264781729 0.779295059911 0) (-0.129530555711 0.782421829224 0) (-0.127785330453 0.785556005913 0) (-0.126029034117 0.788697632567 0) (-0.124261594248 0.791846752027 0) (-0.122482937765 0.795003407393 0) (-0.120692990955 0.798167642023 0) (-0.118891679472 0.801339499537 0) (-0.117078928322 0.804519023817 0) (-0.115254661866 0.807706259012 0) (-0.113418803806 0.810901249542 0) (-0.111571277183 0.814104040094 0) (-0.109712004368 0.817314675631 0) (-0.107840907055 0.820533201391 0) (-0.10595790626 0.823759662892 0) (-0.104062922304 0.826994105931 0) (-0.102155874815 0.830236576589 0) (-0.100236682718 0.833487121236 0) (-0.0983052642264 0.836745786528 0) (-0.0963615368356 0.840012619412 0))
    polyLine 36 40 ((0.119034372363 0.372729164525 -0.03) (0.119349858248 0.373568906055 -0.03) (0.119665344132 0.374408647585 -0.03) (0.119980830017 0.375248389116 -0.03) (0.120296315901 0.376088130646 -0.03) (0.120611801785 0.376927872176 -0.03) (0.12092728767 0.377767613707 -0.03) (0.121242773554 0.378607355237 -0.03) (0.121558259438 0.379447096767 -0.03) (0.121873745323 0.380286838297 -0.03) (0.122189231207 0.381126579828 -0.03) (0.122504717092 0.381966321358 -0.03) (0.122820202976 0.382806062888 -0.03) (0.12313568886 0.383645804419 -0.03) (0.123451174745 0.384485545949 -0.03) (0.123766660629 0.385325287479 -0.03) (0.124082146514 0.38616502901 -0.03) (0.124397632398 0.38700477054 -0.03) (0.124713118282 0.38784451207 -0.03) (0.125028604167 0.388684253601 -0.03) (0.125344090051 0.389523995131 -0.03) (0.125659575935 0.390363736661 -0.03) (0.12597506182 0.391203478192 -0.03) (0.126290547704 0.392043219722 -0.03) (0.126606033589 0.392882961252 -0.03) (0.126921519473 0.393722702783 -0.03) (0.127237005357 0.394562444313 -0.03) (0.127552491242 0.395402185843 -0.03) (0.127867977126 0.396241927374 -0.03) (0.12818346301 0.397081668904 -0.03) (0.128498948895 0.397921410434 -0.03) (0.128814434779 0.398761151965 -0.03) (0.129129920664 0.399600893495 -0.03) (0.129445406548 0.400440635025 -0.03) (0.129760892432 0.401280376556 -0.03) (0.130076378317 0.402120118086 -0.03) (0.130391864201 0.402959859616 -0.03) (0.130707350086 0.403799601146 -0.03) (0.13102283597 0.404639342677 -0.03) (0.131338321854 0.405479084207 -0.03) (0.131653807739 0.406318825737 -0.03) (0.131969293623 0.407158567268 -0.03) (0.132284779507 0.407998308798 -0.03) (0.132600265392 0.408838050328 -0.03) (0.132915751276 0.409677791859 -0.03) (0.133231237161 0.410517533389 -0.03) (0.133546723045 0.411357274919 -0.03) (0.133862208929 0.41219701645 -0.03) (0.134177694814 0.41303675798 -0.03))
    polyLine 38 42 ((0.119034372363 0.372729164525 0) (0.119349858248 0.373568906055 0) (0.119665344132 0.374408647585 0) (0.119980830017 0.375248389116 0) (0.120296315901 0.376088130646 0) (0.120611801785 0.376927872176 0) (0.12092728767 0.377767613707 0) (0.121242773554 0.378607355237 0) (0.121558259438 0.379447096767 0) (0.121873745323 0.380286838297 0) (0.122189231207 0.381126579828 0) (0.122504717092 0.381966321358 0) (0.122820202976 0.382806062888 0) (0.12313568886 0.383645804419 0) (0.123451174745 0.384485545949 0) (0.123766660629 0.385325287479 0) (0.124082146514 0.38616502901 0) (0.124397632398 0.38700477054 0) (0.124713118282 0.38784451207 0) (0.125028604167 0.388684253601 0) (0.125344090051 0.389523995131 0) (0.125659575935 0.390363736661 0) (0.12597506182 0.391203478192 0) (0.126290547704 0.392043219722 0) (0.126606033589 0.392882961252 0) (0.126921519473 0.393722702783 0) (0.127237005357 0.394562444313 0) (0.127552491242 0.395402185843 0) (0.127867977126 0.396241927374 0) (0.12818346301 0.397081668904 0) (0.128498948895 0.397921410434 0) (0.128814434779 0.398761151965 0) (0.129129920664 0.399600893495 0) (0.129445406548 0.400440635025 0) (0.129760892432 0.401280376556 0) (0.130076378317 0.402120118086 0) (0.130391864201 0.402959859616 0) (0.130707350086 0.403799601146 0) (0.13102283597 0.404639342677 0) (0.131338321854 0.405479084207 0) (0.131653807739 0.406318825737 0) (0.131969293623 0.407158567268 0) (0.132284779507 0.407998308798 0) (0.132600265392 0.408838050328 0) (0.132915751276 0.409677791859 0) (0.133231237161 0.410517533389 0) (0.133546723045 0.411357274919 0) (0.133862208929 0.41219701645 0) (0.134177694814 0.41303675798 0))
    polyLine 37 41 ((-0.0927131440291 0.846110873401 -0.03) (-0.0910115892096 0.848940221189 -0.03) (-0.0893006986064 0.851775741079 -0.03) (-0.0875804175552 0.854617463821 -0.03) (-0.0858506909763 0.857465420332 -0.03) (-0.0841114633711 0.860319641699 -0.03) (-0.0823626788183 0.863180159178 -0.03) (-0.08060428097 0.8660470042 -0.03) (-0.0788362130484 0.868920208366 -0.03) (-0.0770584178414 0.871799803456 -0.03) (-0.0752708376991 0.874685821422 -0.03) (-0.0734734145298 0.877578294397 -0.03) (-0.0716660897962 0.880477254691 -0.03) (-0.0698488045111 0.883382734796 -0.03) (-0.0680214992337 0.886294767386 -0.03) (-0.0661841140654 0.889213385318 -0.03) (-0.0643365886456 0.892138621633 -0.03) (-0.0624788621478 0.895070509562 -0.03) (-0.0606108732752 0.898009082521 -0.03) (-0.0587325602562 0.900954374116 -0.03) (-0.0568438608409 0.903906418146 -0.03) (-0.0549447122957 0.906865248601 -0.03) (-0.0530350513999 0.909830899666 -0.03))
    polyLine 39 43 ((-0.0927131440291 0.846110873401 0) (-0.0910115892096 0.848940221189 0) (-0.0893006986064 0.851775741079 0) (-0.0875804175552 0.854617463821 0) (-0.0858506909763 0.857465420332 0) (-0.0841114633711 0.860319641699 0) (-0.0823626788183 0.863180159178 0) (-0.08060428097 0.8660470042 0) (-0.0788362130484 0.868920208366 0) (-0.0770584178414 0.871799803456 0) (-0.0752708376991 0.874685821422 0) (-0.0734734145298 0.877578294397 0) (-0.0716660897962 0.880477254691 0) (-0.0698488045111 0.883382734796 0) (-0.0680214992337 0.886294767386 0) (-0.0661841140654 0.889213385318 0) (-0.0643365886456 0.892138621633 0) (-0.0624788621478 0.895070509562 0) (-0.0606108732752 0.898009082521 0) (-0.0587325602562 0.900954374116 0) (-0.0568438608409 0.903906418146 0) (-0.0549447122957 0.906865248601 0) (-0.0530350513999 0.909830899666 0))
    polyLine 40 44 ((0.134493180698 0.41387649951 -0.03) (0.134808666582 0.414716241041 -0.03) (0.135124152467 0.415555982571 -0.03) (0.135439638351 0.416395724101 -0.03) (0.135755124236 0.417235465632 -0.03) (0.13607061012 0.418075207162 -0.03) (0.136386096004 0.418914948692 -0.03) (0.136701581889 0.419754690223 -0.03) (0.137017067773 0.420594431753 -0.03) (0.137332553658 0.421434173283 -0.03) (0.137648039542 0.422273914814 -0.03) (0.137963525426 0.423113656344 -0.03) (0.138279011311 0.423953397874 -0.03) (0.138594497195 0.424793139404 -0.03) (0.138909983079 0.425632880935 -0.03) (0.139225468964 0.426472622465 -0.03) (0.139540954848 0.427312363995 -0.03) (0.139856440733 0.428152105526 -0.03) (0.140171926617 0.428991847056 -0.03) (0.140487412501 0.429831588586 -0.03) (0.140802898386 0.430671330117 -0.03) (0.14111838427 0.431511071647 -0.03) (0.141433870154 0.432350813177 -0.03) (0.141749356039 0.433190554708 -0.03) (0.142064841923 0.434030296238 -0.03) (0.142380327808 0.434870037768 -0.03) (0.142695813692 0.435709779299 -0.03) (0.143011299576 0.436549520829 -0.03) (0.143326785461 0.437389262359 -0.03) (0.143642271345 0.43822900389 -0.03) (0.143957757229 0.43906874542 -0.03) (0.144273243114 0.43990848695 -0.03) (0.144588728998 0.440748228481 -0.03) (0.144904214883 0.441587970011 -0.03) (0.145219700767 0.442427711541 -0.03) (0.145535186651 0.443267453072 -0.03) (0.145850672536 0.444107194602 -0.03) (0.14616615842 0.444946936132 -0.03) (0.146481644305 0.445786677663 -0.03) (0.146797130189 0.446626419193 -0.03) (0.147112616073 0.447466160723 -0.03) (0.147428101958 0.448305902253 -0.03) (0.147743587842 0.449145643784 -0.03) (0.148059073726 0.449985385314 -0.03) (0.148374559611 0.450825126844 -0.03) (0.148690045495 0.451664868375 -0.03) (0.14900553138 0.452504609905 -0.03) (0.149321017264 0.453344351435 -0.03))
    polyLine 42 46 ((0.134493180698 0.41387649951 0) (0.134808666582 0.414716241041 0) (0.135124152467 0.415555982571 0) (0.135439638351 0.416395724101 0) (0.135755124236 0.417235465632 0) (0.13607061012 0.418075207162 0) (0.136386096004 0.418914948692 0) (0.136701581889 0.419754690223 0) (0.137017067773 0.420594431753 0) (0.137332553658 0.421434173283 0) (0.137648039542 0.422273914814 0) (0.137963525426 0.423113656344 0) (0.138279011311 0.423953397874 0) (0.138594497195 0.424793139404 0) (0.138909983079 0.425632880935 0) (0.139225468964 0.426472622465 0) (0.139540954848 0.427312363995 0) (0.139856440733 0.428152105526 0) (0.140171926617 0.428991847056 0) (0.140487412501 0.429831588586 0) (0.140802898386 0.430671330117 0) (0.14111838427 0.431511071647 0) (0.141433870154 0.432350813177 0) (0.141749356039 0.433190554708 0) (0.142064841923 0.434030296238 0) (0.142380327808 0.434870037768 0) (0.142695813692 0.435709779299 0) (0.143011299576 0.436549520829 0) (0.143326785461 0.437389262359 0) (0.143642271345 0.43822900389 0) (0.143957757229 0.43906874542 0) (0.144273243114 0.43990848695 0) (0.144588728998 0.440748228481 0) (0.144904214883 0.441587970011 0) (0.145219700767 0.442427711541 0) (0.145535186651 0.443267453072 0) (0.145850672536 0.444107194602 0) (0.14616615842 0.444946936132 0) (0.146481644305 0.445786677663 0) (0.146797130189 0.446626419193 0) (0.147112616073 0.447466160723 0) (0.147428101958 0.448305902253 0) (0.147743587842 0.449145643784 0) (0.148059073726 0.449985385314 0) (0.148374559611 0.450825126844 0) (0.148690045495 0.451664868375 0) (0.14900553138 0.452504609905 0) (0.149321017264 0.453344351435 0))
    polyLine 41 45 ((-0.0494525947162 0.915368827506 -0.03) (-0.0477824422957 0.917939381163 -0.03) (-0.0461043155929 0.920515089009 -0.03) (-0.0444181727417 0.92309597347 -0.03) (-0.0427239715938 0.925682057083 -0.03) (-0.0410216697164 0.928273362498 -0.03) (-0.0393112243904 0.93086991248 -0.03) (-0.0375925926074 0.933471729906 -0.03) (-0.0358657310682 0.93607883777 -0.03) (-0.0341305961797 0.938691259182 -0.03) (-0.0323871440532 0.941309017368 -0.03) (-0.0306353305019 0.943932135671 -0.03) (-0.0288751110379 0.946560637555 -0.03) (-0.0271064408709 0.949194546601 -0.03) (-0.0253292749048 0.951833886513 -0.03) (-0.0235435677357 0.954478681113 -0.03) (-0.0217492736492 0.957128954348 -0.03) (-0.0199463466181 0.959784730285 -0.03) (-0.0181347403001 0.962446033118 -0.03) (-0.0163144080344 0.965112887163 -0.03) (-0.0144853028401 0.967785316862 -0.03) (-0.012647377413 0.970463346786 -0.03) (-0.0108005841231 0.973147001631 -0.03))
    polyLine 43 47 ((-0.0494525947162 0.915368827506 0) (-0.0477824422957 0.917939381163 0) (-0.0461043155929 0.920515089009 0) (-0.0444181727417 0.92309597347 0) (-0.0427239715938 0.925682057083 0) (-0.0410216697164 0.928273362498 0) (-0.0393112243904 0.93086991248 0) (-0.0375925926074 0.933471729906 0) (-0.0358657310682 0.93607883777 0) (-0.0341305961797 0.938691259182 0) (-0.0323871440532 0.941309017368 0) (-0.0306353305019 0.943932135671 0) (-0.0288751110379 0.946560637555 0) (-0.0271064408709 0.949194546601 0) (-0.0253292749048 0.951833886513 0) (-0.0235435677357 0.954478681113 0) (-0.0217492736492 0.957128954348 0) (-0.0199463466181 0.959784730285 0) (-0.0181347403001 0.962446033118 0) (-0.0163144080344 0.965112887163 0) (-0.0144853028401 0.967785316862 0) (-0.012647377413 0.970463346786 0) (-0.0108005841231 0.973147001631 0))
    polyLine 44 48 ((0.149636503148 0.454184092966 -0.03) (0.149951989033 0.455023834496 -0.03) (0.150267474917 0.455863576026 -0.03) (0.150582960801 0.456703317557 -0.03) (0.150898446686 0.457543059087 -0.03) (0.15121393257 0.458382800617 -0.03) (0.151529418455 0.459222542148 -0.03) (0.151844904339 0.460062283678 -0.03) (0.152160390223 0.460902025208 -0.03) (0.152475876108 0.461741766739 -0.03) (0.152791361992 0.462581508269 -0.03) (0.153106847877 0.463421249799 -0.03) (0.153422333761 0.46426099133 -0.03) (0.153737819645 0.46510073286 -0.03) (0.15405330553 0.46594047439 -0.03) (0.154368791414 0.466780215921 -0.03) (0.154684277298 0.467619957451 -0.03) (0.154999763183 0.468459698981 -0.03) (0.155315249067 0.469299440511 -0.03) (0.155630734952 0.470139182042 -0.03) (0.155946220836 0.470978923572 -0.03) (0.15626170672 0.471818665102 -0.03) (0.156577192605 0.472658406633 -0.03) (0.156892678489 0.473498148163 -0.03) (0.157208164373 0.474337889693 -0.03) (0.157523650258 0.475177631224 -0.03) (0.157839136142 0.476017372754 -0.03) (0.158154622027 0.476857114284 -0.03) (0.158470107911 0.477696855815 -0.03) (0.158785593795 0.478536597345 -0.03) (0.15910107968 0.479376338875 -0.03) (0.159416565564 0.480216080406 -0.03) (0.159732051449 0.481055821936 -0.03) (0.160047537333 0.481895563466 -0.03) (0.160363023217 0.482735304997 -0.03) (0.160678509102 0.483575046527 -0.03) (0.160993994986 0.484414788057 -0.03) (0.16130948087 0.485254529588 -0.03) (0.161624966755 0.486094271118 -0.03) (0.161940452639 0.486934012648 -0.03) (0.162255938524 0.487773754179 -0.03) (0.162571424408 0.488613495709 -0.03) (0.162886910292 0.489453237239 -0.03) (0.163202396177 0.49029297877 -0.03) (0.163517882061 0.4911327203 -0.03) (0.163833367945 0.49197246183 -0.03) (0.16414885383 0.49281220336 -0.03) (0.164464339714 0.493651944891 -0.03) (0.164779825599 0.494491686421 -0.03))
    polyLine 46 50 ((0.149636503148 0.454184092966 0) (0.149951989033 0.455023834496 0) (0.150267474917 0.455863576026 0) (0.150582960801 0.456703317557 0) (0.150898446686 0.457543059087 0) (0.15121393257 0.458382800617 0) (0.151529418455 0.459222542148 0) (0.151844904339 0.460062283678 0) (0.152160390223 0.460902025208 0) (0.152475876108 0.461741766739 0) (0.152791361992 0.462581508269 0) (0.153106847877 0.463421249799 0) (0.153422333761 0.46426099133 0) (0.153737819645 0.46510073286 0) (0.15405330553 0.46594047439 0) (0.154368791414 0.466780215921 0) (0.154684277298 0.467619957451 0) (0.154999763183 0.468459698981 0) (0.155315249067 0.469299440511 0) (0.155630734952 0.470139182042 0) (0.155946220836 0.470978923572 0) (0.15626170672 0.471818665102 0) (0.156577192605 0.472658406633 0) (0.156892678489 0.473498148163 0) (0.157208164373 0.474337889693 0) (0.157523650258 0.475177631224 0) (0.157839136142 0.476017372754 0) (0.158154622027 0.476857114284 0) (0.158470107911 0.477696855815 0) (0.158785593795 0.478536597345 0) (0.15910107968 0.479376338875 0) (0.159416565564 0.480216080406 0) (0.159732051449 0.481055821936 0) (0.160047537333 0.481895563466 0) (0.160363023217 0.482735304997 0) (0.160678509102 0.483575046527 0) (0.160993994986 0.484414788057 0) (0.16130948087 0.485254529588 0) (0.161624966755 0.486094271118 0) (0.161940452639 0.486934012648 0) (0.162255938524 0.487773754179 0) (0.162571424408 0.488613495709 0) (0.162886910292 0.489453237239 0) (0.163202396177 0.49029297877 0) (0.163517882061 0.4911327203 0) (0.163833367945 0.49197246183 0) (0.16414885383 0.49281220336 0) (0.164464339714 0.493651944891 0) (0.164779825599 0.494491686421 0))
    polyLine 45 49 ((-0.00733384024623 0.978165135059 -0.03) (-0.00571607841189 0.980498218771 -0.03) (-0.00409155794727 0.982835573621 -0.03) (-0.00246024710174 0.985177215943 -0.03) (-0.00082211393448 0.987523162148 -0.03) (0.000822873686922 0.989873428717 -0.03) (0.00247474808778 0.992228032209 -0.03) (0.0041335417877 0.994586989259 -0.03) (0.00579928750195 0.996950316577 -0.03) (0.0074720181429 0.999318030948 -0.03) (0.00915176682136 1.00169014924 -0.03) (0.010838566848 1.00406668839 -0.03) (0.012532451735 1.00644766541 -0.03) (0.0142334551971 1.00883309741 -0.03) (0.0159416111534 1.01122300157 -0.03) (0.0176569537286 1.01361739513 -0.03) (0.0193795172546 1.01601629544 -0.03) (0.021109336272 1.0184197199 -0.03) (0.0228464455317 1.02082768603 -0.03) (0.0245908799961 1.02324021139 -0.03) (0.0263426748408 1.02565731366 -0.03) (0.0281018654565 1.02807901056 -0.03) (0.0298684874499 1.03050531994 -0.03))
    polyLine 47 51 ((-0.00733384024623 0.978165135059 0) (-0.00571607841189 0.980498218771 0) (-0.00409155794727 0.982835573621 0) (-0.00246024710174 0.985177215943 0) (-0.00082211393448 0.987523162148 0) (0.000822873686922 0.989873428717 0) (0.00247474808778 0.992228032209 0) (0.0041335417877 0.994586989259 0) (0.00579928750195 0.996950316577 0) (0.0074720181429 0.999318030948 0) (0.00915176682136 1.00169014924 0) (0.010838566848 1.00406668839 0) (0.012532451735 1.00644766541 0) (0.0142334551971 1.00883309741 0) (0.0159416111534 1.01122300157 0) (0.0176569537286 1.01361739513 0) (0.0193795172546 1.01601629544 0) (0.021109336272 1.0184197199 0) (0.0228464455317 1.02082768603 0) (0.0245908799961 1.02324021139 0) (0.0263426748408 1.02565731366 0) (0.0281018654565 1.02807901056 0) (0.0298684874499 1.03050531994 0))
    polyLine 48 52 ((0.165095311483 0.495331427951 -0.03) (0.165410797367 0.496171169482 -0.03) (0.165726283252 0.497010911012 -0.03) (0.166041769136 0.497850652542 -0.03) (0.16635725502 0.498690394073 -0.03) (0.166672740905 0.499530135603 -0.03) (0.166988226789 0.500369877133 -0.03) (0.167303712674 0.501209618664 -0.03) (0.167619198558 0.502049360194 -0.03) (0.167934684442 0.502889101724 -0.03) (0.168250170327 0.503728843255 -0.03) (0.168565656211 0.504568584785 -0.03) (0.168881142096 0.505408326315 -0.03) (0.16919662798 0.506248067846 -0.03) (0.169512113864 0.507087809376 -0.03) (0.169827599749 0.507927550906 -0.03) (0.170143085633 0.508767292437 -0.03) (0.170458571517 0.509607033967 -0.03) (0.170774057402 0.510446775497 -0.03) (0.171089543286 0.511286517028 -0.03) (0.171405029171 0.512126258558 -0.03) (0.171720515055 0.512966000088 -0.03) (0.172036000939 0.513805741618 -0.03) (0.172351486824 0.514645483149 -0.03) (0.172666972708 0.515485224679 -0.03) (0.172982458592 0.516324966209 -0.03) (0.173297944477 0.51716470774 -0.03) (0.173613430361 0.51800444927 -0.03) (0.173928916246 0.5188441908 -0.03) (0.17424440213 0.519683932331 -0.03) (0.174559888014 0.520523673861 -0.03) (0.174875373899 0.521363415391 -0.03) (0.175190859783 0.522203156922 -0.03) (0.175509587955 0.523041988695 -0.03) (0.175834579844 0.523878413625 -0.03) (0.176165817277 0.524712384941 -0.03) (0.176503281732 0.525543856006 -0.03) (0.176846954339 0.526372780328 -0.03) (0.17719681588 0.527199111553 -0.03) (0.177552846791 0.528022803475 -0.03) (0.177915027164 0.528843810033 -0.03) (0.178283336745 0.52966208532 -0.03) (0.178657754941 0.530477583576 -0.03) (0.179038260812 0.531290259202 -0.03) (0.179424833083 0.532100066754 -0.03) (0.179817450137 0.532906960948 -0.03) (0.180216090019 0.533710896665 -0.03) (0.180620730439 0.534511828948 -0.03) (0.181031348768 0.535309713012 -0.03))
    polyLine 50 54 ((0.165095311483 0.495331427951 0) (0.165410797367 0.496171169482 0) (0.165726283252 0.497010911012 0) (0.166041769136 0.497850652542 0) (0.16635725502 0.498690394073 0) (0.166672740905 0.499530135603 0) (0.166988226789 0.500369877133 0) (0.167303712674 0.501209618664 0) (0.167619198558 0.502049360194 0) (0.167934684442 0.502889101724 0) (0.168250170327 0.503728843255 0) (0.168565656211 0.504568584785 0) (0.168881142096 0.505408326315 0) (0.16919662798 0.506248067846 0) (0.169512113864 0.507087809376 0) (0.169827599749 0.507927550906 0) (0.170143085633 0.508767292437 0) (0.170458571517 0.509607033967 0) (0.170774057402 0.510446775497 0) (0.171089543286 0.511286517028 0) (0.171405029171 0.512126258558 0) (0.171720515055 0.512966000088 0) (0.172036000939 0.513805741618 0) (0.172351486824 0.514645483149 0) (0.172666972708 0.515485224679 0) (0.172982458592 0.516324966209 0) (0.173297944477 0.51716470774 0) (0.173613430361 0.51800444927 0) (0.173928916246 0.5188441908 0) (0.17424440213 0.519683932331 0) (0.174559888014 0.520523673861 0) (0.174875373899 0.521363415391 0) (0.175190859783 0.522203156922 0) (0.175509587955 0.523041988695 0) (0.175834579844 0.523878413625 0) (0.176165817277 0.524712384941 0) (0.176503281732 0.525543856006 0) (0.176846954339 0.526372780328 0) (0.17719681588 0.527199111553 0) (0.177552846791 0.528022803475 0) (0.177915027164 0.528843810033 0) (0.178283336745 0.52966208532 0) (0.178657754941 0.530477583576 0) (0.179038260812 0.531290259202 0) (0.179424833083 0.532100066754 0) (0.179817450137 0.532906960948 0) (0.180216090019 0.533710896665 0) (0.180620730439 0.534511828948 0) (0.181031348768 0.535309713012 0))
    polyLine 49 53 ((0.033234509659 1.03511283458 -0.03) (0.034832462003 1.03729313539 -0.03) (0.0364364597014 1.0394771751 -0.03) (0.0380465289207 1.04166496672 -0.03) (0.0396626959715 1.04385652333 -0.03) (0.0412849873088 1.04605185804 -0.03) (0.0429134295336 1.04825098403 -0.03) (0.0445480493936 1.05045391454 -0.03) (0.0461888737841 1.05266066287 -0.03) (0.0478359297491 1.05487124236 -0.03) (0.0494892444821 1.05708566641 -0.03) (0.0511488453272 1.0593039485 -0.03) (0.0528147597804 1.06152610214 -0.03) (0.0544870154898 1.06375214091 -0.03) (0.0561656402577 1.06598207845 -0.03) (0.0578506620404 1.06821592846 -0.03) (0.0595421089505 1.07045370468 -0.03) (0.0612400092567 1.07269542095 -0.03) (0.0629443913858 1.07494109112 -0.03) (0.0646552839234 1.07719072914 -0.03) (0.0663727156147 1.07944434901 -0.03) (0.0680967153659 1.08170196477 -0.03) (0.0698273122454 1.08396359055 -0.03))
    polyLine 51 55 ((0.033234509659 1.03511283458 0) (0.034832462003 1.03729313539 0) (0.0364364597014 1.0394771751 0) (0.0380465289207 1.04166496672 0) (0.0396626959715 1.04385652333 0) (0.0412849873088 1.04605185804 0) (0.0429134295336 1.04825098403 0) (0.0445480493936 1.05045391454 0) (0.0461888737841 1.05266066287 0) (0.0478359297491 1.05487124236 0) (0.0494892444821 1.05708566641 0) (0.0511488453272 1.0593039485 0) (0.0528147597804 1.06152610214 0) (0.0544870154898 1.06375214091 0) (0.0561656402577 1.06598207845 0) (0.0578506620404 1.06821592846 0) (0.0595421089505 1.07045370468 0) (0.0612400092567 1.07269542095 0) (0.0629443913858 1.07494109112 0) (0.0646552839234 1.07719072914 0) (0.0663727156147 1.07944434901 0) (0.0680967153659 1.08170196477 0) (0.0698273122454 1.08396359055 0))
    polyLine 52 56 ((0.181447922046 0.53610450424 -0.03) (0.181870426978 0.536896158188 -0.03) (0.18229883994 0.537684630588 -0.03) (0.182733136974 0.538469877351 -0.03) (0.183173293796 0.539251854565 -0.03) (0.183619285792 0.540030518505 -0.03) (0.184071088024 0.540805825628 -0.03) (0.184528675226 0.541577732581 -0.03) (0.184992021813 0.542346196199 -0.03) (0.185461101873 0.543111173512 -0.03) (0.185935889177 0.543872621742 -0.03) (0.186416357175 0.544630498311 -0.03) (0.186902479001 0.54538476084 -0.03) (0.187394227471 0.546135367151 -0.03) (0.187891575087 0.546882275272 -0.03) (0.188394494038 0.547625443436 -0.03) (0.188902956202 0.548364830087 -0.03) (0.189416933147 0.549100393879 -0.03) (0.189936396131 0.54983209368 -0.03) (0.190461316107 0.550559888576 -0.03) (0.190991663722 0.551283737869 -0.03) (0.19152740932 0.552003601082 -0.03) (0.192068522944 0.552719437962 -0.03) (0.192614974334 0.55343120848 -0.03) (0.193166732933 0.554138872835 -0.03) (0.19372376789 0.554842391455 -0.03) (0.194286048054 0.555541725001 -0.03) (0.194853541984 0.556236834367 -0.03) (0.195426217946 0.556927680684 -0.03) (0.196004043918 0.557614225321 -0.03) (0.196586987588 0.558296429886 -0.03) (0.197175016359 0.558974256233 -0.03) (0.19776809735 0.559647666457 -0.03) (0.198366197395 0.560316622904 -0.03) (0.19896928305 0.560981088166 -0.03) (0.199577320592 0.561641025086 -0.03) (0.20019027602 0.562296396764 -0.03) (0.200808115058 0.56294716655 -0.03) (0.201430803158 0.563593298055 -0.03) (0.2020583055 0.564234755148 -0.03) (0.202690586995 0.56487150196 -0.03) (0.203327612287 0.565503502885 -0.03) (0.203969345754 0.566130722582 -0.03) (0.204615751512 0.566753125979 -0.03) (0.205266793414 0.567370678271 -0.03) (0.205922435055 0.567983344926 -0.03) (0.206582639773 0.568591091684 -0.03) (0.20724737065 0.569193884562 -0.03))
    polyLine 54 58 ((0.181447922046 0.53610450424 0) (0.181870426978 0.536896158188 0) (0.18229883994 0.537684630588 0) (0.182733136974 0.538469877351 0) (0.183173293796 0.539251854565 0) (0.183619285792 0.540030518505 0) (0.184071088024 0.540805825628 0) (0.184528675226 0.541577732581 0) (0.184992021813 0.542346196199 0) (0.185461101873 0.543111173512 0) (0.185935889177 0.543872621742 0) (0.186416357175 0.544630498311 0) (0.186902479001 0.54538476084 0) (0.187394227471 0.546135367151 0) (0.187891575087 0.546882275272 0) (0.188394494038 0.547625443436 0) (0.188902956202 0.548364830087 0) (0.189416933147 0.549100393879 0) (0.189936396131 0.54983209368 0) (0.190461316107 0.550559888576 0) (0.190991663722 0.551283737869 0) (0.19152740932 0.552003601082 0) (0.192068522944 0.552719437962 0) (0.192614974334 0.55343120848 0) (0.193166732933 0.554138872835 0) (0.19372376789 0.554842391455 0) (0.194286048054 0.555541725001 0) (0.194853541984 0.556236834367 0) (0.195426217946 0.556927680684 0) (0.196004043918 0.557614225321 0) (0.196586987588 0.558296429886 0) (0.197175016359 0.558974256233 0) (0.19776809735 0.559647666457 0) (0.198366197395 0.560316622904 0) (0.19896928305 0.560981088166 0) (0.199577320592 0.561641025086 0) (0.20019027602 0.562296396764 0) (0.200808115058 0.56294716655 0) (0.201430803158 0.563593298055 0) (0.2020583055 0.564234755148 0) (0.202690586995 0.56487150196 0) (0.203327612287 0.565503502885 0) (0.203969345754 0.566130722582 0) (0.204615751512 0.566753125979 0) (0.205266793414 0.567370678271 0) (0.205922435055 0.567983344926 0) (0.206582639773 0.568591091684 0) (0.20724737065 0.569193884562 0))
    polyLine 53 57 ((0.0737035814905 1.08901260224 -0.03) (0.0758526872995 1.09180206112 -0.03) (0.0780119078058 1.09459764368 -0.03) (0.0801812982836 1.0973993766 -0.03) (0.0823609143899 1.10020728666 -0.03) (0.0845508121675 1.10302140083 -0.03) (0.0867510480487 1.1058417462 -0.03) (0.0889616788578 1.10866835002 -0.03) (0.0911827618151 1.11150123967 -0.03) (0.0934143545398 1.11434044271 -0.03) (0.0956565150534 1.11718598681 -0.03) (0.0979093017831 1.12003789984 -0.03) (0.100172773565 1.12289620978 -0.03) (0.102446989648 1.12576094478 -0.03) (0.104732009697 1.12863213316 -0.03) (0.107027893797 1.13150980338 -0.03) (0.109334702453 1.13439398405 -0.03) (0.111652496601 1.13728470396 -0.03) (0.113981337604 1.14018199204 -0.03) (0.11632128726 1.14308587741 -0.03) (0.118672407805 1.14599638931 -0.03) (0.121034761915 1.14891355717 -0.03) (0.123408412712 1.1518374106 -0.03))
    polyLine 55 59 ((0.0737035814905 1.08901260224 0) (0.0758526872995 1.09180206112 0) (0.0780119078058 1.09459764368 0) (0.0801812982836 1.0973993766 0) (0.0823609143899 1.10020728666 0) (0.0845508121675 1.10302140083 0) (0.0867510480487 1.1058417462 0) (0.0889616788578 1.10866835002 0) (0.0911827618151 1.11150123967 0) (0.0934143545398 1.11434044271 0) (0.0956565150534 1.11718598681 0) (0.0979093017831 1.12003789984 0) (0.100172773565 1.12289620978 0) (0.102446989648 1.12576094478 0) (0.104732009697 1.12863213316 0) (0.107027893797 1.13150980338 0) (0.109334702453 1.13439398405 0) (0.111652496601 1.13728470396 0) (0.113981337604 1.14018199204 0) (0.11632128726 1.14308587741 0) (0.118672407805 1.14599638931 0) (0.121034761915 1.14891355717 0) (0.123408412712 1.1518374106 0))
    polyLine 56 60 ((0.207916590515 0.569791689851 -0.03) (0.208590261947 0.570384474123 -0.03) (0.209268347274 0.570972204232 -0.03) (0.20995080858 0.571554847311 -0.03) (0.210637607702 0.572132370781 -0.03) (0.211328706235 0.572704742346 -0.03) (0.212024065534 0.573271930002 -0.03) (0.212723646716 0.573833902031 -0.03) (0.213427410661 0.57439062701 -0.03) (0.214135318016 0.574942073806 -0.03) (0.214847329195 0.575488211583 -0.03) (0.215563404384 0.576029009804 -0.03) (0.216283503542 0.576564438226 -0.03) (0.2170075864 0.577094466909 -0.03) (0.217735612471 0.577619066216 -0.03) (0.218467541042 0.578138206811 -0.03) (0.219203331187 0.578651859665 -0.03) (0.219942941761 0.579159996054 -0.03) (0.220686331406 0.579662587566 -0.03) (0.221433458553 0.580159606095 -0.03) (0.222184281423 0.58065102385 -0.03) (0.222938758032 0.58113681335 -0.03) (0.22369684619 0.581616947431 -0.03) (0.224458503506 0.582091399245 -0.03) (0.22522368739 0.582560142262 -0.03) (0.225992355054 0.583023150269 -0.03) (0.226764463515 0.583480397376 -0.03) (0.227539969597 0.583931858014 -0.03) (0.228318829936 0.584377506939 -0.03) (0.229101000978 0.584817319231 -0.03) (0.229886438987 0.585251270295 -0.03) (0.230675100041 0.585679335866 -0.03) (0.23146694004 0.586101492007 -0.03) (0.232261914706 0.586517715112 -0.03) (0.233059979583 0.586927981906 -0.03) (0.233861090047 0.587332269448 -0.03) (0.2346652013 0.587730555131 -0.03) (0.235472268377 0.588122816682 -0.03) (0.236282246148 0.588509032168 -0.03) (0.237095089321 0.588889179992 -0.03) (0.237910752443 0.589263238896 -0.03) (0.238729189903 0.589631187963 -0.03) (0.239550355934 0.589993006619 -0.03) (0.24037420462 0.590348674632 -0.03) (0.241200689891 0.590698172112 -0.03) (0.242029765532 0.591041479516 -0.03) (0.242861385181 0.591378577647 -0.03) (0.243695502337 0.591709447656 -0.03) (0.244532070356 0.59203407104 -0.03))
    polyLine 58 62 ((0.207916590515 0.569791689851 0) (0.208590261947 0.570384474123 0) (0.209268347274 0.570972204232 0) (0.20995080858 0.571554847311 0) (0.210637607702 0.572132370781 0) (0.211328706235 0.572704742346 0) (0.212024065534 0.573271930002 0) (0.212723646716 0.573833902031 0) (0.213427410661 0.57439062701 0) (0.214135318016 0.574942073806 0) (0.214847329195 0.575488211583 0) (0.215563404384 0.576029009804 0) (0.216283503542 0.576564438226 0) (0.2170075864 0.577094466909 0) (0.217735612471 0.577619066216 0) (0.218467541042 0.578138206811 0) (0.219203331187 0.578651859665 0) (0.219942941761 0.579159996054 0) (0.220686331406 0.579662587566 0) (0.221433458553 0.580159606095 0) (0.222184281423 0.58065102385 0) (0.222938758032 0.58113681335 0) (0.22369684619 0.581616947431 0) (0.224458503506 0.582091399245 0) (0.22522368739 0.582560142262 0) (0.225992355054 0.583023150269 0) (0.226764463515 0.583480397376 0) (0.227539969597 0.583931858014 0) (0.228318829936 0.584377506939 0) (0.229101000978 0.584817319231 0) (0.229886438987 0.585251270295 0) (0.230675100041 0.585679335866 0) (0.23146694004 0.586101492007 0) (0.232261914706 0.586517715112 0) (0.233059979583 0.586927981906 0) (0.233861090047 0.587332269448 0) (0.2346652013 0.587730555131 0) (0.235472268377 0.588122816682 0) (0.236282246148 0.588509032168 0) (0.237095089321 0.588889179992 0) (0.237910752443 0.589263238896 0) (0.238729189903 0.589631187963 0) (0.239550355934 0.589993006619 0) (0.24037420462 0.590348674632 0) (0.241200689891 0.590698172112 0) (0.242029765532 0.591041479516 0) (0.242861385181 0.591378577647 0) (0.243695502337 0.591709447656 0) (0.244532070356 0.59203407104 0))
    polyLine 57 61 ((0.128614429191 1.1582249314 -0.03) (0.13145135726 1.16169127166 -0.03) (0.134304313968 1.16516704949 -0.03) (0.137173406207 1.16865231459 -0.03) (0.140058741769 1.17214711701 -0.03) (0.142960429358 1.17565150711 -0.03) (0.145878578597 1.17916553561 -0.03) (0.148813300039 1.18268925357 -0.03) (0.151764705178 1.18622271237 -0.03) (0.154732906453 1.18976596377 -0.03) (0.157718017266 1.19331905986 -0.03) (0.160720151984 1.19688205308 -0.03) (0.163739425953 1.20045499624 -0.03) (0.166775955507 1.20403794252 -0.03) (0.16982985798 1.20763094542 -0.03) (0.172901251712 1.21123405886 -0.03) (0.175990256066 1.2148473371 -0.03) (0.179096991432 1.21847083478 -0.03) (0.182221579241 1.22210460691 -0.03) (0.185364141975 1.22574870889 -0.03) (0.18852480318 1.22940319651 -0.03) (0.191703687475 1.23306812593 -0.03) (0.194900920561 1.23674355371 -0.03))
    polyLine 59 63 ((0.128614429191 1.1582249314 0) (0.13145135726 1.16169127166 0) (0.134304313968 1.16516704949 0) (0.137173406207 1.16865231459 0) (0.140058741769 1.17214711701 0) (0.142960429358 1.17565150711 0) (0.145878578597 1.17916553561 0) (0.148813300039 1.18268925357 0) (0.151764705178 1.18622271237 0) (0.154732906453 1.18976596377 0) (0.157718017266 1.19331905986 0) (0.160720151984 1.19688205308 0) (0.163739425953 1.20045499624 0) (0.166775955507 1.20403794252 0) (0.16982985798 1.20763094542 0) (0.172901251712 1.21123405886 0) (0.175990256066 1.2148473371 0) (0.179096991432 1.21847083478 0) (0.182221579241 1.22210460691 0) (0.185364141975 1.22574870889 0) (0.18852480318 1.22940319651 0) (0.191703687475 1.23306812593 0) (0.194900920561 1.23674355371 0))
    polyLine 60 64 ((0.245371042459 0.592352429646 -0.03) (0.246212371731 0.592664505674 -0.03) (0.247056011127 0.592970281671 -0.03) (0.247901913473 0.593269740539 -0.03) (0.248750031465 0.593562865534 -0.03) (0.249600317679 0.593849640264 -0.03) (0.250452724569 0.594130048692 -0.03) (0.251307204468 0.59440407514 -0.03) (0.252163709595 0.594671704283 -0.03) (0.253022192056 0.594932921157 -0.03) (0.253882603847 0.595187711154 -0.03) (0.254744896853 0.595436060028 -0.03) (0.255609022857 0.59567795389 -0.03) (0.256474933539 0.595913379214 -0.03) (0.257342580477 0.596142322836 -0.03) (0.258211915155 0.596364771954 -0.03) (0.25908288896 0.596580714129 -0.03) (0.259955453189 0.596790137284 -0.03) (0.260829559049 0.596993029711 -0.03) (0.261705157662 0.597189380063 -0.03) (0.262582200065 0.59737917736 -0.03) (0.263460637216 0.597562410991 -0.03) (0.264340419994 0.597739070707 -0.03) (0.265221499203 0.597909146631 -0.03) (0.266103825573 0.598072629253 -0.03) (0.266987349767 0.598229509431 -0.03) (0.26787202238 0.598379778392 -0.03) (0.268757793941 0.598523427733 -0.03) (0.269644614919 0.598660449422 -0.03) (0.270532435726 0.598790835797 -0.03) (0.271421206715 0.598914579566 -0.03) (0.272310878188 0.599031673811 -0.03) (0.273201400396 0.599142111983 -0.03) (0.274092723541 0.599245887907 -0.03) (0.274984797783 0.599342995779 -0.03) (0.275877573237 0.599433430171 -0.03) (0.276770999982 0.599517186024 -0.03) (0.277665028059 0.599594258656 -0.03) (0.278559607473 0.599664643756 -0.03) (0.279454688203 0.599728337389 -0.03) (0.280350220196 0.599785335993 -0.03) (0.281246153376 0.599835636381 -0.03) (0.282142437643 0.599879235739 -0.03) (0.283039022879 0.599916131631 -0.03) (0.283935858947 0.599946321993 -0.03) (0.284832895699 0.599969805136 -0.03) (0.285730082973 0.599986579748 -0.03) (0.286627370599 0.59999664489 -0.03))
    polyLine 62 66 ((0.245371042459 0.592352429646 0) (0.246212371731 0.592664505674 0) (0.247056011127 0.592970281671 0) (0.247901913473 0.593269740539 0) (0.248750031465 0.593562865534 0) (0.249600317679 0.593849640264 0) (0.250452724569 0.594130048692 0) (0.251307204468 0.59440407514 0) (0.252163709595 0.594671704283 0) (0.253022192056 0.594932921157 0) (0.253882603847 0.595187711154 0) (0.254744896853 0.595436060028 0) (0.255609022857 0.59567795389 0) (0.256474933539 0.595913379214 0) (0.257342580477 0.596142322836 0) (0.258211915155 0.596364771954 0) (0.25908288896 0.596580714129 0) (0.259955453189 0.596790137284 0) (0.260829559049 0.596993029711 0) (0.261705157662 0.597189380063 0) (0.262582200065 0.59737917736 0) (0.263460637216 0.597562410991 0) (0.264340419994 0.597739070707 0) (0.265221499203 0.597909146631 0) (0.266103825573 0.598072629253 0) (0.266987349767 0.598229509431 0) (0.26787202238 0.598379778392 0) (0.268757793941 0.598523427733 0) (0.269644614919 0.598660449422 0) (0.270532435726 0.598790835797 0) (0.271421206715 0.598914579566 0) (0.272310878188 0.599031673811 0) (0.273201400396 0.599142111983 0) (0.274092723541 0.599245887907 0) (0.274984797783 0.599342995779 0) (0.275877573237 0.599433430171 0) (0.276770999982 0.599517186024 0) (0.277665028059 0.599594258656 0) (0.278559607473 0.599664643756 0) (0.279454688203 0.599728337389 0) (0.280350220196 0.599785335993 0) (0.281246153376 0.599835636381 0) (0.282142437643 0.599879235739 0) (0.283039022879 0.599916131631 0) (0.283935858947 0.599946321993 0) (0.284832895699 0.599969805136 0) (0.285730082973 0.599986579748 0) (0.286627370599 0.59999664489 0))
    polyLine 61 65 ((0.201580648025 1.24438826535 -0.03) (0.205066156407 1.24835923351 -0.03) (0.20857331434 1.25234251276 -0.03) (0.212102283286 1.2563381751 -0.03) (0.215653226227 1.26034629308 -0.03) (0.219226307684 1.26436693981 -0.03) (0.222821693736 1.26840018893 -0.03) (0.226439552036 1.27244611468 -0.03) (0.230080051832 1.27650479183 -0.03) (0.233743363979 1.28057629574 -0.03) (0.237429660965 1.28466070235 -0.03) (0.241139116924 1.28875808819 -0.03) (0.244871907658 1.29286853036 -0.03) (0.248628210656 1.29699210659 -0.03) (0.252408205112 1.30112889518 -0.03) (0.256212071946 1.30527897506 -0.03) (0.260039993826 1.30944242577 -0.03) (0.263892155183 1.31361932746 -0.03) (0.267768742238 1.31780976094 -0.03) (0.271669943018 1.32201380762 -0.03) (0.275595947378 1.32623154957 -0.03) (0.279546947028 1.3304630695 -0.03) (0.283523135545 1.3347084508 -0.03))
    polyLine 63 67 ((0.201580648025 1.24438826535 0) (0.205066156407 1.24835923351 0) (0.20857331434 1.25234251276 0) (0.212102283286 1.2563381751 0) (0.215653226227 1.26034629308 0) (0.219226307684 1.26436693981 0) (0.222821693736 1.26840018893 0) (0.226439552036 1.27244611468 0) (0.230080051832 1.27650479183 0) (0.233743363979 1.28057629574 0) (0.237429660965 1.28466070235 0) (0.241139116924 1.28875808819 0) (0.244871907658 1.29286853036 0) (0.248628210656 1.29699210659 0) (0.252408205112 1.30112889518 0) (0.256212071946 1.30527897506 0) (0.260039993826 1.30944242577 0) (0.263892155183 1.31361932746 0) (0.267768742238 1.31780976094 0) (0.271669943018 1.32201380762 0) (0.275595947378 1.32623154957 0) (0.279546947028 1.3304630695 0) (0.283523135545 1.3347084508 0))
);

boundary
(
    body_fore
    {
        type wall;
        faces
        (
            (0 2 6 4)
            (4 6 10 8)
            (8 10 14 12)
            (12 14 18 16)
            (16 18 22 20)
            (20 22 26 24)
            (24 26 30 28)
            (28 30 34 32)
            (32 34 38 36)
            (36 38 42 40)
            (40 42 46 44)
            (44 46 50 48)
            (48 50 54 52)
            (52 54 58 56)
            (56 58 62 60)
            (60 62 66 64)
        );
    }
    freestream
    {
        type patch;
        faces
        (
            (1 5 7 3)
            (5 9 11 7)
            (9 13 15 11)
            (13 17 19 15)
            (17 21 23 19)
            (21 25 27 23)
            (25 29 31 27)
            (29 33 35 31)
            (33 37 39 35)
            (37 41 43 39)
            (41 45 47 43)
            (45 49 51 47)
            (49 53 55 51)
            (53 57 59 55)
            (57 61 63 59)
            (61 65 67 63)
        );
    }
    outlet
    {
        type patch;
        faces
        (
            (64 66 67 65)
        );
    }
    axis
    {
        type patch;
        faces
        (
            (0 1 3 2)
        );
    }
    front
    {
        type patch;
        faces
        (
            (2 6 7 3)
            (6 10 11 7)
            (10 14 15 11)
            (14 18 19 15)
            (18 22 23 19)
            (22 26 27 23)
            (26 30 31 27)
            (30 34 35 31)
            (34 38 39 35)
            (38 42 43 39)
            (42 46 47 43)
            (46 50 51 47)
            (50 54 55 51)
            (54 58 59 55)
            (58 62 63 59)
            (62 66 67 63)
        );
    }
    back
    {
        type patch;
        faces
        (
            (0 1 5 4)
            (4 5 9 8)
            (8 9 13 12)
            (12 13 17 16)
            (16 17 21 20)
            (20 21 25 24)
            (24 25 29 28)
            (28 29 33 32)
            (32 33 37 36)
            (36 37 41 40)
            (40 41 45 44)
            (44 45 49 48)
            (48 49 53 52)
            (52 53 57 56)
            (56 57 61 60)
            (60 61 65 64)
        );
    }
);
