FoamFile
{
    version     2.0;
    format      ascii;
    class       dictionary;
    object      blockMeshDict;
}
// Generated by aether.cfd - do not edit by hand. Regenerate from the run config.

scale 1;

vertices
(
    (0 0 -0.03)
    (-0.356977750711 7.18052590189e-17 -0.03)
    (0 0 0)
    (-0.356977750711 7.18052590189e-17 0)
    (0.00141510271015 0.0416342248294 -0.03)
    (-0.353029674787 0.106374643816 -0.03)
    (0.00141510271015 0.0416342248294 0)
    (-0.353029674787 0.106374643816 0)
    (0.00565331038039 0.083076335341 -0.03)
    (-0.341310305073 0.21192761302 -0.03)
    (0.00565331038039 0.083076335341 0)
    (-0.341310305073 0.21192761302 0)
    (0.0126954166183 0.124135071027 -0.03)
    (-0.322158193732 0.315987897209 -0.03)
    (0.0126954166183 0.124135071027 0)
    (-0.322158193732 0.315987897209 0)
    (0.0225087919816 0.164620976352 -0.03)
    (-0.296034669579 0.418135454225 -0.03)
    (0.0225087919816 0.164620976352 0)
    (-0.296034669579 0.418135454225 0)
    (0.0350480723904 0.204347258849 -0.03)
    (-0.263416102708 0.518231111752 -0.03)
    (0.0350480723904 0.204347258849 0)
    (-0.263416102708 0.518231111752 0)
    (0.0493147286106 0.243494834872 -0.03)
    (-0.225327223418 0.61492990489 -0.03)
    (0.0493147286106 0.243494834872 0)
    (-0.225327223418 0.61492990489 0)
    (0.0636137253049 0.282630723686 -0.03)
    (-0.184065689917 0.70498237231 -0.03)
    (0.0636137253049 0.282630723686 0)
    (-0.184065689917 0.70498237231 0)
    (0.0779127219993 0.3217666125 -0.03)
    (-0.141329394423 0.787581106654 -0.03)
    (0.0779127219993 0.3217666125 0)
    (-0.141329394423 0.787581106654 0)
    (0.0922117186936 0.360902501315 -0.03)
    (-0.0984522971265 0.86264253571 -0.03)
    (0.0922117186936 0.360902501315 0)
    (-0.0984522971265 0.86264253571 0)
    (0.106510715388 0.400038390129 -0.03)
    (-0.0563885763303 0.930507322103 -0.03)
    (0.106510715388 0.400038390129 0)
    (-0.0563885763303 0.930507322103 0)
    (0.120809712082 0.439174278943 -0.03)
    (-0.0157622550172 0.991735934447 -0.03)
    (0.120809712082 0.439174278943 0)
    (-0.0157622550172 0.991735934447 0)
    (0.135108708777 0.478310167758 -0.03)
    (0.0230573598199 1.04697276978 -0.03)
    (0.135108708777 0.478310167758 0)
    (0.0230573598199 1.04697276978 0)
    (0.149407705471 0.517446056572 -0.03)
    (0.0598832990717 1.09686622186 -0.03)
    (0.149407705471 0.517446056572 0)
    (0.0598832990717 1.09686622186 0)
    (0.163790162041 0.556549879216 -0.03)
    (0.0947944409304 1.14220790089 -0.03)
    (0.163790162041 0.556549879216 0)
    (0.0947944409304 1.14220790089 0)
    (0.190028321219 0.588151446791 -0.03)
    (0.148528755196 1.20877298596 -0.03)
    (0.190028321219 0.588151446791 0)
    (0.148528755196 1.20877298596 0)
    (0.229356685216 0.6 -0.03)
    (0.229356685216 1.30271226686 -0.03)
    (0.229356685216 0.6 0)
    (0.229356685216 1.30271226686 0)
);

blocks
(
    hex (0 4 5 1 2 6 7 3) (4 48 1) simpleGrading (1 4 1)
    hex (4 8 9 5 6 10 11 7) (4 48 1) simpleGrading (1 4 1)
    hex (8 12 13 9 10 14 15 11) (4 48 1) simpleGrading (1 4 1)
    hex (12 16 17 13 14 18 19 15) (4 48 1) simpleGrading (1 4 1)
    hex (16 20 21 17 18 22 23 19) (4 48 1) simpleGrading (1 4 1)
    hex (20 24 25 21 22 26 27 23) (4 48 1) simpleGrading (1 4 1)
    hex (24 28 29 25 26 30 31 27) (4 48 1) simpleGrading (1 4 1)
    hex (28 32 33 29 30 34 35 31) (4 48 1) simpleGrading (1 4 1)
    hex (32 36 37 33 34 38 39 35) (4 48 1) simpleGrading (1 4 1)
    hex (36 40 41 37 38 42 43 39) (4 48 1) simpleGrading (1 4 1)
    hex (40 44 45 41 42 46 47 43) (4 48 1) simpleGrading (1 4 1)
    hex (44 48 49 45 46 50 51 47) (4 48 1) simpleGrading (1 4 1)
    hex (48 52 53 49 50 54 55 51) (4 48 1) simpleGrading (1 4 1)
    hex (52 56 57 53 54 58 59 55) (4 48 1) simpleGrading (1 4 1)
    hex (56 60 61 57 58 62 63 59) (4 48 1) simpleGrading (1 4 1)
    hex (60 64 65 61 62 66 67 63) (4 48 1) simpleGrading (1 4 1)
);

edges
(
    polyLine 0 4 ((6.81315807317e-07 0.00091412753512 -0.03) (2.72526171549e-06 0.00182825303905 -0.03) (6.13183318282e-06 0.00274237448062 -0.03) (1.09010226399e-05 0.00365648982864 -0.03) (1.70328194897e-05 0.00457059705196 -0.03) (2.45272101073e-05 0.00548469411943 -0.03) (3.33841778403e-05 0.00639877899994 -0.03) (4.36037030085e-05 0.0073128496624 -0.03) (5.51857629041e-05 0.00822690407573 -0.03) (6.8130331792e-05 0.00914094020893 -0.03) (8.24373809092e-05 0.010054956031 -0.03) (9.81068784658e-05 0.010968949511 -0.03) (0.000115138789644 0.0118829186181 -0.03) (0.000133533076599 0.0127968613213 -0.03) (0.000153289698459 0.0137107755901 -0.03) (0.000174408611324 0.0146246593935 -0.03) (0.00019688976827 0.015538510701 -0.03) (0.000220733119341 0.016452327482 -0.03) (0.00024593861156 0.017366107706 -0.03) (0.000272506188919 0.0182798493427 -0.03) (0.000300435792385 0.0191935503615 -0.03) (0.000329727359899 0.0201072087324 -0.03) (0.000360380826375 0.0210208224252 -0.03) (0.000392396123701 0.0219343894099 -0.03) (0.00042577318074 0.0228479076564 -0.03) (0.000460511923328 0.0237613751349 -0.03) (0.000496612274275 0.0246747898159 -0.03) (0.000534074153366 0.0255881496695 -0.03) (0.000572897477362 0.0265014526664 -0.03) (0.000613082159998 0.0274146967772 -0.03) (0.000654628111982 0.0283278799727 -0.03) (0.000697535241001 0.0292410002238 -0.03) (0.000741803451715 0.0301540555015 -0.03) (0.00078743264576 0.0310670437771 -0.03) (0.000834422721747 0.0319799630218 -0.03) (0.000882773575267 0.0328928112073 -0.03) (0.000932485098882 0.033805586305 -0.03) (0.000983557182135 0.0347182862869 -0.03) (0.00103598971154 0.035630909125 -0.03) (0.0010897825706 0.0365434527913 -0.03) (0.00114493563978 0.0374559152583 -0.03) (0.00120144879654 0.0383682944984 -0.03) (0.0012593219153 0.0392805884843 -0.03) (0.00131855486746 0.040192795189 -0.03) (0.00137914752142 0.0411049125854 -0.03))
    polyLine 2 6 ((6.81315807317e-07 0.00091412753512 0) (2.72526171549e-06 0.00182825303905 0) (6.13183318282e-06 0.00274237448062 0) (1.09010226399e-05 0.00365648982864 0) (1.70328194897e-05 0.00457059705196 0) (2.45272101073e-05 0.00548469411943 0) (3.33841778403e-05 0.00639877899994 0) (4.36037030085e-05 0.0073128496624 0) (5.51857629041e-05 0.00822690407573 0) (6.8130331792e-05 0.00914094020893 0) (8.24373809092e-05 0.010054956031 0) (9.81068784658e-05 0.010968949511 0) (0.000115138789644 0.0118829186181 0) (0.000133533076599 0.0127968613213 0) (0.000153289698459 0.0137107755901 0) (0.000174408611324 0.0146246593935 0) (0.00019688976827 0.015538510701 0) (0.000220733119341 0.016452327482 0) (0.00024593861156 0.017366107706 0) (0.000272506188919 0.0182798493427 0) (0.000300435792385 0.0191935503615 0) (0.000329727359899 0.0201072087324 0) (0.000360380826375 0.0210208224252 0) (0.000392396123701 0.0219343894099 0) (0.00042577318074 0.0228479076564 0) (0.000460511923328 0.0237613751349 0) (0.000496612274275 0.0246747898159 0) (0.000534074153366 0.0255881496695 0) (0.000572897477362 0.0265014526664 0) (0.000613082159998 0.0274146967772 0) (0.000654628111982 0.0283278799727 0) (0.000697535241001 0.0292410002238 0) (0.000741803451715 0.0301540555015 0) (0.00078743264576 0.0310670437771 0) (0.000834422721747 0.0319799630218 0) (0.000882773575267 0.0328928112073 0) (0.000932485098882 0.033805586305 0) (0.000983557182135 0.0347182862869 0) (0.00103598971154 0.035630909125 0) (0.0010897825706 0.0365434527913 0) (0.00114493563978 0.0374559152583 0) (0.00120144879654 0.0383682944984 0) (0.0012593219153 0.0392805884843 0) (0.00131855486746 0.040192795189 0) (0.00137914752142 0.0411049125854 0))
    polyLine 1 5 ((-0.356970953289 0.00441370207883 -0.03) (-0.35695055984 0.00882759735367 -0.03) (-0.356916566824 0.0132418790425 -0.03) (-0.356868968333 0.0176567404069 -0.03) (-0.356807756098 0.0220723747743 -0.03) (-0.356732919483 0.0264889755598 -0.03) (-0.356644445481 0.0309067362878 -0.03) (-0.356542318713 0.0353258506144 -0.03) (-0.356426521421 0.039746512349 -0.03) (-0.356297033467 0.0441689154765 -0.03) (-0.356153832323 0.0485932541792 -0.03) (-0.355996893068 0.0530197228587 -0.03) (-0.355826188379 0.0574485161586 -0.03) (-0.355641688526 0.0618798289857 -0.03) (-0.355443361362 0.0663138565329 -0.03) (-0.355231172314 0.0707507943011 -0.03) (-0.355005084375 0.0751908381213 -0.03) (-0.35476505809 0.0796341841772 -0.03) (-0.354511051551 0.0840810290274 -0.03) (-0.354243020382 0.0885315696278 -0.03) (-0.353960917725 0.0929860033541 -0.03) (-0.353664694231 0.0974445280244 -0.03) (-0.353354298044 0.101907341921 -0.03))
    polyLine 3 7 ((-0.356970953289 0.00441370207883 0) (-0.35695055984 0.00882759735367 0) (-0.356916566824 0.0132418790425 0) (-0.356868968333 0.0176567404069 0) (-0.356807756098 0.0220723747743 0) (-0.356732919483 0.0264889755598 0) (-0.356644445481 0.0309067362878 0) (-0.356542318713 0.0353258506144 0) (-0.356426521421 0.039746512349 0) (-0.356297033467 0.0441689154765 0) (-0.356153832323 0.0485932541792 0) (-0.355996893068 0.0530197228587 0) (-0.355826188379 0.0574485161586 0) (-0.355641688526 0.0618798289857 0) (-0.355443361362 0.0663138565329 0) (-0.355231172314 0.0707507943011 0) (-0.355005084375 0.0751908381213 0) (-0.35476505809 0.0796341841772 0) (-0.354511051551 0.0840810290274 0) (-0.354243020382 0.0885315696278 0) (-0.353960917725 0.0929860033541 0) (-0.353664694231 0.0974445280244 0) (-0.353354298044 0.101907341921 0))
    polyLine 4 8 ((0.00144109974253 0.042016938647 -0.03) (0.00150441139314 0.0429288713471 -0.03) (0.00156908233257 0.0438407086595 -0.03) (0.00163511241712 0.044752448558 -0.03) (0.00170250150007 0.0456640890168 -0.03) (0.00177124943169 0.0465756280103 -0.03) (0.00184135605922 0.0474870635129 -0.03) (0.00191282122688 0.0483983934995 -0.03) (0.00198564477587 0.0493096159451 -0.03) (0.00205982654438 0.050220728825 -0.03) (0.00213536636759 0.0511317301146 -0.03) (0.00221226407763 0.0520426177898 -0.03) (0.00229051950365 0.0529533898266 -0.03) (0.00237013247176 0.0538640442012 -0.03) (0.00245110280506 0.0547745788901 -0.03) (0.00253343032364 0.0556849918703 -0.03) (0.00261711484457 0.0565952811186 -0.03) (0.00270215618189 0.0575054446125 -0.03) (0.00278855414665 0.0584154803295 -0.03) (0.00287630854687 0.0593253862477 -0.03) (0.00296541918756 0.0602351603451 -0.03) (0.00305588587072 0.0611448006003 -0.03) (0.00314770839533 0.0620543049921 -0.03) (0.00324088655737 0.0629636714995 -0.03) (0.00333542014978 0.0638728981019 -0.03) (0.00343130896252 0.0647819827791 -0.03) (0.00352855278252 0.065690923511 -0.03) (0.00362715139371 0.066599718278 -0.03) (0.00372710457701 0.0675083650607 -0.03) (0.00382841211031 0.0684168618402 -0.03) (0.00393107376851 0.0693252065978 -0.03) (0.0040350893235 0.0702333973151 -0.03) (0.00414045854415 0.0711414319741 -0.03) (0.00424718119635 0.0720493085572 -0.03) (0.00435525704294 0.0729570250471 -0.03) (0.00446468584378 0.0738645794269 -0.03) (0.00457546735573 0.0747719696799 -0.03) (0.00468760133263 0.07567919379 -0.03) (0.00480108752531 0.0765862497412 -0.03) (0.00491592568162 0.0774931355182 -0.03) (0.00503211554638 0.0783998491058 -0.03) (0.00514965686142 0.0793063884894 -0.03) (0.00526854936556 0.0802127516545 -0.03) (0.00538879279462 0.0811189365873 -0.03) (0.00551038688143 0.0820249412742 -0.03) (0.0056333313558 0.0829307637021 -0.03))
    polyLine 6 10 ((0.00144109974253 0.042016938647 0) (0.00150441139314 0.0429288713471 0) (0.00156908233257 0.0438407086595 0) (0.00163511241712 0.044752448558 0) (0.00170250150007 0.0456640890168 0) (0.00177124943169 0.0465756280103 0) (0.00184135605922 0.0474870635129 0) (0.00191282122688 0.0483983934995 0) (0.00198564477587 0.0493096159451 0) (0.00205982654438 0.050220728825 0) (0.00213536636759 0.0511317301146 0) (0.00221226407763 0.0520426177898 0) (0.00229051950365 0.0529533898266 0) (0.00237013247176 0.0538640442012 0) (0.00245110280506 0.0547745788901 0) (0.00253343032364 0.0556849918703 0) (0.00261711484457 0.0565952811186 0) (0.00270215618189 0.0575054446125 0) (0.00278855414665 0.0584154803295 0) (0.00287630854687 0.0593253862477 0) (0.00296541918756 0.0602351603451 0) (0.00305588587072 0.0611448006003 0) (0.00314770839533 0.0620543049921 0) (0.00324088655737 0.0629636714995 0) (0.00333542014978 0.0638728981019 0) (0.00343130896252 0.0647819827791 0) (0.00352855278252 0.065690923511 0) (0.00362715139371 0.066599718278 0) (0.00372710457701 0.0675083650607 0) (0.00382841211031 0.0684168618402 0) (0.00393107376851 0.0693252065978 0) (0.0040350893235 0.0702333973151 0) (0.00414045854415 0.0711414319741 0) (0.00424718119635 0.0720493085572 0) (0.00435525704294 0.0729570250471 0) (0.00446468584378 0.0738645794269 0) (0.00457546735573 0.0747719696799 0) (0.00468760133263 0.07567919379 0) (0.00480108752531 0.0765862497412 0) (0.00491592568162 0.0774931355182 0) (0.00503211554638 0.0783998491058 0) (0.00514965686142 0.0793063884894 0) (0.00526854936556 0.0802127516545 0) (0.00538879279462 0.0811189365873 0) (0.00551038688143 0.0820249412742 0) (0.0056333313558 0.0829307637021 0))
    polyLine 5 9 ((-0.352701755975 0.110704470079 -0.03) (-0.352360392527 0.11503887185 -0.03) (-0.35200552825 0.119378030975 -0.03) (-0.351637104678 0.12372212981 -0.03) (-0.35125506106 0.128071351236 -0.03) (-0.350859334343 0.132425878681 -0.03) (-0.350449859155 0.136785896141 -0.03) (-0.350026567788 0.141151588199 -0.03) (-0.349589390183 0.145523140043 -0.03) (-0.349138253906 0.149900737489 -0.03) (-0.348673084135 0.154284566999 -0.03) (-0.348193803639 0.158674815704 -0.03) (-0.347700332753 0.16307167142 -0.03) (-0.347192589365 0.167475322673 -0.03) (-0.346670488887 0.171885958717 -0.03) (-0.346133944238 0.176303769554 -0.03) (-0.34558286582 0.180728945958 -0.03) (-0.345017161491 0.185161679493 -0.03) (-0.344436736546 0.189602162534 -0.03) (-0.343841493689 0.194050588291 -0.03) (-0.343231333006 0.198507150828 -0.03) (-0.342606151942 0.202972045084 -0.03) (-0.341965845272 0.207445466896 -0.03))
    polyLine 7 11 ((-0.352701755975 0.110704470079 0) (-0.352360392527 0.11503887185 0) (-0.35200552825 0.119378030975 0) (-0.351637104678 0.12372212981 0) (-0.35125506106 0.128071351236 0) (-0.350859334343 0.132425878681 0) (-0.350449859155 0.136785896141 0) (-0.350026567788 0.141151588199 0) (-0.349589390183 0.145523140043 0) (-0.349138253906 0.149900737489 0) (-0.348673084135 0.154284566999 0) (-0.348193803639 0.158674815704 0) (-0.347700332753 0.16307167142 0) (-0.347192589365 0.167475322673 0) (-0.346670488887 0.171885958717 0) (-0.346133944238 0.176303769554 0) (-0.34558286582 0.180728945958 0) (-0.345017161491 0.185161679493 0) (-0.344436736546 0.189602162534 0) (-0.343841493689 0.194050588291 0) (-0.343231333006 0.198507150828 0) (-0.342606151942 0.202972045084 0) (-0.341965845272 0.207445466896 0))
    polyLine 8 12 ((0.00575762594455 0.0838364018583 -0.03) (0.0058832703715 0.0847418537303 -0.03) (0.00601026435746 0.0856471173064 -0.03) (0.00613860762026 0.086552190575 -0.03) (0.00626829987472 0.0874570715251 -0.03) (0.00639934083266 0.088361758146 -0.03) (0.00653173020292 0.0892662484275 -0.03) (0.00666546769131 0.0901705403598 -0.03) (0.00680055300069 0.0910746319336 -0.03) (0.00693698583088 0.09197852114 -0.03) (0.00707476587874 0.0928822059706 -0.03) (0.00721389283811 0.0937856844174 -0.03) (0.00735436639987 0.0946889544729 -0.03) (0.00749618625188 0.09559201413 -0.03) (0.00763935207901 0.096494861382 -0.03) (0.00778386356316 0.097397494223 -0.03) (0.00792972038321 0.0982999106472 -0.03) (0.00807692221507 0.0992021086495 -0.03) (0.00822546873167 0.100104086225 -0.03) (0.00837535960294 0.10100584137 -0.03) (0.00852659449581 0.101907372081 -0.03) (0.00867917307424 0.102808676353 -0.03) (0.00883309499921 0.103709752186 -0.03) (0.00898835992869 0.104610597575 -0.03) (0.00914496751771 0.105511210521 -0.03) (0.00930291741826 0.106411589021 -0.03) (0.00946220927939 0.107311731075 -0.03) (0.00962284274715 0.108211634683 -0.03) (0.00978481746462 0.109111297846 -0.03) (0.00994813307188 0.110010718563 -0.03) (0.0101127892061 0.110909894837 -0.03) (0.0102787855013 0.11180882467 -0.03) (0.0104461215887 0.112707506065 -0.03) (0.0106147970965 0.113605937023 -0.03) (0.0107848116499 0.11450411555 -0.03) (0.0109561648711 0.11540203965 -0.03) (0.0111288563794 0.116299707326 -0.03) (0.0113028857911 0.117197116586 -0.03) (0.0114782527193 0.118094265433 -0.03) (0.0116549567746 0.118991151876 -0.03) (0.0118329975643 0.119887773922 -0.03) (0.0120123746927 0.120784129577 -0.03) (0.0121930877612 0.12168021685 -0.03) (0.0123751363684 0.122576033751 -0.03) (0.0125585201098 0.123471578288 -0.03))
    polyLine 10 14 ((0.00575762594455 0.0838364018583 0) (0.0058832703715 0.0847418537303 0) (0.00601026435746 0.0856471173064 0) (0.00613860762026 0.086552190575 0) (0.00626829987472 0.0874570715251 0) (0.00639934083266 0.088361758146 0) (0.00653173020292 0.0892662484275 0) (0.00666546769131 0.0901705403598 0) (0.00680055300069 0.0910746319336 0) (0.00693698583088 0.09197852114 0) (0.00707476587874 0.0928822059706 0) (0.00721389283811 0.0937856844174 0) (0.00735436639987 0.0946889544729 0) (0.00749618625188 0.09559201413 0) (0.00763935207901 0.096494861382 0) (0.00778386356316 0.097397494223 0) (0.00792972038321 0.0982999106472 0) (0.00807692221507 0.0992021086495 0) (0.00822546873167 0.100104086225 0) (0.00837535960294 0.10100584137 0) (0.00852659449581 0.101907372081 0) (0.00867917307424 0.102808676353 0) (0.00883309499921 0.103709752186 0) (0.00898835992869 0.104610597575 0) (0.00914496751771 0.105511210521 0) (0.00930291741826 0.106411589021 0) (0.00946220927939 0.107311731075 0) (0.00962284274715 0.108211634683 0) (0.00978481746462 0.109111297846 0) (0.00994813307188 0.110010718563 0) (0.0101127892061 0.110909894837 0) (0.0102787855013 0.11180882467 0) (0.0104461215887 0.112707506065 0) (0.0106147970965 0.113605937023 0) (0.0107848116499 0.11450411555 0) (0.0109561648711 0.11540203965 0) (0.0111288563794 0.116299707326 0) (0.0113028857911 0.117197116586 0) (0.0114782527193 0.118094265433 0) (0.0116549567746 0.118991151876 0) (0.0118329975643 0.119887773922 0) (0.0120123746927 0.120784129577 0) (0.0121930877612 0.12168021685 0) (0.0123751363684 0.122576033751 0) (0.0125585201098 0.123471578288 0))
    polyLine 9 13 ((-0.340679024408 0.216156152775 -0.03) (-0.340034044857 0.22039276869 -0.03) (-0.339375269625 0.224637627361 -0.03) (-0.338702599707 0.228890896175 -0.03) (-0.338015933862 0.233152743327 -0.03) (-0.337315168591 0.237423337833 -0.03) (-0.336600198111 0.24170284955 -0.03) (-0.335870914332 0.245991449192 -0.03) (-0.335127206828 0.250289308349 -0.03) (-0.334368962814 0.254596599501 -0.03) (-0.333596067117 0.258913496035 -0.03) (-0.332808402151 0.263240172269 -0.03) (-0.332005847885 0.26757680346 -0.03) (-0.331188281818 0.271923565831 -0.03) (-0.330355578947 0.276280636583 -0.03) (-0.329507611739 0.280648193913 -0.03) (-0.328644250097 0.285026417039 -0.03) (-0.327765361335 0.289415486208 -0.03) (-0.326870810138 0.293815582725 -0.03) (-0.325960458536 0.298226888964 -0.03) (-0.325034165866 0.302649588389 -0.03) (-0.32409178874 0.307083865578 -0.03) (-0.32313318101 0.311529906233 -0.03))
    polyLine 11 15 ((-0.340679024408 0.216156152775 0) (-0.340034044857 0.22039276869 0) (-0.339375269625 0.224637627361 0) (-0.338702599707 0.228890896175 0) (-0.338015933862 0.233152743327 0) (-0.337315168591 0.237423337833 0) (-0.336600198111 0.24170284955 0) (-0.335870914332 0.245991449192 0) (-0.335127206828 0.250289308349 0) (-0.334368962814 0.254596599501 0) (-0.333596067117 0.258913496035 0) (-0.332808402151 0.263240172269 0) (-0.332005847885 0.26757680346 0) (-0.331188281818 0.271923565831 0) (-0.330355578947 0.276280636583 0) (-0.329507611739 0.280648193913 0) (-0.328644250097 0.285026417039 0) (-0.327765361335 0.289415486208 0) (-0.326870810138 0.293815582725 0) (-0.325960458536 0.298226888964 0) (-0.325034165866 0.302649588389 0) (-0.32409178874 0.307083865578 0) (-0.32313318101 0.311529906233 0))
    polyLine 12 16 ((0.0127432385777 0.124366848472 -0.03) (0.0129292913619 0.125261842313 -0.03) (0.0131166780489 0.126156557823 -0.03) (0.0133053982223 0.127050993014 -0.03) (0.0134954514627 0.127945145898 -0.03) (0.013686837348 0.128839014489 -0.03) (0.0138795554528 0.1297325968 -0.03) (0.0140736053489 0.130625890846 -0.03) (0.0142689866051 0.131518894642 -0.03) (0.0144656987873 0.132411606204 -0.03) (0.0146637414585 0.133304023547 -0.03) (0.0148631141785 0.13419614469 -0.03) (0.0150638165043 0.135087967649 -0.03) (0.01526584799 0.135979490444 -0.03) (0.0154692081867 0.136870711093 -0.03) (0.0156738966425 0.137761627616 -0.03) (0.0158799129026 0.138652238033 -0.03) (0.0160872565092 0.139542540366 -0.03) (0.0162959270016 0.140432532635 -0.03) (0.0165059239162 0.141322212865 -0.03) (0.0167172467863 0.142211579077 -0.03) (0.0169298951424 0.143100629295 -0.03) (0.017143868512 0.143989361545 -0.03) (0.0173591664195 0.144877773851 -0.03) (0.0175757883867 0.14576586424 -0.03) (0.0177937339322 0.146653630737 -0.03) (0.0180130025718 0.147541071371 -0.03) (0.0182335938181 0.148428184169 -0.03) (0.0184555071811 0.149314967161 -0.03) (0.0186787421677 0.150201418375 -0.03) (0.0189032982818 0.151087535842 -0.03) (0.0191291750245 0.151973317594 -0.03) (0.0193563718939 0.152858761662 -0.03) (0.0195848883851 0.153743866078 -0.03) (0.0198147239904 0.154628628877 -0.03) (0.0200458781991 0.155513048091 -0.03) (0.0202783504976 0.156397121756 -0.03) (0.0205121403692 0.157280847907 -0.03) (0.0207472472947 0.158164224581 -0.03) (0.0209836707514 0.159047249815 -0.03) (0.0212214102142 0.159929921647 -0.03) (0.0214604651547 0.160812238115 -0.03) (0.0217008350418 0.161694197259 -0.03) (0.0219425193413 0.16257579712 -0.03) (0.0221855175163 0.163457035738 -0.03) (0.0224298290268 0.164337911155 -0.03))
    polyLine 14 18 ((0.0127432385777 0.124366848472 0) (0.0129292913619 0.125261842313 0) (0.0131166780489 0.126156557823 0) (0.0133053982223 0.127050993014 0) (0.0134954514627 0.127945145898 0) (0.013686837348 0.128839014489 0) (0.0138795554528 0.1297325968 0) (0.0140736053489 0.130625890846 0) (0.0142689866051 0.131518894642 0) (0.0144656987873 0.132411606204 0) (0.0146637414585 0.133304023547 0) (0.0148631141785 0.13419614469 0) (0.0150638165043 0.135087967649 0) (0.01526584799 0.135979490444 0) (0.0154692081867 0.136870711093 0) (0.0156738966425 0.137761627616 0) (0.0158799129026 0.138652238033 0) (0.0160872565092 0.139542540366 0) (0.0162959270016 0.140432532635 0) (0.0165059239162 0.141322212865 0) (0.0167172467863 0.142211579077 0) (0.0169298951424 0.143100629295 0) (0.017143868512 0.143989361545 0) (0.0173591664195 0.144877773851 0) (0.0175757883867 0.14576586424 0) (0.0177937339322 0.146653630737 0) (0.0180130025718 0.147541071371 0) (0.0182335938181 0.148428184169 0) (0.0184555071811 0.149314967161 0) (0.0186787421677 0.150201418375 0) (0.0189032982818 0.151087535842 0) (0.0191291750245 0.151973317594 0) (0.0193563718939 0.152858761662 0) (0.0195848883851 0.153743866078 0) (0.0198147239904 0.154628628877 0) (0.0200458781991 0.155513048091 0) (0.0202783504976 0.156397121756 0) (0.0205121403692 0.157280847907 0) (0.0207472472947 0.158164224581 0) (0.0209836707514 0.159047249815 0) (0.0212214102142 0.159929921647 0) (0.0214604651547 0.160812238115 0) (0.0217008350418 0.161694197259 0) (0.0219425193413 0.16257579712 0) (0.0221855175163 0.163457035738 0) (0.0224298290268 0.164337911155 0))
    polyLine 13 17 ((-0.321244242494 0.320110569714 -0.03) (-0.320316105739 0.324243717532 -0.03) (-0.319373660099 0.328387489974 -0.03) (-0.31841678008 0.33254203724 -0.03) (-0.317445338032 0.336707510432 -0.03) (-0.316459204126 0.340884061563 -0.03) (-0.315458246324 0.345071843576 -0.03) (-0.314442330353 0.349271010356 -0.03) (-0.313411319673 0.353481716743 -0.03) (-0.312365075455 0.35770411855 -0.03) (-0.311303456544 0.361938372573 -0.03) (-0.310226319435 0.366184636607 -0.03) (-0.309133518239 0.370443069465 -0.03) (-0.308024904653 0.374713830986 -0.03) (-0.306900327929 0.378997082055 -0.03) (-0.305759634841 0.383292984616 -0.03) (-0.304602669651 0.387601701688 -0.03) (-0.303429274079 0.391923397382 -0.03) (-0.302239287266 0.396258236915 -0.03) (-0.301032545738 0.400606386625 -0.03) (-0.299808883375 0.404968013991 -0.03) (-0.298568131371 0.409343287646 -0.03) (-0.297310118201 0.413732377393 -0.03))
    polyLine 15 19 ((-0.321244242494 0.320110569714 0) (-0.320316105739 0.324243717532 0) (-0.319373660099 0.328387489974 0) (-0.31841678008 0.33254203724 0) (-0.317445338032 0.336707510432 0) (-0.316459204126 0.340884061563 0) (-0.315458246324 0.345071843576 0) (-0.314442330353 0.349271010356 0) (-0.313411319673 0.353481716743 0) (-0.312365075455 0.35770411855 0) (-0.311303456544 0.361938372573 0) (-0.310226319435 0.366184636607 0) (-0.309133518239 0.370443069465 0) (-0.308024904653 0.374713830986 0) (-0.306900327929 0.378997082055 0) (-0.305759634841 0.383292984616 0) (-0.304602669651 0.387601701688 0) (-0.303429274079 0.391923397382 0) (-0.302239287266 0.396258236915 0) (-0.301032545738 0.400606386625 0) (-0.299808883375 0.404968013991 0) (-0.298568131371 0.409343287646 0) (-0.297310118201 0.413732377393 0))
    polyLine 16 20 ((0.02267545333 0.165218421414 -0.03) (0.02292238988 0.166098564558 -0.03) (0.0231706381281 0.166978338633 -0.03) (0.0234201975229 0.167857741682 -0.03) (0.0236710675097 0.168736771752 -0.03) (0.0239232475311 0.16961542689 -0.03) (0.0241767370268 0.170493705144 -0.03) (0.0244315354335 0.171371604561 -0.03) (0.0246876421851 0.172249123191 -0.03) (0.0249450567125 0.173126259084 -0.03) (0.0252037784437 0.174003010292 -0.03) (0.0254638068038 0.174879374866 -0.03) (0.0257251412151 0.175755350859 -0.03) (0.0259877810969 0.176630936325 -0.03) (0.0262517258655 0.177506129317 -0.03) (0.0265169749346 0.178380927891 -0.03) (0.0267835277147 0.179255330104 -0.03) (0.0270513836135 0.180129334013 -0.03) (0.027320542036 0.181002937675 -0.03) (0.0275910023839 0.181876139149 -0.03) (0.0278627640564 0.182748936496 -0.03) (0.0281358264495 0.183621327775 -0.03) (0.0284101889566 0.184493311049 -0.03) (0.028685850968 0.185364884379 -0.03) (0.0289628118712 0.186236045829 -0.03) (0.0292410710508 0.187106793464 -0.03) (0.0295206278885 0.187977125349 -0.03) (0.0298014817631 0.188847039549 -0.03) (0.0300836320506 0.189716534132 -0.03) (0.030367078124 0.190585607166 -0.03) (0.0306518193536 0.191454256719 -0.03) (0.0309378551065 0.192322480862 -0.03) (0.0312251847473 0.193190277666 -0.03) (0.0315138076376 0.194057645202 -0.03) (0.0318037231359 0.194924581542 -0.03) (0.0320949305981 0.195791084761 -0.03) (0.0323874293771 0.196657152933 -0.03) (0.032681218823 0.197522784134 -0.03) (0.0329762982831 0.198387976441 -0.03) (0.0332726671016 0.19925272793 -0.03) (0.03357032462 0.200117036681 -0.03) (0.0338692701769 0.200980900772 -0.03) (0.0341695031081 0.201844318285 -0.03) (0.0344710227464 0.202707287301 -0.03) (0.0347738284219 0.203569805902 -0.03))
    polyLine 18 22 ((0.02267545333 0.165218421414 0) (0.02292238988 0.166098564558 0) (0.0231706381281 0.166978338633 0) (0.0234201975229 0.167857741682 0) (0.0236710675097 0.168736771752 0) (0.0239232475311 0.16961542689 0) (0.0241767370268 0.170493705144 0) (0.0244315354335 0.171371604561 0) (0.0246876421851 0.172249123191 0) (0.0249450567125 0.173126259084 0) (0.0252037784437 0.174003010292 0) (0.0254638068038 0.174879374866 0) (0.0257251412151 0.175755350859 0) (0.0259877810969 0.176630936325 0) (0.0262517258655 0.177506129317 0) (0.0265169749346 0.178380927891 0) (0.0267835277147 0.179255330104 0) (0.0270513836135 0.180129334013 0) (0.027320542036 0.181002937675 0) (0.0275910023839 0.181876139149 0) (0.0278627640564 0.182748936496 0) (0.0281358264495 0.183621327775 0) (0.0284101889566 0.184493311049 0) (0.028685850968 0.185364884379 0) (0.0289628118712 0.186236045829 0) (0.0292410710508 0.187106793464 0) (0.0295206278885 0.187977125349 0) (0.0298014817631 0.188847039549 0) (0.0300836320506 0.189716534132 0) (0.030367078124 0.190585607166 0) (0.0306518193536 0.191454256719 0) (0.0309378551065 0.192322480862 0) (0.0312251847473 0.193190277666 0) (0.0315138076376 0.194057645202 0) (0.0318037231359 0.194924581542 0) (0.0320949305981 0.195791084761 0) (0.0323874293771 0.196657152933 0) (0.032681218823 0.197522784134 0) (0.0329762982831 0.198387976441 0) (0.0332726671016 0.19925272793 0) (0.03357032462 0.200117036681 0) (0.0338692701769 0.200980900772 0) (0.0341695031081 0.201844318285 0) (0.0344710227464 0.202707287301 0) (0.0347738284219 0.203569805902 0))
    polyLine 17 21 ((-0.29485769468 0.422158007795 -0.03) (-0.293665974008 0.426192437758 -0.03) (-0.292459369753 0.430238875947 -0.03) (-0.291237742107 0.434297455053 -0.03) (-0.290000949234 0.438368308647 -0.03) (-0.288748847244 0.44245157118 -0.03) (-0.287481290171 0.446547378004 -0.03) (-0.286198129941 0.450655865376 -0.03) (-0.284899216346 0.454777170475 -0.03) (-0.283584397018 0.45891143141 -0.03) (-0.2822535174 0.463058787236 -0.03) (-0.280906420716 0.467219377961 -0.03) (-0.279542947941 0.471393344564 -0.03) (-0.278162937775 0.475580829001 -0.03) (-0.276766226608 0.479781974225 -0.03) (-0.275352648494 0.483996924192 -0.03) (-0.273922035115 0.488225823876 -0.03) (-0.272474215751 0.492468819286 -0.03) (-0.27100901725 0.496726057473 -0.03) (-0.269526263991 0.500997686549 -0.03) (-0.268025777852 0.505283855695 -0.03) (-0.266507378176 0.509584715179 -0.03) (-0.264970881739 0.513900416371 -0.03))
    polyLine 19 23 ((-0.29485769468 0.422158007795 0) (-0.293665974008 0.426192437758 0) (-0.292459369753 0.430238875947 0) (-0.291237742107 0.434297455053 0) (-0.290000949234 0.438368308647 0) (-0.288748847244 0.44245157118 0) (-0.287481290171 0.446547378004 0) (-0.286198129941 0.450655865376 0) (-0.284899216346 0.454777170475 0) (-0.283584397018 0.45891143141 0) (-0.2822535174 0.463058787236 0) (-0.280906420716 0.467219377961 0) (-0.279542947941 0.471393344564 0) (-0.278162937775 0.475580829001 0) (-0.276766226608 0.479781974225 0) (-0.275352648494 0.483996924192 0) (-0.273922035115 0.488225823876 0) (-0.272474215751 0.492468819286 0) (-0.27100901725 0.496726057473 0) (-0.269526263991 0.500997686549 0) (-0.268025777852 0.505283855695 0) (-0.266507378176 0.509584715179 0) (-0.264970881739 0.513900416371 0))
    polyLine 20 24 ((0.0350779194617 0.204431872172 -0.03) (0.0353832951902 0.205293484196 -0.03) (0.0356899549288 0.206154640058 -0.03) (0.0359978979961 0.207015337846 -0.03) (0.0363071237079 0.207875575647 -0.03) (0.036617631377 0.208735351549 -0.03) (0.0369294203135 0.209594663642 -0.03) (0.0372424898247 0.210453510017 -0.03) (0.0375555951163 0.211310469015 -0.03) (0.0378687004079 0.212167428014 -0.03) (0.0381818056996 0.213024387012 -0.03) (0.0384949109912 0.21388134601 -0.03) (0.0388080162829 0.214738305008 -0.03) (0.0391211215745 0.215595264006 -0.03) (0.0394342268661 0.216452223004 -0.03) (0.0397473321578 0.217309182002 -0.03) (0.0400604374494 0.218166141 -0.03) (0.040373542741 0.219023099998 -0.03) (0.0406866480327 0.219880058996 -0.03) (0.0409997533243 0.220737017994 -0.03) (0.0413128586159 0.221593976992 -0.03) (0.0416259639076 0.22245093599 -0.03) (0.0419390691992 0.223307894989 -0.03) (0.0422521744909 0.224164853987 -0.03) (0.0425652797825 0.225021812985 -0.03) (0.0428783850741 0.225878771983 -0.03) (0.0431914903658 0.226735730981 -0.03) (0.0435045956574 0.227592689979 -0.03) (0.043817700949 0.228449648977 -0.03) (0.0441308062407 0.229306607975 -0.03) (0.0444439115323 0.230163566973 -0.03) (0.0447570168239 0.231020525971 -0.03) (0.0450701221156 0.231877484969 -0.03) (0.0453832274072 0.232734443967 -0.03) (0.0456963326989 0.233591402965 -0.03) (0.0460094379905 0.234448361964 -0.03) (0.0463225432821 0.235305320962 -0.03) (0.0466356485738 0.23616227996 -0.03) (0.0469487538654 0.237019238958 -0.03) (0.047261859157 0.237876197956 -0.03) (0.0475749644487 0.238733156954 -0.03) (0.0478880697403 0.239590115952 -0.03) (0.0482011750319 0.24044707495 -0.03) (0.0485142803236 0.241304033948 -0.03) (0.0488273856152 0.242160992946 -0.03) (0.0491404909069 0.243017951944 -0.03))
    polyLine 22 26 ((0.0350779194617 0.204431872172 0) (0.0353832951902 0.205293484196 0) (0.0356899549288 0.206154640058 0) (0.0359978979961 0.207015337846 0) (0.0363071237079 0.207875575647 0) (0.036617631377 0.208735351549 0) (0.0369294203135 0.209594663642 0) (0.0372424898247 0.210453510017 0) (0.0375555951163 0.211310469015 0) (0.0378687004079 0.212167428014 0) (0.0381818056996 0.213024387012 0) (0.0384949109912 0.21388134601 0) (0.0388080162829 0.214738305008 0) (0.0391211215745 0.215595264006 0) (0.0394342268661 0.216452223004 0) (0.0397473321578 0.217309182002 0) (0.0400604374494 0.218166141 0) (0.040373542741 0.219023099998 0) (0.0406866480327 0.219880058996 0) (0.0409997533243 0.220737017994 0) (0.0413128586159 0.221593976992 0) (0.0416259639076 0.22245093599 0) (0.0419390691992 0.223307894989 0) (0.0422521744909 0.224164853987 0) (0.0425652797825 0.225021812985 0) (0.0428783850741 0.225878771983 0) (0.0431914903658 0.226735730981 0) (0.0435045956574 0.227592689979 0) (0.043817700949 0.228449648977 0) (0.0441308062407 0.229306607975 0) (0.0444439115323 0.230163566973 0) (0.0447570168239 0.231020525971 0) (0.0450701221156 0.231877484969 0) (0.0453832274072 0.232734443967 0) (0.0456963326989 0.233591402965 0) (0.0460094379905 0.234448361964 0) (0.0463225432821 0.235305320962 0) (0.0466356485738 0.23616227996 0) (0.0469487538654 0.237019238958 0) (0.047261859157 0.237876197956 0) (0.0475749644487 0.238733156954 0) (0.0478880697403 0.239590115952 0) (0.0482011750319 0.24044707495 0) (0.0485142803236 0.241304033948 0) (0.0488273856152 0.242160992946 0) (0.0491404909069 0.243017951944 0))
    polyLine 21 25 ((-0.262012371988 0.522110413497 -0.03) (-0.260593781761 0.526001899893 -0.03) (-0.259160194371 0.529905681765 -0.03) (-0.257711470419 0.533821870682 -0.03) (-0.25624746874 0.537750578963 -0.03) (-0.254768046381 0.541691919689 -0.03) (-0.253273058577 0.545646006708 -0.03) (-0.251762358735 0.54961295465 -0.03) (-0.2502357984 0.553592878928 -0.03) (-0.248693227242 0.557585895754 -0.03) (-0.247134493025 0.561592122145 -0.03) (-0.245559441587 0.565611675933 -0.03) (-0.243967916812 0.569644675776 -0.03) (-0.242359760608 0.573691241165 -0.03) (-0.240734812878 0.577751492435 -0.03) (-0.239092911498 0.581825550777 -0.03) (-0.237433892288 0.585913538243 -0.03) (-0.235757588987 0.590015577764 -0.03) (-0.234063833226 0.594131793154 -0.03) (-0.232352454497 0.59826230912 -0.03) (-0.230623280129 0.602407251279 -0.03) (-0.228876135259 0.606566746163 -0.03) (-0.227110842801 0.610740921234 -0.03))
    polyLine 23 27 ((-0.262012371988 0.522110413497 0) (-0.260593781761 0.526001899893 0) (-0.259160194371 0.529905681765 0) (-0.257711470419 0.533821870682 0) (-0.25624746874 0.537750578963 0) (-0.254768046381 0.541691919689 0) (-0.253273058577 0.545646006708 0) (-0.251762358735 0.54961295465 0) (-0.2502357984 0.553592878928 0) (-0.248693227242 0.557585895754 0) (-0.247134493025 0.561592122145 0) (-0.245559441587 0.565611675933 0) (-0.243967916812 0.569644675776 0) (-0.242359760608 0.573691241165 0) (-0.240734812878 0.577751492435 0) (-0.239092911498 0.581825550777 0) (-0.237433892288 0.585913538243 0) (-0.235757588987 0.590015577764 0) (-0.234063833226 0.594131793154 0) (-0.232352454497 0.59826230912 0) (-0.230623280129 0.602407251279 0) (-0.228876135259 0.606566746163 0) (-0.227110842801 0.610740921234 0))
    polyLine 24 28 ((0.0494535961985 0.243874910942 -0.03) (0.0497667014901 0.24473186994 -0.03) (0.0500798067818 0.245588828939 -0.03) (0.0503929120734 0.246445787937 -0.03) (0.050706017365 0.247302746935 -0.03) (0.0510191226567 0.248159705933 -0.03) (0.0513322279483 0.249016664931 -0.03) (0.0516453332399 0.249873623929 -0.03) (0.0519584385316 0.250730582927 -0.03) (0.0522715438232 0.251587541925 -0.03) (0.0525846491149 0.252444500923 -0.03) (0.0528977544065 0.253301459921 -0.03) (0.0532108596981 0.254158418919 -0.03) (0.0535239649898 0.255015377917 -0.03) (0.0538370702814 0.255872336915 -0.03) (0.054150175573 0.256729295913 -0.03) (0.0544632808647 0.257586254912 -0.03) (0.0547763861563 0.25844321391 -0.03) (0.0550894914479 0.259300172908 -0.03) (0.0554025967396 0.260157131906 -0.03) (0.0557157020312 0.261014090904 -0.03) (0.0560288073229 0.261871049902 -0.03) (0.0563419126145 0.2627280089 -0.03) (0.0566550179061 0.263584967898 -0.03) (0.0569681231978 0.264441926896 -0.03) (0.0572812284894 0.265298885894 -0.03) (0.057594333781 0.266155844892 -0.03) (0.0579074390727 0.26701280389 -0.03) (0.0582205443643 0.267869762888 -0.03) (0.0585336496559 0.268726721887 -0.03) (0.0588467549476 0.269583680885 -0.03) (0.0591598602392 0.270440639883 -0.03) (0.0594729655309 0.271297598881 -0.03) (0.0597860708225 0.272154557879 -0.03) (0.0600991761141 0.273011516877 -0.03) (0.0604122814058 0.273868475875 -0.03) (0.0607253866974 0.274725434873 -0.03) (0.061038491989 0.275582393871 -0.03) (0.0613515972807 0.276439352869 -0.03) (0.0616647025723 0.277296311867 -0.03) (0.0619778078639 0.278153270865 -0.03) (0.0622909131556 0.279010229863 -0.03) (0.0626040184472 0.279867188862 -0.03) (0.0629171237389 0.28072414786 -0.03) (0.0632302290305 0.281581106858 -0.03) (0.0635433343221 0.282438065856 -0.03))
    polyLine 26 30 ((0.0494535961985 0.243874910942 0) (0.0497667014901 0.24473186994 0) (0.0500798067818 0.245588828939 0) (0.0503929120734 0.246445787937 0) (0.050706017365 0.247302746935 0) (0.0510191226567 0.248159705933 0) (0.0513322279483 0.249016664931 0) (0.0516453332399 0.249873623929 0) (0.0519584385316 0.250730582927 0) (0.0522715438232 0.251587541925 0) (0.0525846491149 0.252444500923 0) (0.0528977544065 0.253301459921 0) (0.0532108596981 0.254158418919 0) (0.0535239649898 0.255015377917 0) (0.0538370702814 0.255872336915 0) (0.054150175573 0.256729295913 0) (0.0544632808647 0.257586254912 0) (0.0547763861563 0.25844321391 0) (0.0550894914479 0.259300172908 0) (0.0554025967396 0.260157131906 0) (0.0557157020312 0.261014090904 0) (0.0560288073229 0.261871049902 0) (0.0563419126145 0.2627280089 0) (0.0566550179061 0.263584967898 0) (0.0569681231978 0.264441926896 0) (0.0572812284894 0.265298885894 0) (0.057594333781 0.266155844892 0) (0.0579074390727 0.26701280389 0) (0.0582205443643 0.267869762888 0) (0.0585336496559 0.268726721887 0) (0.0588467549476 0.269583680885 0) (0.0591598602392 0.270440639883 0) (0.0594729655309 0.271297598881 0) (0.0597860708225 0.272154557879 0) (0.0600991761141 0.273011516877 0) (0.0604122814058 0.273868475875 0) (0.0607253866974 0.274725434873 0) (0.061038491989 0.275582393871 0) (0.0613515972807 0.276439352869 0) (0.0616647025723 0.277296311867 0) (0.0619778078639 0.278153270865 0) (0.0622909131556 0.279010229863 0) (0.0626040184472 0.279867188862 0) (0.0629171237389 0.28072414786 0) (0.0632302290305 0.281581106858 0) (0.0635433343221 0.282438065856 0))
    polyLine 25 29 ((-0.22377754401 0.618546631664 -0.03) (-0.222214041531 0.622174503307 -0.03) (-0.220636597596 0.62581360335 -0.03) (-0.21904509252 0.629464015863 -0.03) (-0.217439405308 0.63312582546 -0.03) (-0.215819413639 0.636799117305 -0.03) (-0.214184993847 0.640483977118 -0.03) (-0.212536020911 0.64418049118 -0.03) (-0.210872368434 0.647888746341 -0.03) (-0.209193908631 0.651608830023 -0.03) (-0.207500512308 0.65534083023 -0.03) (-0.205792048852 0.659084835549 -0.03) (-0.204068386207 0.662840935162 -0.03) (-0.202329390863 0.666609218847 -0.03) (-0.200574927836 0.670389776989 -0.03) (-0.198804860649 0.674182700585 -0.03) (-0.197019051319 0.677988081248 -0.03) (-0.195217360332 0.681806011217 -0.03) (-0.193399646633 0.685636583362 -0.03) (-0.191565767601 0.689479891194 -0.03) (-0.189715579031 0.693336028866 -0.03) (-0.187848935118 0.697205091187 -0.03) (-0.185965688436 0.701087173624 -0.03))
    polyLine 27 31 ((-0.22377754401 0.618546631664 0) (-0.222214041531 0.622174503307 0) (-0.220636597596 0.62581360335 0) (-0.21904509252 0.629464015863 0) (-0.217439405308 0.63312582546 0) (-0.215819413639 0.636799117305 0) (-0.214184993847 0.640483977118 0) (-0.212536020911 0.64418049118 0) (-0.210872368434 0.647888746341 0) (-0.209193908631 0.651608830023 0) (-0.207500512308 0.65534083023 0) (-0.205792048852 0.659084835549 0) (-0.204068386207 0.662840935162 0) (-0.202329390863 0.666609218847 0) (-0.200574927836 0.670389776989 0) (-0.198804860649 0.674182700585 0) (-0.197019051319 0.677988081248 0) (-0.195217360332 0.681806011217 0) (-0.193399646633 0.685636583362 0) (-0.191565767601 0.689479891194 0) (-0.189715579031 0.693336028866 0) (-0.187848935118 0.697205091187 0) (-0.185965688436 0.701087173624 0))
    polyLine 28 32 ((0.0638564396138 0.283295024854 -0.03) (0.0641695449054 0.284151983852 -0.03) (0.064482650197 0.28500894285 -0.03) (0.0647957554887 0.285865901848 -0.03) (0.0651088607803 0.286722860846 -0.03) (0.0654219660719 0.287579819844 -0.03) (0.0657350713636 0.288436778842 -0.03) (0.0660481766552 0.28929373784 -0.03) (0.0663612819469 0.290150696838 -0.03) (0.0666743872385 0.291007655837 -0.03) (0.0669874925301 0.291864614835 -0.03) (0.0673005978218 0.292721573833 -0.03) (0.0676137031134 0.293578532831 -0.03) (0.067926808405 0.294435491829 -0.03) (0.0682399136967 0.295292450827 -0.03) (0.0685530189883 0.296149409825 -0.03) (0.0688661242799 0.297006368823 -0.03) (0.0691792295716 0.297863327821 -0.03) (0.0694923348632 0.298720286819 -0.03) (0.0698054401549 0.299577245817 -0.03) (0.0701185454465 0.300434204815 -0.03) (0.0704316507381 0.301291163813 -0.03) (0.0707447560298 0.302148122811 -0.03) (0.0710578613214 0.30300508181 -0.03) (0.071370966613 0.303862040808 -0.03) (0.0716840719047 0.304718999806 -0.03) (0.0719971771963 0.305575958804 -0.03) (0.072310282488 0.306432917802 -0.03) (0.0726233877796 0.3072898768 -0.03) (0.0729364930712 0.308146835798 -0.03) (0.0732495983629 0.309003794796 -0.03) (0.0735627036545 0.309860753794 -0.03) (0.0738758089461 0.310717712792 -0.03) (0.0741889142378 0.31157467179 -0.03) (0.0745020195294 0.312431630788 -0.03) (0.074815124821 0.313288589786 -0.03) (0.0751282301127 0.314145548785 -0.03) (0.0754413354043 0.315002507783 -0.03) (0.075754440696 0.315859466781 -0.03) (0.0760675459876 0.316716425779 -0.03) (0.0763806512792 0.317573384777 -0.03) (0.0766937565709 0.318430343775 -0.03) (0.0770068618625 0.319287302773 -0.03) (0.0773199671541 0.320144261771 -0.03) (0.0776330724458 0.321001220769 -0.03))
    polyLine 30 34 ((0.0638564396138 0.283295024854 0) (0.0641695449054 0.284151983852 0) (0.064482650197 0.28500894285 0) (0.0647957554887 0.285865901848 0) (0.0651088607803 0.286722860846 0) (0.0654219660719 0.287579819844 0) (0.0657350713636 0.288436778842 0) (0.0660481766552 0.28929373784 0) (0.0663612819469 0.290150696838 0) (0.0666743872385 0.291007655837 0) (0.0669874925301 0.291864614835 0) (0.0673005978218 0.292721573833 0) (0.0676137031134 0.293578532831 0) (0.067926808405 0.294435491829 0) (0.0682399136967 0.295292450827 0) (0.0685530189883 0.296149409825 0) (0.0688661242799 0.297006368823 0) (0.0691792295716 0.297863327821 0) (0.0694923348632 0.298720286819 0) (0.0698054401549 0.299577245817 0) (0.0701185454465 0.300434204815 0) (0.0704316507381 0.301291163813 0) (0.0707447560298 0.302148122811 0) (0.0710578613214 0.30300508181 0) (0.071370966613 0.303862040808 0) (0.0716840719047 0.304718999806 0) (0.0719971771963 0.305575958804 0) (0.072310282488 0.306432917802 0) (0.0726233877796 0.3072898768 0) (0.0729364930712 0.308146835798 0) (0.0732495983629 0.309003794796 0) (0.0735627036545 0.309860753794 0) (0.0738758089461 0.310717712792 0) (0.0741889142378 0.31157467179 0) (0.0745020195294 0.312431630788 0) (0.074815124821 0.313288589786 0) (0.0751282301127 0.314145548785 0) (0.0754413354043 0.315002507783 0) (0.075754440696 0.315859466781 0) (0.0760675459876 0.316716425779 0) (0.0763806512792 0.317573384777 0) (0.0766937565709 0.318430343775 0) (0.0770068618625 0.319287302773 0) (0.0773199671541 0.320144261771 0) (0.0776330724458 0.321001220769 0))
    polyLine 29 33 ((-0.182435300518 0.708307963914 -0.03) (-0.180792573655 0.711643186642 -0.03) (-0.179137414553 0.714988100928 -0.03) (-0.177469727537 0.71834276757 -0.03) (-0.175789416022 0.721707247733 -0.03) (-0.174096382505 0.725081602956 -0.03) (-0.172390528552 0.728465895151 -0.03) (-0.17067175479 0.73186018661 -0.03) (-0.168939960899 0.735264540007 -0.03) (-0.167195045597 0.738679018403 -0.03) (-0.165436906635 0.742103685248 -0.03) (-0.163665440785 0.745538604385 -0.03) (-0.161880543828 0.748983840057 -0.03) (-0.160082110544 0.752439456907 -0.03) (-0.158270034705 0.755905519982 -0.03) (-0.156444209057 0.759382094741 -0.03) (-0.154604525316 0.762869247055 -0.03) (-0.152750874152 0.766367043211 -0.03) (-0.150883145181 0.76987554992 -0.03) (-0.149001226951 0.773394834318 -0.03) (-0.147105006932 0.776924963971 -0.03) (-0.145194371505 0.780466006878 -0.03) (-0.143269205947 0.784018031479 -0.03))
    polyLine 31 35 ((-0.182435300518 0.708307963914 0) (-0.180792573655 0.711643186642 0) (-0.179137414553 0.714988100928 0) (-0.177469727537 0.71834276757 0) (-0.175789416022 0.721707247733 0) (-0.174096382505 0.725081602956 0) (-0.172390528552 0.728465895151 0) (-0.17067175479 0.73186018661 0) (-0.168939960899 0.735264540007 0) (-0.167195045597 0.738679018403 0) (-0.165436906635 0.742103685248 0) (-0.163665440785 0.745538604385 0) (-0.161880543828 0.748983840057 0) (-0.160082110544 0.752439456907 0) (-0.158270034705 0.755905519982 0) (-0.156444209057 0.759382094741 0) (-0.154604525316 0.762869247055 0) (-0.152750874152 0.766367043211 0) (-0.150883145181 0.76987554992 0) (-0.149001226951 0.773394834318 0) (-0.147105006932 0.776924963971 0) (-0.145194371505 0.780466006878 0) (-0.143269205947 0.784018031479 0))
    polyLine 32 36 ((0.0779461777374 0.321858179767 -0.03) (0.078259283029 0.322715138765 -0.03) (0.0785723883207 0.323572097763 -0.03) (0.0788854936123 0.324429056761 -0.03) (0.079198598904 0.32528601576 -0.03) (0.0795117041956 0.326142974758 -0.03) (0.0798248094872 0.326999933756 -0.03) (0.0801379147789 0.327856892754 -0.03) (0.0804510200705 0.328713851752 -0.03) (0.0807641253621 0.32957081075 -0.03) (0.0810772306538 0.330427769748 -0.03) (0.0813903359454 0.331284728746 -0.03) (0.081703441237 0.332141687744 -0.03) (0.0820165465287 0.332998646742 -0.03) (0.0823296518203 0.33385560574 -0.03) (0.082642757112 0.334712564738 -0.03) (0.0829558624036 0.335569523736 -0.03) (0.0832689676952 0.336426482734 -0.03) (0.0835820729869 0.337283441733 -0.03) (0.0838951782785 0.338140400731 -0.03) (0.0842082835701 0.338997359729 -0.03) (0.0845213888618 0.339854318727 -0.03) (0.0848344941534 0.340711277725 -0.03) (0.085147599445 0.341568236723 -0.03) (0.0854607047367 0.342425195721 -0.03) (0.0857738100283 0.343282154719 -0.03) (0.08608691532 0.344139113717 -0.03) (0.0864000206116 0.344996072715 -0.03) (0.0867131259032 0.345853031713 -0.03) (0.0870262311949 0.346709990711 -0.03) (0.0873393364865 0.347566949709 -0.03) (0.0876524417781 0.348423908708 -0.03) (0.0879655470698 0.349280867706 -0.03) (0.0882786523614 0.350137826704 -0.03) (0.088591757653 0.350994785702 -0.03) (0.0889048629447 0.3518517447 -0.03) (0.0892179682363 0.352708703698 -0.03) (0.089531073528 0.353565662696 -0.03) (0.0898441788196 0.354422621694 -0.03) (0.0901572841112 0.355279580692 -0.03) (0.0904703894029 0.35613653969 -0.03) (0.0907834946945 0.356993498688 -0.03) (0.0910965999861 0.357850457686 -0.03) (0.0914097052778 0.358707416684 -0.03) (0.0917228105694 0.359564375683 -0.03) (0.092035915861 0.360421334681 -0.03))
    polyLine 34 38 ((0.0779461777374 0.321858179767 0) (0.078259283029 0.322715138765 0) (0.0785723883207 0.323572097763 0) (0.0788854936123 0.324429056761 0) (0.079198598904 0.32528601576 0) (0.0795117041956 0.326142974758 0) (0.0798248094872 0.326999933756 0) (0.0801379147789 0.327856892754 0) (0.0804510200705 0.328713851752 0) (0.0807641253621 0.32957081075 0) (0.0810772306538 0.330427769748 0) (0.0813903359454 0.331284728746 0) (0.081703441237 0.332141687744 0) (0.0820165465287 0.332998646742 0) (0.0823296518203 0.33385560574 0) (0.082642757112 0.334712564738 0) (0.0829558624036 0.335569523736 0) (0.0832689676952 0.336426482734 0) (0.0835820729869 0.337283441733 0) (0.0838951782785 0.338140400731 0) (0.0842082835701 0.338997359729 0) (0.0845213888618 0.339854318727 0) (0.0848344941534 0.340711277725 0) (0.085147599445 0.341568236723 0) (0.0854607047367 0.342425195721 0) (0.0857738100283 0.343282154719 0) (0.08608691532 0.344139113717 0) (0.0864000206116 0.344996072715 0) (0.0867131259032 0.345853031713 0) (0.0870262311949 0.346709990711 0) (0.0873393364865 0.347566949709 0) (0.0876524417781 0.348423908708 0) (0.0879655470698 0.349280867706 0) (0.0882786523614 0.350137826704 0) (0.088591757653 0.350994785702 0) (0.0889048629447 0.3518517447 0) (0.0892179682363 0.352708703698 0) (0.089531073528 0.353565662696 0) (0.0898441788196 0.354422621694 0) (0.0901572841112 0.355279580692 0) (0.0904703894029 0.35613653969 0) (0.0907834946945 0.356993498688 0) (0.0910965999861 0.357850457686 0) (0.0914097052778 0.358707416684 0) (0.0917228105694 0.359564375683 0) (0.092035915861 0.360421334681 0))
    polyLine 33 37 ((-0.139672254908 0.790612430253 -0.03) (-0.138004419407 0.793651798725 -0.03) (-0.13632581528 0.796699254885 -0.03) (-0.134636369286 0.799754841784 -0.03) (-0.132936007578 0.802818602718 -0.03) (-0.131224655694 0.80589058122 -0.03) (-0.129502238559 0.808970821071 -0.03) (-0.12776868047 0.812059366297 -0.03) (-0.126023905096 0.815156261172 -0.03) (-0.12426783547 0.818261550223 -0.03) (-0.122500393985 0.821375278228 -0.03) (-0.120721502383 0.824497490219 -0.03) (-0.118931081756 0.82762823149 -0.03) (-0.117129052533 0.83076754759 -0.03) (-0.115315334476 0.833915484331 -0.03) (-0.113489846677 0.837072087792 -0.03) (-0.111652507547 0.840237404316 -0.03) (-0.109803234809 0.843411480515 -0.03) (-0.107941945497 0.846594363274 -0.03) (-0.106068555944 0.84978609975 -0.03) (-0.104182981777 0.852986737378 -0.03) (-0.10228513791 0.856196323871 -0.03) (-0.100374938538 0.859414907222 -0.03))
    polyLine 35 39 ((-0.139672254908 0.790612430253 0) (-0.138004419407 0.793651798725 0) (-0.13632581528 0.796699254885 0) (-0.134636369286 0.799754841784 0) (-0.132936007578 0.802818602718 0) (-0.131224655694 0.80589058122 0) (-0.129502238559 0.808970821071 0) (-0.12776868047 0.812059366297 0) (-0.126023905096 0.815156261172 0) (-0.12426783547 0.818261550223 0) (-0.122500393985 0.821375278228 0) (-0.120721502383 0.824497490219 0) (-0.118931081756 0.82762823149 0) (-0.117129052533 0.83076754759 0) (-0.115315334476 0.833915484331 0) (-0.113489846677 0.837072087792 0) (-0.111652507547 0.840237404316 0) (-0.109803234809 0.843411480515 0) (-0.107941945497 0.846594363274 0) (-0.106068555944 0.84978609975 0) (-0.104182981777 0.852986737378 0) (-0.10228513791 0.856196323871 0) (-0.100374938538 0.859414907222 0))
    polyLine 36 40 ((0.0923490211527 0.361278293679 -0.03) (0.0926621264443 0.362135252677 -0.03) (0.092975231736 0.362992211675 -0.03) (0.0932883370276 0.363849170673 -0.03) (0.0936014423192 0.364706129671 -0.03) (0.0939145476109 0.365563088669 -0.03) (0.0942276529025 0.366420047667 -0.03) (0.0945407581941 0.367277006665 -0.03) (0.0948538634858 0.368133965663 -0.03) (0.0951669687774 0.368990924661 -0.03) (0.095480074069 0.369847883659 -0.03) (0.0957931793607 0.370704842658 -0.03) (0.0961062846523 0.371561801656 -0.03) (0.096419389944 0.372418760654 -0.03) (0.0967324952356 0.373275719652 -0.03) (0.0970456005272 0.37413267865 -0.03) (0.0973587058189 0.374989637648 -0.03) (0.0976718111105 0.375846596646 -0.03) (0.0979849164021 0.376703555644 -0.03) (0.0982980216938 0.377560514642 -0.03) (0.0986111269854 0.37841747364 -0.03) (0.098924232277 0.379274432638 -0.03) (0.0992373375687 0.380131391636 -0.03) (0.0995504428603 0.380988350634 -0.03) (0.099863548152 0.381845309632 -0.03) (0.100176653444 0.382702268631 -0.03) (0.100489758735 0.383559227629 -0.03) (0.100802864027 0.384416186627 -0.03) (0.101115969318 0.385273145625 -0.03) (0.10142907461 0.386130104623 -0.03) (0.101742179902 0.386987063621 -0.03) (0.102055285193 0.387844022619 -0.03) (0.102368390485 0.388700981617 -0.03) (0.102681495777 0.389557940615 -0.03) (0.102994601068 0.390414899613 -0.03) (0.10330770636 0.391271858611 -0.03) (0.103620811652 0.392128817609 -0.03) (0.103933916943 0.392985776607 -0.03) (0.104247022235 0.393842735606 -0.03) (0.104560127526 0.394699694604 -0.03) (0.104873232818 0.395556653602 -0.03) (0.10518633811 0.3964136126 -0.03) (0.105499443401 0.397270571598 -0.03) (0.105812548693 0.398127530596 -0.03) (0.106125653985 0.398984489594 -0.03) (0.106438759276 0.399841448592 -0.03))
    polyLine 38 42 ((0.0923490211527 0.361278293679 0) (0.0926621264443 0.362135252677 0) (0.092975231736 0.362992211675 0) (0.0932883370276 0.363849170673 0) (0.0936014423192 0.364706129671 0) (0.0939145476109 0.365563088669 0) (0.0942276529025 0.366420047667 0) (0.0945407581941 0.367277006665 0) (0.0948538634858 0.368133965663 0) (0.0951669687774 0.368990924661 0) (0.095480074069 0.369847883659 0) (0.0957931793607 0.370704842658 0) (0.0961062846523 0.371561801656 0) (0.096419389944 0.372418760654 0) (0.0967324952356 0.373275719652 0) (0.0970456005272 0.37413267865 0) (0.0973587058189 0.374989637648 0) (0.0976718111105 0.375846596646 0) (0.0979849164021 0.376703555644 0) (0.0982980216938 0.377560514642 0) (0.0986111269854 0.37841747364 0) (0.098924232277 0.379274432638 0) (0.0992373375687 0.380131391636 0) (0.0995504428603 0.380988350634 0) (0.099863548152 0.381845309632 0) (0.100176653444 0.382702268631 0) (0.100489758735 0.383559227629 0) (0.100802864027 0.384416186627 0) (0.101115969318 0.385273145625 0) (0.10142907461 0.386130104623 0) (0.101742179902 0.386987063621 0) (0.102055285193 0.387844022619 0) (0.102368390485 0.388700981617 0) (0.102681495777 0.389557940615 0) (0.102994601068 0.390414899613 0) (0.10330770636 0.391271858611 0) (0.103620811652 0.392128817609 0) (0.103933916943 0.392985776607 0) (0.104247022235 0.393842735606 0) (0.104560127526 0.394699694604 0) (0.104873232818 0.395556653602 0) (0.10518633811 0.3964136126 0) (0.105499443401 0.397270571598 0) (0.105812548693 0.398127530596 0) (0.106125653985 0.398984489594 0) (0.106438759276 0.399841448592 0))
    polyLine 37 41 ((-0.0968090227312 0.865391800653 -0.03) (-0.095156650979 0.868147659213 -0.03) (-0.0934951275477 0.870910141483 -0.03) (-0.0918243977224 0.873679277714 -0.03) (-0.0901444063923 0.876455098307 -0.03) (-0.0884550980472 0.87923763382 -0.03) (-0.0867564167746 0.882026914968 -0.03) (-0.0850483062557 0.884822972622 -0.03) (-0.0833307097626 0.887625837813 -0.03) (-0.0816035701542 0.890435541732 -0.03) (-0.0798668298733 0.893252115732 -0.03) (-0.0781204309427 0.896075591327 -0.03) (-0.0763643149616 0.898906000197 -0.03) (-0.0745984231023 0.901743374185 -0.03) (-0.0728226961064 0.904587745303 -0.03) (-0.0710370742809 0.907439145728 -0.03) (-0.0692414974948 0.910297607809 -0.03) (-0.0674359051753 0.913163164064 -0.03) (-0.0656202363037 0.916035847184 -0.03) (-0.0637944294119 0.91891569003 -0.03) (-0.0619584225786 0.921802725643 -0.03) (-0.0601121534248 0.924696987235 -0.03) (-0.0582555591105 0.927598508198 -0.03))
    polyLine 39 43 ((-0.0968090227312 0.865391800653 0) (-0.095156650979 0.868147659213 0) (-0.0934951275477 0.870910141483 0) (-0.0918243977224 0.873679277714 0) (-0.0901444063923 0.876455098307 0) (-0.0884550980472 0.87923763382 0) (-0.0867564167746 0.882026914968 0) (-0.0850483062557 0.884822972622 0) (-0.0833307097626 0.887625837813 0) (-0.0816035701542 0.890435541732 0) (-0.0798668298733 0.893252115732 0) (-0.0781204309427 0.896075591327 0) (-0.0763643149616 0.898906000197 0) (-0.0745984231023 0.901743374185 0) (-0.0728226961064 0.904587745303 0) (-0.0710370742809 0.907439145728 0) (-0.0692414974948 0.910297607809 0) (-0.0674359051753 0.913163164064 0) (-0.0656202363037 0.916035847184 0) (-0.0637944294119 0.91891569003 0) (-0.0619584225786 0.921802725643 0) (-0.0601121534248 0.924696987235 0) (-0.0582555591105 0.927598508198 0))
    polyLine 40 44 ((0.106751864568 0.40069840759 -0.03) (0.10706496986 0.401555366588 -0.03) (0.107378075151 0.402412325586 -0.03) (0.107691180443 0.403269284584 -0.03) (0.108004285734 0.404126243582 -0.03) (0.108317391026 0.404983202581 -0.03) (0.108630496318 0.405840161579 -0.03) (0.108943601609 0.406697120577 -0.03) (0.109256706901 0.407554079575 -0.03) (0.109569812193 0.408411038573 -0.03) (0.109882917484 0.409267997571 -0.03) (0.110196022776 0.410124956569 -0.03) (0.110509128068 0.410981915567 -0.03) (0.110822233359 0.411838874565 -0.03) (0.111135338651 0.412695833563 -0.03) (0.111448443942 0.413552792561 -0.03) (0.111761549234 0.414409751559 -0.03) (0.112074654526 0.415266710557 -0.03) (0.112387759817 0.416123669556 -0.03) (0.112700865109 0.416980628554 -0.03) (0.113013970401 0.417837587552 -0.03) (0.113327075692 0.41869454655 -0.03) (0.113640180984 0.419551505548 -0.03) (0.113953286276 0.420408464546 -0.03) (0.114266391567 0.421265423544 -0.03) (0.114579496859 0.422122382542 -0.03) (0.11489260215 0.42297934154 -0.03) (0.115205707442 0.423836300538 -0.03) (0.115518812734 0.424693259536 -0.03) (0.115831918025 0.425550218534 -0.03) (0.116145023317 0.426407177532 -0.03) (0.116458128609 0.42726413653 -0.03) (0.1167712339 0.428121095529 -0.03) (0.117084339192 0.428978054527 -0.03) (0.117397444484 0.429835013525 -0.03) (0.117710549775 0.430691972523 -0.03) (0.118023655067 0.431548931521 -0.03) (0.118336760358 0.432405890519 -0.03) (0.11864986565 0.433262849517 -0.03) (0.118962970942 0.434119808515 -0.03) (0.119276076233 0.434976767513 -0.03) (0.119589181525 0.435833726511 -0.03) (0.119902286817 0.436690685509 -0.03) (0.120215392108 0.437547644507 -0.03) (0.1205284974 0.438404603505 -0.03))
    polyLine 42 46 ((0.106751864568 0.40069840759 0) (0.10706496986 0.401555366588 0) (0.107378075151 0.402412325586 0) (0.107691180443 0.403269284584 0) (0.108004285734 0.404126243582 0) (0.108317391026 0.404983202581 0) (0.108630496318 0.405840161579 0) (0.108943601609 0.406697120577 0) (0.109256706901 0.407554079575 0) (0.109569812193 0.408411038573 0) (0.109882917484 0.409267997571 0) (0.110196022776 0.410124956569 0) (0.110509128068 0.410981915567 0) (0.110822233359 0.411838874565 0) (0.111135338651 0.412695833563 0) (0.111448443942 0.413552792561 0) (0.111761549234 0.414409751559 0) (0.112074654526 0.415266710557 0) (0.112387759817 0.416123669556 0) (0.112700865109 0.416980628554 0) (0.113013970401 0.417837587552 0) (0.113327075692 0.41869454655 0) (0.113640180984 0.419551505548 0) (0.113953286276 0.420408464546 0) (0.114266391567 0.421265423544 0) (0.114579496859 0.422122382542 0) (0.11489260215 0.42297934154 0) (0.115205707442 0.423836300538 0) (0.115518812734 0.424693259536 0) (0.115831918025 0.425550218534 0) (0.116145023317 0.426407177532 0) (0.116458128609 0.42726413653 0) (0.1167712339 0.428121095529 0) (0.117084339192 0.428978054527 0) (0.117397444484 0.429835013525 0) (0.117710549775 0.430691972523 0) (0.118023655067 0.431548931521 0) (0.118336760358 0.432405890519 0) (0.11864986565 0.433262849517 0) (0.118962970942 0.434119808515 0) (0.119276076233 0.434976767513 0) (0.119589181525 0.435833726511 0) (0.119902286817 0.436690685509 0) (0.120215392108 0.437547644507 0) (0.1205284974 0.438404603505 0))
    polyLine 41 45 ((-0.0547872864638 0.93299509831 -0.03) (-0.0531783468715 0.935488229845 -0.03) (-0.0515617174098 0.937986737879 -0.03) (-0.0499373576805 0.940490643676 -0.03) (-0.0483052270286 0.942999968602 -0.03) (-0.0466652845407 0.94551473412 -0.03) (-0.045017489043 0.948034961793 -0.03) (-0.0433617990991 0.950560673285 -0.03) (-0.0416981730086 0.95309189036 -0.03) (-0.0400265688043 0.955628634886 -0.03) (-0.038346944251 0.958170928832 -0.03) (-0.0366592568429 0.96071879427 -0.03) (-0.0349634638018 0.963272253376 -0.03) (-0.0332595220751 0.965831328432 -0.03) (-0.0315473883335 0.968396041824 -0.03) (-0.0298270189691 0.970966416045 -0.03) (-0.0280983700931 0.973542473696 -0.03) (-0.0263613975339 0.976124237482 -0.03) (-0.0246160568347 0.978711730221 -0.03) (-0.0228623032514 0.981304974838 -0.03) (-0.0211000917504 0.983903994366 -0.03) (-0.0193293770066 0.986508811954 -0.03) (-0.0175501134006 0.989119450857 -0.03))
    polyLine 43 47 ((-0.0547872864638 0.93299509831 0) (-0.0531783468715 0.935488229845 0) (-0.0515617174098 0.937986737879 0) (-0.0499373576805 0.940490643676 0) (-0.0483052270286 0.942999968602 0) (-0.0466652845407 0.94551473412 0) (-0.045017489043 0.948034961793 0) (-0.0433617990991 0.950560673285 0) (-0.0416981730086 0.95309189036 0) (-0.0400265688043 0.955628634886 0) (-0.038346944251 0.958170928832 0) (-0.0366592568429 0.96071879427 0) (-0.0349634638018 0.963272253376 0) (-0.0332595220751 0.965831328432 0) (-0.0315473883335 0.968396041824 0) (-0.0298270189691 0.970966416045 0) (-0.0280983700931 0.973542473696 0) (-0.0263613975339 0.976124237482 0) (-0.0246160568347 0.978711730221 0) (-0.0228623032514 0.981304974838 0) (-0.0211000917504 0.983903994366 0) (-0.0193293770066 0.986508811954 0) (-0.0175501134006 0.989119450857 0))
    polyLine 44 48 ((0.120841602692 0.439261562504 -0.03) (0.121154707983 0.440118521502 -0.03) (0.121467813275 0.4409754805 -0.03) (0.121780918566 0.441832439498 -0.03) (0.122094023858 0.442689398496 -0.03) (0.12240712915 0.443546357494 -0.03) (0.122720234441 0.444403316492 -0.03) (0.123033339733 0.44526027549 -0.03) (0.123346445025 0.446117234488 -0.03) (0.123659550316 0.446974193486 -0.03) (0.123972655608 0.447831152484 -0.03) (0.1242857609 0.448688111482 -0.03) (0.124598866191 0.44954507048 -0.03) (0.124911971483 0.450402029479 -0.03) (0.125225076774 0.451258988477 -0.03) (0.125538182066 0.452115947475 -0.03) (0.125851287358 0.452972906473 -0.03) (0.126164392649 0.453829865471 -0.03) (0.126477497941 0.454686824469 -0.03) (0.126790603233 0.455543783467 -0.03) (0.127103708524 0.456400742465 -0.03) (0.127416813816 0.457257701463 -0.03) (0.127729919108 0.458114660461 -0.03) (0.128043024399 0.458971619459 -0.03) (0.128356129691 0.459828578457 -0.03) (0.128669234982 0.460685537455 -0.03) (0.128982340274 0.461542496453 -0.03) (0.129295445566 0.462399455452 -0.03) (0.129608550857 0.46325641445 -0.03) (0.129921656149 0.464113373448 -0.03) (0.130234761441 0.464970332446 -0.03) (0.130547866732 0.465827291444 -0.03) (0.130860972024 0.466684250442 -0.03) (0.131174077316 0.46754120944 -0.03) (0.131487182607 0.468398168438 -0.03) (0.131800287899 0.469255127436 -0.03) (0.13211339319 0.470112086434 -0.03) (0.132426498482 0.470969045432 -0.03) (0.132739603774 0.47182600443 -0.03) (0.133052709065 0.472682963428 -0.03) (0.133365814357 0.473539922427 -0.03) (0.133678919649 0.474396881425 -0.03) (0.13399202494 0.475253840423 -0.03) (0.134305130232 0.476110799421 -0.03) (0.134618235524 0.476967758419 -0.03) (0.134931340815 0.477824717417 -0.03))
    polyLine 46 50 ((0.120841602692 0.439261562504 0) (0.121154707983 0.440118521502 0) (0.121467813275 0.4409754805 0) (0.121780918566 0.441832439498 0) (0.122094023858 0.442689398496 0) (0.12240712915 0.443546357494 0) (0.122720234441 0.444403316492 0) (0.123033339733 0.44526027549 0) (0.123346445025 0.446117234488 0) (0.123659550316 0.446974193486 0) (0.123972655608 0.447831152484 0) (0.1242857609 0.448688111482 0) (0.124598866191 0.44954507048 0) (0.124911971483 0.450402029479 0) (0.125225076774 0.451258988477 0) (0.125538182066 0.452115947475 0) (0.125851287358 0.452972906473 0) (0.126164392649 0.453829865471 0) (0.126477497941 0.454686824469 0) (0.126790603233 0.455543783467 0) (0.127103708524 0.456400742465 0) (0.127416813816 0.457257701463 0) (0.127729919108 0.458114660461 0) (0.128043024399 0.458971619459 0) (0.128356129691 0.459828578457 0) (0.128669234982 0.460685537455 0) (0.128982340274 0.461542496453 0) (0.129295445566 0.462399455452 0) (0.129608550857 0.46325641445 0) (0.129921656149 0.464113373448 0) (0.130234761441 0.464970332446 0) (0.130547866732 0.465827291444 0) (0.130860972024 0.466684250442 0) (0.131174077316 0.46754120944 0) (0.131487182607 0.468398168438 0) (0.131800287899 0.469255127436 0) (0.13211339319 0.470112086434 0) (0.132426498482 0.470969045432 0) (0.132739603774 0.47182600443 0) (0.133052709065 0.472682963428 0) (0.133365814357 0.473539922427 0) (0.133678919649 0.474396881425 0) (0.13399202494 0.475253840423 0) (0.134305130232 0.476110799421 0) (0.134618235524 0.476967758419 0) (0.134931340815 0.477824717417 0))
    polyLine 45 49 ((-0.0142208789312 0.993986294392 -0.03) (-0.0126731080835 0.996240992026 -0.03) (-0.0111189129142 0.998500042325 -0.03) (-0.00955826369807 1.00076346033 -0.03) (-0.00799113054357 1.00303126114 -0.03) (-0.0064174833914 1.00530345992 -0.03) (-0.00483729201355 1.0075800719 -0.03) (-0.00325052601215 1.00986111238 -0.03) (-0.00165715481836 1.01214659671 -0.03) (-5.7147691183e-05 1.01443654031 -0.03) (0.00154952628368 1.01673095868 -0.03) (0.00316289819497 1.01902986737 -0.03) (0.00478299930708 1.02133328199 -0.03) (0.0064098610612 1.02364121825 -0.03) (0.00804351507655 1.02595369188 -0.03) (0.00968399315154 1.02827071871 -0.03) (0.011331327265 1.03059231463 -0.03) (0.0129855495775 1.0329184956 -0.03) (0.0146466924324 1.03524927764 -0.03) (0.0163147883572 1.03758467686 -0.03) (0.0179898700647 1.03992470941 -0.03) (0.0196719704545 1.04226939153 -0.03) (0.021361122614 1.04461873952 -0.03))
    polyLine 47 51 ((-0.0142208789312 0.993986294392 0) (-0.0126731080835 0.996240992026 0) (-0.0111189129142 0.998500042325 0) (-0.00955826369807 1.00076346033 0) (-0.00799113054357 1.00303126114 0) (-0.0064174833914 1.00530345992 0) (-0.00483729201355 1.0075800719 0) (-0.00325052601215 1.00986111238 0) (-0.00165715481836 1.01214659671 0) (-5.7147691183e-05 1.01443654031 0) (0.00154952628368 1.01673095868 0) (0.00316289819497 1.01902986737 0) (0.00478299930708 1.02133328199 0) (0.0064098610612 1.02364121825 0) (0.00804351507655 1.02595369188 0) (0.00968399315154 1.02827071871 0) (0.011331327265 1.03059231463 0) (0.0129855495775 1.0329184956 0) (0.0146466924324 1.03524927764 0) (0.0163147883572 1.03758467686 0) (0.0179898700647 1.03992470941 0) (0.0196719704545 1.04226939153 0) (0.021361122614 1.04461873952 0))
    polyLine 48 52 ((0.135244446107 0.478681676415 -0.03) (0.135557551399 0.479538635413 -0.03) (0.13587065669 0.480395594411 -0.03) (0.136183761982 0.481252553409 -0.03) (0.136496867273 0.482109512407 -0.03) (0.136809972565 0.482966471405 -0.03) (0.137123077857 0.483823430403 -0.03) (0.137436183148 0.484680389402 -0.03) (0.13774928844 0.4855373484 -0.03) (0.138062393732 0.486394307398 -0.03) (0.138375499023 0.487251266396 -0.03) (0.138688604315 0.488108225394 -0.03) (0.139001709607 0.488965184392 -0.03) (0.139314814898 0.48982214339 -0.03) (0.13962792019 0.490679102388 -0.03) (0.139941025481 0.491536061386 -0.03) (0.140254130773 0.492393020384 -0.03) (0.140567236065 0.493249979382 -0.03) (0.140880341356 0.49410693838 -0.03) (0.141193446648 0.494963897378 -0.03) (0.14150655194 0.495820856377 -0.03) (0.141819657231 0.496677815375 -0.03) (0.142132762523 0.497534774373 -0.03) (0.142445867815 0.498391733371 -0.03) (0.142758973106 0.499248692369 -0.03) (0.143072078398 0.500105651367 -0.03) (0.143385183689 0.500962610365 -0.03) (0.143698288981 0.501819569363 -0.03) (0.144011394273 0.502676528361 -0.03) (0.144324499564 0.503533487359 -0.03) (0.144637604856 0.504390446357 -0.03) (0.144950710148 0.505247405355 -0.03) (0.145263815439 0.506104364353 -0.03) (0.145576920731 0.506961323351 -0.03) (0.145890026023 0.50781828235 -0.03) (0.146203131314 0.508675241348 -0.03) (0.146516236606 0.509532200346 -0.03) (0.146829341897 0.510389159344 -0.03) (0.147142447189 0.511246118342 -0.03) (0.147455552481 0.51210307734 -0.03) (0.147768657772 0.512960036338 -0.03) (0.148081763064 0.513816995336 -0.03) (0.148394868356 0.514673954334 -0.03) (0.148707973647 0.515530913332 -0.03) (0.149021078939 0.51638787233 -0.03) (0.149334184231 0.517244831328 -0.03))
    polyLine 50 54 ((0.135244446107 0.478681676415 0) (0.135557551399 0.479538635413 0) (0.13587065669 0.480395594411 0) (0.136183761982 0.481252553409 0) (0.136496867273 0.482109512407 0) (0.136809972565 0.482966471405 0) (0.137123077857 0.483823430403 0) (0.137436183148 0.484680389402 0) (0.13774928844 0.4855373484 0) (0.138062393732 0.486394307398 0) (0.138375499023 0.487251266396 0) (0.138688604315 0.488108225394 0) (0.139001709607 0.488965184392 0) (0.139314814898 0.48982214339 0) (0.13962792019 0.490679102388 0) (0.139941025481 0.491536061386 0) (0.140254130773 0.492393020384 0) (0.140567236065 0.493249979382 0) (0.140880341356 0.49410693838 0) (0.141193446648 0.494963897378 0) (0.14150655194 0.495820856377 0) (0.141819657231 0.496677815375 0) (0.142132762523 0.497534774373 0) (0.142445867815 0.498391733371 0) (0.142758973106 0.499248692369 0) (0.143072078398 0.500105651367 0) (0.143385183689 0.500962610365 0) (0.143698288981 0.501819569363 0) (0.144011394273 0.502676528361 0) (0.144324499564 0.503533487359 0) (0.144637604856 0.504390446357 0) (0.144950710148 0.505247405355 0) (0.145263815439 0.506104364353 0) (0.145576920731 0.506961323351 0) (0.145890026023 0.50781828235 0) (0.146203131314 0.508675241348 0) (0.146516236606 0.509532200346 0) (0.146829341897 0.510389159344 0) (0.147142447189 0.511246118342 0) (0.147455552481 0.51210307734 0) (0.147768657772 0.512960036338 0) (0.148081763064 0.513816995336 0) (0.148394868356 0.514673954334 0) (0.148707973647 0.515530913332 0) (0.149021078939 0.51638787233 0) (0.149334184231 0.517244831328 0))
    polyLine 49 53 ((0.024528535039 1.0490102901 -0.03) (0.0260050451382 1.05105132815 -0.03) (0.0274869119211 1.05309589459 -0.03) (0.0289741572991 1.05514400016 -0.03) (0.0304668032927 1.05719565564 -0.03) (0.0319648720317 1.05925087183 -0.03) (0.0334683857558 1.06130965959 -0.03) (0.0349773668156 1.06337202981 -0.03) (0.0364918376731 1.06543799343 -0.03) (0.0380118209023 1.06750756143 -0.03) (0.0395373391898 1.06958074482 -0.03) (0.0410684153357 1.07165755466 -0.03) (0.0426050722542 1.07373800207 -0.03) (0.0441473329743 1.07582209819 -0.03) (0.0456952206403 1.07790985421 -0.03) (0.0472487585127 1.08000128136 -0.03) (0.0488079699689 1.08209639092 -0.03) (0.0503728785037 1.08419519421 -0.03) (0.0519435077305 1.0862977026 -0.03) (0.0535198813812 1.08840392749 -0.03) (0.0551020233077 1.09051388034 -0.03) (0.0566899574824 1.09262757265 -0.03) (0.0582837079986 1.09474501596 -0.03))
    polyLine 51 55 ((0.024528535039 1.0490102901 0) (0.0260050451382 1.05105132815 0) (0.0274869119211 1.05309589459 0) (0.0289741572991 1.05514400016 0) (0.0304668032927 1.05719565564 0) (0.0319648720317 1.05925087183 0) (0.0334683857558 1.06130965959 0) (0.0349773668156 1.06337202981 0) (0.0364918376731 1.06543799343 0) (0.0380118209023 1.06750756143 0) (0.0395373391898 1.06958074482 0) (0.0410684153357 1.07165755466 0) (0.0426050722542 1.07373800207 0) (0.0441473329743 1.07582209819 0) (0.0456952206403 1.07790985421 0) (0.0472487585127 1.08000128136 0) (0.0488079699689 1.08209639092 0) (0.0503728785037 1.08419519421 0) (0.0519435077305 1.0862977026 0) (0.0535198813812 1.08840392749 0) (0.0551020233077 1.09051388034 0) (0.0566899574824 1.09262757265 0) (0.0582837079986 1.09474501596 0))
    polyLine 52 56 ((0.149647289522 0.518101790326 -0.03) (0.149960394814 0.518958749325 -0.03) (0.150273500105 0.519815708323 -0.03) (0.150586605397 0.520672667321 -0.03) (0.150899710689 0.521529626319 -0.03) (0.15121281598 0.522386585317 -0.03) (0.151525921272 0.523243544315 -0.03) (0.151839026564 0.524100503313 -0.03) (0.152152131855 0.524957462311 -0.03) (0.152465237147 0.525814421309 -0.03) (0.152778342439 0.526671380307 -0.03) (0.15309144773 0.527528339305 -0.03) (0.153404553022 0.528385298303 -0.03) (0.153717658313 0.529242257301 -0.03) (0.154030763605 0.5300992163 -0.03) (0.154343868897 0.530956175298 -0.03) (0.154656974188 0.531813134296 -0.03) (0.15497007948 0.532670093294 -0.03) (0.155283184772 0.533527052292 -0.03) (0.155596290063 0.53438401129 -0.03) (0.155909395355 0.535240970288 -0.03) (0.156222500647 0.536097929286 -0.03) (0.156535605938 0.536954888284 -0.03) (0.15684871123 0.537811847282 -0.03) (0.157161816521 0.53866880628 -0.03) (0.157474921813 0.539525765278 -0.03) (0.157788027105 0.540382724276 -0.03) (0.158101132396 0.541239683274 -0.03) (0.158414237688 0.542096642273 -0.03) (0.15872734298 0.542953601271 -0.03) (0.159040448271 0.543810560269 -0.03) (0.159353553563 0.544667519267 -0.03) (0.159666658855 0.545524478265 -0.03) (0.159979764146 0.546381437263 -0.03) (0.160292869438 0.547238396261 -0.03) (0.160605974729 0.548095355259 -0.03) (0.160919080021 0.548952314257 -0.03) (0.161232185313 0.549809273255 -0.03) (0.161545290604 0.550666232253 -0.03) (0.161858395896 0.551523191251 -0.03) (0.162171501188 0.552380150249 -0.03) (0.162484606479 0.553237109248 -0.03) (0.162800630436 0.554085290571 -0.03) (0.163127411924 0.554929385683 -0.03) (0.163464898125 0.555769258152 -0.03))
    polyLine 54 58 ((0.149647289522 0.518101790326 0) (0.149960394814 0.518958749325 0) (0.150273500105 0.519815708323 0) (0.150586605397 0.520672667321 0) (0.150899710689 0.521529626319 0) (0.15121281598 0.522386585317 0) (0.151525921272 0.523243544315 0) (0.151839026564 0.524100503313 0) (0.152152131855 0.524957462311 0) (0.152465237147 0.525814421309 0) (0.152778342439 0.526671380307 0) (0.15309144773 0.527528339305 0) (0.153404553022 0.528385298303 0) (0.153717658313 0.529242257301 0) (0.154030763605 0.5300992163 0) (0.154343868897 0.530956175298 0) (0.154656974188 0.531813134296 0) (0.15497007948 0.532670093294 0) (0.155283184772 0.533527052292 0) (0.155596290063 0.53438401129 0) (0.155909395355 0.535240970288 0) (0.156222500647 0.536097929286 0) (0.156535605938 0.536954888284 0) (0.15684871123 0.537811847282 0) (0.157161816521 0.53866880628 0) (0.157474921813 0.539525765278 0) (0.157788027105 0.540382724276 0) (0.158101132396 0.541239683274 0) (0.158414237688 0.542096642273 0) (0.15872734298 0.542953601271 0) (0.159040448271 0.543810560269 0) (0.159353553563 0.544667519267 0) (0.159666658855 0.545524478265 0) (0.159979764146 0.546381437263 0) (0.160292869438 0.547238396261 0) (0.160605974729 0.548095355259 0) (0.160919080021 0.548952314257 0) (0.161232185313 0.549809273255 0) (0.161545290604 0.550666232253 0) (0.161858395896 0.551523191251 0) (0.162171501188 0.552380150249 0) (0.162484606479 0.553237109248 0) (0.162800630436 0.554085290571 0) (0.163127411924 0.554929385683 0) (0.163464898125 0.555769258152 0))
    polyLine 53 57 ((0.0612849011942 1.09872160269 -0.03) (0.0626909917291 1.10057986923 -0.03) (0.0641015870312 1.10244102929 -0.03) (0.0655167035275 1.1043050907 -0.03) (0.0669363577182 1.1061720613 -0.03) (0.0683605661766 1.108041949 -0.03) (0.0697893455498 1.10991476168 -0.03) (0.0712227125586 1.11179050729 -0.03) (0.0726606839989 1.1136691938 -0.03) (0.0741032767408 1.1155508292 -0.03) (0.0755505077303 1.11743542151 -0.03) (0.0770023939885 1.11932297877 -0.03) (0.078458952613 1.12121350907 -0.03) (0.0799202007777 1.1231070205 -0.03) (0.0813861557334 1.12500352121 -0.03) (0.0828568348084 1.12690301935 -0.03) (0.0843322554085 1.12880552311 -0.03) (0.0858124350177 1.13071104071 -0.03) (0.0872973911989 1.13261958039 -0.03) (0.0887871415935 1.13453115045 -0.03) (0.0902817039228 1.13644575917 -0.03) (0.0917810959878 1.13836341491 -0.03) (0.0932853356696 1.14028412601 -0.03))
    polyLine 55 59 ((0.0612849011942 1.09872160269 0) (0.0626909917291 1.10057986923 0) (0.0641015870312 1.10244102929 0) (0.0655167035275 1.1043050907 0) (0.0669363577182 1.1061720613 0) (0.0683605661766 1.108041949 0) (0.0697893455498 1.10991476168 0) (0.0712227125586 1.11179050729 0) (0.0726606839989 1.1136691938 0) (0.0741032767408 1.1155508292 0) (0.0755505077303 1.11743542151 0) (0.0770023939885 1.11932297877 0) (0.078458952613 1.12121350907 0) (0.0799202007777 1.1231070205 0) (0.0813861557334 1.12500352121 0) (0.0828568348084 1.12690301935 0) (0.0843322554085 1.12880552311 0) (0.0858124350177 1.13071104071 0) (0.0872973911989 1.13261958039 0) (0.0887871415935 1.13453115045 0) (0.0902817039228 1.13644575917 0) (0.0917810959878 1.13836341491 0) (0.0932853356696 1.14028412601 0))
    polyLine 56 60 ((0.16381303449 0.556604772227 -0.03) (0.16417176475 0.557435792865 -0.03) (0.164541030923 0.558262185745 -0.03) (0.164920773324 0.559083817297 -0.03) (0.165310930575 0.559900554721 -0.03) (0.165711439614 0.560712266005 -0.03) (0.166122235707 0.561518819952 -0.03) (0.166543252455 0.562320086198 -0.03) (0.16697442181 0.563115935233 -0.03) (0.167415674082 0.563906238423 -0.03) (0.167866937949 0.56469086803 -0.03) (0.168328140475 0.565469697235 -0.03) (0.168799207113 0.566242600153 -0.03) (0.169280061726 0.56700945186 -0.03) (0.169770626591 0.567770128409 -0.03) (0.17027082242 0.56852450685 -0.03) (0.170780568363 0.569272465253 -0.03) (0.171299782031 0.570013882724 -0.03) (0.171828379502 0.570748639427 -0.03) (0.172366275339 0.571476616602 -0.03) (0.1729133826 0.572197696587 -0.03) (0.173469612857 0.57291176283 -0.03) (0.174034876205 0.573618699919 -0.03) (0.174609081279 0.574318393588 -0.03) (0.175192135272 0.575010730747 -0.03) (0.175783943942 0.575695599491 -0.03) (0.176384411635 0.576372889125 -0.03) (0.176993441297 0.577042490178 -0.03) (0.17761093449 0.577704294421 -0.03) (0.178236791408 0.578358194886 -0.03) (0.178870910892 0.579004085882 -0.03) (0.179513190449 0.579641863013 -0.03) (0.180163526267 0.580271423196 -0.03) (0.180821813232 0.580892664672 -0.03) (0.181487944943 0.58150548703 -0.03) (0.182161813732 0.582109791219 -0.03) (0.182843310683 0.582705479565 -0.03) (0.183532325643 0.583292455786 -0.03) (0.184228747247 0.583870625007 -0.03) (0.184932462931 0.58443989378 -0.03) (0.185643358952 0.585000170092 -0.03) (0.186361320408 0.585551363386 -0.03) (0.187086231254 0.586093384571 -0.03) (0.187817974321 0.586626146039 -0.03) (0.188556431338 0.587149561681 -0.03) (0.189301482946 0.587663546896 -0.03))
    polyLine 58 62 ((0.16381303449 0.556604772227 0) (0.16417176475 0.557435792865 0) (0.164541030923 0.558262185745 0) (0.164920773324 0.559083817297 0) (0.165310930575 0.559900554721 0) (0.165711439614 0.560712266005 0) (0.166122235707 0.561518819952 0) (0.166543252455 0.562320086198 0) (0.16697442181 0.563115935233 0) (0.167415674082 0.563906238423 0) (0.167866937949 0.56469086803 0) (0.168328140475 0.565469697235 0) (0.168799207113 0.566242600153 0) (0.169280061726 0.56700945186 0) (0.169770626591 0.567770128409 0) (0.17027082242 0.56852450685 0) (0.170780568363 0.569272465253 0) (0.171299782031 0.570013882724 0) (0.171828379502 0.570748639427 0) (0.172366275339 0.571476616602 0) (0.1729133826 0.572197696587 0) (0.173469612857 0.57291176283 0) (0.174034876205 0.573618699919 0) (0.174609081279 0.574318393588 0) (0.175192135272 0.575010730747 0) (0.175783943942 0.575695599491 0) (0.176384411635 0.576372889125 0) (0.176993441297 0.577042490178 0) (0.17761093449 0.577704294421 0) (0.178236791408 0.578358194886 0) (0.178870910892 0.579004085882 0) (0.179513190449 0.579641863013 0) (0.180163526267 0.580271423196 0) (0.180821813232 0.580892664672 0) (0.181487944943 0.58150548703 0) (0.182161813732 0.582109791219 0) (0.182843310683 0.582705479565 0) (0.183532325643 0.583292455786 0) (0.184228747247 0.583870625007 0) (0.184932462931 0.58443989378 0) (0.185643358952 0.585000170092 0) (0.186361320408 0.585551363386 0) (0.187086231254 0.586093384571 0) (0.187817974321 0.586626146039 0) (0.188556431338 0.587149561681 0) (0.189301482946 0.587663546896 0))
    polyLine 57 61 ((0.0969180565958 1.14490972896 -0.03) (0.0990513181083 1.14761761692 -0.03) (0.101194275752 1.15033158818 -0.03) (0.103346980133 1.15305166627 -0.03) (0.105509482176 1.15577787486 -0.03) (0.107681833136 1.15851023771 -0.03) (0.10986408459 1.16124877872 -0.03) (0.112056288448 1.1639935219 -0.03) (0.114258496953 1.16674449139 -0.03) (0.116470762683 1.16950171145 -0.03) (0.118693138551 1.17226520646 -0.03) (0.120925677814 1.17503500093 -0.03) (0.12316843407 1.17781111948 -0.03) (0.125421461264 1.18059358688 -0.03) (0.127684813688 1.18338242801 -0.03) (0.129958545986 1.18617766789 -0.03) (0.132242713156 1.18897933164 -0.03) (0.134537370552 1.19178744455 -0.03) (0.136842573889 1.19460203201 -0.03) (0.139158379243 1.19742311956 -0.03) (0.141484843055 1.20025073287 -0.03) (0.143822022135 1.20308489772 -0.03) (0.146169973664 1.20592564006 -0.03))
    polyLine 59 63 ((0.0969180565958 1.14490972896 0) (0.0990513181083 1.14761761692 0) (0.101194275752 1.15033158818 0) (0.103346980133 1.15305166627 0) (0.105509482176 1.15577787486 0) (0.107681833136 1.15851023771 0) (0.10986408459 1.16124877872 0) (0.112056288448 1.1639935219 0) (0.114258496953 1.16674449139 0) (0.116470762683 1.16950171145 0) (0.118693138551 1.17226520646 0) (0.120925677814 1.17503500093 0) (0.12316843407 1.17781111948 0) (0.125421461264 1.18059358688 0) (0.127684813688 1.18338242801 0) (0.129958545986 1.18617766789 0) (0.132242713156 1.18897933164 0) (0.134537370552 1.19178744455 0) (0.136842573889 1.19460203201 0) (0.139158379243 1.19742311956 0) (0.141484843055 1.20025073287 0) (0.143822022135 1.20308489772 0) (0.146169973664 1.20592564006 0))
    polyLine 60 64 ((0.190053008722 0.588168018607 -0.03) (0.190810887196 0.588662895276 -0.03) (0.191574995871 0.589148096917 -0.03) (0.192345211243 0.589623545104 -0.03) (0.193121408822 0.590089162992 -0.03) (0.19390346315 0.590544875321 -0.03) (0.194691247823 0.590990608435 -0.03) (0.19548463551 0.591426290288 -0.03) (0.196283497975 0.591851850462 -0.03) (0.197087706096 0.592267220172 -0.03) (0.19789712989 0.592672332282 -0.03) (0.198711638527 0.593067121313 -0.03) (0.199531100358 0.593451523455 -0.03) (0.200355382932 0.593825476576 -0.03) (0.20118435302 0.594188920235 -0.03) (0.202017876634 0.594541795686 -0.03) (0.202855819051 0.594884045895 -0.03) (0.203698044832 0.595215615544 -0.03) (0.204544417849 0.595536451039 -0.03) (0.205394801301 0.595846500525 -0.03) (0.20624905774 0.596145713887 -0.03) (0.207107049091 0.596434042764 -0.03) (0.207968636675 0.596711440553 -0.03) (0.208833681235 0.596977862416 -0.03) (0.209702042951 0.597233265293 -0.03) (0.210573581469 0.597477607902 -0.03) (0.211448155921 0.597710850751 -0.03) (0.21232562495 0.597932956138 -0.03) (0.213205846728 0.598143888166 -0.03) (0.214088678984 0.598343612742 -0.03) (0.214973979026 0.598532097582 -0.03) (0.215861603761 0.598709312224 -0.03) (0.216751409721 0.598875228022 -0.03) (0.217643253087 0.599029818161 -0.03) (0.218536989707 0.599173057652 -0.03) (0.219432475128 0.599304923345 -0.03) (0.220329564609 0.599425393926 -0.03) (0.221228113155 0.599534449923 -0.03) (0.222127975531 0.599632073709 -0.03) (0.223029006291 0.599718249505 -0.03) (0.223931059802 0.599792963383 -0.03) (0.224833990262 0.599856203266 -0.03) (0.225737651731 0.599907958933 -0.03) (0.226641898148 0.599948222018 -0.03) (0.22754658336 0.599976986014 -0.03) (0.22845156114 0.599994246271 -0.03))
    polyLine 62 66 ((0.190053008722 0.588168018607 0) (0.190810887196 0.588662895276 0) (0.191574995871 0.589148096917 0) (0.192345211243 0.589623545104 0) (0.193121408822 0.590089162992 0) (0.19390346315 0.590544875321 0) (0.194691247823 0.590990608435 0) (0.19548463551 0.591426290288 0) (0.196283497975 0.591851850462 0) (0.197087706096 0.592267220172 0) (0.19789712989 0.592672332282 0) (0.198711638527 0.593067121313 0) (0.199531100358 0.593451523455 0) (0.200355382932 0.593825476576 0) (0.20118435302 0.594188920235 0) (0.202017876634 0.594541795686 0) (0.202855819051 0.594884045895 0) (0.203698044832 0.595215615544 0) (0.204544417849 0.595536451039 0) (0.205394801301 0.595846500525 0) (0.20624905774 0.596145713887 0) (0.207107049091 0.596434042764 0) (0.207968636675 0.596711440553 0) (0.208833681235 0.596977862416 0) (0.209702042951 0.597233265293 0) (0.210573581469 0.597477607902 0) (0.211448155921 0.597710850751 0) (0.21232562495 0.597932956138 0) (0.213205846728 0.598143888166 0) (0.214088678984 0.598343612742 0) (0.214973979026 0.598532097582 0) (0.215861603761 0.598709312224 0) (0.216751409721 0.598875228022 0) (0.217643253087 0.599029818161 0) (0.218536989707 0.599173057652 0) (0.219432475128 0.599304923345 0) (0.220329564609 0.599425393926 0) (0.221228113155 0.599534449923 0) (0.222127975531 0.599632073709 0) (0.223029006291 0.599718249505 0) (0.223931059802 0.599792963383 0) (0.224833990262 0.599856203266 0) (0.225737651731 0.599907958933 0) (0.226641898148 0.599948222018 0) (0.22754658336 0.599976986014 0) (0.22845156114 0.599994246271 0))
    polyLine 61 65 ((0.151664131166 1.21254777305 -0.03) (0.154818674946 1.21633421038 -0.03) (0.157992522622 1.22013235928 -0.03) (0.161185811464 1.22394228156 -0.03) (0.164398679941 1.22776403944 -0.03) (0.167631267734 1.23159769557 -0.03) (0.170883715746 1.23544331305 -0.03) (0.174156166119 1.23930095542 -0.03) (0.177448762242 1.24317068668 -0.03) (0.180761648769 1.24705257128 -0.03) (0.184094971632 1.25094667412 -0.03) (0.187448878053 1.25485306057 -0.03) (0.190823516557 1.25877179647 -0.03) (0.194219036989 1.26270294813 -0.03) (0.197635590527 1.26664658233 -0.03) (0.201073329697 1.27060276634 -0.03) (0.204532408386 1.27457156793 -0.03) (0.208012981857 1.27855305533 -0.03) (0.211515206767 1.28254729729 -0.03) (0.215039241178 1.28655436305 -0.03) (0.218585244577 1.29057432237 -0.03) (0.222153377886 1.2946072455 -0.03) (0.225743803483 1.29865320323 -0.03))
    polyLine 63 67 ((0.151664131166 1.21254777305 0) (0.154818674946 1.21633421038 0) (0.157992522622 1.22013235928 0) (0.161185811464 1.22394228156 0) (0.164398679941 1.22776403944 0) (0.167631267734 1.23159769557 0) (0.170883715746 1.23544331305 0) (0.174156166119 1.23930095542 0) (0.177448762242 1.24317068668 0) (0.180761648769 1.24705257128 0) (0.184094971632 1.25094667412 0) (0.187448878053 1.25485306057 0) (0.190823516557 1.25877179647 0) (0.194219036989 1.26270294813 0) (0.197635590527 1.26664658233 0) (0.201073329697 1.27060276634 0) (0.204532408386 1.27457156793 0) (0.208012981857 1.27855305533 0) (0.211515206767 1.28254729729 0) (0.215039241178 1.28655436305 0) (0.218585244577 1.29057432237 0) (0.222153377886 1.2946072455 0) (0.225743803483 1.29865320323 0))
);

boundary
(
    body_fore
    {
        type wall;
        faces
        (
            (0 2 6 4)
            (4 6 10 8)
            (8 10 14 12)
            (12 14 18 16)
            (16 18 22 20)
            (20 22 26 24)
            (24 26 30 28)
            (28 30 34 32)
            (32 34 38 36)
            (36 38 42 40)
            (40 42 46 44)
            (44 46 50 48)
            (48 50 54 52)
            (52 54 58 56)
            (56 58 62 60)
            (60 62 66 64)
        );
    }
    freestream
    {
        type patch;
        faces
        (
            (1 5 7 3)
            (5 9 11 7)
            (9 13 15 11)
            (13 17 19 15)
            (17 21 23 19)
            (21 25 27 23)
            (25 29 31 27)
            (29 33 35 31)
            (33 37 39 35)
            (37 41 43 39)
            (41 45 47 43)
            (45 49 51 47)
            (49 53 55 51)
            (53 57 59 55)
            (57 61 63 59)
            (61 65 67 63)
        );
    }
    outlet
    {
        type patch;
        faces
        (
            (64 66 67 65)
        );
    }
    axis
    {
        type patch;
        faces
        (
            (0 1 3 2)
        );
    }
    front
    {
        type patch;
        faces
        (
            (2 6 7 3)
            (6 10 11 7)
            (10 14 15 11)
            (14 18 19 15)
            (18 22 23 19)
            (22 26 27 23)
            (26 30 31 27)
            (30 34 35 31)
            (34 38 39 35)
            (38 42 43 39)
            (42 46 47 43)
            (46 50 51 47)
            (50 54 55 51)
            (54 58 59 55)
            (58 62 63 59)
            (62 66 67 63)
        );
    }
    back
    {
        type patch;
        faces
        (
            (0 1 5 4)
            (4 5 9 8)
            (8 9 13 12)
            (12 13 17 16)
            (16 17 21 20)
            (20 21 25 24)
            (24 25 29 28)
            (28 29 33 32)
            (32 33 37 36)
            (36 37 41 40)
            (40 41 45 44)
            (44 45 49 48)
            (48 49 53 52)
            (52 53 57 56)
            (56 57 61 60)
            (60 61 65 64)
        );
    }
);
