FoamFile
{
    version     2.0;
    format      ascii;
    class       dictionary;
    object      blockMeshDict;
}
// Generated by aether.cfd - do not edit by hand. Regenerate from the run config.

scale 1;

vertices
(
    (0 0 -0.03)
    (-0.252084730408 7.01711061372e-17 -0.03)
    (0 0 0)
    (-0.252084730408 7.01711061372e-17 0)
    (0.00143651437619 0.0446164560252 -0.03)
    (-0.248992937454 0.0795909400143 -0.03)
    (0.00143651437619 0.0446164560252 0)
    (-0.248992937454 0.0795909400143 0)
    (0.00573967788618 0.08904813633 -0.03)
    (-0.240108823916 0.158511022617 -0.03)
    (0.00573967788618 0.08904813633 0)
    (-0.240108823916 0.158511022617 0)
    (0.0128918302754 0.133111026895 -0.03)
    (-0.226357029205 0.236504576935 -0.03)
    (0.0128918302754 0.133111026895 0)
    (-0.226357029205 0.236504576935 0)
    (0.0228634565561 0.176622613556 -0.03)
    (-0.208720293006 0.313861241746 -0.03)
    (0.0228634565561 0.176622613556 0)
    (-0.208720293006 0.313861241746 0)
    (0.0356129977808 0.219402758005 -0.03)
    (-0.187925809087 0.391313946858 -0.03)
    (0.0356129977808 0.219402758005 0)
    (-0.187925809087 0.391313946858 0)
    (0.0510879596944 0.261274194383 -0.03)
    (-0.164359965017 0.469900042396 -0.03)
    (0.0510879596944 0.261274194383 0)
    (-0.164359965017 0.469900042396 0)
    (0.069224049587 0.302063576091 -0.03)
    (-0.138095834784 0.550884863121 -0.03)
    (0.069224049587 0.302063576091 0)
    (-0.138095834784 0.550884863121 0)
    (0.089946111288 0.341602010927 -0.03)
    (-0.108937151085 0.635761188959 -0.03)
    (0.089946111288 0.341602010927 0)
    (-0.108937151085 0.635761188959 0)
    (0.11316860842 0.379725589776 -0.03)
    (-0.0764390461213 0.726311898701 -0.03)
    (0.11316860842 0.379725589776 0)
    (-0.0764390461213 0.726311898701 0)
    (0.13878447072 0.416284477379 -0.03)
    (-0.0399004629601 0.824714123687 -0.03)
    (0.13878447072 0.416284477379 0)
    (-0.0399004629601 0.824714123687 0)
    (0.165358554303 0.452162019482 -0.03)
    (0.000635352124618 0.930997622472 -0.03)
    (0.165358554303 0.452162019482 0)
    (0.000635352124618 0.930997622472 0)
    (0.191932637885 0.488039561585 -0.03)
    (0.044863521732 1.04455478181 -0.03)
    (0.191932637885 0.488039561585 0)
    (0.044863521732 1.04455478181 0)
    (0.218506721467 0.523917103688 -0.03)
    (0.0929916219137 1.16610535531 -0.03)
    (0.218506721467 0.523917103688 0)
    (0.0929916219137 1.16610535531 0)
    (0.24508080505 0.559794645791 -0.03)
    (0.145294861457 1.29648591098 -0.03)
    (0.24508080505 0.559794645791 0)
    (0.145294861457 1.29648591098 0)
    (0.278013053479 0.589310315658 -0.03)
    (0.21418383051 1.46626952787 -0.03)
    (0.278013053479 0.589310315658 0)
    (0.21418383051 1.46626952787 0)
    (0.320905834595 0.6 -0.03)
    (0.320905834595 1.72635302888 -0.03)
    (0.320905834595 0.6 0)
    (0.320905834595 1.72635302888 0)
);

blocks
(
    hex (0 4 5 1 2 6 7 3) (4 48 1) simpleGrading (1 4 1)
    hex (4 8 9 5 6 10 11 7) (4 48 1) simpleGrading (1 4 1)
    hex (8 12 13 9 10 14 15 11) (4 48 1) simpleGrading (1 4 1)
    hex (12 16 17 13 14 18 19 15) (4 48 1) simpleGrading (1 4 1)
    hex (16 20 21 17 18 22 23 19) (4 48 1) simpleGrading (1 4 1)
    hex (20 24 25 21 22 26 27 23) (4 48 1) simpleGrading (1 4 1)
    hex (24 28 29 25 26 30 31 27) (4 48 1) simpleGrading (1 4 1)
    hex (28 32 33 29 30 34 35 31) (4 48 1) simpleGrading (1 4 1)
    hex (32 36 37 33 34 38 39 35) (4 48 1) simpleGrading (1 4 1)
    hex (36 40 41 37 38 42 43 39) (4 48 1) simpleGrading (1 4 1)
    hex (40 44 45 41 42 46 47 43) (4 48 1) simpleGrading (1 4 1)
    hex (44 48 49 45 46 50 51 47) (4 48 1) simpleGrading (1 4 1)
    hex (48 52 53 49 50 54 55 51) (4 48 1) simpleGrading (1 4 1)
    hex (52 56 57 53 54 58 59 55) (4 48 1) simpleGrading (1 4 1)
    hex (56 60 61 57 58 62 63 59) (4 48 1) simpleGrading (1 4 1)
    hex (60 64 65 61 62 66 67 63) (4 48 1) simpleGrading (1 4 1)
);

edges
(
    polyLine 0 4 ((5.66096246351e-07 0.00088619704234 -0.03) (2.26438406151e-06 0.00177239263821 -0.03) (5.09486067339e-06 0.00265858534113 -0.03) (9.05752146206e-06 0.00354477370465 -0.03) (1.41523599595e-05 0.00443095628231 -0.03) (2.03793678499e-05 0.00531713162765 -0.03) (2.77385349694e-05 0.00620329829424 -0.03) (3.62298493061e-05 0.00708945483566 -0.03) (4.58532970003e-05 0.0079755998055 -0.03) (5.66088623444e-05 0.00886173175737 -0.03) (6.84965277829e-05 0.00974784924491 -0.03) (8.15162739126e-05 0.0106339508218 -0.03) (9.5668079482e-05 0.0115200350417 -0.03) (0.000110951921392 0.0124061004583 -0.03) (0.000127367774697 0.0132921456253 -0.03) (0.000144915612602 0.0141781690966 -0.03) (0.000163595406465 0.015064169426 -0.03) (0.000183407125796 0.0159501451672 -0.03) (0.000204350738259 0.0168360948743 -0.03) (0.000226426209668 0.0177220171011 -0.03) (0.000249633503991 0.0186079104015 -0.03) (0.000273972583349 0.0194937733297 -0.03) (0.000299443408016 0.0203796044397 -0.03) (0.000326045936416 0.0212654022856 -0.03) (0.00035378012513 0.0221511654216 -0.03) (0.000382645928887 0.0230368924019 -0.03) (0.000412643300573 0.0239225817809 -0.03) (0.000443772191226 0.0248082321128 -0.03) (0.000476032550036 0.0256938419522 -0.03) (0.000509424324347 0.0265794098534 -0.03) (0.000543947459656 0.0274649343711 -0.03) (0.000579601899613 0.0283504140599 -0.03) (0.000616387586024 0.0292358474745 -0.03) (0.000654304458844 0.0301212331695 -0.03) (0.000693352456185 0.0310065697 -0.03) (0.000733531514313 0.0318918556209 -0.03) (0.000774841567646 0.032777089487 -0.03) (0.000817282548756 0.0336622698536 -0.03) (0.000860854388371 0.0345473952759 -0.03) (0.000905557015372 0.035432464309 -0.03) (0.000951390356793 0.0363174755085 -0.03) (0.000998354337825 0.0372024274297 -0.03) (0.00104644888181 0.0380873186282 -0.03) (0.00109567391025 0.0389721476596 -0.03) (0.0011460293428 0.0398569130798 -0.03) (0.00119751509726 0.0407416134445 -0.03) (0.00125013108961 0.0416262473098 -0.03) (0.00130387723395 0.0425108132318 -0.03) (0.00135875344256 0.0433953097666 -0.03) (0.00141475962588 0.0442797354705 -0.03))
    polyLine 2 6 ((5.66096246351e-07 0.00088619704234 0) (2.26438406151e-06 0.00177239263821 0) (5.09486067339e-06 0.00265858534113 0) (9.05752146206e-06 0.00354477370465 0) (1.41523599595e-05 0.00443095628231 0) (2.03793678499e-05 0.00531713162765 0) (2.77385349694e-05 0.00620329829424 0) (3.62298493061e-05 0.00708945483566 0) (4.58532970003e-05 0.0079755998055 0) (5.66088623444e-05 0.00886173175737 0) (6.84965277829e-05 0.00974784924491 0) (8.15162739126e-05 0.0106339508218 0) (9.5668079482e-05 0.0115200350417 0) (0.000110951921392 0.0124061004583 0) (0.000127367774697 0.0132921456253 0) (0.000144915612602 0.0141781690966 0) (0.000163595406465 0.015064169426 0) (0.000183407125796 0.0159501451672 0) (0.000204350738259 0.0168360948743 0) (0.000226426209668 0.0177220171011 0) (0.000249633503991 0.0186079104015 0) (0.000273972583349 0.0194937733297 0) (0.000299443408016 0.0203796044397 0) (0.000326045936416 0.0212654022856 0) (0.00035378012513 0.0221511654216 0) (0.000382645928887 0.0230368924019 0) (0.000412643300573 0.0239225817809 0) (0.000443772191226 0.0248082321128 0) (0.000476032550036 0.0256938419522 0) (0.000509424324347 0.0265794098534 0) (0.000543947459656 0.0274649343711 0) (0.000579601899613 0.0283504140599 0) (0.000616387586024 0.0292358474745 0) (0.000654304458844 0.0301212331695 0) (0.000693352456185 0.0310065697 0) (0.000733531514313 0.0318918556209 0) (0.000774841567646 0.032777089487 0) (0.000817282548756 0.0336622698536 0) (0.000860854388371 0.0345473952759 0) (0.000905557015372 0.035432464309 0) (0.000951390356793 0.0363174755085 0) (0.000998354337825 0.0372024274297 0) (0.00104644888181 0.0380873186282 0) (0.00109567391025 0.0389721476596 0) (0.0011460293428 0.0398569130798 0) (0.00119751509726 0.0407416134445 0) (0.00125013108961 0.0416262473098 0) (0.00130387723395 0.0425108132318 0) (0.00135875344256 0.0433953097666 0) (0.00141475962588 0.0442797354705 0))
    polyLine 1 5 ((-0.252079328801 0.00331285878419 -0.03) (-0.252063124712 0.00662575168236 -0.03) (-0.252036120332 0.0099387128682 -0.03) (-0.251998319307 0.0132517766347 -0.03) (-0.251949726735 0.0165649774538 -0.03) (-0.251890349154 0.0198783500353 -0.03) (-0.251820194534 0.0231919293865 -0.03) (-0.251739272263 0.0265057508701 -0.03) (-0.251647593127 0.0298198502631 -0.03) (-0.251545169298 0.0331342638142 -0.03) (-0.251432014311 0.0364490283013 -0.03) (-0.25130814304 0.0397641810878 -0.03) (-0.251173571676 0.043079760179 -0.03) (-0.251028317698 0.0463958042771 -0.03) (-0.250872399845 0.0497123528359 -0.03) (-0.250705838085 0.0530294461141 -0.03) (-0.250528653582 0.0563471252289 -0.03) (-0.250340868662 0.0596654322072 -0.03) (-0.250142506776 0.0629844100368 -0.03) (-0.24993359246 0.0663041027167 -0.03) (-0.249714151301 0.0696245553057 -0.03) (-0.249484209891 0.0729458139706 -0.03) (-0.249243795783 0.0762679260328 -0.03))
    polyLine 3 7 ((-0.252079328801 0.00331285878419 0) (-0.252063124712 0.00662575168236 0) (-0.252036120332 0.0099387128682 0) (-0.251998319307 0.0132517766347 0) (-0.251949726735 0.0165649774538 0) (-0.251890349154 0.0198783500353 0) (-0.251820194534 0.0231919293865 0) (-0.251739272263 0.0265057508701 0) (-0.251647593127 0.0298198502631 0) (-0.251545169298 0.0331342638142 0) (-0.251432014311 0.0364490283013 0) (-0.25130814304 0.0397641810878 0) (-0.251173571676 0.043079760179 0) (-0.251028317698 0.0463958042771 0) (-0.250872399845 0.0497123528359 0) (-0.250705838085 0.0530294461141 0) (-0.250528653582 0.0563471252289 0) (-0.250340868662 0.0596654322072 0) (-0.250142506776 0.0629844100368 0) (-0.24993359246 0.0663041027167 0) (-0.249714151301 0.0696245553057 0) (-0.249484209891 0.0729458139706 0) (-0.249243795783 0.0762679260328 0))
    polyLine 4 8 ((0.00147189569249 0.0451640889 -0.03) (0.00153016154912 0.0460483686115 -0.03) (0.00158955710068 0.0469325731618 -0.03) (0.00165008225023 0.0478167011077 -0.03) (0.00171173689896 0.0487007510059 -0.03) (0.00177452094624 0.0495847214136 -0.03) (0.0018384342896 0.050468610888 -0.03) (0.00190347682472 0.0513524179862 -0.03) (0.00196964844543 0.0522361412659 -0.03) (0.00203694904372 0.0531197792844 -0.03) (0.00210537850975 0.0540033305995 -0.03) (0.00217493673183 0.0548867937691 -0.03) (0.00224562359641 0.0557701673512 -0.03) (0.00231743898812 0.0566534499039 -0.03) (0.00239038278975 0.0575366399854 -0.03) (0.00246445488223 0.0584197361542 -0.03) (0.00253965514466 0.059302736969 -0.03) (0.0026159834543 0.0601856409884 -0.03) (0.00269343968655 0.0610684467713 -0.03) (0.00277202371501 0.0619511528769 -0.03) (0.00285173541139 0.0628337578643 -0.03) (0.00293257464559 0.0637162602929 -0.03) (0.00301454128567 0.0645986587223 -0.03) (0.00309763519784 0.0654809517123 -0.03) (0.00318185624646 0.0663631378226 -0.03) (0.00326720429407 0.0672452156134 -0.03) (0.00335367920137 0.068127183645 -0.03) (0.0034412808272 0.0690090404778 -0.03) (0.00353000902859 0.0698907846723 -0.03) (0.0036198636607 0.0707724147894 -0.03) (0.00371084457687 0.0716539293901 -0.03) (0.00380295162861 0.0725353270355 -0.03) (0.00389618466557 0.073416606287 -0.03) (0.00399054353558 0.0742977657062 -0.03) (0.00408602808462 0.0751788038547 -0.03) (0.00418263815684 0.0760597192946 -0.03) (0.00428037359455 0.076940510588 -0.03) (0.00437923423823 0.0778211762973 -0.03) (0.0044792199265 0.0787017149849 -0.03) (0.00458033049618 0.0795821252138 -0.03) (0.00468256578223 0.0804624055467 -0.03) (0.00478592561777 0.081342554547 -0.03) (0.0048904098341 0.082222570778 -0.03) (0.00499601826068 0.0831024528034 -0.03) (0.00510275072513 0.0839821991869 -0.03) (0.00521060705324 0.0848618084927 -0.03) (0.00531958706896 0.085741279285 -0.03) (0.00542969059442 0.0866206101283 -0.03) (0.00554091744991 0.0874997995874 -0.03) (0.00565326745386 0.0883788462272 -0.03))
    polyLine 6 10 ((0.00147189569249 0.0451640889 0) (0.00153016154912 0.0460483686115 0) (0.00158955710068 0.0469325731618 0) (0.00165008225023 0.0478167011077 0) (0.00171173689896 0.0487007510059 0) (0.00177452094624 0.0495847214136 0) (0.0018384342896 0.050468610888 0) (0.00190347682472 0.0513524179862 0) (0.00196964844543 0.0522361412659 0) (0.00203694904372 0.0531197792844 0) (0.00210537850975 0.0540033305995 0) (0.00217493673183 0.0548867937691 0) (0.00224562359641 0.0557701673512 0) (0.00231743898812 0.0566534499039 0) (0.00239038278975 0.0575366399854 0) (0.00246445488223 0.0584197361542 0) (0.00253965514466 0.059302736969 0) (0.0026159834543 0.0601856409884 0) (0.00269343968655 0.0610684467713 0) (0.00277202371501 0.0619511528769 0) (0.00285173541139 0.0628337578643 0) (0.00293257464559 0.0637162602929 0) (0.00301454128567 0.0645986587223 0) (0.00309763519784 0.0654809517123 0) (0.00318185624646 0.0663631378226 0) (0.00326720429407 0.0672452156134 0) (0.00335367920137 0.068127183645 0) (0.0034412808272 0.0690090404778 0) (0.00353000902859 0.0698907846723 0) (0.0036198636607 0.0707724147894 0) (0.00371084457687 0.0716539293901 0) (0.00380295162861 0.0725353270355 0) (0.00389618466557 0.073416606287 0) (0.00399054353558 0.0742977657062 0) (0.00408602808462 0.0751788038547 0) (0.00418263815684 0.0760597192946 0) (0.00428037359455 0.076940510588 0) (0.00437923423823 0.0778211762973 0) (0.0044792199265 0.0787017149849 0) (0.00458033049618 0.0795821252138 0) (0.00468256578223 0.0804624055467 0) (0.00478592561777 0.081342554547 0) (0.0048904098341 0.082222570778 0) (0.00499601826068 0.0831024528034 0) (0.00510275072513 0.0839821991869 0) (0.00521060705324 0.0848618084927 0) (0.00531958706896 0.085741279285 0) (0.00542969059442 0.0866206101283 0) (0.00554091744991 0.0874997995874 0) (0.00565326745386 0.0883788462272 0))
    polyLine 5 9 ((-0.248735802089 0.0828632669729 -0.03) (-0.248468601675 0.0861365649829 -0.03) (-0.248191365732 0.0894108839974 -0.03) (-0.247904124474 0.0926862752575 -0.03) (-0.247606908757 0.095962791329 -0.03) (-0.247299750037 0.0992404861384 -0.03) (-0.24698268032 0.102519415008 -0.03) (-0.246655732119 0.105799634691 -0.03) (-0.246318938401 0.109081203401 -0.03) (-0.245972332545 0.112364180848 -0.03) (-0.245615948288 0.115648628266 -0.03) (-0.24524981968 0.118934608445 -0.03) (-0.244873981034 0.122222185758 -0.03) (-0.244488466876 0.125511426191 -0.03) (-0.244093311899 0.128802397367 -0.03) (-0.243688550913 0.132095168576 -0.03) (-0.243274218794 0.135389810796 -0.03) (-0.24285035044 0.138686396721 -0.03) (-0.242416980717 0.141985000781 -0.03) (-0.241974144416 0.145285699167 -0.03) (-0.241521876205 0.148588569852 -0.03) (-0.241060210578 0.151893692614 -0.03) (-0.240589181811 0.155201149054 -0.03))
    polyLine 7 11 ((-0.248735802089 0.0828632669729 0) (-0.248468601675 0.0861365649829 0) (-0.248191365732 0.0894108839974 0) (-0.247904124474 0.0926862752575 0) (-0.247606908757 0.095962791329 0) (-0.247299750037 0.0992404861384 0) (-0.24698268032 0.102519415008 0) (-0.246655732119 0.105799634691 0) (-0.246318938401 0.109081203401 0) (-0.245972332545 0.112364180848 0) (-0.245615948288 0.115648628266 0) (-0.24524981968 0.118934608445 0) (-0.244873981034 0.122222185758 0) (-0.244488466876 0.125511426191 0) (-0.244093311899 0.128802397367 0) (-0.243688550913 0.132095168576 0) (-0.243274218794 0.135389810796 0) (-0.24285035044 0.138686396721 0) (-0.242416980717 0.141985000781 0) (-0.241974144416 0.145285699167 0) (-0.241521876205 0.148588569852 0) (-0.241060210578 0.151893692614 0) (-0.240589181811 0.155201149054 0))
    polyLine 8 12 ((0.00576674042291 0.0892577486129 -0.03) (0.00588133617184 0.09013650531 -0.03) (0.0059970545136 0.0910151148841 -0.03) (0.00611389525933 0.0918935759011 -0.03) (0.00623185821829 0.0927718869272 -0.03) (0.00635094319796 0.0936500465289 -0.03) (0.00647115000396 0.0945280532726 -0.03) (0.00659247844009 0.0954059057254 -0.03) (0.00671492830831 0.0962836024544 -0.03) (0.00683849940875 0.097161142027 -0.03) (0.00696319153972 0.0980385230109 -0.03) (0.0070890044977 0.0989157439739 -0.03) (0.00721593807732 0.0997928034842 -0.03) (0.00734399207141 0.10066970011 -0.03) (0.00747316627096 0.101546432421 -0.03) (0.00760346046511 0.102422998985 -0.03) (0.00773487444121 0.103299398372 -0.03) (0.00786740798475 0.104175629151 -0.03) (0.00800106087941 0.105051689892 -0.03) (0.00813583290704 0.105927579165 -0.03) (0.00827172384766 0.106803295541 -0.03) (0.00840873347946 0.10767883759 -0.03) (0.00854686157883 0.108554203882 -0.03) (0.00868610792029 0.10942939299 -0.03) (0.00882647227657 0.110304403485 -0.03) (0.00896795441856 0.111179233938 -0.03) (0.00911055411533 0.112053882922 -0.03) (0.00925427113414 0.112928349009 -0.03) (0.00939910524039 0.113802630771 -0.03) (0.00954505619768 0.114676726782 -0.03) (0.0096921237678 0.115550635615 -0.03) (0.0098403077107 0.116424355843 -0.03) (0.0099896077845 0.117297886041 -0.03) (0.0101400237455 0.118171224782 -0.03) (0.0102915553482 0.119044370641 -0.03) (0.0104442023453 0.119917322194 -0.03) (0.0105979644876 0.120790078014 -0.03) (0.0107528415242 0.121662636678 -0.03) (0.0109088332022 0.122534996761 -0.03) (0.011065939267 0.12340715684 -0.03) (0.0112241594622 0.12427911549 -0.03) (0.0113834935296 0.125150871289 -0.03) (0.011543941209 0.126022422814 -0.03) (0.0117055022387 0.126893768642 -0.03) (0.0118681763548 0.127764907351 -0.03) (0.0120319632919 0.128635837519 -0.03) (0.0121968627826 0.129506557725 -0.03) (0.0123628745579 0.130377066546 -0.03) (0.0125299983466 0.131247362564 -0.03) (0.0126982338761 0.132117444356 -0.03) (0.0128675808716 0.132987310503 -0.03))
    polyLine 10 14 ((0.00576674042291 0.0892577486129 0) (0.00588133617184 0.09013650531 0) (0.0059970545136 0.0910151148841 0) (0.00611389525933 0.0918935759011 0) (0.00623185821829 0.0927718869272 0) (0.00635094319796 0.0936500465289 0) (0.00647115000396 0.0945280532726 0) (0.00659247844009 0.0954059057254 0) (0.00671492830831 0.0962836024544 0) (0.00683849940875 0.097161142027 0) (0.00696319153972 0.0980385230109 0) (0.0070890044977 0.0989157439739 0) (0.00721593807732 0.0997928034842 0) (0.00734399207141 0.10066970011 0) (0.00747316627096 0.101546432421 0) (0.00760346046511 0.102422998985 0) (0.00773487444121 0.103299398372 0) (0.00786740798475 0.104175629151 0) (0.00800106087941 0.105051689892 0) (0.00813583290704 0.105927579165 0) (0.00827172384766 0.106803295541 0) (0.00840873347946 0.10767883759 0) (0.00854686157883 0.108554203882 0) (0.00868610792029 0.10942939299 0) (0.00882647227657 0.110304403485 0) (0.00896795441856 0.111179233938 0) (0.00911055411533 0.112053882922 0) (0.00925427113414 0.112928349009 0) (0.00939910524039 0.113802630771 0) (0.00954505619768 0.114676726782 0) (0.0096921237678 0.115550635615 0) (0.0098403077107 0.116424355843 0) (0.0099896077845 0.117297886041 0) (0.0101400237455 0.118171224782 0) (0.0102915553482 0.119044370641 0) (0.0104442023453 0.119917322194 0) (0.0105979644876 0.120790078014 0) (0.0107528415242 0.121662636678 0) (0.0109088332022 0.122534996761 0) (0.011065939267 0.12340715684 0) (0.0112241594622 0.12427911549 0) (0.0113834935296 0.125150871289 0) (0.011543941209 0.126022422814 0) (0.0117055022387 0.126893768642 0) (0.0118681763548 0.127764907351 0) (0.0120319632919 0.128635837519 0) (0.0121968627826 0.129506557725 0) (0.0123628745579 0.130377066546 0) (0.0125299983466 0.131247362564 0) (0.0126982338761 0.132117444356 0) (0.0128675808716 0.132987310503 0))
    polyLine 9 13 ((-0.239633828647 0.16172510671 -0.03) (-0.239150111703 0.164941626602 -0.03) (-0.238657703199 0.168160663613 -0.03) (-0.23815663286 0.171382300759 -0.03) (-0.237646929978 0.174606622773 -0.03) (-0.237128623382 0.177833716118 -0.03) (-0.236601741395 0.181063668998 -0.03) (-0.236066311805 0.184296571377 -0.03) (-0.235522361822 0.187532514991 -0.03) (-0.234969918053 0.190771593359 -0.03) (-0.234409006458 0.194013901801 -0.03) (-0.233839652325 0.19725953745 -0.03) (-0.233261880231 0.200508599265 -0.03) (-0.232675714016 0.203761188043 -0.03) (-0.232081176746 0.207017406435 -0.03) (-0.231478290685 0.210277358959 -0.03) (-0.230867077264 0.213541152014 -0.03) (-0.230247557052 0.216808893891 -0.03) (-0.229619749728 0.220080694789 -0.03) (-0.228983674049 0.22335666683 -0.03) (-0.228339347824 0.226636924072 -0.03) (-0.227686787891 0.229921582524 -0.03) (-0.227026010082 0.23321076016 -0.03))
    polyLine 11 15 ((-0.239633828647 0.16172510671 0) (-0.239150111703 0.164941626602 0) (-0.238657703199 0.168160663613 0) (-0.23815663286 0.171382300759 0) (-0.237646929978 0.174606622773 0) (-0.237128623382 0.177833716118 0) (-0.236601741395 0.181063668998 0) (-0.236066311805 0.184296571377 0) (-0.235522361822 0.187532514991 0) (-0.234969918053 0.190771593359 0) (-0.234409006458 0.194013901801 0) (-0.233839652325 0.19725953745 0) (-0.233261880231 0.200508599265 0) (-0.232675714016 0.203761188043 0) (-0.232081176746 0.207017406435 0) (-0.231478290685 0.210277358959 0) (-0.230867077264 0.213541152014 0) (-0.230247557052 0.216808893891 0) (-0.229619749728 0.220080694789 0) (-0.228983674049 0.22335666683 0) (-0.228339347824 0.226636924072 0) (-0.227686787891 0.229921582524 0) (-0.227026010082 0.23321076016 0))
    polyLine 12 16 ((0.013038039057 0.133856959584 -0.03) (0.0132096081538 0.134726390181 -0.03) (0.013382287882 0.135595600875 -0.03) (0.0135560779599 0.136464590246 -0.03) (0.0137309781036 0.137333356876 -0.03) (0.0139069880279 0.138201899348 -0.03) (0.0140841074453 0.139070216243 -0.03) (0.0142623360668 0.139938306144 -0.03) (0.0144416736015 0.140806167635 -0.03) (0.0146221197566 0.141673799299 -0.03) (0.0148036742376 0.142541199719 -0.03) (0.0149863367482 0.14340836748 -0.03) (0.0151701069902 0.144275301166 -0.03) (0.0153549846637 0.145141999363 -0.03) (0.015540969467 0.146008460655 -0.03) (0.0157280610964 0.146874683629 -0.03) (0.0159162592465 0.14774066687 -0.03) (0.0161055636103 0.148606408966 -0.03) (0.0162959738786 0.149471908503 -0.03) (0.0164874897408 0.150337164068 -0.03) (0.0166801108842 0.151202174249 -0.03) (0.0168738369943 0.152066937634 -0.03) (0.0170686677552 0.152931452812 -0.03) (0.0172646028486 0.153795718372 -0.03) (0.0174616419548 0.154659732902 -0.03) (0.0176597847521 0.155523494994 -0.03) (0.0178590309173 0.156387003236 -0.03) (0.018059380125 0.157250256219 -0.03) (0.0182608320482 0.158113252535 -0.03) (0.0184633863582 0.158975990774 -0.03) (0.0186670427243 0.159838469529 -0.03) (0.018871800814 0.160700687392 -0.03) (0.0190776602933 0.161562642955 -0.03) (0.019284620826 0.162424334812 -0.03) (0.0194926820744 0.163285761556 -0.03) (0.0197018436989 0.164146921781 -0.03) (0.019912105358 0.165007814082 -0.03) (0.0201234667086 0.165868437052 -0.03) (0.0203359274057 0.166728789289 -0.03) (0.0205494871025 0.167588869386 -0.03) (0.0207641454505 0.168448675941 -0.03) (0.0209799020992 0.16930820755 -0.03) (0.0211967566964 0.17016746281 -0.03) (0.0214147088884 0.171026440319 -0.03) (0.0216337583192 0.171885138674 -0.03) (0.0218539046313 0.172743556474 -0.03) (0.0220751474655 0.173601692318 -0.03) (0.0222974864606 0.174459544805 -0.03) (0.0225209212537 0.175317112535 -0.03) (0.0227454514801 0.176174394108 -0.03))
    polyLine 14 18 ((0.013038039057 0.133856959584 0) (0.0132096081538 0.134726390181 0) (0.013382287882 0.135595600875 0) (0.0135560779599 0.136464590246 0) (0.0137309781036 0.137333356876 0) (0.0139069880279 0.138201899348 0) (0.0140841074453 0.139070216243 0) (0.0142623360668 0.139938306144 0) (0.0144416736015 0.140806167635 0) (0.0146221197566 0.141673799299 0) (0.0148036742376 0.142541199719 0) (0.0149863367482 0.14340836748 0) (0.0151701069902 0.144275301166 0) (0.0153549846637 0.145141999363 0) (0.015540969467 0.146008460655 0) (0.0157280610964 0.146874683629 0) (0.0159162592465 0.14774066687 0) (0.0161055636103 0.148606408966 0) (0.0162959738786 0.149471908503 0) (0.0164874897408 0.150337164068 0) (0.0166801108842 0.151202174249 0) (0.0168738369943 0.152066937634 0) (0.0170686677552 0.152931452812 0) (0.0172646028486 0.153795718372 0) (0.0174616419548 0.154659732902 0) (0.0176597847521 0.155523494994 0) (0.0178590309173 0.156387003236 0) (0.018059380125 0.157250256219 0) (0.0182608320482 0.158113252535 0) (0.0184633863582 0.158975990774 0) (0.0186670427243 0.159838469529 0) (0.018871800814 0.160700687392 0) (0.0190776602933 0.161562642955 0) (0.019284620826 0.162424334812 0) (0.0194926820744 0.163285761556 0) (0.0197018436989 0.164146921781 0) (0.019912105358 0.165007814082 0) (0.0201234667086 0.165868437052 0) (0.0203359274057 0.166728789289 0) (0.0205494871025 0.167588869386 0) (0.0207641454505 0.168448675941 0) (0.0209799020992 0.16930820755 0) (0.0211967566964 0.17016746281 0) (0.0214147088884 0.171026440319 0) (0.0216337583192 0.171885138674 0) (0.0218539046313 0.172743556474 0) (0.0220751474655 0.173601692318 0) (0.0222974864606 0.174459544805 0) (0.0225209212537 0.175317112535 0) (0.0227454514801 0.176174394108 0))
    polyLine 13 17 ((-0.22570814257 0.239666078874 -0.03) (-0.225051743837 0.242832063793 -0.03) (-0.224387843256 0.24600264252 -0.03) (-0.223716450129 0.24917792761 -0.03) (-0.223037572787 0.252358033355 -0.03) (-0.222351218574 0.255543075804 -0.03) (-0.221657393829 0.258733172775 -0.03) (-0.220956103867 0.261928443868 -0.03) (-0.220247352959 0.265129010486 -0.03) (-0.219531144317 0.268334995847 -0.03) (-0.218807480076 0.271546525004 -0.03) (-0.218076361277 0.274763724861 -0.03) (-0.217337787849 0.27798672419 -0.03) (-0.216591758594 0.281215653654 -0.03) (-0.215838271171 0.28445064582 -0.03) (-0.215077322074 0.287691835185 -0.03) (-0.214308906625 0.290939358191 -0.03) (-0.21353301895 0.294193353252 -0.03) (-0.212749651969 0.297453960773 -0.03) (-0.211958797374 0.300721323171 -0.03) (-0.21116044562 0.303995584903 -0.03) (-0.210354585905 0.307276892487 -0.03) (-0.209541206154 0.310565394528 -0.03))
    polyLine 15 19 ((-0.22570814257 0.239666078874 0) (-0.225051743837 0.242832063793 0) (-0.224387843256 0.24600264252 0) (-0.223716450129 0.24917792761 0) (-0.223037572787 0.252358033355 0) (-0.222351218574 0.255543075804 0) (-0.221657393829 0.258733172775 0) (-0.220956103867 0.261928443868 0) (-0.220247352959 0.265129010486 0) (-0.219531144317 0.268334995847 0) (-0.218807480076 0.271546525004 0) (-0.218076361277 0.274763724861 0) (-0.217337787849 0.27798672419 0) (-0.216591758594 0.281215653654 0) (-0.215838271171 0.28445064582 0) (-0.215077322074 0.287691835185 0) (-0.214308906625 0.290939358191 0) (-0.21353301895 0.294193353252 0) (-0.212749651969 0.297453960773 0) (-0.211958797374 0.300721323171 0) (-0.21116044562 0.303995584903 0) (-0.210354585905 0.307276892487 0) (-0.209541206154 0.310565394528 0))
    polyLine 16 20 ((0.0229710767733 0.177031388126 -0.03) (0.023197796765 0.177888093188 -0.03) (0.0234256110853 0.178744507897 -0.03) (0.0236545193622 0.179600630855 -0.03) (0.0238845212221 0.180456460664 -0.03) (0.0241156162896 0.181311995928 -0.03) (0.0243478041875 0.18216723525 -0.03) (0.0245810845369 0.183022177235 -0.03) (0.0248154569569 0.183876820486 -0.03) (0.025050921065 0.18473116361 -0.03) (0.0252874764768 0.18558520521 -0.03) (0.0255251228064 0.186438943894 -0.03) (0.0257638596657 0.187292378268 -0.03) (0.0260036866651 0.188145506938 -0.03) (0.0262446034132 0.188998328513 -0.03) (0.0264866095167 0.189850841601 -0.03) (0.0267297045806 0.190703044809 -0.03) (0.0269738882081 0.191554936747 -0.03) (0.0272191600007 0.192406516025 -0.03) (0.027465519558 0.193257781252 -0.03) (0.027712966478 0.194108731039 -0.03) (0.0279615003566 0.194959363997 -0.03) (0.0282111207883 0.195809678738 -0.03) (0.0284618273657 0.196659673873 -0.03) (0.0287136196794 0.197509348016 -0.03) (0.0289664973186 0.19835869978 -0.03) (0.0292204598705 0.199207727777 -0.03) (0.0294755069205 0.200056430623 -0.03) (0.0297316380523 0.200904806932 -0.03) (0.029988852848 0.201752855319 -0.03) (0.0302471508877 0.202600574401 -0.03) (0.0305065317497 0.203447962793 -0.03) (0.0307669950107 0.204295019112 -0.03) (0.0310285402455 0.205141741976 -0.03) (0.0312911670274 0.205988130003 -0.03) (0.0315548749275 0.206834181811 -0.03) (0.0318196635155 0.207679896019 -0.03) (0.0320855323592 0.208525271247 -0.03) (0.0323524810245 0.209370306115 -0.03) (0.0326205090759 0.210214999244 -0.03) (0.0328896160758 0.211059349255 -0.03) (0.033159801585 0.21190335477 -0.03) (0.0334310651624 0.212747014411 -0.03) (0.0337034063653 0.213590326801 -0.03) (0.0339768247493 0.214433290564 -0.03) (0.0342513198679 0.215275904324 -0.03) (0.0345268912732 0.216118166705 -0.03) (0.0348035385153 0.216960076333 -0.03) (0.0350812611428 0.217801631833 -0.03) (0.0353600587023 0.218642831833 -0.03))
    polyLine 18 22 ((0.0229710767733 0.177031388126 0) (0.023197796765 0.177888093188 0) (0.0234256110853 0.178744507897 0) (0.0236545193622 0.179600630855 0) (0.0238845212221 0.180456460664 0) (0.0241156162896 0.181311995928 0) (0.0243478041875 0.18216723525 0) (0.0245810845369 0.183022177235 0) (0.0248154569569 0.183876820486 0) (0.025050921065 0.18473116361 0) (0.0252874764768 0.18558520521 0) (0.0255251228064 0.186438943894 0) (0.0257638596657 0.187292378268 0) (0.0260036866651 0.188145506938 0) (0.0262446034132 0.188998328513 0) (0.0264866095167 0.189850841601 0) (0.0267297045806 0.190703044809 0) (0.0269738882081 0.191554936747 0) (0.0272191600007 0.192406516025 0) (0.027465519558 0.193257781252 0) (0.027712966478 0.194108731039 0) (0.0279615003566 0.194959363997 0) (0.0282111207883 0.195809678738 0) (0.0284618273657 0.196659673873 0) (0.0287136196794 0.197509348016 0) (0.0289664973186 0.19835869978 0) (0.0292204598705 0.199207727777 0) (0.0294755069205 0.200056430623 0) (0.0297316380523 0.200904806932 0) (0.029988852848 0.201752855319 0) (0.0302471508877 0.202600574401 0) (0.0305065317497 0.203447962793 0) (0.0307669950107 0.204295019112 0) (0.0310285402455 0.205141741976 0) (0.0312911670274 0.205988130003 0) (0.0315548749275 0.206834181811 0) (0.0318196635155 0.207679896019 0) (0.0320855323592 0.208525271247 0) (0.0323524810245 0.209370306115 0) (0.0326205090759 0.210214999244 0) (0.0328896160758 0.211059349255 0) (0.033159801585 0.21190335477 0) (0.0334310651624 0.212747014411 0) (0.0337034063653 0.213590326801 0) (0.0339768247493 0.214433290564 0) (0.0342513198679 0.215275904324 0) (0.0345268912732 0.216118166705 0) (0.0348035385153 0.216960076333 0) (0.0350812611428 0.217801631833 0) (0.0353600587023 0.218642831833 0))
    polyLine 17 21 ((-0.207933991283 0.316997025453 -0.03) (-0.207140873397 0.320139699173 -0.03) (-0.206340924621 0.323289397279 -0.03) (-0.205534129131 0.326446255945 -0.03) (-0.204720469996 0.329610413176 -0.03) (-0.203899929167 0.332782008832 -0.03) (-0.20307248746 0.335961184649 -0.03) (-0.202238124548 0.339148084268 -0.03) (-0.201396818948 0.342342853258 -0.03) (-0.200548548004 0.345545639149 -0.03) (-0.19969328788 0.348756591454 -0.03) (-0.198831013543 0.3519758617 -0.03) (-0.197961698751 0.355203603461 -0.03) (-0.197085316039 0.358439972383 -0.03) (-0.196201836707 0.361685126218 -0.03) (-0.195311230805 0.364939224859 -0.03) (-0.194413467117 0.368202430367 -0.03) (-0.193508513151 0.371474907013 -0.03) (-0.192596335121 0.374756821305 -0.03) (-0.191676897933 0.378048342033 -0.03) (-0.19075016517 0.381349640296 -0.03) (-0.189816099076 0.384660889552 -0.03) (-0.188874660542 0.387982265646 -0.03))
    polyLine 19 23 ((-0.207933991283 0.316997025453 0) (-0.207140873397 0.320139699173 0) (-0.206340924621 0.323289397279 0) (-0.205534129131 0.326446255945 0) (-0.204720469996 0.329610413176 0) (-0.203899929167 0.332782008832 0) (-0.20307248746 0.335961184649 0) (-0.202238124548 0.339148084268 0) (-0.201396818948 0.342342853258 0) (-0.200548548004 0.345545639149 0) (-0.19969328788 0.348756591454 0) (-0.198831013543 0.3519758617 0) (-0.197961698751 0.355203603461 0) (-0.197085316039 0.358439972383 0) (-0.196201836707 0.361685126218 0) (-0.195311230805 0.364939224859 0) (-0.194413467117 0.368202430367 0) (-0.193508513151 0.371474907013 0) (-0.192596335121 0.374756821305 0) (-0.191676897933 0.378048342033 0) (-0.19075016517 0.381349640296 0) (-0.189816099076 0.384660889552 0) (-0.188874660542 0.387982265646 0))
    polyLine 20 24 ((0.0356399307387 0.219483674958 -0.03) (0.0359208767953 0.220324159837 -0.03) (0.0362028964135 0.221164285098 -0.03) (0.0364859891329 0.222004049369 -0.03) (0.0367701544915 0.222843451279 -0.03) (0.0370553920254 0.223682489459 -0.03) (0.0373417012692 0.224521162539 -0.03) (0.0376290817554 0.22535946915 -0.03) (0.037917533015 0.226197407924 -0.03) (0.0382070545772 0.227034977494 -0.03) (0.0384976459695 0.227872176491 -0.03) (0.0387893067174 0.22870900355 -0.03) (0.039082036345 0.229545457304 -0.03) (0.0393758343744 0.230381536389 -0.03) (0.0396707003262 0.23121723944 -0.03) (0.0399666337189 0.232052565092 -0.03) (0.0402636340697 0.232887511983 -0.03) (0.0405617008937 0.233722078749 -0.03) (0.0408608337044 0.234556264028 -0.03) (0.0411610320135 0.235390066458 -0.03) (0.0414622953311 0.23622348468 -0.03) (0.0417646231655 0.237056517332 -0.03) (0.0420680150231 0.237889163054 -0.03) (0.0423724704088 0.238721420488 -0.03) (0.0426779888256 0.239553288275 -0.03) (0.0429845697749 0.240384765058 -0.03) (0.0432922127562 0.241215849478 -0.03) (0.0436009172674 0.242046540181 -0.03) (0.0439106828047 0.242876835809 -0.03) (0.0442215088623 0.243706735008 -0.03) (0.0445333949331 0.244536236423 -0.03) (0.0448463405078 0.2453653387 -0.03) (0.0451603450758 0.246194040485 -0.03) (0.0454754081245 0.247022340427 -0.03) (0.0457915291396 0.247850237173 -0.03) (0.0461087076052 0.248677729372 -0.03) (0.0464269430035 0.249504815673 -0.03) (0.0467462348151 0.250331494727 -0.03) (0.0470665825189 0.251157765183 -0.03) (0.047387985592 0.251983625694 -0.03) (0.0477104435098 0.25280907491 -0.03) (0.0480339557459 0.253634111486 -0.03) (0.0483585217724 0.254458734074 -0.03) (0.0486841410594 0.255282941329 -0.03) (0.0490108130754 0.256106731904 -0.03) (0.0493385372874 0.256930104456 -0.03) (0.0496673131602 0.257753057641 -0.03) (0.0499971401574 0.258575590114 -0.03) (0.0503280177406 0.259397700535 -0.03) (0.0506599453696 0.26021938756 -0.03) (0.0509929225027 0.261040649849 -0.03))
    polyLine 22 26 ((0.0356399307387 0.219483674958 0) (0.0359208767953 0.220324159837 0) (0.0362028964135 0.221164285098 0) (0.0364859891329 0.222004049369 0) (0.0367701544915 0.222843451279 0) (0.0370553920254 0.223682489459 0) (0.0373417012692 0.224521162539 0) (0.0376290817554 0.22535946915 0) (0.037917533015 0.226197407924 0) (0.0382070545772 0.227034977494 0) (0.0384976459695 0.227872176491 0) (0.0387893067174 0.22870900355 0) (0.039082036345 0.229545457304 0) (0.0393758343744 0.230381536389 0) (0.0396707003262 0.23121723944 0) (0.0399666337189 0.232052565092 0) (0.0402636340697 0.232887511983 0) (0.0405617008937 0.233722078749 0) (0.0408608337044 0.234556264028 0) (0.0411610320135 0.235390066458 0) (0.0414622953311 0.23622348468 0) (0.0417646231655 0.237056517332 0) (0.0420680150231 0.237889163054 0) (0.0423724704088 0.238721420488 0) (0.0426779888256 0.239553288275 0) (0.0429845697749 0.240384765058 0) (0.0432922127562 0.241215849478 0) (0.0436009172674 0.242046540181 0) (0.0439106828047 0.242876835809 0) (0.0442215088623 0.243706735008 0) (0.0445333949331 0.244536236423 0) (0.0448463405078 0.2453653387 0) (0.0451603450758 0.246194040485 0) (0.0454754081245 0.247022340427 0) (0.0457915291396 0.247850237173 0) (0.0461087076052 0.248677729372 0) (0.0464269430035 0.249504815673 0) (0.0467462348151 0.250331494727 0) (0.0470665825189 0.251157765183 0) (0.047387985592 0.251983625694 0) (0.0477104435098 0.25280907491 0) (0.0480339557459 0.253634111486 0) (0.0483585217724 0.254458734074 0) (0.0486841410594 0.255282941329 0) (0.0490108130754 0.256106731904 0) (0.0493385372874 0.256930104456 0) (0.0496673131602 0.257753057641 0) (0.0499971401574 0.258575590114 0) (0.0503280177406 0.259397700535 0) (0.0506599453696 0.26021938756 0) (0.0509929225027 0.261040649849 0))
    polyLine 21 25 ((-0.187024229129 0.39446527056 -0.03) (-0.186115983999 0.397626072084 -0.03) (-0.185201036324 0.400796507065 -0.03) (-0.184279347594 0.403976733199 -0.03) (-0.183350878151 0.407166910269 -0.03) (-0.182415587171 0.410367200186 -0.03) (-0.181473432654 0.413577767021 -0.03) (-0.180524371405 0.416798777047 -0.03) (-0.179568359027 0.420030398772 -0.03) (-0.178605349896 0.423272802981 -0.03) (-0.177635297152 0.426526162776 -0.03) (-0.176658152683 0.429790653614 -0.03) (-0.175673867104 0.433066453355 -0.03) (-0.174682389745 0.436353742298 -0.03) (-0.173683668631 0.439652703232 -0.03) (-0.172677650468 0.442963521474 -0.03) (-0.17166428062 0.446286384924 -0.03) (-0.170643503092 0.449621484106 -0.03) (-0.169615260516 0.452969012218 -0.03) (-0.168579494122 0.456329165185 -0.03) (-0.167536143728 0.459702141709 -0.03) (-0.166485147712 0.46308814332 -0.03) (-0.165426442995 0.466487374431 -0.03))
    polyLine 23 27 ((-0.187024229129 0.39446527056 0) (-0.186115983999 0.397626072084 0) (-0.185201036324 0.400796507065 0) (-0.184279347594 0.403976733199 0) (-0.183350878151 0.407166910269 0) (-0.182415587171 0.410367200186 0) (-0.181473432654 0.413577767021 0) (-0.180524371405 0.416798777047 0) (-0.179568359027 0.420030398772 0) (-0.178605349896 0.423272802981 0) (-0.177635297152 0.426526162776 0) (-0.176658152683 0.429790653614 0) (-0.175673867104 0.433066453355 0) (-0.174682389745 0.436353742298 0) (-0.173683668631 0.439652703232 0) (-0.172677650468 0.442963521474 0) (-0.17166428062 0.446286384924 0) (-0.170643503092 0.449621484106 0) (-0.169615260516 0.452969012218 0) (-0.168579494122 0.456329165185 0) (-0.167536143728 0.459702141709 0) (-0.166485147712 0.46308814332 0) (-0.165426442995 0.466487374431 0))
    polyLine 24 28 ((0.0513269485965 0.261861486061 -0.03) (0.0516620231057 0.262681894856 -0.03) (0.0519981454833 0.263501874896 -0.03) (0.0523353151809 0.264321424841 -0.03) (0.052673531648 0.265140543355 -0.03) (0.0530127943325 0.2659592291 -0.03) (0.0533531026808 0.26677748074 -0.03) (0.0536944561374 0.26759529694 -0.03) (0.0540368541451 0.268412676364 -0.03) (0.054380296145 0.269229617678 -0.03) (0.0547247815766 0.270046119549 -0.03) (0.0550703098776 0.270862180645 -0.03) (0.055416880484 0.271677799632 -0.03) (0.0557644928301 0.272492975181 -0.03) (0.0561131463485 0.27330770596 -0.03) (0.0564628404703 0.27412199064 -0.03) (0.0568135746245 0.274935827891 -0.03) (0.0571653482387 0.275749216385 -0.03) (0.0575181607387 0.276562154795 -0.03) (0.0578720115488 0.277374641794 -0.03) (0.0582269000912 0.278186676054 -0.03) (0.0585828257868 0.278998256252 -0.03) (0.0589397880546 0.279809381062 -0.03) (0.0592977863119 0.280620049161 -0.03) (0.0596568199744 0.281430259225 -0.03) (0.0600168884562 0.282240009931 -0.03) (0.0603779911694 0.283049299959 -0.03) (0.0607401275247 0.283858127987 -0.03) (0.061103296931 0.284666492694 -0.03) (0.0614674987955 0.285474392763 -0.03) (0.0618327325238 0.286281826873 -0.03) (0.0621989975197 0.287088793707 -0.03) (0.0625662931854 0.287895291947 -0.03) (0.0629346189214 0.288701320278 -0.03) (0.0633039741265 0.289506877384 -0.03) (0.0636743581978 0.29031196195 -0.03) (0.0640457705308 0.291116572662 -0.03) (0.0644182105192 0.291920708206 -0.03) (0.0647916775552 0.29272436727 -0.03) (0.0651661710291 0.293527548542 -0.03) (0.0655416903298 0.294330250712 -0.03) (0.0659182348442 0.295132472469 -0.03) (0.0662958039577 0.295934212503 -0.03) (0.0666743970542 0.296735469507 -0.03) (0.0670540135156 0.297536242171 -0.03) (0.0674346527223 0.29833652919 -0.03) (0.067816314053 0.299136329257 -0.03) (0.0681989968848 0.299935641066 -0.03) (0.0685827005931 0.300734463314 -0.03) (0.0689674245515 0.301532794695 -0.03))
    polyLine 26 30 ((0.0513269485965 0.261861486061 0) (0.0516620231057 0.262681894856 0) (0.0519981454833 0.263501874896 0) (0.0523353151809 0.264321424841 0) (0.052673531648 0.265140543355 0) (0.0530127943325 0.2659592291 0) (0.0533531026808 0.26677748074 0) (0.0536944561374 0.26759529694 0) (0.0540368541451 0.268412676364 0) (0.054380296145 0.269229617678 0) (0.0547247815766 0.270046119549 0) (0.0550703098776 0.270862180645 0) (0.055416880484 0.271677799632 0) (0.0557644928301 0.272492975181 0) (0.0561131463485 0.27330770596 0) (0.0564628404703 0.27412199064 0) (0.0568135746245 0.274935827891 0) (0.0571653482387 0.275749216385 0) (0.0575181607387 0.276562154795 0) (0.0578720115488 0.277374641794 0) (0.0582269000912 0.278186676054 0) (0.0585828257868 0.278998256252 0) (0.0589397880546 0.279809381062 0) (0.0592977863119 0.280620049161 0) (0.0596568199744 0.281430259225 0) (0.0600168884562 0.282240009931 0) (0.0603779911694 0.283049299959 0) (0.0607401275247 0.283858127987 0) (0.061103296931 0.284666492694 0) (0.0614674987955 0.285474392763 0) (0.0618327325238 0.286281826873 0) (0.0621989975197 0.287088793707 0) (0.0625662931854 0.287895291947 0) (0.0629346189214 0.288701320278 0) (0.0633039741265 0.289506877384 0) (0.0636743581978 0.29031196195 0) (0.0640457705308 0.291116572662 0) (0.0644182105192 0.291920708206 0) (0.0647916775552 0.29272436727 0) (0.0651661710291 0.293527548542 0) (0.0655416903298 0.294330250712 0) (0.0659182348442 0.295132472469 0) (0.0662958039577 0.295934212503 0) (0.0666743970542 0.296735469507 0) (0.0670540135156 0.297536242171 0) (0.0674346527223 0.29833652919 0) (0.067816314053 0.299136329257 0) (0.0681989968848 0.299935641066 0) (0.0685827005931 0.300734463314 0) (0.0689674245515 0.301532794695 0))
    polyLine 25 29 ((-0.163351188577 0.473117652619 -0.03) (-0.162335441119 0.476347477748 -0.03) (-0.161312665486 0.479589696923 -0.03) (-0.160282803297 0.482844491745 -0.03) (-0.159245794935 0.486112046329 -0.03) (-0.158201579523 0.489392547342 -0.03) (-0.157150094908 0.492686184061 -0.03) (-0.156091277643 0.495993148411 -0.03) (-0.155025062961 0.499313635026 -0.03) (-0.153951384764 0.502647841291 -0.03) (-0.152870175593 0.505995967404 -0.03) (-0.151781366613 0.50935821642 -0.03) (-0.150684887585 0.512734794314 -0.03) (-0.149580666851 0.516125910036 -0.03) (-0.148468631305 0.519531775564 -0.03) (-0.14734870637 0.522952605971 -0.03) (-0.146220815975 0.52638861948 -0.03) (-0.145084882533 0.529840037529 -0.03) (-0.143940826906 0.533307084835 -0.03) (-0.14278856839 0.536789989456 -0.03) (-0.14162802468 0.540288982863 -0.03) (-0.140459111847 0.543804300007 -0.03) (-0.139281744304 0.547336179385 -0.03))
    polyLine 27 31 ((-0.163351188577 0.473117652619 0) (-0.162335441119 0.476347477748 0) (-0.161312665486 0.479589696923 0) (-0.160282803297 0.482844491745 0) (-0.159245794935 0.486112046329 0) (-0.158201579523 0.489392547342 0) (-0.157150094908 0.492686184061 0) (-0.156091277643 0.495993148411 0) (-0.155025062961 0.499313635026 0) (-0.153951384764 0.502647841291 0) (-0.152870175593 0.505995967404 0) (-0.151781366613 0.50935821642 0) (-0.150684887585 0.512734794314 0) (-0.149580666851 0.516125910036 0) (-0.148468631305 0.519531775564 0) (-0.14734870637 0.522952605971 0) (-0.146220815975 0.52638861948 0) (-0.145084882533 0.529840037529 0) (-0.143940826906 0.533307084835 0) (-0.14278856839 0.536789989456 0) (-0.14162802468 0.540288982863 0) (-0.140459111847 0.543804300007 0) (-0.139281744304 0.547336179385 0))
    polyLine 28 32 ((0.0693531681321 0.302330633907 -0.03) (0.0697399307053 0.303127979648 -0.03) (0.0701277116398 0.303924830616 -0.03) (0.0705165103027 0.30472118551 -0.03) (0.0709063260593 0.305517043031 -0.03) (0.0712971582734 0.30631240188 -0.03) (0.0716890063071 0.307107260759 -0.03) (0.0720818695207 0.30790161837 -0.03) (0.0724757472731 0.308695473416 -0.03) (0.0728706389212 0.309488824602 -0.03) (0.0732665438207 0.310281670633 -0.03) (0.0736634613253 0.311074010215 -0.03) (0.074061390787 0.311865842054 -0.03) (0.0744603315565 0.312657164859 -0.03) (0.0748602829826 0.313447977336 -0.03) (0.0752612444123 0.314238278197 -0.03) (0.0756632151914 0.31502806615 -0.03) (0.0760661946636 0.315817339907 -0.03) (0.0764701821713 0.316606098179 -0.03) (0.0768751770549 0.317394339679 -0.03) (0.0772811786536 0.318182063121 -0.03) (0.0776881863045 0.318969267218 -0.03) (0.0780961993434 0.319755950686 -0.03) (0.0785052171043 0.32054211224 -0.03) (0.0789152389196 0.321327750598 -0.03) (0.0793262641201 0.322112864477 -0.03) (0.0797382920348 0.322897452595 -0.03) (0.0801513219912 0.323681513673 -0.03) (0.0805653533152 0.32446504643 -0.03) (0.080980385331 0.325248049587 -0.03) (0.0813964173612 0.326030521867 -0.03) (0.0818134487266 0.326812461991 -0.03) (0.0822314787467 0.327593868685 -0.03) (0.0826505067391 0.328374740672 -0.03) (0.0830705320198 0.329155076677 -0.03) (0.0834915539033 0.329934875428 -0.03) (0.0839135717023 0.330714135652 -0.03) (0.0843365847281 0.331492856075 -0.03) (0.0847605922902 0.332271035428 -0.03) (0.0851855936965 0.333048672441 -0.03) (0.0856115882533 0.333825765843 -0.03) (0.0860385752654 0.334602314367 -0.03) (0.0864665540357 0.335378316745 -0.03) (0.0868955238657 0.33615377171 -0.03) (0.0873254840552 0.336928677997 -0.03) (0.0877564339024 0.337703034341 -0.03) (0.088188372704 0.338476839478 -0.03) (0.0886212997549 0.339250092145 -0.03) (0.0890552143485 0.34002279108 -0.03) (0.0894901157765 0.340794935021 -0.03) (0.0899260033291 0.341566522709 -0.03))
    polyLine 30 34 ((0.0693531681321 0.302330633907 0) (0.0697399307053 0.303127979648 0) (0.0701277116398 0.303924830616 0) (0.0705165103027 0.30472118551 0) (0.0709063260593 0.305517043031 0) (0.0712971582734 0.30631240188 0) (0.0716890063071 0.307107260759 0) (0.0720818695207 0.30790161837 0) (0.0724757472731 0.308695473416 0) (0.0728706389212 0.309488824602 0) (0.0732665438207 0.310281670633 0) (0.0736634613253 0.311074010215 0) (0.074061390787 0.311865842054 0) (0.0744603315565 0.312657164859 0) (0.0748602829826 0.313447977336 0) (0.0752612444123 0.314238278197 0) (0.0756632151914 0.31502806615 0) (0.0760661946636 0.315817339907 0) (0.0764701821713 0.316606098179 0) (0.0768751770549 0.317394339679 0) (0.0772811786536 0.318182063121 0) (0.0776881863045 0.318969267218 0) (0.0780961993434 0.319755950686 0) (0.0785052171043 0.32054211224 0) (0.0789152389196 0.321327750598 0) (0.0793262641201 0.322112864477 0) (0.0797382920348 0.322897452595 0) (0.0801513219912 0.323681513673 0) (0.0805653533152 0.32446504643 0) (0.080980385331 0.325248049587 0) (0.0813964173612 0.326030521867 0) (0.0818134487266 0.326812461991 0) (0.0822314787467 0.327593868685 0) (0.0826505067391 0.328374740672 0) (0.0830705320198 0.329155076677 0) (0.0834915539033 0.329934875428 0) (0.0839135717023 0.330714135652 0) (0.0843365847281 0.331492856075 0) (0.0847605922902 0.332271035428 0) (0.0851855936965 0.333048672441 0) (0.0856115882533 0.333825765843 0) (0.0860385752654 0.334602314367 0) (0.0864665540357 0.335378316745 0) (0.0868955238657 0.33615377171 0) (0.0873254840552 0.336928677997 0) (0.0877564339024 0.337703034341 0) (0.088188372704 0.338476839478 0) (0.0886212997549 0.339250092145 0) (0.0890552143485 0.34002279108 0) (0.0894901157765 0.340794935021 0) (0.0899260033291 0.341566522709 0))
    polyLine 29 33 ((-0.136976086128 0.554227596806 -0.03) (-0.135848675308 0.557585524827 -0.03) (-0.134713526219 0.560958855776 -0.03) (-0.13357056136 0.564347801277 -0.03) (-0.132419701813 0.567752576038 -0.03) (-0.131260867218 0.571173397917 -0.03) (-0.130093975746 0.57461048798 -0.03) (-0.128918944074 0.578064070566 -0.03) (-0.12773568736 0.581534373353 -0.03) (-0.126544119213 0.58502162742 -0.03) (-0.125344151667 0.588526067322 -0.03) (-0.124135695154 0.59204793115 -0.03) (-0.12291865847 0.595587460612 -0.03) (-0.12169294875 0.599144901099 -0.03) (-0.120458471435 0.602720501763 -0.03) (-0.119215130241 0.606314515593 -0.03) (-0.117962827124 0.609927199492 -0.03) (-0.116701462252 0.613558814361 -0.03) (-0.115430933966 0.617209625176 -0.03) (-0.114151138749 0.620879901078 -0.03) (-0.112861971187 0.624569915457 -0.03) (-0.111563323934 0.628279946039 -0.03) (-0.110255087675 0.63201027498 -0.03))
    polyLine 31 35 ((-0.136976086128 0.554227596806 0) (-0.135848675308 0.557585524827 0) (-0.134713526219 0.560958855776 0) (-0.13357056136 0.564347801277 0) (-0.132419701813 0.567752576038 0) (-0.131260867218 0.571173397917 0) (-0.130093975746 0.57461048798 0) (-0.128918944074 0.578064070566 0) (-0.12773568736 0.581534373353 0) (-0.126544119213 0.58502162742 0) (-0.125344151667 0.588526067322 0) (-0.124135695154 0.59204793115 0) (-0.12291865847 0.595587460612 0) (-0.12169294875 0.599144901099 0) (-0.120458471435 0.602720501763 0) (-0.119215130241 0.606314515593 0) (-0.117962827124 0.609927199492 0) (-0.116701462252 0.613558814361 0) (-0.115430933966 0.617209625176 0) (-0.114151138749 0.620879901078 0) (-0.112861971187 0.624569915457 0) (-0.111563323934 0.628279946039 0) (-0.110255087675 0.63201027498 0))
    polyLine 32 36 ((0.0903628762948 0.342337552884 -0.03) (0.0908007339605 0.343108024287 -0.03) (0.0912395756116 0.34387793566 -0.03) (0.0916794005317 0.344647285748 -0.03) (0.092120208003 0.345416073295 -0.03) (0.092561997306 0.346184297045 -0.03) (0.0930047677195 0.346951955745 -0.03) (0.093448518521 0.347719048141 -0.03) (0.093893248986 0.348485572982 -0.03) (0.0943389583886 0.349251529016 -0.03) (0.0947856460015 0.350016914994 -0.03) (0.0952333110954 0.350781729666 -0.03) (0.0956819529398 0.351545971783 -0.03) (0.0961315708022 0.352309640099 -0.03) (0.0965821639489 0.353072733366 -0.03) (0.0970337316443 0.353835250339 -0.03) (0.0974862731514 0.354597189774 -0.03) (0.0979397877316 0.355358550427 -0.03) (0.0983942746446 0.356119331055 -0.03) (0.0988497331486 0.356879530417 -0.03) (0.0993061625002 0.357639147271 -0.03) (0.0997635619543 0.358398180378 -0.03) (0.100221930764 0.359156628499 -0.03) (0.100681268183 0.359914490396 -0.03) (0.101141573459 0.360671764832 -0.03) (0.101602845842 0.361428450571 -0.03) (0.102065084578 0.362184546377 -0.03) (0.102528288915 0.362940051017 -0.03) (0.102992458094 0.363694963258 -0.03) (0.103457591359 0.364449281867 -0.03) (0.103923687951 0.365203005613 -0.03) (0.104390747109 0.365956133266 -0.03) (0.10485876807 0.366708663596 -0.03) (0.10532775007 0.367460595376 -0.03) (0.105797692345 0.368211927378 -0.03) (0.106268594126 0.368962658376 -0.03) (0.106740454646 0.369712787143 -0.03) (0.107213273134 0.370462312457 -0.03) (0.107687048818 0.371211233093 -0.03) (0.108161780925 0.37195954783 -0.03) (0.108637468681 0.372707255444 -0.03) (0.109114111308 0.373454354718 -0.03) (0.10959170803 0.37420084443 -0.03) (0.110070258065 0.374946723362 -0.03) (0.110549760634 0.375691990297 -0.03) (0.111030214953 0.376436644019 -0.03) (0.111511620239 0.377180683312 -0.03) (0.111993975705 0.377924106962 -0.03) (0.112477280564 0.378666913754 -0.03) (0.112961534028 0.379409102478 -0.03))
    polyLine 34 38 ((0.0903628762948 0.342337552884 0) (0.0908007339605 0.343108024287 0) (0.0912395756116 0.34387793566 0) (0.0916794005317 0.344647285748 0) (0.092120208003 0.345416073295 0) (0.092561997306 0.346184297045 0) (0.0930047677195 0.346951955745 0) (0.093448518521 0.347719048141 0) (0.093893248986 0.348485572982 0) (0.0943389583886 0.349251529016 0) (0.0947856460015 0.350016914994 0) (0.0952333110954 0.350781729666 0) (0.0956819529398 0.351545971783 0) (0.0961315708022 0.352309640099 0) (0.0965821639489 0.353072733366 0) (0.0970337316443 0.353835250339 0) (0.0974862731514 0.354597189774 0) (0.0979397877316 0.355358550427 0) (0.0983942746446 0.356119331055 0) (0.0988497331486 0.356879530417 0) (0.0993061625002 0.357639147271 0) (0.0997635619543 0.358398180378 0) (0.100221930764 0.359156628499 0) (0.100681268183 0.359914490396 0) (0.101141573459 0.360671764832 0) (0.101602845842 0.361428450571 0) (0.102065084578 0.362184546377 0) (0.102528288915 0.362940051017 0) (0.102992458094 0.363694963258 0) (0.103457591359 0.364449281867 0) (0.103923687951 0.365203005613 0) (0.104390747109 0.365956133266 0) (0.10485876807 0.366708663596 0) (0.10532775007 0.367460595376 0) (0.105797692345 0.368211927378 0) (0.106268594126 0.368962658376 0) (0.106740454646 0.369712787143 0) (0.107213273134 0.370462312457 0) (0.107687048818 0.371211233093 0) (0.108161780925 0.37195954783 0) (0.108637468681 0.372707255444 0) (0.109114111308 0.373454354718 0) (0.10959170803 0.37420084443 0) (0.110070258065 0.374946723362 0) (0.110549760634 0.375691990297 0) (0.111030214953 0.376436644019 0) (0.111511620239 0.377180683312 0) (0.111993975705 0.377924106962 0) (0.112477280564 0.378666913754 0) (0.112961534028 0.379409102478 0))
    polyLine 33 37 ((-0.107692364816 0.639297505254 -0.03) (-0.106438853802 0.642852422922 -0.03) (-0.105176521243 0.646426189647 -0.03) (-0.103905268664 0.650019056905 -0.03) (-0.10262499588 0.653631280044 -0.03) (-0.101335600964 0.657263118359 -0.03) (-0.100036980217 0.660914835175 -0.03) (-0.0987290281295 0.664586697926 -0.03) (-0.0974116373486 0.668278978243 -0.03) (-0.0960846986418 0.671991952035 -0.03) (-0.09474810086 0.675725899585 -0.03) (-0.0934017308995 0.67948110563 -0.03) (-0.0920454736632 0.683257859466 -0.03) (-0.0906792120211 0.687056455032 -0.03) (-0.0893028267693 0.690877191014 -0.03) (-0.0879161965883 0.694720370943 -0.03) (-0.086519198 0.698586303298 -0.03) (-0.0851117053235 0.70247530161 -0.03) (-0.0836935906302 0.70638768457 -0.03) (-0.0822647236973 0.710323776142 -0.03) (-0.0808249719605 0.714283905672 -0.03) (-0.0793742004646 0.718268408007 -0.03) (-0.0779122718141 0.722277623614 -0.03))
    polyLine 35 39 ((-0.107692364816 0.639297505254 0) (-0.106438853802 0.642852422922 0) (-0.105176521243 0.646426189647 0) (-0.103905268664 0.650019056905 0) (-0.10262499588 0.653631280044 0) (-0.101335600964 0.657263118359 0) (-0.100036980217 0.660914835175 0) (-0.0987290281295 0.664586697926 0) (-0.0974116373486 0.668278978243 0) (-0.0960846986418 0.671991952035 0) (-0.09474810086 0.675725899585 0) (-0.0934017308995 0.67948110563 0) (-0.0920454736632 0.683257859466 0) (-0.0906792120211 0.687056455032 0) (-0.0893028267693 0.690877191014 0) (-0.0879161965883 0.694720370943 0) (-0.086519198 0.698586303298 0) (-0.0851117053235 0.70247530161 0) (-0.0836935906302 0.70638768457 0) (-0.0822647236973 0.710323776142 0) (-0.0808249719605 0.714283905672 0) (-0.0793742004646 0.718268408007 0) (-0.0779122718141 0.722277623614 0))
    polyLine 36 40 ((0.113446735305 0.380150671921 -0.03) (0.113932883605 0.380891620872 -0.03) (0.114419978133 0.381631948124 -0.03) (0.114908018095 0.382371652466 -0.03) (0.115397002693 0.383110732692 -0.03) (0.11588693113 0.383849187596 -0.03) (0.116377802607 0.384587015972 -0.03) (0.116869616321 0.385324216615 -0.03) (0.11736237147 0.386060788324 -0.03) (0.11785606725 0.386796729894 -0.03) (0.118350702855 0.387532040126 -0.03) (0.118846277477 0.388266717818 -0.03) (0.119342790309 0.389000761772 -0.03) (0.119840240538 0.38973417079 -0.03) (0.120338627355 0.390466943674 -0.03) (0.120837949943 0.391199079229 -0.03) (0.12133820749 0.391930576259 -0.03) (0.121839399178 0.392661433571 -0.03) (0.12234152419 0.393391649971 -0.03) (0.122844581705 0.394121224268 -0.03) (0.123348570903 0.394850155271 -0.03) (0.123853490961 0.39557844179 -0.03) (0.124359341054 0.396306082636 -0.03) (0.124866120358 0.397033076622 -0.03) (0.125373828045 0.397759422561 -0.03) (0.125882463286 0.398485119267 -0.03) (0.126392025251 0.399210165557 -0.03) (0.126902513109 0.399934560246 -0.03) (0.127413926026 0.400658302152 -0.03) (0.127926263167 0.401381390094 -0.03) (0.128439523696 0.402103822892 -0.03) (0.128953706776 0.402825599366 -0.03) (0.129468811567 0.403546718339 -0.03) (0.129984837228 0.404267178633 -0.03) (0.130501782918 0.404986979072 -0.03) (0.131019647792 0.405706118482 -0.03) (0.131538431004 0.406424595689 -0.03) (0.13205813171 0.407142409519 -0.03) (0.132578749059 0.407859558802 -0.03) (0.133100282202 0.408576042367 -0.03) (0.133622730289 0.409291859044 -0.03) (0.134146092465 0.410007007665 -0.03) (0.134670367878 0.410721487063 -0.03) (0.135195555671 0.411435296071 -0.03) (0.135721654987 0.412148433525 -0.03) (0.136248664968 0.41286089826 -0.03) (0.13677570549 0.413572453128 -0.03) (0.137302746012 0.414284007995 -0.03) (0.137829786535 0.414995562863 -0.03) (0.138356827057 0.415707117731 -0.03))
    polyLine 38 42 ((0.113446735305 0.380150671921 0) (0.113932883605 0.380891620872 0) (0.114419978133 0.381631948124 0) (0.114908018095 0.382371652466 0) (0.115397002693 0.383110732692 0) (0.11588693113 0.383849187596 0) (0.116377802607 0.384587015972 0) (0.116869616321 0.385324216615 0) (0.11736237147 0.386060788324 0) (0.11785606725 0.386796729894 0) (0.118350702855 0.387532040126 0) (0.118846277477 0.388266717818 0) (0.119342790309 0.389000761772 0) (0.119840240538 0.38973417079 0) (0.120338627355 0.390466943674 0) (0.120837949943 0.391199079229 0) (0.12133820749 0.391930576259 0) (0.121839399178 0.392661433571 0) (0.12234152419 0.393391649971 0) (0.122844581705 0.394121224268 0) (0.123348570903 0.394850155271 0) (0.123853490961 0.39557844179 0) (0.124359341054 0.396306082636 0) (0.124866120358 0.397033076622 0) (0.125373828045 0.397759422561 0) (0.125882463286 0.398485119267 0) (0.126392025251 0.399210165557 0) (0.126902513109 0.399934560246 0) (0.127413926026 0.400658302152 0) (0.127926263167 0.401381390094 0) (0.128439523696 0.402103822892 0) (0.128953706776 0.402825599366 0) (0.129468811567 0.403546718339 0) (0.129984837228 0.404267178633 0) (0.130501782918 0.404986979072 0) (0.131019647792 0.405706118482 0) (0.131538431004 0.406424595689 0) (0.13205813171 0.407142409519 0) (0.132578749059 0.407859558802 0) (0.133100282202 0.408576042367 0) (0.133622730289 0.409291859044 0) (0.134146092465 0.410007007665 0) (0.134670367878 0.410721487063 0) (0.135195555671 0.411435296071 0) (0.135721654987 0.412148433525 0) (0.136248664968 0.41286089826 0) (0.13677570549 0.413572453128 0) (0.137302746012 0.414284007995 0) (0.137829786535 0.414995562863 0) (0.138356827057 0.415707117731 0))
    polyLine 37 41 ((-0.0750452848785 0.730123185338 -0.03) (-0.0736413173563 0.733957173837 -0.03) (-0.072227021486 0.737814165258 -0.03) (-0.0708022730965 0.741694465518 -0.03) (-0.0693669458712 0.74559838549 -0.03) (-0.0679209113045 0.749526241112 -0.03) (-0.0664640386568 0.753478353491 -0.03) (-0.0649961949088 0.757455049008 -0.03) (-0.0635172447137 0.761456659439 -0.03) (-0.0620270503497 0.765483522061 -0.03) (-0.0605254716695 0.769535979775 -0.03) (-0.05901236605 0.773614381225 -0.03) (-0.0574875883395 0.777719080921 -0.03) (-0.0559509908047 0.781850439369 -0.03) (-0.054402423075 0.786008823197 -0.03) (-0.0528417320865 0.790194605295 -0.03) (-0.0512687620238 0.794408164944 -0.03) (-0.0496833542605 0.798649887965 -0.03) (-0.0480853472983 0.802920166859 -0.03) (-0.0464745767037 0.807219400956 -0.03) (-0.0448508750444 0.81154799657 -0.03) (-0.0432140718221 0.815906367151 -0.03) (-0.0415639934056 0.820294933452 -0.03))
    polyLine 39 43 ((-0.0750452848785 0.730123185338 0) (-0.0736413173563 0.733957173837 0) (-0.072227021486 0.737814165258 0) (-0.0708022730965 0.741694465518 0) (-0.0693669458712 0.74559838549 0) (-0.0679209113045 0.749526241112 0) (-0.0664640386568 0.753478353491 0) (-0.0649961949088 0.757455049008 0) (-0.0635172447137 0.761456659439 0) (-0.0620270503497 0.765483522061 0) (-0.0605254716695 0.769535979775 0) (-0.05901236605 0.773614381225 0) (-0.0574875883395 0.777719080921 0) (-0.0559509908047 0.781850439369 0) (-0.054402423075 0.786008823197 0) (-0.0528417320865 0.790194605295 0) (-0.0512687620238 0.794408164944 0) (-0.0496833542605 0.798649887965 0) (-0.0480853472983 0.802920166859 0) (-0.0464745767037 0.807219400956 0) (-0.0448508750444 0.81154799657 0) (-0.0432140718221 0.815906367151 0) (-0.0415639934056 0.820294933452 0))
    polyLine 40 44 ((0.138883867579 0.416418672598 -0.03) (0.139410908101 0.417130227466 -0.03) (0.139937948624 0.417841782334 -0.03) (0.140464989146 0.418553337201 -0.03) (0.140992029668 0.419264892069 -0.03) (0.14151907019 0.419976446937 -0.03) (0.142046110713 0.420688001805 -0.03) (0.142573151235 0.421399556672 -0.03) (0.143100191757 0.42211111154 -0.03) (0.143627232279 0.422822666408 -0.03) (0.144154272802 0.423534221275 -0.03) (0.144681313324 0.424245776143 -0.03) (0.145208353846 0.424957331011 -0.03) (0.145735394368 0.425668885878 -0.03) (0.146262434891 0.426380440746 -0.03) (0.146789475413 0.427091995614 -0.03) (0.147316515935 0.427803550481 -0.03) (0.147843556457 0.428515105349 -0.03) (0.14837059698 0.429226660217 -0.03) (0.148897637502 0.429938215084 -0.03) (0.149424678024 0.430649769952 -0.03) (0.149951718546 0.43136132482 -0.03) (0.150478759069 0.432072879687 -0.03) (0.151005799591 0.432784434555 -0.03) (0.151532840113 0.433495989423 -0.03) (0.152059880635 0.43420754429 -0.03) (0.152586921158 0.434919099158 -0.03) (0.15311396168 0.435630654026 -0.03) (0.153641002202 0.436342208893 -0.03) (0.154168042724 0.437053763761 -0.03) (0.154695083247 0.437765318629 -0.03) (0.155222123769 0.438476873496 -0.03) (0.155749164291 0.439188428364 -0.03) (0.156276204813 0.439899983232 -0.03) (0.156803245336 0.440611538099 -0.03) (0.157330285858 0.441323092967 -0.03) (0.15785732638 0.442034647835 -0.03) (0.158384366902 0.442746202703 -0.03) (0.158911407425 0.44345775757 -0.03) (0.159438447947 0.444169312438 -0.03) (0.159965488469 0.444880867306 -0.03) (0.160492528991 0.445592422173 -0.03) (0.161019569514 0.446303977041 -0.03) (0.161546610036 0.447015531909 -0.03) (0.162073650558 0.447727086776 -0.03) (0.16260069108 0.448438641644 -0.03) (0.163127731603 0.449150196512 -0.03) (0.163654772125 0.449861751379 -0.03) (0.164181812647 0.450573306247 -0.03) (0.164708853169 0.451284861115 -0.03) (0.165235893692 0.451996415982 -0.03))
    polyLine 42 46 ((0.138883867579 0.416418672598 0) (0.139410908101 0.417130227466 0) (0.139937948624 0.417841782334 0) (0.140464989146 0.418553337201 0) (0.140992029668 0.419264892069 0) (0.14151907019 0.419976446937 0) (0.142046110713 0.420688001805 0) (0.142573151235 0.421399556672 0) (0.143100191757 0.42211111154 0) (0.143627232279 0.422822666408 0) (0.144154272802 0.423534221275 0) (0.144681313324 0.424245776143 0) (0.145208353846 0.424957331011 0) (0.145735394368 0.425668885878 0) (0.146262434891 0.426380440746 0) (0.146789475413 0.427091995614 0) (0.147316515935 0.427803550481 0) (0.147843556457 0.428515105349 0) (0.14837059698 0.429226660217 0) (0.148897637502 0.429938215084 0) (0.149424678024 0.430649769952 0) (0.149951718546 0.43136132482 0) (0.150478759069 0.432072879687 0) (0.151005799591 0.432784434555 0) (0.151532840113 0.433495989423 0) (0.152059880635 0.43420754429 0) (0.152586921158 0.434919099158 0) (0.15311396168 0.435630654026 0) (0.153641002202 0.436342208893 0) (0.154168042724 0.437053763761 0) (0.154695083247 0.437765318629 0) (0.155222123769 0.438476873496 0) (0.155749164291 0.439188428364 0) (0.156276204813 0.439899983232 0) (0.156803245336 0.440611538099 0) (0.157330285858 0.441323092967 0) (0.15785732638 0.442034647835 0) (0.158384366902 0.442746202703 0) (0.158911407425 0.44345775757 0) (0.159438447947 0.444169312438 0) (0.159965488469 0.444880867306 0) (0.160492528991 0.445592422173 0) (0.161019569514 0.446303977041 0) (0.161546610036 0.447015531909 0) (0.162073650558 0.447727086776 0) (0.16260069108 0.448438641644 0) (0.163127731603 0.449150196512 0) (0.163654772125 0.449861751379 0) (0.164181812647 0.450573306247 0) (0.164708853169 0.451284861115 0) (0.165235893692 0.451996415982 0))
    polyLine 41 45 ((-0.0383590406728 0.828804385495 -0.03) (-0.0368059535367 0.832921244703 -0.03) (-0.0352410566537 0.837065051517 -0.03) (-0.0336642026326 0.841236161961 -0.03) (-0.0320752415369 0.845434937998 -0.03) (-0.0304740208311 0.849661747661 -0.03) (-0.0288603853258 0.853916965174 -0.03) (-0.0272341771214 0.858200971094 -0.03) (-0.02559523555 0.862514152445 -0.03) (-0.0239433971162 0.866856902855 -0.03) (-0.0222784954361 0.871229622704 -0.03) (-0.0206003611747 0.875632719271 -0.03) (-0.0189088219816 0.880066606882 -0.03) (-0.0172037024255 0.88453170707 -0.03) (-0.0154848239262 0.889028448733 -0.03) (-0.0137520046851 0.893557268297 -0.03) (-0.0120050596142 0.898118609886 -0.03) (-0.0102438002624 0.902712925492 -0.03) (-0.00846803474056 0.907340675156 -0.03) (-0.00667756764426 0.912002327148 -0.03) (-0.00487219997409 0.916698358155 -0.03) (-0.0030517290543 0.921429253474 -0.03) (-0.00121594844888 0.926195507209 -0.03))
    polyLine 43 47 ((-0.0383590406728 0.828804385495 0) (-0.0368059535367 0.832921244703 0) (-0.0352410566537 0.837065051517 0) (-0.0336642026326 0.841236161961 0) (-0.0320752415369 0.845434937998 0) (-0.0304740208311 0.849661747661 0) (-0.0288603853258 0.853916965174 0) (-0.0272341771214 0.858200971094 0) (-0.02559523555 0.862514152445 0) (-0.0239433971162 0.866856902855 0) (-0.0222784954361 0.871229622704 0) (-0.0206003611747 0.875632719271 0) (-0.0189088219816 0.880066606882 0) (-0.0172037024255 0.88453170707 0) (-0.0154848239262 0.889028448733 0) (-0.0137520046851 0.893557268297 0) (-0.0120050596142 0.898118609886 0) (-0.0102438002624 0.902712925492 0) (-0.00846803474056 0.907340675156 0) (-0.00667756764426 0.912002327148 0) (-0.00487219997409 0.916698358155 0) (-0.0030517290543 0.921429253474 0) (-0.00121594844888 0.926195507209 0))
    polyLine 44 48 ((0.165762934214 0.45270797085 -0.03) (0.166289974736 0.453419525718 -0.03) (0.166817015258 0.454131080585 -0.03) (0.167344055781 0.454842635453 -0.03) (0.167871096303 0.455554190321 -0.03) (0.168398136825 0.456265745188 -0.03) (0.168925177347 0.456977300056 -0.03) (0.16945221787 0.457688854924 -0.03) (0.169979258392 0.458400409791 -0.03) (0.170506298914 0.459111964659 -0.03) (0.171033339436 0.459823519527 -0.03) (0.171560379959 0.460535074394 -0.03) (0.172087420481 0.461246629262 -0.03) (0.172614461003 0.46195818413 -0.03) (0.173141501525 0.462669738997 -0.03) (0.173668542048 0.463381293865 -0.03) (0.17419558257 0.464092848733 -0.03) (0.174722623092 0.464804403601 -0.03) (0.175249663614 0.465515958468 -0.03) (0.175776704137 0.466227513336 -0.03) (0.176303744659 0.466939068204 -0.03) (0.176830785181 0.467650623071 -0.03) (0.177357825703 0.468362177939 -0.03) (0.177884866226 0.469073732807 -0.03) (0.178411906748 0.469785287674 -0.03) (0.17893894727 0.470496842542 -0.03) (0.179465987792 0.47120839741 -0.03) (0.179993028315 0.471919952277 -0.03) (0.180520068837 0.472631507145 -0.03) (0.181047109359 0.473343062013 -0.03) (0.181574149881 0.47405461688 -0.03) (0.182101190404 0.474766171748 -0.03) (0.182628230926 0.475477726616 -0.03) (0.183155271448 0.476189281483 -0.03) (0.18368231197 0.476900836351 -0.03) (0.184209352493 0.477612391219 -0.03) (0.184736393015 0.478323946086 -0.03) (0.185263433537 0.479035500954 -0.03) (0.185790474059 0.479747055822 -0.03) (0.186317514582 0.480458610689 -0.03) (0.186844555104 0.481170165557 -0.03) (0.187371595626 0.481881720425 -0.03) (0.187898636148 0.482593275292 -0.03) (0.188425676671 0.48330483016 -0.03) (0.188952717193 0.484016385028 -0.03) (0.189479757715 0.484727939895 -0.03) (0.190006798237 0.485439494763 -0.03) (0.19053383876 0.486151049631 -0.03) (0.191060879282 0.486862604498 -0.03) (0.191587919804 0.487574159366 -0.03))
    polyLine 46 50 ((0.165762934214 0.45270797085 0) (0.166289974736 0.453419525718 0) (0.166817015258 0.454131080585 0) (0.167344055781 0.454842635453 0) (0.167871096303 0.455554190321 0) (0.168398136825 0.456265745188 0) (0.168925177347 0.456977300056 0) (0.16945221787 0.457688854924 0) (0.169979258392 0.458400409791 0) (0.170506298914 0.459111964659 0) (0.171033339436 0.459823519527 0) (0.171560379959 0.460535074394 0) (0.172087420481 0.461246629262 0) (0.172614461003 0.46195818413 0) (0.173141501525 0.462669738997 0) (0.173668542048 0.463381293865 0) (0.17419558257 0.464092848733 0) (0.174722623092 0.464804403601 0) (0.175249663614 0.465515958468 0) (0.175776704137 0.466227513336 0) (0.176303744659 0.466939068204 0) (0.176830785181 0.467650623071 0) (0.177357825703 0.468362177939 0) (0.177884866226 0.469073732807 0) (0.178411906748 0.469785287674 0) (0.17893894727 0.470496842542 0) (0.179465987792 0.47120839741 0) (0.179993028315 0.471919952277 0) (0.180520068837 0.472631507145 0) (0.181047109359 0.473343062013 0) (0.181574149881 0.47405461688 0) (0.182101190404 0.474766171748 0) (0.182628230926 0.475477726616 0) (0.183155271448 0.476189281483 0) (0.18368231197 0.476900836351 0) (0.184209352493 0.477612391219 0) (0.184736393015 0.478323946086 0) (0.185263433537 0.479035500954 0) (0.185790474059 0.479747055822 0) (0.186317514582 0.480458610689 0) (0.186844555104 0.481170165557 0) (0.187371595626 0.481881720425 0) (0.187898636148 0.482593275292 0) (0.188425676671 0.48330483016 0) (0.188952717193 0.484016385028 0) (0.189479757715 0.484727939895 0) (0.190006798237 0.485439494763 0) (0.19053383876 0.486151049631 0) (0.191060879282 0.486862604498 0) (0.191587919804 0.487574159366 0))
    polyLine 45 49 ((0.00231486058464 0.935350329736 -0.03) (0.00400727096026 0.939732875856 -0.03) (0.00571274486608 0.94414564709 -0.03) (0.00743144666922 0.948589036151 -0.03) (0.00916354354726 0.953063442339 -0.03) (0.0109092055478 0.957569271681 -0.03) (0.0126686056495 0.962106937077 -0.03) (0.0144419198245 0.966676858445 -0.03) (0.016229327103 0.971279462875 -0.03) (0.0180310096387 0.975915184784 -0.03) (0.0198471527768 0.980584466071 -0.03) (0.021677945123 0.985287756286 -0.03) (0.0235235786152 0.990025512796 -0.03) (0.0253842485961 0.994798200956 -0.03) (0.0272601538885 0.999606294286 -0.03) (0.0291514968724 1.00445027465 -0.03) (0.0310584835638 1.00933063246 -0.03) (0.0329813236963 1.01424786682 -0.03) (0.0349202308041 1.0192024858 -0.03) (0.0368754223082 1.02419500656 -0.03) (0.038847119604 1.02922595559 -0.03) (0.0408355481521 1.03429586894 -0.03) (0.0428409375708 1.03940529242 -0.03))
    polyLine 47 51 ((0.00231486058464 0.935350329736 0) (0.00400727096026 0.939732875856 0) (0.00571274486608 0.94414564709 0) (0.00743144666922 0.948589036151 0) (0.00916354354726 0.953063442339 0) (0.0109092055478 0.957569271681 0) (0.0126686056495 0.962106937077 0) (0.0144419198245 0.966676858445 0) (0.016229327103 0.971279462875 0) (0.0180310096387 0.975915184784 0) (0.0198471527768 0.980584466071 0) (0.021677945123 0.985287756286 0) (0.0235235786152 0.990025512796 0) (0.0253842485961 0.994798200956 0) (0.0272601538885 0.999606294286 0) (0.0291514968724 1.00445027465 0) (0.0310584835638 1.00933063246 0) (0.0329813236963 1.01424786682 0) (0.0349202308041 1.0192024858 0) (0.0368754223082 1.02419500656 0) (0.038847119604 1.02922595559 0) (0.0408355481521 1.03429586894 0) (0.0428409375708 1.03940529242 0))
    polyLine 48 52 ((0.192114960326 0.488285714234 -0.03) (0.192642000849 0.488997269102 -0.03) (0.193169041371 0.489708823969 -0.03) (0.193696081893 0.490420378837 -0.03) (0.194223122415 0.491131933705 -0.03) (0.194750162938 0.491843488572 -0.03) (0.19527720346 0.49255504344 -0.03) (0.195804243982 0.493266598308 -0.03) (0.196331284504 0.493978153175 -0.03) (0.196858325027 0.494689708043 -0.03) (0.197385365549 0.495401262911 -0.03) (0.197912406071 0.496112817778 -0.03) (0.198439446593 0.496824372646 -0.03) (0.198966487116 0.497535927514 -0.03) (0.199493527638 0.498247482381 -0.03) (0.20002056816 0.498959037249 -0.03) (0.200547608682 0.499670592117 -0.03) (0.201074649205 0.500382146984 -0.03) (0.201601689727 0.501093701852 -0.03) (0.202128730249 0.50180525672 -0.03) (0.202655770771 0.502516811587 -0.03) (0.203182811294 0.503228366455 -0.03) (0.203709851816 0.503939921323 -0.03) (0.204236892338 0.50465147619 -0.03) (0.20476393286 0.505363031058 -0.03) (0.205290973383 0.506074585926 -0.03) (0.205818013905 0.506786140793 -0.03) (0.206345054427 0.507497695661 -0.03) (0.206872094949 0.508209250529 -0.03) (0.207399135472 0.508920805396 -0.03) (0.207926175994 0.509632360264 -0.03) (0.208453216516 0.510343915132 -0.03) (0.208980257038 0.51105547 -0.03) (0.209507297561 0.511767024867 -0.03) (0.210034338083 0.512478579735 -0.03) (0.210561378605 0.513190134603 -0.03) (0.211088419127 0.51390168947 -0.03) (0.21161545965 0.514613244338 -0.03) (0.212142500172 0.515324799206 -0.03) (0.212669540694 0.516036354073 -0.03) (0.213196581216 0.516747908941 -0.03) (0.213723621739 0.517459463809 -0.03) (0.214250662261 0.518171018676 -0.03) (0.214777702783 0.518882573544 -0.03) (0.215304743305 0.519594128412 -0.03) (0.215831783828 0.520305683279 -0.03) (0.21635882435 0.521017238147 -0.03) (0.216885864872 0.521728793015 -0.03) (0.217412905394 0.522440347882 -0.03) (0.217939945917 0.52315190275 -0.03) (0.218466986439 0.523863457618 -0.03))
    polyLine 50 54 ((0.192114960326 0.488285714234 0) (0.192642000849 0.488997269102 0) (0.193169041371 0.489708823969 0) (0.193696081893 0.490420378837 0) (0.194223122415 0.491131933705 0) (0.194750162938 0.491843488572 0) (0.19527720346 0.49255504344 0) (0.195804243982 0.493266598308 0) (0.196331284504 0.493978153175 0) (0.196858325027 0.494689708043 0) (0.197385365549 0.495401262911 0) (0.197912406071 0.496112817778 0) (0.198439446593 0.496824372646 0) (0.198966487116 0.497535927514 0) (0.199493527638 0.498247482381 0) (0.20002056816 0.498959037249 0) (0.200547608682 0.499670592117 0) (0.201074649205 0.500382146984 0) (0.201601689727 0.501093701852 0) (0.202128730249 0.50180525672 0) (0.202655770771 0.502516811587 0) (0.203182811294 0.503228366455 0) (0.203709851816 0.503939921323 0) (0.204236892338 0.50465147619 0) (0.20476393286 0.505363031058 0) (0.205290973383 0.506074585926 0) (0.205818013905 0.506786140793 0) (0.206345054427 0.507497695661 0) (0.206872094949 0.508209250529 0) (0.207399135472 0.508920805396 0) (0.207926175994 0.509632360264 0) (0.208453216516 0.510343915132 0) (0.208980257038 0.51105547 0) (0.209507297561 0.511767024867 0) (0.210034338083 0.512478579735 0) (0.210561378605 0.513190134603 0) (0.211088419127 0.51390168947 0) (0.21161545965 0.514613244338 0) (0.212142500172 0.515324799206 0) (0.212669540694 0.516036354073 0) (0.213196581216 0.516747908941 0) (0.213723621739 0.517459463809 0) (0.214250662261 0.518171018676 0) (0.214777702783 0.518882573544 0) (0.215304743305 0.519594128412 0) (0.215831783828 0.520305683279 0) (0.21635882435 0.521017238147 0) (0.216885864872 0.521728793015 0) (0.217412905394 0.522440347882 0) (0.217939945917 0.52315190275 0) (0.218466986439 0.523863457618 0))
    polyLine 49 53 ((0.0466896871517 1.04920100624 -0.03) (0.0485300088366 1.0538802332 -0.03) (0.0503846638541 1.05859288324 -0.03) (0.0522538322563 1.0633393839 -0.03) (0.0541376971432 1.0681201699 -0.03) (0.056036444727 1.07293568325 -0.03) (0.0579502643977 1.07778637344 -0.03) (0.0598793487911 1.08267269757 -0.03) (0.0618238938581 1.08759512053 -0.03) (0.0637840989356 1.09255411518 -0.03) (0.0657601668199 1.09755016249 -0.03) (0.0677523038414 1.10258375174 -0.03) (0.0697607199417 1.10765538069 -0.03) (0.0717856287519 1.11276555577 -0.03) (0.0738272476745 1.11791479228 -0.03) (0.0758857979657 1.12310361457 -0.03) (0.0779615048213 1.12833255624 -0.03) (0.0800545974639 1.13360216036 -0.03) (0.0821653092333 1.13891297967 -0.03) (0.0842938776784 1.14426557681 -0.03) (0.0864405446526 1.14966052454 -0.03) (0.088605556411 1.15509840594 -0.03) (0.0907891637108 1.1605798147 -0.03))
    polyLine 51 55 ((0.0466896871517 1.04920100624 0) (0.0485300088366 1.0538802332 0) (0.0503846638541 1.05859288324 0) (0.0522538322563 1.0633393839 0) (0.0541376971432 1.0681201699 0) (0.056036444727 1.07293568325 0) (0.0579502643977 1.07778637344 0) (0.0598793487911 1.08267269757 0) (0.0618238938581 1.08759512053 0) (0.0637840989356 1.09255411518 0) (0.0657601668199 1.09755016249 0) (0.0677523038414 1.10258375174 0) (0.0697607199417 1.10765538069 0) (0.0717856287519 1.11276555577 0) (0.0738272476745 1.11791479228 0) (0.0758857979657 1.12310361457 0) (0.0779615048213 1.12833255624 0) (0.0800545974639 1.13360216036 0) (0.0821653092333 1.13891297967 0) (0.0842938776784 1.14426557681 0) (0.0864405446526 1.14966052454 0) (0.088605556411 1.15509840594 0) (0.0907891637108 1.1605798147 0))
    polyLine 52 56 ((0.218994026961 0.524575012485 -0.03) (0.219521067483 0.525286567353 -0.03) (0.220048108006 0.525998122221 -0.03) (0.220575148528 0.526709677088 -0.03) (0.22110218905 0.527421231956 -0.03) (0.221629229572 0.528132786824 -0.03) (0.222156270095 0.528844341691 -0.03) (0.222683310617 0.529555896559 -0.03) (0.223210351139 0.530267451427 -0.03) (0.223737391661 0.530979006294 -0.03) (0.224264432184 0.531690561162 -0.03) (0.224791472706 0.53240211603 -0.03) (0.225318513228 0.533113670898 -0.03) (0.22584555375 0.533825225765 -0.03) (0.226372594273 0.534536780633 -0.03) (0.226899634795 0.535248335501 -0.03) (0.227426675317 0.535959890368 -0.03) (0.227953715839 0.536671445236 -0.03) (0.228480756362 0.537383000104 -0.03) (0.229007796884 0.538094554971 -0.03) (0.229534837406 0.538806109839 -0.03) (0.230061877928 0.539517664707 -0.03) (0.230588918451 0.540229219574 -0.03) (0.231115958973 0.540940774442 -0.03) (0.231642999495 0.54165232931 -0.03) (0.232170040017 0.542363884177 -0.03) (0.23269708054 0.543075439045 -0.03) (0.233224121062 0.543786993913 -0.03) (0.233751161584 0.54449854878 -0.03) (0.234278202106 0.545210103648 -0.03) (0.234805242629 0.545921658516 -0.03) (0.235332283151 0.546633213383 -0.03) (0.235859323673 0.547344768251 -0.03) (0.236386364195 0.548056323119 -0.03) (0.236913404718 0.548767877986 -0.03) (0.23744044524 0.549479432854 -0.03) (0.237967485762 0.550190987722 -0.03) (0.238494526284 0.550902542589 -0.03) (0.239021566807 0.551614097457 -0.03) (0.239548607329 0.552325652325 -0.03) (0.240075647851 0.553037207192 -0.03) (0.240602688373 0.55374876206 -0.03) (0.241129728896 0.554460316928 -0.03) (0.241656769418 0.555171871796 -0.03) (0.24218380994 0.555883426663 -0.03) (0.242710850462 0.556594981531 -0.03) (0.243237890985 0.557306536399 -0.03) (0.243764931507 0.558018091266 -0.03) (0.244291972029 0.558729646134 -0.03) (0.244819012551 0.559441201002 -0.03))
    polyLine 54 58 ((0.218994026961 0.524575012485 0) (0.219521067483 0.525286567353 0) (0.220048108006 0.525998122221 0) (0.220575148528 0.526709677088 0) (0.22110218905 0.527421231956 0) (0.221629229572 0.528132786824 0) (0.222156270095 0.528844341691 0) (0.222683310617 0.529555896559 0) (0.223210351139 0.530267451427 0) (0.223737391661 0.530979006294 0) (0.224264432184 0.531690561162 0) (0.224791472706 0.53240211603 0) (0.225318513228 0.533113670898 0) (0.22584555375 0.533825225765 0) (0.226372594273 0.534536780633 0) (0.226899634795 0.535248335501 0) (0.227426675317 0.535959890368 0) (0.227953715839 0.536671445236 0) (0.228480756362 0.537383000104 0) (0.229007796884 0.538094554971 0) (0.229534837406 0.538806109839 0) (0.230061877928 0.539517664707 0) (0.230588918451 0.540229219574 0) (0.231115958973 0.540940774442 0) (0.231642999495 0.54165232931 0) (0.232170040017 0.542363884177 0) (0.23269708054 0.543075439045 0) (0.233224121062 0.543786993913 0) (0.233751161584 0.54449854878 0) (0.234278202106 0.545210103648 0) (0.234805242629 0.545921658516 0) (0.235332283151 0.546633213383 0) (0.235859323673 0.547344768251 0) (0.236386364195 0.548056323119 0) (0.236913404718 0.548767877986 0) (0.23744044524 0.549479432854 0) (0.237967485762 0.550190987722 0) (0.238494526284 0.550902542589 0) (0.239021566807 0.551614097457 0) (0.239548607329 0.552325652325 0) (0.240075647851 0.553037207192 0) (0.240602688373 0.55374876206 0) (0.241129728896 0.554460316928 0) (0.241656769418 0.555171871796 0) (0.24218380994 0.555883426663 0) (0.242710850462 0.556594981531 0) (0.243237890985 0.557306536399 0) (0.243764931507 0.558018091266 0) (0.244291972029 0.558729646134 0) (0.244819012551 0.559441201002 0))
    polyLine 53 57 ((0.0949755867193 1.17108003415 -0.03) (0.0969749959193 1.17609088005 -0.03) (0.0989900413877 1.18113834705 -0.03) (0.101020918198 1.18622289673 -0.03) (0.10306782469 1.19134499833 -0.03) (0.105130962538 1.19650512894 -0.03) (0.107210536822 1.20170377364 -0.03) (0.109306756096 1.20694142569 -0.03) (0.111419832468 1.2122185867 -0.03) (0.11354998167 1.21753576681 -0.03) (0.115697423138 1.22289348485 -0.03) (0.11786238009 1.22829226856 -0.03) (0.120045079611 1.23373265475 -0.03) (0.122245752733 1.23921518952 -0.03) (0.124464634524 1.24474042847 -0.03) (0.126701964172 1.25030893688 -0.03) (0.128957985081 1.25592128993 -0.03) (0.131232944959 1.26157807294 -0.03) (0.133527095918 1.26727988155 -0.03) (0.135840694567 1.27302732203 -0.03) (0.138174002116 1.27882101141 -0.03) (0.140527284479 1.28466157782 -0.03) (0.142900812379 1.29054966068 -0.03))
    polyLine 55 59 ((0.0949755867193 1.17108003415 0) (0.0969749959193 1.17609088005 0) (0.0989900413877 1.18113834705 0) (0.101020918198 1.18622289673 0) (0.10306782469 1.19134499833 0) (0.105130962538 1.19650512894 0) (0.107210536822 1.20170377364 0) (0.109306756096 1.20694142569 0) (0.111419832468 1.2122185867 0) (0.11354998167 1.21753576681 0) (0.115697423138 1.22289348485 0) (0.11786238009 1.22829226856 0) (0.120045079611 1.23373265475 0) (0.122245752733 1.23921518952 0) (0.124464634524 1.24474042847 0) (0.126701964172 1.25030893688 0) (0.128957985081 1.25592128993 0) (0.131232944959 1.26157807294 0) (0.133527095918 1.26727988155 0) (0.135840694567 1.27302732203 0) (0.138174002116 1.27882101141 0) (0.140527284479 1.28466157782 0) (0.142900812379 1.29054966068 0))
    polyLine 56 60 ((0.245346053074 0.560152755869 -0.03) (0.245873093596 0.560864310737 -0.03) (0.246400134118 0.561575865605 -0.03) (0.24692717464 0.562287420472 -0.03) (0.247454215163 0.56299897534 -0.03) (0.24798105998 0.563703157802 -0.03) (0.248514655568 0.564402238734 -0.03) (0.249054952531 0.565096153421 -0.03) (0.249601900852 0.565784837627 -0.03) (0.250155449901 0.566468227598 -0.03) (0.250715548432 0.567146260072 -0.03) (0.251282144599 0.567818872282 -0.03) (0.251855185949 0.568486001964 -0.03) (0.252434619435 0.56914758736 -0.03) (0.253020391418 0.569803567227 -0.03) (0.253612447673 0.570453880838 -0.03) (0.254210733391 0.571098467993 -0.03) (0.254815193188 0.571737269022 -0.03) (0.255425771109 0.57237022479 -0.03) (0.256042410631 0.572997276703 -0.03) (0.25666505467 0.573618366714 -0.03) (0.257293645588 0.574233437327 -0.03) (0.257928125195 0.574842431604 -0.03) (0.258568434756 0.57544529317 -0.03) (0.259214514996 0.576041966217 -0.03) (0.259866306106 0.57663239551 -0.03) (0.26052374775 0.577216526391 -0.03) (0.261186779067 0.577794304786 -0.03) (0.261855338678 0.578365677211 -0.03) (0.262529364694 0.578930590771 -0.03) (0.26320879472 0.579488993172 -0.03) (0.263893565859 0.580040832721 -0.03) (0.264583614721 0.580586058335 -0.03) (0.265278877427 0.581124619539 -0.03) (0.265979289615 0.58165646648 -0.03) (0.266684786447 0.582181549922 -0.03) (0.267395302614 0.582699821258 -0.03) (0.268110772342 0.583211232511 -0.03) (0.268831129399 0.583715736338 -0.03) (0.2695563071 0.584213286038 -0.03) (0.270286238315 0.584703835549 -0.03) (0.271020855471 0.585187339463 -0.03) (0.271760090566 0.585663753019 -0.03) (0.272503875165 0.586133032116 -0.03) (0.273252140417 0.586595133311 -0.03) (0.274004817052 0.587050013827 -0.03) (0.274761835395 0.587497631555 -0.03) (0.275523125366 0.587937945059 -0.03) (0.276288616491 0.588370913577 -0.03) (0.277058237909 0.588796497029 -0.03) (0.277831918374 0.589214656018 -0.03))
    polyLine 58 62 ((0.245346053074 0.560152755869 0) (0.245873093596 0.560864310737 0) (0.246400134118 0.561575865605 0) (0.24692717464 0.562287420472 0) (0.247454215163 0.56299897534 0) (0.24798105998 0.563703157802 0) (0.248514655568 0.564402238734 0) (0.249054952531 0.565096153421 0) (0.249601900852 0.565784837627 0) (0.250155449901 0.566468227598 0) (0.250715548432 0.567146260072 0) (0.251282144599 0.567818872282 0) (0.251855185949 0.568486001964 0) (0.252434619435 0.56914758736 0) (0.253020391418 0.569803567227 0) (0.253612447673 0.570453880838 0) (0.254210733391 0.571098467993 0) (0.254815193188 0.571737269022 0) (0.255425771109 0.57237022479 0) (0.256042410631 0.572997276703 0) (0.25666505467 0.573618366714 0) (0.257293645588 0.574233437327 0) (0.257928125195 0.574842431604 0) (0.258568434756 0.57544529317 0) (0.259214514996 0.576041966217 0) (0.259866306106 0.57663239551 0) (0.26052374775 0.577216526391 0) (0.261186779067 0.577794304786 0) (0.261855338678 0.578365677211 0) (0.262529364694 0.578930590771 0) (0.26320879472 0.579488993172 0) (0.263893565859 0.580040832721 0) (0.264583614721 0.580586058335 0) (0.265278877427 0.581124619539 0) (0.265979289615 0.58165646648 0) (0.266684786447 0.582181549922 0) (0.267395302614 0.582699821258 0) (0.268110772342 0.583211232511 0) (0.268831129399 0.583715736338 0) (0.2695563071 0.584213286038 0) (0.270286238315 0.584703835549 0) (0.271020855471 0.585187339463 0) (0.271760090566 0.585663753019 0) (0.272503875165 0.586133032116 0) (0.273252140417 0.586595133311 0) (0.274004817052 0.587050013827 0) (0.274761835395 0.587497631555 0) (0.275523125366 0.587937945059 0) (0.276288616491 0.588370913577 0) (0.277058237909 0.588796497029 0) (0.277831918374 0.589214656018 0))
    polyLine 57 61 ((0.147858961112 1.30284080688 -0.03) (0.150446842968 1.30925153387 -0.03) (0.15305885579 1.31571891546 -0.03) (0.155695355201 1.32224379127 -0.03) (0.158356703851 1.32882701744 -0.03) (0.161043271589 1.33546946703 -0.03) (0.163755435642 1.34217203047 -0.03) (0.166493580803 1.34893561597 -0.03) (0.169258099618 1.35576114998 -0.03) (0.172049392582 1.36264957763 -0.03) (0.174867868343 1.36960186324 -0.03) (0.177713943908 1.37661899077 -0.03) (0.18058804486 1.38370196436 -0.03) (0.183490605576 1.39085180882 -0.03) (0.186422069457 1.3980695702 -0.03) (0.189382889162 1.40535631632 -0.03) (0.192373526853 1.41271313732 -0.03) (0.195394454443 1.4201411463 -0.03) (0.198446153854 1.4276414799 -0.03) (0.201529117286 1.43521529892 -0.03) (0.204643847487 1.44286378897 -0.03) (0.207790858045 1.45058816115 -0.03) (0.210970673671 1.45838965273 -0.03))
    polyLine 59 63 ((0.147858961112 1.30284080688 0) (0.150446842968 1.30925153387 0) (0.15305885579 1.31571891546 0) (0.155695355201 1.32224379127 0) (0.158356703851 1.32882701744 0) (0.161043271589 1.33546946703 0) (0.163755435642 1.34217203047 0) (0.166493580803 1.34893561597 0) (0.169258099618 1.35576114998 0) (0.172049392582 1.36264957763 0) (0.174867868343 1.36960186324 0) (0.177713943908 1.37661899077 0) (0.18058804486 1.38370196436 0) (0.183490605576 1.39085180882 0) (0.186422069457 1.3980695702 0) (0.189382889162 1.40535631632 0) (0.192373526853 1.41271313732 0) (0.195394454443 1.4201411463 0) (0.198446153854 1.4276414799 0) (0.201529117286 1.43521529892 0) (0.204643847487 1.44286378897 0) (0.207790858045 1.45058816115 0) (0.210970673671 1.45838965273 0))
    polyLine 60 64 ((0.278609586264 0.589625351834 -0.03) (0.27939116959 0.590028546459 -0.03) (0.280176596 0.590424202568 -0.03) (0.280965792784 0.590812283535 -0.03) (0.281758686887 0.591192753434 -0.03) (0.282555204907 0.591565577044 -0.03) (0.283355273111 0.591930719853 -0.03) (0.284158817434 0.592288148058 -0.03) (0.284965763491 0.592637828573 -0.03) (0.285776036582 0.592979729025 -0.03) (0.286589561698 0.593313817766 -0.03) (0.28740626353 0.593640063868 -0.03) (0.288226066474 0.59395843713 -0.03) (0.28904889464 0.594268908079 -0.03) (0.289874671858 0.594571447975 -0.03) (0.290703321683 0.59486602881 -0.03) (0.291534767406 0.595152623316 -0.03) (0.292368932059 0.595431204961 -0.03) (0.293205738421 0.595701747957 -0.03) (0.294045109029 0.59596422726 -0.03) (0.29488696618 0.59621861857 -0.03) (0.295731231942 0.596464898339 -0.03) (0.29657782816 0.596703043768 -0.03) (0.297426676463 0.596933032811 -0.03) (0.298277698271 0.597154844179 -0.03) (0.299130814805 0.597368457337 -0.03) (0.299985947089 0.597573852511 -0.03) (0.300843015963 0.597771010687 -0.03) (0.301701942087 0.597959913614 -0.03) (0.302562645947 0.598140543806 -0.03) (0.303425047868 0.59831288454 -0.03) (0.304289068015 0.598476919862 -0.03) (0.305154626404 0.598632634589 -0.03) (0.306021642909 0.598780014304 -0.03) (0.30689003727 0.598919045366 -0.03) (0.307759729096 0.599049714902 -0.03) (0.308630637881 0.599172010818 -0.03) (0.309502683001 0.599285921792 -0.03) (0.31037578373 0.599391437279 -0.03) (0.311249859244 0.599488547512 -0.03) (0.312124828628 0.5995772435 -0.03) (0.313000610884 0.599657517033 -0.03) (0.313877124941 0.599729360679 -0.03) (0.314754289658 0.59979276779 -0.03) (0.315632023833 0.599847732493 -0.03) (0.316510246214 0.599894249702 -0.03) (0.317388875502 0.59993231511 -0.03) (0.318267830361 0.599961925193 -0.03) (0.319147029425 0.599983077211 -0.03) (0.320026391304 0.599995769205 -0.03))
    polyLine 62 66 ((0.278609586264 0.589625351834 0) (0.27939116959 0.590028546459 0) (0.280176596 0.590424202568 0) (0.280965792784 0.590812283535 0) (0.281758686887 0.591192753434 0) (0.282555204907 0.591565577044 0) (0.283355273111 0.591930719853 0) (0.284158817434 0.592288148058 0) (0.284965763491 0.592637828573 0) (0.285776036582 0.592979729025 0) (0.286589561698 0.593313817766 0) (0.28740626353 0.593640063868 0) (0.288226066474 0.59395843713 0) (0.28904889464 0.594268908079 0) (0.289874671858 0.594571447975 0) (0.290703321683 0.59486602881 0) (0.291534767406 0.595152623316 0) (0.292368932059 0.595431204961 0) (0.293205738421 0.595701747957 0) (0.294045109029 0.59596422726 0) (0.29488696618 0.59621861857 0) (0.295731231942 0.596464898339 0) (0.29657782816 0.596703043768 0) (0.297426676463 0.596933032811 0) (0.298277698271 0.597154844179 0) (0.299130814805 0.597368457337 0) (0.299985947089 0.597573852511 0) (0.300843015963 0.597771010687 0) (0.301701942087 0.597959913614 0) (0.302562645947 0.598140543806 0) (0.303425047868 0.59831288454 0) (0.304289068015 0.598476919862 0) (0.305154626404 0.598632634589 0) (0.306021642909 0.598780014304 0) (0.30689003727 0.598919045366 0) (0.307759729096 0.599049714902 0) (0.308630637881 0.599172010818 0) (0.309502683001 0.599285921792 0) (0.31037578373 0.599391437279 0) (0.311249859244 0.599488547512 0) (0.312124828628 0.5995772435 0) (0.313000610884 0.599657517033 0) (0.313877124941 0.599729360679 0) (0.314754289658 0.59979276779 0) (0.315632023833 0.599847732493 0) (0.316510246214 0.599894249702 0) (0.317388875502 0.59993231511 0) (0.318267830361 0.599961925193 0) (0.319147029425 0.599983077211 0) (0.320026391304 0.599995769205 0))
    polyLine 61 65 ((0.217993946433 1.47560899628 -0.03) (0.221851543605 1.4850601019 -0.03) (0.225757549515 1.49462503122 -0.03) (0.229712915956 1.50430602791 -0.03) (0.233718619828 1.5141053947 -0.03) (0.237775663969 1.5240254953 -0.03) (0.24188507802 1.53406875647 -0.03) (0.246047919326 1.54423767015 -0.03) (0.250265273875 1.5545347956 -0.03) (0.25453825727 1.56496276178 -0.03) (0.258868015748 1.57552426966 -0.03) (0.263255727236 1.58622209478 -0.03) (0.267702602455 1.59705908978 -0.03) (0.272209886063 1.60803818713 -0.03) (0.276778857858 1.61916240196 -0.03) (0.281410834024 1.63043483496 -0.03) (0.286107168427 1.64185867546 -0.03) (0.290869253982 1.65343720463 -0.03) (0.295698524061 1.66517379879 -0.03) (0.300596453978 1.67707193292 -0.03) (0.305564562529 1.68913518425 -0.03) (0.310604413608 1.7013672361 -0.03) (0.315717617891 1.71377188181 -0.03))
    polyLine 63 67 ((0.217993946433 1.47560899628 0) (0.221851543605 1.4850601019 0) (0.225757549515 1.49462503122 0) (0.229712915956 1.50430602791 0) (0.233718619828 1.5141053947 0) (0.237775663969 1.5240254953 0) (0.24188507802 1.53406875647 0) (0.246047919326 1.54423767015 0) (0.250265273875 1.5545347956 0) (0.25453825727 1.56496276178 0) (0.258868015748 1.57552426966 0) (0.263255727236 1.58622209478 0) (0.267702602455 1.59705908978 0) (0.272209886063 1.60803818713 0) (0.276778857858 1.61916240196 0) (0.281410834024 1.63043483496 0) (0.286107168427 1.64185867546 0) (0.290869253982 1.65343720463 0) (0.295698524061 1.66517379879 0) (0.300596453978 1.67707193292 0) (0.305564562529 1.68913518425 0) (0.310604413608 1.7013672361 0) (0.315717617891 1.71377188181 0))
);

boundary
(
    body_fore
    {
        type wall;
        faces
        (
            (0 2 6 4)
            (4 6 10 8)
            (8 10 14 12)
            (12 14 18 16)
            (16 18 22 20)
            (20 22 26 24)
            (24 26 30 28)
            (28 30 34 32)
            (32 34 38 36)
            (36 38 42 40)
            (40 42 46 44)
            (44 46 50 48)
            (48 50 54 52)
            (52 54 58 56)
            (56 58 62 60)
            (60 62 66 64)
        );
    }
    freestream
    {
        type patch;
        faces
        (
            (1 5 7 3)
            (5 9 11 7)
            (9 13 15 11)
            (13 17 19 15)
            (17 21 23 19)
            (21 25 27 23)
            (25 29 31 27)
            (29 33 35 31)
            (33 37 39 35)
            (37 41 43 39)
            (41 45 47 43)
            (45 49 51 47)
            (49 53 55 51)
            (53 57 59 55)
            (57 61 63 59)
            (61 65 67 63)
        );
    }
    outlet
    {
        type patch;
        faces
        (
            (64 66 67 65)
        );
    }
    axis
    {
        type patch;
        faces
        (
            (0 1 3 2)
        );
    }
    front
    {
        type patch;
        faces
        (
            (2 6 7 3)
            (6 10 11 7)
            (10 14 15 11)
            (14 18 19 15)
            (18 22 23 19)
            (22 26 27 23)
            (26 30 31 27)
            (30 34 35 31)
            (34 38 39 35)
            (38 42 43 39)
            (42 46 47 43)
            (46 50 51 47)
            (50 54 55 51)
            (54 58 59 55)
            (58 62 63 59)
            (62 66 67 63)
        );
    }
    back
    {
        type patch;
        faces
        (
            (0 1 5 4)
            (4 5 9 8)
            (8 9 13 12)
            (12 13 17 16)
            (16 17 21 20)
            (20 21 25 24)
            (24 25 29 28)
            (28 29 33 32)
            (32 33 37 36)
            (36 37 41 40)
            (40 41 45 44)
            (44 45 49 48)
            (48 49 53 52)
            (52 53 57 56)
            (56 57 61 60)
            (60 61 65 64)
        );
    }
);
