FoamFile
{
    version     2.0;
    format      ascii;
    class       dictionary;
    object      blockMeshDict;
}
// Generated by aether.cfd - do not edit by hand. Regenerate from the run config.

scale 1;

vertices
(
    (0 0 -0.03)
    (-0.491918655077 8.66869230807e-17 -0.03)
    (0 0 0)
    (-0.491918655077 8.66869230807e-17 0)
    (0.00271766450475 0.0402872846533 -0.03)
    (-0.486838890372 0.132789220232 -0.03)
    (0.00271766450475 0.0402872846533 0)
    (-0.486838890372 0.132789220232 0)
    (0.0108207795961 0.0798446944553 -0.03)
    (-0.471320950889 0.267528835646 -0.03)
    (0.0108207795961 0.0798446944553 0)
    (-0.471320950889 0.267528835646 0)
    (0.0237384341618 0.118118906045 -0.03)
    (-0.44457802416 0.405935578698 -0.03)
    (0.0237384341618 0.118118906045 0)
    (-0.44457802416 0.405935578698 0)
    (0.0375592583416 0.156091308397 -0.03)
    (-0.406811737497 0.544949794039 -0.03)
    (0.0375592583416 0.156091308397 0)
    (-0.406811737497 0.544949794039 0)
    (0.0513800825213 0.194063710749 -0.03)
    (-0.360073712801 0.67930498349 -0.03)
    (0.0513800825213 0.194063710749 0)
    (-0.360073712801 0.67930498349 0)
    (0.065200906701 0.232036113102 -0.03)
    (-0.307235252531 0.805359179892 -0.03)
    (0.065200906701 0.232036113102 0)
    (-0.307235252531 0.805359179892 0)
    (0.0790217308807 0.270008515454 -0.03)
    (-0.251166567131 0.921183093596 -0.03)
    (0.0790217308807 0.270008515454 0)
    (-0.251166567131 0.921183093596 0)
    (0.0928425550604 0.307980917806 -0.03)
    (-0.194220333479 1.02622777035 -0.03)
    (0.0928425550604 0.307980917806 0)
    (-0.194220333479 1.02622777035 0)
    (0.10666337924 0.345953320158 -0.03)
    (-0.138081973737 1.12082427628 -0.03)
    (0.10666337924 0.345953320158 0)
    (-0.138081973737 1.12082427628 0)
    (0.12048420342 0.38392572251 -0.03)
    (-0.0838363573345 1.20576185549 -0.03)
    (0.12048420342 0.38392572251 0)
    (-0.0838363573345 1.20576185549 0)
    (0.1343050276 0.421898124862 -0.03)
    (-0.0321089866354 1.28200868786 -0.03)
    (0.1343050276 0.421898124862 0)
    (-0.0321089866354 1.28200868786 0)
    (0.148125851779 0.459870527214 -0.03)
    (0.0167946831322 1.35055288074 -0.03)
    (0.148125851779 0.459870527214 0)
    (0.0167946831322 1.35055288074 0)
    (0.161946675959 0.497842929566 -0.03)
    (0.0627785643509 1.41232306659 -0.03)
    (0.161946675959 0.497842929566 0)
    (0.0627785643509 1.41232306659 0)
    (0.175767500139 0.535815331918 -0.03)
    (0.105876550529 1.46815542957 -0.03)
    (0.175767500139 0.535815331918 0)
    (0.105876550529 1.46815542957 0)
    (0.189588324318 0.57378773427 -0.03)
    (0.146198748168 1.51878552412 -0.03)
    (0.189588324318 0.57378773427 0)
    (0.146198748168 1.51878552412 0)
    (0.215933789734 0.6 -0.03)
    (0.215933789734 1.60311993132 -0.03)
    (0.215933789734 0.6 0)
    (0.215933789734 1.60311993132 0)
);

blocks
(
    hex (0 4 5 1 2 6 7 3) (4 48 1) simpleGrading (1 4 1)
    hex (4 8 9 5 6 10 11 7) (4 48 1) simpleGrading (1 4 1)
    hex (8 12 13 9 10 14 15 11) (4 48 1) simpleGrading (1 4 1)
    hex (12 16 17 13 14 18 19 15) (4 48 1) simpleGrading (1 4 1)
    hex (16 20 21 17 18 22 23 19) (4 48 1) simpleGrading (1 4 1)
    hex (20 24 25 21 22 26 27 23) (4 48 1) simpleGrading (1 4 1)
    hex (24 28 29 25 26 30 31 27) (4 48 1) simpleGrading (1 4 1)
    hex (28 32 33 29 30 34 35 31) (4 48 1) simpleGrading (1 4 1)
    hex (32 36 37 33 34 38 39 35) (4 48 1) simpleGrading (1 4 1)
    hex (36 40 41 37 38 42 43 39) (4 48 1) simpleGrading (1 4 1)
    hex (40 44 45 41 42 46 47 43) (4 48 1) simpleGrading (1 4 1)
    hex (44 48 49 45 46 50 51 47) (4 48 1) simpleGrading (1 4 1)
    hex (48 52 53 49 50 54 55 51) (4 48 1) simpleGrading (1 4 1)
    hex (52 56 57 53 54 58 59 55) (4 48 1) simpleGrading (1 4 1)
    hex (56 60 61 57 58 62 63 59) (4 48 1) simpleGrading (1 4 1)
    hex (60 64 65 61 62 66 67 63) (4 48 1) simpleGrading (1 4 1)
);

edges
(
    polyLine 0 4 ((1.35828116791e-06 0.000902755147211 -0.03) (5.4331123721e-06 0.00180550211979 -0.03) (1.22244567142e-05 0.00270823274316 -0.03) (2.1732252697e-05 0.00361093884293 -0.03) (3.39564142256e-05 0.0045136122449 -0.03) (4.88968306076e-05 0.00541624477517 -0.03) (6.65533665545e-05 0.00631882826022 -0.03) (8.69258621826e-05 0.00722135452696 -0.03) (0.000110014133015 0.00812381540284 -0.03) (0.000135817969982 0.00902620271588 -0.03) (0.000164337139425 0.00992850829478 -0.03) (0.000195571383097 0.010830723969 -0.03) (0.000229520418165 0.0117328415687 -0.03) (0.000266183937214 0.0126348529251 -0.03) (0.000305561608248 0.0135367498703 -0.03) (0.000347653074694 0.0144385242375 -0.03) (0.000392457955405 0.0153401678607 -0.03) (0.000439975844663 0.0162416725756 -0.03) (0.000490206312184 0.0171430302188 -0.03) (0.000543148903121 0.0180442326282 -0.03) (0.000598803138068 0.0189452716434 -0.03) (0.000657168513064 0.0198461391052 -0.03) (0.000718244499598 0.0207468268561 -0.03) (0.000782030544615 0.0216473267402 -0.03) (0.000848526070519 0.0225476306032 -0.03) (0.000917730475178 0.0234477302928 -0.03) (0.000989643131933 0.0243476176582 -0.03) (0.0010642633896 0.025247284551 -0.03) (0.00114159057248 0.0261467228243 -0.03) (0.00122162398035 0.0270459243336 -0.03) (0.0013043628885 0.0279448809365 -0.03) (0.00138980654771 0.0288435844926 -0.03) (0.00147795418426 0.0297420268641 -0.03) (0.00156880499997 0.0306401999154 -0.03) (0.00166235817216 0.0315380955133 -0.03) (0.00175861285369 0.0324357055272 -0.03) (0.00185756817295 0.033333021829 -0.03) (0.00195922323388 0.0342300362934 -0.03) (0.00206357711597 0.0351267407977 -0.03) (0.00217062887428 0.0360231272221 -0.03) (0.00228037753943 0.0369191874495 -0.03) (0.00239282211762 0.0378149133661 -0.03) (0.00250796159064 0.0387102968607 -0.03) (0.00262579491589 0.0396053298256 -0.03))
    polyLine 2 6 ((1.35828116791e-06 0.000902755147211 0) (5.4331123721e-06 0.00180550211979 0) (1.22244567142e-05 0.00270823274316 0) (2.1732252697e-05 0.00361093884293 0) (3.39564142256e-05 0.0045136122449 0) (4.88968306076e-05 0.00541624477517 0) (6.65533665545e-05 0.00631882826022 0) (8.69258621826e-05 0.00722135452696 0) (0.000110014133015 0.00812381540284 0) (0.000135817969982 0.00902620271588 0) (0.000164337139425 0.00992850829478 0) (0.000195571383097 0.010830723969 0) (0.000229520418165 0.0117328415687 0) (0.000266183937214 0.0126348529251 0) (0.000305561608248 0.0135367498703 0) (0.000347653074694 0.0144385242375 0) (0.000392457955405 0.0153401678607 0) (0.000439975844663 0.0162416725756 0) (0.000490206312184 0.0171430302188 0) (0.000543148903121 0.0180442326282 0) (0.000598803138068 0.0189452716434 0) (0.000657168513064 0.0198461391052 0) (0.000718244499598 0.0207468268561 0) (0.000782030544615 0.0216473267402 0) (0.000848526070519 0.0225476306032 0) (0.000917730475178 0.0234477302928 0) (0.000989643131933 0.0243476176582 0) (0.0010642633896 0.025247284551 0) (0.00114159057248 0.0261467228243 0) (0.00122162398035 0.0270459243336 0) (0.0013043628885 0.0279448809365 0) (0.00138980654771 0.0288435844926 0) (0.00147795418426 0.0297420268641 0) (0.00156880499997 0.0306401999154 0) (0.00166235817216 0.0315380955133 0) (0.00175861285369 0.0324357055272 0) (0.00185756817295 0.033333021829 0) (0.00195922323388 0.0342300362934 0) (0.00206357711597 0.0351267407977 0) (0.00217062887428 0.0360231272221 0) (0.00228037753943 0.0369191874495 0) (0.00239282211762 0.0378149133661 0) (0.00250796159064 0.0387102968607 0) (0.00262579491589 0.0396053298256 0))
    polyLine 1 5 ((-0.491909912343 0.00550798395491 -0.03) (-0.491883682557 0.0110162267303 -0.03) (-0.491839960968 0.0165249871816 -0.03) (-0.491778739658 0.0220345242348 -0.03) (-0.491700007537 0.0275450969211 -0.03) (-0.491603750341 0.0330569644122 -0.03) (-0.491489950627 0.0385703860557 -0.03) (-0.491358587769 0.0440856214102 -0.03) (-0.49120963795 0.0496029302807 -0.03) (-0.491043074159 0.055122572754 -0.03) (-0.490858866176 0.0606448092338 -0.03) (-0.490656980569 0.0661699004768 -0.03) (-0.490437380682 0.0716981076279 -0.03) (-0.490200026623 0.0772296922559 -0.03) (-0.489944875253 0.0827649163896 -0.03) (-0.489671880174 0.0883040425537 -0.03) (-0.489380991713 0.0938473338046 -0.03) (-0.489072156908 0.0993950537668 -0.03) (-0.488745319493 0.104947466669 -0.03) (-0.488400419879 0.110504837383 -0.03) (-0.488037395138 0.116067431454 -0.03) (-0.487656178984 0.121635515145 -0.03) (-0.48725670175 0.12720935547 -0.03))
    polyLine 3 7 ((-0.491909912343 0.00550798395491 0) (-0.491883682557 0.0110162267303 0) (-0.491839960968 0.0165249871816 0) (-0.491778739658 0.0220345242348 0) (-0.491700007537 0.0275450969211 0) (-0.491603750341 0.0330569644122 0) (-0.491489950627 0.0385703860557 0) (-0.491358587769 0.0440856214102 0) (-0.49120963795 0.0496029302807 0) (-0.491043074159 0.055122572754 0) (-0.490858866176 0.0606448092338 0) (-0.490656980569 0.0661699004768 0) (-0.490437380682 0.0716981076279 0) (-0.490200026623 0.0772296922559 0) (-0.489944875253 0.0827649163896 0) (-0.489671880174 0.0883040425537 0) (-0.489380991713 0.0938473338046 0) (-0.489072156908 0.0993950537668 0) (-0.488745319493 0.104947466669 0) (-0.488400419879 0.110504837383 0) (-0.488037395138 0.116067431454 0) (-0.487656178984 0.121635515145 0) (-0.48725670175 0.12720935547 0))
    polyLine 4 8 ((0.00274632102636 0.040500004156 -0.03) (0.00286953883065 0.0413943117504 -0.03) (0.00299544721301 0.0422882445107 -0.03) (0.00312404503331 0.0431817943422 -0.03) (0.00325533112707 0.0440749531536 -0.03) (0.00338930430546 0.0449677128571 -0.03) (0.00352596335533 0.0458600653686 -0.03) (0.00366530703921 0.0467520026078 -0.03) (0.00380733409531 0.0476435164978 -0.03) (0.00395204323754 0.0485345989658 -0.03) (0.00409943315554 0.049425241943 -0.03) (0.00424950251465 0.0503154373644 -0.03) (0.00440224995597 0.051205177169 -0.03) (0.00455767409634 0.0520944533001 -0.03) (0.00471577352836 0.0529832577051 -0.03) (0.0048765468204 0.0538715823357 -0.03) (0.00503999251663 0.0547594191479 -0.03) (0.00520610913703 0.0556467601022 -0.03) (0.00537489517735 0.0565335971635 -0.03) (0.00554634910922 0.0574199223013 -0.03) (0.00572046938009 0.0583057274899 -0.03) (0.00589725441325 0.0591910047079 -0.03) (0.00607670260788 0.0600757459391 -0.03) (0.00625881233904 0.060959943172 -0.03) (0.00644358195769 0.0618435883998 -0.03) (0.00663100979071 0.0627266736212 -0.03) (0.00682109414088 0.0636091908395 -0.03) (0.00701383328697 0.0644911320633 -0.03) (0.00720922548368 0.0653724893065 -0.03) (0.00740726896169 0.0662532545883 -0.03) (0.00760796192768 0.0671334199331 -0.03) (0.00781130256432 0.0680129773708 -0.03) (0.00801728903033 0.0688919189369 -0.03) (0.00822591946046 0.0697702366723 -0.03) (0.00843719196552 0.0706479226237 -0.03) (0.00865110463239 0.0715249688435 -0.03) (0.00886765552404 0.0724013673899 -0.03) (0.00908684267956 0.0732771103268 -0.03) (0.00930866411417 0.0741521897243 -0.03) (0.00953311781923 0.0750265976583 -0.03) (0.00976020176226 0.0759003262109 -0.03) (0.00998991388698 0.0767733674702 -0.03) (0.0102222521133 0.0776457135308 -0.03) (0.0104572143373 0.0785173564932 -0.03) (0.0106947984314 0.0793882884647 -0.03))
    polyLine 6 10 ((0.00274632102636 0.040500004156 0) (0.00286953883065 0.0413943117504 0) (0.00299544721301 0.0422882445107 0) (0.00312404503331 0.0431817943422 0) (0.00325533112707 0.0440749531536 0) (0.00338930430546 0.0449677128571 0) (0.00352596335533 0.0458600653686 0) (0.00366530703921 0.0467520026078 0) (0.00380733409531 0.0476435164978 0) (0.00395204323754 0.0485345989658 0) (0.00409943315554 0.049425241943 0) (0.00424950251465 0.0503154373644 0) (0.00440224995597 0.051205177169 0) (0.00455767409634 0.0520944533001 0) (0.00471577352836 0.0529832577051 0) (0.0048765468204 0.0538715823357 0) (0.00503999251663 0.0547594191479 0) (0.00520610913703 0.0556467601022 0) (0.00537489517735 0.0565335971635 0) (0.00554634910922 0.0574199223013 0) (0.00572046938009 0.0583057274899 0) (0.00589725441325 0.0591910047079 0) (0.00607670260788 0.0600757459391 0) (0.00625881233904 0.060959943172 0) (0.00644358195769 0.0618435883998 0) (0.00663100979071 0.0627266736212 0) (0.00682109414088 0.0636091908395 0) (0.00701383328697 0.0644911320633 0) (0.00720922548368 0.0653724893065 0) (0.00740726896169 0.0662532545883 0) (0.00760796192768 0.0671334199331 0) (0.00781130256432 0.0680129773708 0) (0.00801728903033 0.0688919189369 0) (0.00822591946046 0.0697702366723 0) (0.00843719196552 0.0706479226237 0) (0.00865110463239 0.0715249688435 0) (0.00886765552404 0.0724013673899 0) (0.00908684267956 0.0732771103268 0) (0.00930866411417 0.0741521897243 0) (0.00953311781923 0.0750265976583 0) (0.00976020176226 0.0759003262109 0) (0.00998991388698 0.0767733674702 0) (0.0102222521133 0.0776457135308 0) (0.0104572143373 0.0785173564932 0) (0.0106947984314 0.0793882884647 0))
    polyLine 5 9 ((-0.486408090642 0.138307324529 -0.03) (-0.485959248849 0.143831829343 -0.03) (-0.485492284664 0.149362995294 -0.03) (-0.485007114428 0.154901083899 -0.03) (-0.484503651134 0.160446357603 -0.03) (-0.483981804394 0.165999079818 -0.03) (-0.483441480417 0.17155951496 -0.03) (-0.48288258198 0.177127928485 -0.03) (-0.482305008399 0.182704586926 -0.03) (-0.481708655498 0.188289757929 -0.03) (-0.481093415579 0.193883710295 -0.03) (-0.480459177388 0.199486714013 -0.03) (-0.479805826087 0.205099040303 -0.03) (-0.47913324321 0.21072096165 -0.03) (-0.478441306636 0.216352751848 -0.03) (-0.47772989055 0.221994686034 -0.03) (-0.476998865402 0.227647040733 -0.03) (-0.47624809787 0.233310093893 -0.03) (-0.47547745082 0.23898412493 -0.03) (-0.474686783264 0.244669414768 -0.03) (-0.473875950318 0.250366245876 -0.03) (-0.473044803154 0.256074902317 -0.03) (-0.47219318896 0.261795669784 -0.03))
    polyLine 7 11 ((-0.486408090642 0.138307324529 0) (-0.485959248849 0.143831829343 0) (-0.485492284664 0.149362995294 0) (-0.485007114428 0.154901083899 0) (-0.484503651134 0.160446357603 0) (-0.483981804394 0.165999079818 0) (-0.483441480417 0.17155951496 0) (-0.48288258198 0.177127928485 0) (-0.482305008399 0.182704586926 0) (-0.481708655498 0.188289757929 0) (-0.481093415579 0.193883710295 0) (-0.480459177388 0.199486714013 0) (-0.479805826087 0.205099040303 0) (-0.47913324321 0.21072096165 0) (-0.478441306636 0.216352751848 0) (-0.47772989055 0.221994686034 0) (-0.476998865402 0.227647040733 0) (-0.47624809787 0.233310093893 0) (-0.47547745082 0.23898412493 0) (-0.474686783264 0.244669414768 0) (-0.473875950318 0.250366245876 0) (-0.473044803154 0.256074902317 0) (-0.47219318896 0.261795669784 0))
    polyLine 8 12 ((0.0109350022442 0.0802585015588 -0.03) (0.0111778236007 0.0811279878954 -0.03) (0.0114232603019 0.0819967396013 -0.03) (0.0116713101255 0.0828647488096 -0.03) (0.0119219708253 0.0837320076604 -0.03) (0.0121752401315 0.0845985083005 -0.03) (0.0124311157508 0.0854642428835 -0.03) (0.012689595366 0.08632920357 -0.03) (0.0129506766366 0.0871933825277 -0.03) (0.0132143571985 0.0880567719312 -0.03) (0.013480634664 0.0889193639623 -0.03) (0.0137495066219 0.0897811508101 -0.03) (0.0140209706374 0.0906421246709 -0.03) (0.0142950242525 0.0915022777484 -0.03) (0.0145716649856 0.0923616022538 -0.03) (0.0148508903315 0.0932200904057 -0.03) (0.0151326977618 0.0940777344303 -0.03) (0.0154170847248 0.0949345265615 -0.03) (0.0157040486452 0.0957904590408 -0.03) (0.0159935869245 0.0966455241176 -0.03) (0.0162856969408 0.0974997140491 -0.03) (0.0165803760492 0.0983530211004 -0.03) (0.0168776215811 0.0992054375447 -0.03) (0.017177430845 0.100056955663 -0.03) (0.017479801126 0.100907567745 -0.03) (0.0177847296862 0.101757266088 -0.03) (0.0180922137642 0.102606042998 -0.03) (0.0184030097803 0.103459948034 -0.03) (0.0187138057964 0.10431385307 -0.03) (0.0190246018125 0.105167758106 -0.03) (0.0193353978286 0.106021663143 -0.03) (0.0196461938446 0.106875568179 -0.03) (0.0199569898607 0.107729473215 -0.03) (0.0202677858768 0.108583378251 -0.03) (0.0205785818929 0.109437283288 -0.03) (0.020889377909 0.110291188324 -0.03) (0.0212001739251 0.11114509336 -0.03) (0.0215109699411 0.111998998396 -0.03) (0.0218217659572 0.112852903433 -0.03) (0.0221325619733 0.113706808469 -0.03) (0.0224433579894 0.114560713505 -0.03) (0.0227541540055 0.115414618541 -0.03) (0.0230649500216 0.116268523578 -0.03) (0.0233757460376 0.117122428614 -0.03) (0.0236865420537 0.11797633365 -0.03))
    polyLine 10 14 ((0.0109350022442 0.0802585015588 0) (0.0111778236007 0.0811279878954 0) (0.0114232603019 0.0819967396013 0) (0.0116713101255 0.0828647488096 0) (0.0119219708253 0.0837320076604 0) (0.0121752401315 0.0845985083005 0) (0.0124311157508 0.0854642428835 0) (0.012689595366 0.08632920357 0) (0.0129506766366 0.0871933825277 0) (0.0132143571985 0.0880567719312 0) (0.013480634664 0.0889193639623 0) (0.0137495066219 0.0897811508101 0) (0.0140209706374 0.0906421246709 0) (0.0142950242525 0.0915022777484 0) (0.0145716649856 0.0923616022538 0) (0.0148508903315 0.0932200904057 0) (0.0151326977618 0.0940777344303 0) (0.0154170847248 0.0949345265615 0) (0.0157040486452 0.0957904590408 0) (0.0159935869245 0.0966455241176 0) (0.0162856969408 0.0974997140491 0) (0.0165803760492 0.0983530211004 0) (0.0168776215811 0.0992054375447 0) (0.017177430845 0.100056955663 0) (0.017479801126 0.100907567745 0) (0.0177847296862 0.101757266088 0) (0.0180922137642 0.102606042998 0) (0.0184030097803 0.103459948034 0) (0.0187138057964 0.10431385307 0) (0.0190246018125 0.105167758106 0) (0.0193353978286 0.106021663143 0) (0.0196461938446 0.106875568179 0) (0.0199569898607 0.107729473215 0) (0.0202677858768 0.108583378251 0) (0.0205785818929 0.109437283288 0) (0.020889377909 0.110291188324 0) (0.0212001739251 0.11114509336 0) (0.0215109699411 0.111998998396 0) (0.0218217659572 0.112852903433 0) (0.0221325619733 0.113706808469 0) (0.0224433579894 0.114560713505 0) (0.0227541540055 0.115414618541 0) (0.0230649500216 0.116268523578 0) (0.0233757460376 0.117122428614 0) (0.0236865420537 0.11797633365 0))
    polyLine 9 13 ((-0.470450594841 0.273130333871 -0.03) (-0.46956033125 0.278744160229 -0.03) (-0.468650003446 0.284370585824 -0.03) (-0.467719450938 0.290009883433 -0.03) (-0.466768509365 0.29566232754 -0.03) (-0.465797010447 0.30132819438 -0.03) (-0.464804781936 0.307007761979 -0.03) (-0.463791647568 0.312701310195 -0.03) (-0.462757427003 0.318409120757 -0.03) (-0.46170193578 0.324131477312 -0.03) (-0.460624985256 0.329868665467 -0.03) (-0.459526382551 0.335620972828 -0.03) (-0.458405930493 0.34138868905 -0.03) (-0.457263427554 0.347172105877 -0.03) (-0.456098667791 0.35297151719 -0.03) (-0.454911440785 0.358787219052 -0.03) (-0.453701531576 0.364619509754 -0.03) (-0.452468720597 0.370468689861 -0.03) (-0.451212783608 0.376335062265 -0.03) (-0.449933491627 0.382218932226 -0.03) (-0.448630610858 0.38812060743 -0.03) (-0.447303902622 0.394040398029 -0.03) (-0.44595312328 0.399978616701 -0.03))
    polyLine 11 15 ((-0.470450594841 0.273130333871 0) (-0.46956033125 0.278744160229 0) (-0.468650003446 0.284370585824 0) (-0.467719450938 0.290009883433 0) (-0.466768509365 0.29566232754 0) (-0.465797010447 0.30132819438 0) (-0.464804781936 0.307007761979 0) (-0.463791647568 0.312701310195 0) (-0.462757427003 0.318409120757 0) (-0.46170193578 0.324131477312 0) (-0.460624985256 0.329868665467 0) (-0.459526382551 0.335620972828 0) (-0.458405930493 0.34138868905 0) (-0.457263427554 0.347172105877 0) (-0.456098667791 0.35297151719 0) (-0.454911440785 0.358787219052 0) (-0.453701531576 0.364619509754 0) (-0.452468720597 0.370468689861 0) (-0.451212783608 0.376335062265 0) (-0.449933491627 0.382218932226 0) (-0.448630610858 0.38812060743 0) (-0.447303902622 0.394040398029 0) (-0.44595312328 0.399978616701 0))
    polyLine 12 16 ((0.0239973380698 0.118830238686 -0.03) (0.0243081340859 0.119684143723 -0.03) (0.024618930102 0.120538048759 -0.03) (0.0249297261181 0.121391953795 -0.03) (0.0252405221341 0.122245858831 -0.03) (0.0255513181502 0.123099763868 -0.03) (0.0258621141663 0.123953668904 -0.03) (0.0261729101824 0.12480757394 -0.03) (0.0264837061985 0.125661478976 -0.03) (0.0267945022146 0.126515384013 -0.03) (0.0271052982306 0.127369289049 -0.03) (0.0274160942467 0.128223194085 -0.03) (0.0277268902628 0.129077099121 -0.03) (0.0280376862789 0.129931004158 -0.03) (0.028348482295 0.130784909194 -0.03) (0.0286592783111 0.13163881423 -0.03) (0.0289700743271 0.132492719266 -0.03) (0.0292808703432 0.133346624303 -0.03) (0.0295916663593 0.134200529339 -0.03) (0.0299024623754 0.135054434375 -0.03) (0.0302132583915 0.135908339411 -0.03) (0.0305240544076 0.136762244447 -0.03) (0.0308348504236 0.137616149484 -0.03) (0.0311456464397 0.13847005452 -0.03) (0.0314564424558 0.139323959556 -0.03) (0.0317672384719 0.140177864592 -0.03) (0.032078034488 0.141031769629 -0.03) (0.0323888305041 0.141885674665 -0.03) (0.0326996265201 0.142739579701 -0.03) (0.0330104225362 0.143593484737 -0.03) (0.0333212185523 0.144447389774 -0.03) (0.0336320145684 0.14530129481 -0.03) (0.0339428105845 0.146155199846 -0.03) (0.0342536066006 0.147009104882 -0.03) (0.0345644026166 0.147863009919 -0.03) (0.0348751986327 0.148716914955 -0.03) (0.0351859946488 0.149570819991 -0.03) (0.0354967906649 0.150424725027 -0.03) (0.035807586681 0.151278630064 -0.03) (0.036118382697 0.1521325351 -0.03) (0.0364291787131 0.152986440136 -0.03) (0.0367399747292 0.153840345172 -0.03) (0.0370507707453 0.154694250209 -0.03) (0.0373615667614 0.155548155245 -0.03))
    polyLine 14 18 ((0.0239973380698 0.118830238686 0) (0.0243081340859 0.119684143723 0) (0.024618930102 0.120538048759 0) (0.0249297261181 0.121391953795 0) (0.0252405221341 0.122245858831 0) (0.0255513181502 0.123099763868 0) (0.0258621141663 0.123953668904 0) (0.0261729101824 0.12480757394 0) (0.0264837061985 0.125661478976 0) (0.0267945022146 0.126515384013 0) (0.0271052982306 0.127369289049 0) (0.0274160942467 0.128223194085 0) (0.0277268902628 0.129077099121 0) (0.0280376862789 0.129931004158 0) (0.028348482295 0.130784909194 0) (0.0286592783111 0.13163881423 0) (0.0289700743271 0.132492719266 0) (0.0292808703432 0.133346624303 0) (0.0295916663593 0.134200529339 0) (0.0299024623754 0.135054434375 0) (0.0302132583915 0.135908339411 0) (0.0305240544076 0.136762244447 0) (0.0308348504236 0.137616149484 0) (0.0311456464397 0.13847005452 0) (0.0314564424558 0.139323959556 0) (0.0317672384719 0.140177864592 0) (0.032078034488 0.141031769629 0) (0.0323888305041 0.141885674665 0) (0.0326996265201 0.142739579701 0) (0.0330104225362 0.143593484737 0) (0.0333212185523 0.144447389774 0) (0.0336320145684 0.14530129481 0) (0.0339428105845 0.146155199846 0) (0.0342536066006 0.147009104882 0) (0.0345644026166 0.147863009919 0) (0.0348751986327 0.148716914955 0) (0.0351859946488 0.149570819991 0) (0.0354967906649 0.150424725027 0) (0.035807586681 0.151278630064 0) (0.036118382697 0.1521325351 0) (0.0364291787131 0.152986440136 0) (0.0367399747292 0.153840345172 0) (0.0370507707453 0.154694250209 0) (0.0373615667614 0.155548155245 0))
    polyLine 13 17 ((-0.443272838889 0.411510877282 -0.03) (-0.441946050354 0.417103030328 -0.03) (-0.440597444345 0.422712300212 -0.03) (-0.439226802603 0.428338951422 -0.03) (-0.437833902757 0.433983250591 -0.03) (-0.436418518264 0.439645466539 -0.03) (-0.434980418347 0.445325870315 -0.03) (-0.433519367933 0.451024735238 -0.03) (-0.432035127583 0.456742336939 -0.03) (-0.430527453426 0.462478953401 -0.03) (-0.428996097094 0.468234865006 -0.03) (-0.42744080565 0.474010354578 -0.03) (-0.425861321514 0.479805707428 -0.03) (-0.424257382394 0.485621211398 -0.03) (-0.422628721208 0.491457156909 -0.03) (-0.420975066011 0.497313837009 -0.03) (-0.419296139912 0.503191547419 -0.03) (-0.417591660999 0.509090586582 -0.03) (-0.415861342256 0.515011255715 -0.03) (-0.414104891478 0.520953858858 -0.03) (-0.412322011185 0.526918702925 -0.03) (-0.41051239854 0.532906097757 -0.03) (-0.408675745254 0.538916356176 -0.03))
    polyLine 15 19 ((-0.443272838889 0.411510877282 0) (-0.441946050354 0.417103030328 0) (-0.440597444345 0.422712300212 0) (-0.439226802603 0.428338951422 0) (-0.437833902757 0.433983250591 0) (-0.436418518264 0.439645466539 0) (-0.434980418347 0.445325870315 0) (-0.433519367933 0.451024735238 0) (-0.432035127583 0.456742336939 0) (-0.430527453426 0.462478953401 0) (-0.428996097094 0.468234865006 0) (-0.42744080565 0.474010354578 0) (-0.425861321514 0.479805707428 0) (-0.424257382394 0.485621211398 0) (-0.422628721208 0.491457156909 0) (-0.420975066011 0.497313837009 0) (-0.419296139912 0.503191547419 0) (-0.417591660999 0.509090586582 0) (-0.415861342256 0.515011255715 0) (-0.414104891478 0.520953858858 0) (-0.412322011185 0.526918702925 0) (-0.41051239854 0.532906097757 0) (-0.408675745254 0.538916356176 0))
    polyLine 16 20 ((0.0376723627775 0.156402060281 -0.03) (0.0379831587935 0.157255965317 -0.03) (0.0382939548096 0.158109870354 -0.03) (0.0386047508257 0.15896377539 -0.03) (0.0389155468418 0.159817680426 -0.03) (0.0392263428579 0.160671585462 -0.03) (0.039537138874 0.161525490499 -0.03) (0.03984793489 0.162379395535 -0.03) (0.0401587309061 0.163233300571 -0.03) (0.0404695269222 0.164087205607 -0.03) (0.0407803229383 0.164941110644 -0.03) (0.0410911189544 0.16579501568 -0.03) (0.0414019149705 0.166648920716 -0.03) (0.0417127109865 0.167502825752 -0.03) (0.0420235070026 0.168356730789 -0.03) (0.0423343030187 0.169210635825 -0.03) (0.0426450990348 0.170064540861 -0.03) (0.0429558950509 0.170918445897 -0.03) (0.043266691067 0.171772350934 -0.03) (0.043577487083 0.17262625597 -0.03) (0.0438882830991 0.173480161006 -0.03) (0.0441990791152 0.174334066042 -0.03) (0.0445098751313 0.175187971079 -0.03) (0.0448206711474 0.176041876115 -0.03) (0.0451314671635 0.176895781151 -0.03) (0.0454422631795 0.177749686187 -0.03) (0.0457530591956 0.178603591223 -0.03) (0.0460638552117 0.17945749626 -0.03) (0.0463746512278 0.180311401296 -0.03) (0.0466854472439 0.181165306332 -0.03) (0.04699624326 0.182019211368 -0.03) (0.047307039276 0.182873116405 -0.03) (0.0476178352921 0.183727021441 -0.03) (0.0479286313082 0.184580926477 -0.03) (0.0482394273243 0.185434831513 -0.03) (0.0485502233404 0.18628873655 -0.03) (0.0488610193565 0.187142641586 -0.03) (0.0491718153725 0.187996546622 -0.03) (0.0494826113886 0.188850451658 -0.03) (0.0497934074047 0.189704356695 -0.03) (0.0501042034208 0.190558261731 -0.03) (0.0504149994369 0.191412166767 -0.03) (0.050725795453 0.192266071803 -0.03) (0.051036591469 0.19311997684 -0.03) (0.0513473874851 0.193973881876 -0.03))
    polyLine 18 22 ((0.0376723627775 0.156402060281 0) (0.0379831587935 0.157255965317 0) (0.0382939548096 0.158109870354 0) (0.0386047508257 0.15896377539 0) (0.0389155468418 0.159817680426 0) (0.0392263428579 0.160671585462 0) (0.039537138874 0.161525490499 0) (0.03984793489 0.162379395535 0) (0.0401587309061 0.163233300571 0) (0.0404695269222 0.164087205607 0) (0.0407803229383 0.164941110644 0) (0.0410911189544 0.16579501568 0) (0.0414019149705 0.166648920716 0) (0.0417127109865 0.167502825752 0) (0.0420235070026 0.168356730789 0) (0.0423343030187 0.169210635825 0) (0.0426450990348 0.170064540861 0) (0.0429558950509 0.170918445897 0) (0.043266691067 0.171772350934 0) (0.043577487083 0.17262625597 0) (0.0438882830991 0.173480161006 0) (0.0441990791152 0.174334066042 0) (0.0445098751313 0.175187971079 0) (0.0448206711474 0.176041876115 0) (0.0451314671635 0.176895781151 0) (0.0454422631795 0.177749686187 0) (0.0457530591956 0.178603591223 0) (0.0460638552117 0.17945749626 0) (0.0463746512278 0.180311401296 0) (0.0466854472439 0.181165306332 0) (0.04699624326 0.182019211368 0) (0.047307039276 0.182873116405 0) (0.0476178352921 0.183727021441 0) (0.0479286313082 0.184580926477 0) (0.0482394273243 0.185434831513 0) (0.0485502233404 0.18628873655 0) (0.0488610193565 0.187142641586 0) (0.0491718153725 0.187996546622 0) (0.0494826113886 0.188850451658 0) (0.0497934074047 0.189704356695 0) (0.0501042034208 0.190558261731 0) (0.0504149994369 0.191412166767 0) (0.050725795453 0.192266071803 0) (0.051036591469 0.19311997684 0) (0.0513473874851 0.193973881876 0))
    polyLine 17 21 ((-0.405137636996 0.550313379431 -0.03) (-0.403441600359 0.555695623192 -0.03) (-0.401723398273 0.561096750973 -0.03) (-0.399982797794 0.566516990426 -0.03) (-0.398219562288 0.571956571236 -0.03) (-0.396433451375 0.577415725154 -0.03) (-0.394624220876 0.582894686027 -0.03) (-0.392791622748 0.588393689839 -0.03) (-0.39093540503 0.59391297474 -0.03) (-0.389055311776 0.599452781083 -0.03) (-0.387151083 0.60501335146 -0.03) (-0.385222454606 0.61059493074 -0.03) (-0.383269158328 0.616197766104 -0.03) (-0.381290921659 0.621822107085 -0.03) (-0.379287467789 0.627468205605 -0.03) (-0.377258515533 0.633136316015 -0.03) (-0.375203779261 0.638826695135 -0.03) (-0.373122968826 0.644539602296 -0.03) (-0.371015789493 0.650275299379 -0.03) (-0.368881941861 0.656034050859 -0.03) (-0.366721121792 0.66181612385 -0.03) (-0.364533020326 0.667621788144 -0.03) (-0.362317323607 0.67345131626 -0.03))
    polyLine 19 23 ((-0.405137636996 0.550313379431 0) (-0.403441600359 0.555695623192 0) (-0.401723398273 0.561096750973 0) (-0.399982797794 0.566516990426 0) (-0.398219562288 0.571956571236 0) (-0.396433451375 0.577415725154 0) (-0.394624220876 0.582894686027 0) (-0.392791622748 0.588393689839 0) (-0.39093540503 0.59391297474 0) (-0.389055311776 0.599452781083 0) (-0.387151083 0.60501335146 0) (-0.385222454606 0.61059493074 0) (-0.383269158328 0.616197766104 0) (-0.381290921659 0.621822107085 0) (-0.379287467789 0.627468205605 0) (-0.377258515533 0.633136316015 0) (-0.375203779261 0.638826695135 0) (-0.373122968826 0.644539602296 0) (-0.371015789493 0.650275299379 0) (-0.368881941861 0.656034050859 0) (-0.366721121792 0.66181612385 0) (-0.364533020326 0.667621788144 0) (-0.362317323607 0.67345131626 0))
    polyLine 20 24 ((0.0516581835012 0.194827786912 -0.03) (0.0519689795173 0.195681691948 -0.03) (0.0522797755334 0.196535596985 -0.03) (0.0525905715495 0.197389502021 -0.03) (0.0529013675655 0.198243407057 -0.03) (0.0532121635816 0.199097312093 -0.03) (0.0535229595977 0.19995121713 -0.03) (0.0538337556138 0.200805122166 -0.03) (0.0541445516299 0.201659027202 -0.03) (0.054455347646 0.202512932238 -0.03) (0.054766143662 0.203366837275 -0.03) (0.0550769396781 0.204220742311 -0.03) (0.0553877356942 0.205074647347 -0.03) (0.0556985317103 0.205928552383 -0.03) (0.0560093277264 0.20678245742 -0.03) (0.0563201237425 0.207636362456 -0.03) (0.0566309197585 0.208490267492 -0.03) (0.0569417157746 0.209344172528 -0.03) (0.0572525117907 0.210198077565 -0.03) (0.0575633078068 0.211051982601 -0.03) (0.0578741038229 0.211905887637 -0.03) (0.058184899839 0.212759792673 -0.03) (0.058495695855 0.21361369771 -0.03) (0.0588064918711 0.214467602746 -0.03) (0.0591172878872 0.215321507782 -0.03) (0.0594280839033 0.216175412818 -0.03) (0.0597388799194 0.217029317855 -0.03) (0.0600496759355 0.217883222891 -0.03) (0.0603604719515 0.218737127927 -0.03) (0.0606712679676 0.219591032963 -0.03) (0.0609820639837 0.220444937999 -0.03) (0.0612928599998 0.221298843036 -0.03) (0.0616036560159 0.222152748072 -0.03) (0.061914452032 0.223006653108 -0.03) (0.062225248048 0.223860558144 -0.03) (0.0625360440641 0.224714463181 -0.03) (0.0628468400802 0.225568368217 -0.03) (0.0631576360963 0.226422273253 -0.03) (0.0634684321124 0.227276178289 -0.03) (0.0637792281284 0.228130083326 -0.03) (0.0640900241445 0.228983988362 -0.03) (0.0644008201606 0.229837893398 -0.03) (0.0647116161767 0.230691798434 -0.03) (0.0650224121928 0.231545703471 -0.03))
    polyLine 22 26 ((0.0516581835012 0.194827786912 0) (0.0519689795173 0.195681691948 0) (0.0522797755334 0.196535596985 0) (0.0525905715495 0.197389502021 0) (0.0529013675655 0.198243407057 0) (0.0532121635816 0.199097312093 0) (0.0535229595977 0.19995121713 0) (0.0538337556138 0.200805122166 0) (0.0541445516299 0.201659027202 0) (0.054455347646 0.202512932238 0) (0.054766143662 0.203366837275 0) (0.0550769396781 0.204220742311 0) (0.0553877356942 0.205074647347 0) (0.0556985317103 0.205928552383 0) (0.0560093277264 0.20678245742 0) (0.0563201237425 0.207636362456 0) (0.0566309197585 0.208490267492 0) (0.0569417157746 0.209344172528 0) (0.0572525117907 0.210198077565 0) (0.0575633078068 0.211051982601 0) (0.0578741038229 0.211905887637 0) (0.058184899839 0.212759792673 0) (0.058495695855 0.21361369771 0) (0.0588064918711 0.214467602746 0) (0.0591172878872 0.215321507782 0) (0.0594280839033 0.216175412818 0) (0.0597388799194 0.217029317855 0) (0.0600496759355 0.217883222891 0) (0.0603604719515 0.218737127927 0) (0.0606712679676 0.219591032963 0) (0.0609820639837 0.220444937999 0) (0.0612928599998 0.221298843036 0) (0.0616036560159 0.222152748072 0) (0.061914452032 0.223006653108 0) (0.062225248048 0.223860558144 0) (0.0625360440641 0.224714463181 0) (0.0628468400802 0.225568368217 0) (0.0631576360963 0.226422273253 0) (0.0634684321124 0.227276178289 0) (0.0637792281284 0.228130083326 0) (0.0640900241445 0.228983988362 0) (0.0644008201606 0.229837893398 0) (0.0647116161767 0.230691798434 0) (0.0650224121928 0.231545703471 0))
    polyLine 21 25 ((-0.358131248822 0.684333855164 -0.03) (-0.356167898236 0.689380785242 -0.03) (-0.354183452252 0.694445951254 -0.03) (-0.352177699238 0.699529532311 -0.03) (-0.35015042468 0.704631709128 -0.03) (-0.348101411143 0.709752664049 -0.03) (-0.346030438225 0.714892581069 -0.03) (-0.343937282519 0.720051645861 -0.03) (-0.341821717561 0.725230045794 -0.03) (-0.339683513791 0.730427969965 -0.03) (-0.337522438509 0.735645609222 -0.03) (-0.33533825582 0.74088315619 -0.03) (-0.333130726595 0.746140805294 -0.03) (-0.33089960842 0.75141875279 -0.03) (-0.328644655543 0.756717196793 -0.03) (-0.326365618831 0.7620363373 -0.03) (-0.324062245713 0.76737637622 -0.03) (-0.32173428013 0.772737517406 -0.03) (-0.319381462482 0.77811996668 -0.03) (-0.317003529575 0.783523931865 -0.03) (-0.314600214565 0.788949622814 -0.03) (-0.3121712469 0.794397251442 -0.03) (-0.309716352267 0.799867031757 -0.03))
    polyLine 23 27 ((-0.358131248822 0.684333855164 0) (-0.356167898236 0.689380785242 0) (-0.354183452252 0.694445951254 0) (-0.352177699238 0.699529532311 0) (-0.35015042468 0.704631709128 0) (-0.348101411143 0.709752664049 0) (-0.346030438225 0.714892581069 0) (-0.343937282519 0.720051645861 0) (-0.341821717561 0.725230045794 0) (-0.339683513791 0.730427969965 0) (-0.337522438509 0.735645609222 0) (-0.33533825582 0.74088315619 0) (-0.333130726595 0.746140805294 0) (-0.33089960842 0.75141875279 0) (-0.328644655543 0.756717196793 0) (-0.326365618831 0.7620363373 0) (-0.324062245713 0.76737637622 0) (-0.32173428013 0.772737517406 0) (-0.319381462482 0.77811996668 0) (-0.317003529575 0.783523931865 0) (-0.314600214565 0.788949622814 0) (-0.3121712469 0.794397251442 0) (-0.309716352267 0.799867031757 0))
    polyLine 24 28 ((0.0653332082089 0.232399608507 -0.03) (0.0656440042249 0.233253513543 -0.03) (0.065954800241 0.234107418579 -0.03) (0.0662655962571 0.234961323616 -0.03) (0.0665763922732 0.235815228652 -0.03) (0.0668871882893 0.236669133688 -0.03) (0.0671979843054 0.237523038724 -0.03) (0.0675087803214 0.238376943761 -0.03) (0.0678195763375 0.239230848797 -0.03) (0.0681303723536 0.240084753833 -0.03) (0.0684411683697 0.240938658869 -0.03) (0.0687519643858 0.241792563906 -0.03) (0.0690627604019 0.242646468942 -0.03) (0.0693735564179 0.243500373978 -0.03) (0.069684352434 0.244354279014 -0.03) (0.0699951484501 0.245208184051 -0.03) (0.0703059444662 0.246062089087 -0.03) (0.0706167404823 0.246915994123 -0.03) (0.0709275364984 0.247769899159 -0.03) (0.0712383325144 0.248623804196 -0.03) (0.0715491285305 0.249477709232 -0.03) (0.0718599245466 0.250331614268 -0.03) (0.0721707205627 0.251185519304 -0.03) (0.0724815165788 0.252039424341 -0.03) (0.0727923125949 0.252893329377 -0.03) (0.0731031086109 0.253747234413 -0.03) (0.073413904627 0.254601139449 -0.03) (0.0737247006431 0.255455044486 -0.03) (0.0740354966592 0.256308949522 -0.03) (0.0743462926753 0.257162854558 -0.03) (0.0746570886914 0.258016759594 -0.03) (0.0749678847074 0.258870664631 -0.03) (0.0752786807235 0.259724569667 -0.03) (0.0755894767396 0.260578474703 -0.03) (0.0759002727557 0.261432379739 -0.03) (0.0762110687718 0.262286284775 -0.03) (0.0765218647879 0.263140189812 -0.03) (0.0768326608039 0.263994094848 -0.03) (0.07714345682 0.264847999884 -0.03) (0.0774542528361 0.26570190492 -0.03) (0.0777650488522 0.266555809957 -0.03) (0.0780758448683 0.267409714993 -0.03) (0.0783866408844 0.268263620029 -0.03) (0.0786974369004 0.269117525065 -0.03) (0.0790082329165 0.269971430102 -0.03))
    polyLine 26 30 ((0.0653332082089 0.232399608507 0) (0.0656440042249 0.233253513543 0) (0.065954800241 0.234107418579 0) (0.0662655962571 0.234961323616 0) (0.0665763922732 0.235815228652 0) (0.0668871882893 0.236669133688 0) (0.0671979843054 0.237523038724 0) (0.0675087803214 0.238376943761 0) (0.0678195763375 0.239230848797 0) (0.0681303723536 0.240084753833 0) (0.0684411683697 0.240938658869 0) (0.0687519643858 0.241792563906 0) (0.0690627604019 0.242646468942 0) (0.0693735564179 0.243500373978 0) (0.069684352434 0.244354279014 0) (0.0699951484501 0.245208184051 0) (0.0703059444662 0.246062089087 0) (0.0706167404823 0.246915994123 0) (0.0709275364984 0.247769899159 0) (0.0712383325144 0.248623804196 0) (0.0715491285305 0.249477709232 0) (0.0718599245466 0.250331614268 0) (0.0721707205627 0.251185519304 0) (0.0724815165788 0.252039424341 0) (0.0727923125949 0.252893329377 0) (0.0731031086109 0.253747234413 0) (0.073413904627 0.254601139449 0) (0.0737247006431 0.255455044486 0) (0.0740354966592 0.256308949522 0) (0.0743462926753 0.257162854558 0) (0.0746570886914 0.258016759594 0) (0.0749678847074 0.258870664631 0) (0.0752786807235 0.259724569667 0) (0.0755894767396 0.260578474703 0) (0.0759002727557 0.261432379739 0) (0.0762110687718 0.262286284775 0) (0.0765218647879 0.263140189812 0) (0.0768326608039 0.263994094848 0) (0.07714345682 0.264847999884 0) (0.0774542528361 0.26570190492 0) (0.0777650488522 0.266555809957 0) (0.0780758448683 0.267409714993 0) (0.0783866408844 0.268263620029 0) (0.0786974369004 0.269117525065 0) (0.0790082329165 0.269971430102 0))
    polyLine 25 29 ((-0.305131197041 0.809988876015 -0.03) (-0.303008292431 0.81463463141 -0.03) (-0.300866367543 0.819296577657 -0.03) (-0.298705249207 0.823974847453 -0.03) (-0.296524762212 0.828669574631 -0.03) (-0.294324729284 0.833380894167 -0.03) (-0.292104971056 0.838108942203 -0.03) (-0.289865306037 0.842853856056 -0.03) (-0.287605550589 0.847615774237 -0.03) (-0.285325518895 0.852394836465 -0.03) (-0.283025022931 0.857191183684 -0.03) (-0.280703872433 0.862004958078 -0.03) (-0.278361874874 0.86683630309 -0.03) (-0.275998835424 0.871685363435 -0.03) (-0.273614556927 0.876552285121 -0.03) (-0.271208839861 0.881437215462 -0.03) (-0.268781482316 0.886340303101 -0.03) (-0.266332279949 0.891261698021 -0.03) (-0.263861025961 0.896201551572 -0.03) (-0.261367511057 0.901160016478 -0.03) (-0.258851523414 0.906137246869 -0.03) (-0.256312848643 0.911133398287 -0.03) (-0.253751269757 0.916148627716 -0.03))
    polyLine 27 31 ((-0.305131197041 0.809988876015 0) (-0.303008292431 0.81463463141 0) (-0.300866367543 0.819296577657 0) (-0.298705249207 0.823974847453 0) (-0.296524762212 0.828669574631 0) (-0.294324729284 0.833380894167 0) (-0.292104971056 0.838108942203 0) (-0.289865306037 0.842853856056 0) (-0.287605550589 0.847615774237 0) (-0.285325518895 0.852394836465 0) (-0.283025022931 0.857191183684 0) (-0.280703872433 0.862004958078 0) (-0.278361874874 0.86683630309 0) (-0.275998835424 0.871685363435 0) (-0.273614556927 0.876552285121 0) (-0.271208839861 0.881437215462 0) (-0.268781482316 0.886340303101 0) (-0.266332279949 0.891261698021 0) (-0.263861025961 0.896201551572 0) (-0.261367511057 0.901160016478 0) (-0.258851523414 0.906137246869 0) (-0.256312848643 0.911133398287 0) (-0.253751269757 0.916148627716 0))
    polyLine 28 32 ((0.0793190289326 0.270825335138 -0.03) (0.0796298249487 0.271679240174 -0.03) (0.0799406209648 0.27253314521 -0.03) (0.0802514169809 0.273387050247 -0.03) (0.0805622129969 0.274240955283 -0.03) (0.080873009013 0.275094860319 -0.03) (0.0811838050291 0.275948765355 -0.03) (0.0814946010452 0.276802670392 -0.03) (0.0818053970613 0.277656575428 -0.03) (0.0821161930774 0.278510480464 -0.03) (0.0824269890934 0.2793643855 -0.03) (0.0827377851095 0.280218290537 -0.03) (0.0830485811256 0.281072195573 -0.03) (0.0833593771417 0.281926100609 -0.03) (0.0836701731578 0.282780005645 -0.03) (0.0839809691739 0.283633910682 -0.03) (0.0842917651899 0.284487815718 -0.03) (0.084602561206 0.285341720754 -0.03) (0.0849133572221 0.28619562579 -0.03) (0.0852241532382 0.287049530827 -0.03) (0.0855349492543 0.287903435863 -0.03) (0.0858457452704 0.288757340899 -0.03) (0.0861565412864 0.289611245935 -0.03) (0.0864673373025 0.290465150972 -0.03) (0.0867781333186 0.291319056008 -0.03) (0.0870889293347 0.292172961044 -0.03) (0.0873997253508 0.29302686608 -0.03) (0.0877105213669 0.293880771117 -0.03) (0.0880213173829 0.294734676153 -0.03) (0.088332113399 0.295588581189 -0.03) (0.0886429094151 0.296442486225 -0.03) (0.0889537054312 0.297296391262 -0.03) (0.0892645014473 0.298150296298 -0.03) (0.0895752974633 0.299004201334 -0.03) (0.0898860934794 0.29985810637 -0.03) (0.0901968894955 0.300712011407 -0.03) (0.0905076855116 0.301565916443 -0.03) (0.0908184815277 0.302419821479 -0.03) (0.0911292775438 0.303273726515 -0.03) (0.0914400735598 0.304127631551 -0.03) (0.0917508695759 0.304981536588 -0.03) (0.092061665592 0.305835441624 -0.03) (0.0923724616081 0.30668934666 -0.03) (0.0926832576242 0.307543251696 -0.03))
    polyLine 30 34 ((0.0793190289326 0.270825335138 0) (0.0796298249487 0.271679240174 0) (0.0799406209648 0.27253314521 0) (0.0802514169809 0.273387050247 0) (0.0805622129969 0.274240955283 0) (0.080873009013 0.275094860319 0) (0.0811838050291 0.275948765355 0) (0.0814946010452 0.276802670392 0) (0.0818053970613 0.277656575428 0) (0.0821161930774 0.278510480464 0) (0.0824269890934 0.2793643855 0) (0.0827377851095 0.280218290537 0) (0.0830485811256 0.281072195573 0) (0.0833593771417 0.281926100609 0) (0.0836701731578 0.282780005645 0) (0.0839809691739 0.283633910682 0) (0.0842917651899 0.284487815718 0) (0.084602561206 0.285341720754 0) (0.0849133572221 0.28619562579 0) (0.0852241532382 0.287049530827 0) (0.0855349492543 0.287903435863 0) (0.0858457452704 0.288757340899 0) (0.0861565412864 0.289611245935 0) (0.0864673373025 0.290465150972 0) (0.0867781333186 0.291319056008 0) (0.0870889293347 0.292172961044 0) (0.0873997253508 0.29302686608 0) (0.0877105213669 0.293880771117 0) (0.0880213173829 0.294734676153 0) (0.088332113399 0.295588581189 0) (0.0886429094151 0.296442486225 0) (0.0889537054312 0.297296391262 0) (0.0892645014473 0.298150296298 0) (0.0895752974633 0.299004201334 0) (0.0898860934794 0.29985810637 0) (0.0901968894955 0.300712011407 0) (0.0905076855116 0.301565916443 0) (0.0908184815277 0.302419821479 0) (0.0911292775438 0.303273726515 0) (0.0914400735598 0.304127631551 0) (0.0917508695759 0.304981536588 0) (0.092061665592 0.305835441624 0) (0.0923724616081 0.30668934666 0) (0.0926832576242 0.307543251696 0))
    polyLine 29 33 ((-0.248993669483 0.925395525084 -0.03) (-0.246804411891 0.929621534003 -0.03) (-0.244598662741 0.933861214574 -0.03) (-0.242376289079 0.938114661754 -0.03) (-0.240137156593 0.942381971254 -0.03) (-0.237881129597 0.946663239539 -0.03) (-0.235608071016 0.950958563842 -0.03) (-0.23331784237 0.955268042173 -0.03) (-0.231010303753 0.959591773326 -0.03) (-0.228685313822 0.963929856886 -0.03) (-0.226342729776 0.968282393246 -0.03) (-0.223982407337 0.972649483607 -0.03) (-0.221604200736 0.977031229996 -0.03) (-0.219207962694 0.98142773527 -0.03) (-0.216793544401 0.985839103128 -0.03) (-0.2143607955 0.990265438121 -0.03) (-0.211909564067 0.994706845662 -0.03) (-0.209439696591 0.999163432037 -0.03) (-0.206951037957 1.00363530441 -0.03) (-0.204443431425 1.00812257085 -0.03) (-0.201916718608 1.01262534032 -0.03) (-0.199370739455 1.0171437227 -0.03) (-0.196805332227 1.0216778288 -0.03))
    polyLine 31 35 ((-0.248993669483 0.925395525084 0) (-0.246804411891 0.929621534003 0) (-0.244598662741 0.933861214574 0) (-0.242376289079 0.938114661754 0) (-0.240137156593 0.942381971254 0) (-0.237881129597 0.946663239539 0) (-0.235608071016 0.950958563842 0) (-0.23331784237 0.955268042173 0) (-0.231010303753 0.959591773326 0) (-0.228685313822 0.963929856886 0) (-0.226342729776 0.968282393246 0) (-0.223982407337 0.972649483607 0) (-0.221604200736 0.977031229996 0) (-0.219207962694 0.98142773527 0) (-0.216793544401 0.985839103128 0) (-0.2143607955 0.990265438121 0) (-0.211909564067 0.994706845662 0) (-0.209439696591 0.999163432037 0) (-0.206951037957 1.00363530441 0) (-0.204443431425 1.00812257085 0) (-0.201916718608 1.01262534032 0) (-0.199370739455 1.0171437227 0) (-0.196805332227 1.0216778288 0))
    polyLine 32 36 ((0.0929940536403 0.308397156733 -0.03) (0.0933048496563 0.309251061769 -0.03) (0.0936156456724 0.310104966805 -0.03) (0.0939264416885 0.310958871841 -0.03) (0.0942372377046 0.311812776878 -0.03) (0.0945480337207 0.312666681914 -0.03) (0.0948588297368 0.31352058695 -0.03) (0.0951696257528 0.314374491986 -0.03) (0.0954804217689 0.315228397023 -0.03) (0.095791217785 0.316082302059 -0.03) (0.0961020138011 0.316936207095 -0.03) (0.0964128098172 0.317790112131 -0.03) (0.0967236058333 0.318644017168 -0.03) (0.0970344018493 0.319497922204 -0.03) (0.0973451978654 0.32035182724 -0.03) (0.0976559938815 0.321205732276 -0.03) (0.0979667898976 0.322059637313 -0.03) (0.0982775859137 0.322913542349 -0.03) (0.0985883819298 0.323767447385 -0.03) (0.0988991779458 0.324621352421 -0.03) (0.0992099739619 0.325475257458 -0.03) (0.099520769978 0.326329162494 -0.03) (0.0998315659941 0.32718306753 -0.03) (0.10014236201 0.328036972566 -0.03) (0.100453158026 0.328890877603 -0.03) (0.100763954042 0.329744782639 -0.03) (0.101074750058 0.330598687675 -0.03) (0.101385546075 0.331452592711 -0.03) (0.101696342091 0.332306497748 -0.03) (0.102007138107 0.333160402784 -0.03) (0.102317934123 0.33401430782 -0.03) (0.102628730139 0.334868212856 -0.03) (0.102939526155 0.335722117893 -0.03) (0.103250322171 0.336576022929 -0.03) (0.103561118187 0.337429927965 -0.03) (0.103871914203 0.338283833001 -0.03) (0.104182710219 0.339137738038 -0.03) (0.104493506235 0.339991643074 -0.03) (0.104804302251 0.34084554811 -0.03) (0.105115098268 0.341699453146 -0.03) (0.105425894284 0.342553358183 -0.03) (0.1057366903 0.343407263219 -0.03) (0.106047486316 0.344261168255 -0.03) (0.106358282332 0.345115073291 -0.03))
    polyLine 34 38 ((0.0929940536403 0.308397156733 0) (0.0933048496563 0.309251061769 0) (0.0936156456724 0.310104966805 0) (0.0939264416885 0.310958871841 0) (0.0942372377046 0.311812776878 0) (0.0945480337207 0.312666681914 0) (0.0948588297368 0.31352058695 0) (0.0951696257528 0.314374491986 0) (0.0954804217689 0.315228397023 0) (0.095791217785 0.316082302059 0) (0.0961020138011 0.316936207095 0) (0.0964128098172 0.317790112131 0) (0.0967236058333 0.318644017168 0) (0.0970344018493 0.319497922204 0) (0.0973451978654 0.32035182724 0) (0.0976559938815 0.321205732276 0) (0.0979667898976 0.322059637313 0) (0.0982775859137 0.322913542349 0) (0.0985883819298 0.323767447385 0) (0.0988991779458 0.324621352421 0) (0.0992099739619 0.325475257458 0) (0.099520769978 0.326329162494 0) (0.0998315659941 0.32718306753 0) (0.10014236201 0.328036972566 0) (0.100453158026 0.328890877603 0) (0.100763954042 0.329744782639 0) (0.101074750058 0.330598687675 0) (0.101385546075 0.331452592711 0) (0.101696342091 0.332306497748 0) (0.102007138107 0.333160402784 0) (0.102317934123 0.33401430782 0) (0.102628730139 0.334868212856 0) (0.102939526155 0.335722117893 0) (0.103250322171 0.336576022929 0) (0.103561118187 0.337429927965 0) (0.103871914203 0.338283833001 0) (0.104182710219 0.339137738038 0) (0.104493506235 0.339991643074 0) (0.104804302251 0.34084554811 0) (0.105115098268 0.341699453146 0) (0.105425894284 0.342553358183 0) (0.1057366903 0.343407263219 0) (0.106047486316 0.344261168255 0) (0.106358282332 0.345115073291 0))
    polyLine 33 37 ((-0.192049055331 1.03003511556 -0.03) (-0.189863934923 1.03385362242 -0.03) (-0.187664874615 1.03768335731 -0.03) (-0.185451775898 1.04152438708 -0.03) (-0.183224539395 1.04537677905 -0.03) (-0.18098306484 1.04924060106 -0.03) (-0.178727251077 1.05311592139 -0.03) (-0.176456996048 1.05700280886 -0.03) (-0.174172196783 1.06090133276 -0.03) (-0.171872749391 1.0648115629 -0.03) (-0.169558549047 1.06873356959 -0.03) (-0.167229489989 1.07266742365 -0.03) (-0.164885465501 1.07661319644 -0.03) (-0.162526367906 1.08057095983 -0.03) (-0.160152088556 1.08454078622 -0.03) (-0.157762517822 1.08852274857 -0.03) (-0.155357545078 1.09251692034 -0.03) (-0.152937058698 1.09652337559 -0.03) (-0.150500946042 1.10054218889 -0.03) (-0.148049093441 1.10457343539 -0.03) (-0.145581386192 1.1086171908 -0.03) (-0.143097708545 1.11267353142 -0.03) (-0.140597943687 1.1167425341 -0.03))
    polyLine 35 39 ((-0.192049055331 1.03003511556 0) (-0.189863934923 1.03385362242 0) (-0.187664874615 1.03768335731 0) (-0.185451775898 1.04152438708 0) (-0.183224539395 1.04537677905 0) (-0.18098306484 1.04924060106 0) (-0.178727251077 1.05311592139 0) (-0.176456996048 1.05700280886 0) (-0.174172196783 1.06090133276 0) (-0.171872749391 1.0648115629 0) (-0.169558549047 1.06873356959 0) (-0.167229489989 1.07266742365 0) (-0.164885465501 1.07661319644 0) (-0.162526367906 1.08057095983 0) (-0.160152088556 1.08454078622 0) (-0.157762517822 1.08852274857 0) (-0.155357545078 1.09251692034 0) (-0.152937058698 1.09652337559 0) (-0.150500946042 1.10054218889 0) (-0.148049093441 1.10457343539 0) (-0.145581386192 1.1086171908 0) (-0.143097708545 1.11267353142 0) (-0.140597943687 1.1167425341 0))
    polyLine 36 40 ((0.106669078348 0.345968978327 -0.03) (0.106979874364 0.346822883364 -0.03) (0.10729067038 0.3476767884 -0.03) (0.107601466396 0.348530693436 -0.03) (0.107912262412 0.349384598472 -0.03) (0.108223058428 0.350238503509 -0.03) (0.108533854444 0.351092408545 -0.03) (0.108844650461 0.351946313581 -0.03) (0.109155446477 0.352800218617 -0.03) (0.109466242493 0.353654123654 -0.03) (0.109777038509 0.35450802869 -0.03) (0.110087834525 0.355361933726 -0.03) (0.110398630541 0.356215838762 -0.03) (0.110709426557 0.357069743799 -0.03) (0.111020222573 0.357923648835 -0.03) (0.111331018589 0.358777553871 -0.03) (0.111641814605 0.359631458907 -0.03) (0.111952610621 0.360485363944 -0.03) (0.112263406637 0.36133926898 -0.03) (0.112574202654 0.362193174016 -0.03) (0.11288499867 0.363047079052 -0.03) (0.113195794686 0.363900984089 -0.03) (0.113506590702 0.364754889125 -0.03) (0.113817386718 0.365608794161 -0.03) (0.114128182734 0.366462699197 -0.03) (0.11443897875 0.367316604234 -0.03) (0.114749774766 0.36817050927 -0.03) (0.115060570782 0.369024414306 -0.03) (0.115371366798 0.369878319342 -0.03) (0.115682162814 0.370732224379 -0.03) (0.11599295883 0.371586129415 -0.03) (0.116303754847 0.372440034451 -0.03) (0.116614550863 0.373293939487 -0.03) (0.116925346879 0.374147844524 -0.03) (0.117236142895 0.37500174956 -0.03) (0.117546938911 0.375855654596 -0.03) (0.117857734927 0.376709559632 -0.03) (0.118168530943 0.377563464669 -0.03) (0.118479326959 0.378417369705 -0.03) (0.118790122975 0.379271274741 -0.03) (0.119100918991 0.380125179777 -0.03) (0.119411715007 0.380979084814 -0.03) (0.119722511023 0.38183298985 -0.03) (0.120033307039 0.382686894886 -0.03) (0.120344103056 0.383540799922 -0.03))
    polyLine 38 42 ((0.106669078348 0.345968978327 0) (0.106979874364 0.346822883364 0) (0.10729067038 0.3476767884 0) (0.107601466396 0.348530693436 0) (0.107912262412 0.349384598472 0) (0.108223058428 0.350238503509 0) (0.108533854444 0.351092408545 0) (0.108844650461 0.351946313581 0) (0.109155446477 0.352800218617 0) (0.109466242493 0.353654123654 0) (0.109777038509 0.35450802869 0) (0.110087834525 0.355361933726 0) (0.110398630541 0.356215838762 0) (0.110709426557 0.357069743799 0) (0.111020222573 0.357923648835 0) (0.111331018589 0.358777553871 0) (0.111641814605 0.359631458907 0) (0.111952610621 0.360485363944 0) (0.112263406637 0.36133926898 0) (0.112574202654 0.362193174016 0) (0.11288499867 0.363047079052 0) (0.113195794686 0.363900984089 0) (0.113506590702 0.364754889125 0) (0.113817386718 0.365608794161 0) (0.114128182734 0.366462699197 0) (0.11443897875 0.367316604234 0) (0.114749774766 0.36817050927 0) (0.115060570782 0.369024414306 0) (0.115371366798 0.369878319342 0) (0.115682162814 0.370732224379 0) (0.11599295883 0.371586129415 0) (0.116303754847 0.372440034451 0) (0.116614550863 0.373293939487 0) (0.116925346879 0.374147844524 0) (0.117236142895 0.37500174956 0) (0.117546938911 0.375855654596 0) (0.117857734927 0.376709559632 0) (0.118168530943 0.377563464669 0) (0.118479326959 0.378417369705 0) (0.118790122975 0.379271274741 0) (0.119100918991 0.380125179777 0) (0.119411715007 0.380979084814 0) (0.119722511023 0.38183298985 0) (0.120033307039 0.382686894886 0) (0.120344103056 0.383540799922 0))
    polyLine 37 41 ((-0.135960680236 1.12425519988 -0.03) (-0.133827848939 1.1276951737 -0.03) (-0.131683408665 1.1311442443 -0.03) (-0.129527287685 1.13460245855 -0.03) (-0.127359413712 1.13806986361 -0.03) (-0.125179713901 1.14154650696 -0.03) (-0.12298811484 1.14503243638 -0.03) (-0.120784542547 1.14852769996 -0.03) (-0.118568922462 1.15203234611 -0.03) (-0.116341179443 1.15554642354 -0.03) (-0.114101237763 1.1590699813 -0.03) (-0.1118490211 1.16260306876 -0.03) (-0.109584452534 1.16614573559 -0.03) (-0.107307454542 1.16969803182 -0.03) (-0.105017948989 1.1732600078 -0.03) (-0.102715857128 1.1768317142 -0.03) (-0.100401099586 1.18041320205 -0.03) (-0.0980735963656 1.18400452271 -0.03) (-0.0957332668358 1.18760572788 -0.03) (-0.0933800297253 1.19121686961 -0.03) (-0.0910138031179 1.1948380003 -0.03) (-0.0886345044452 1.19846917271 -0.03) (-0.0862420504809 1.20211043995 -0.03))
    polyLine 39 43 ((-0.135960680236 1.12425519988 0) (-0.133827848939 1.1276951737 0) (-0.131683408665 1.1311442443 0) (-0.129527287685 1.13460245855 0) (-0.127359413712 1.13806986361 0) (-0.125179713901 1.14154650696 0) (-0.12298811484 1.14503243638 0) (-0.120784542547 1.14852769996 0) (-0.118568922462 1.15203234611 0) (-0.116341179443 1.15554642354 0) (-0.114101237763 1.1590699813 0) (-0.1118490211 1.16260306876 0) (-0.109584452534 1.16614573559 0) (-0.107307454542 1.16969803182 0) (-0.105017948989 1.1732600078 0) (-0.102715857128 1.1768317142 0) (-0.100401099586 1.18041320205 0) (-0.0980735963656 1.18400452271 0) (-0.0957332668358 1.18760572788 0) (-0.0933800297253 1.19121686961 0) (-0.0910138031179 1.1948380003 0) (-0.0886345044452 1.19846917271 0) (-0.0862420504809 1.20211043995 0))
    polyLine 40 44 ((0.120654899072 0.384394704959 -0.03) (0.120965695088 0.385248609995 -0.03) (0.121276491104 0.386102515031 -0.03) (0.12158728712 0.386956420067 -0.03) (0.121898083136 0.387810325103 -0.03) (0.122208879152 0.38866423014 -0.03) (0.122519675168 0.389518135176 -0.03) (0.122830471184 0.390372040212 -0.03) (0.1231412672 0.391225945248 -0.03) (0.123452063216 0.392079850285 -0.03) (0.123762859232 0.392933755321 -0.03) (0.124073655249 0.393787660357 -0.03) (0.124384451265 0.394641565393 -0.03) (0.124695247281 0.39549547043 -0.03) (0.125006043297 0.396349375466 -0.03) (0.125316839313 0.397203280502 -0.03) (0.125627635329 0.398057185538 -0.03) (0.125938431345 0.398911090575 -0.03) (0.126249227361 0.399764995611 -0.03) (0.126560023377 0.400618900647 -0.03) (0.126870819393 0.401472805683 -0.03) (0.127181615409 0.40232671072 -0.03) (0.127492411425 0.403180615756 -0.03) (0.127803207442 0.404034520792 -0.03) (0.128114003458 0.404888425828 -0.03) (0.128424799474 0.405742330865 -0.03) (0.12873559549 0.406596235901 -0.03) (0.129046391506 0.407450140937 -0.03) (0.129357187522 0.408304045973 -0.03) (0.129667983538 0.40915795101 -0.03) (0.129978779554 0.410011856046 -0.03) (0.13028957557 0.410865761082 -0.03) (0.130600371586 0.411719666118 -0.03) (0.130911167602 0.412573571155 -0.03) (0.131221963618 0.413427476191 -0.03) (0.131532759635 0.414281381227 -0.03) (0.131843555651 0.415135286263 -0.03) (0.132154351667 0.4159891913 -0.03) (0.132465147683 0.416843096336 -0.03) (0.132775943699 0.417697001372 -0.03) (0.133086739715 0.418550906408 -0.03) (0.133397535731 0.419404811445 -0.03) (0.133708331747 0.420258716481 -0.03) (0.134019127763 0.421112621517 -0.03))
    polyLine 42 46 ((0.120654899072 0.384394704959 0) (0.120965695088 0.385248609995 0) (0.121276491104 0.386102515031 0) (0.12158728712 0.386956420067 0) (0.121898083136 0.387810325103 0) (0.122208879152 0.38866423014 0) (0.122519675168 0.389518135176 0) (0.122830471184 0.390372040212 0) (0.1231412672 0.391225945248 0) (0.123452063216 0.392079850285 0) (0.123762859232 0.392933755321 0) (0.124073655249 0.393787660357 0) (0.124384451265 0.394641565393 0) (0.124695247281 0.39549547043 0) (0.125006043297 0.396349375466 0) (0.125316839313 0.397203280502 0) (0.125627635329 0.398057185538 0) (0.125938431345 0.398911090575 0) (0.126249227361 0.399764995611 0) (0.126560023377 0.400618900647 0) (0.126870819393 0.401472805683 0) (0.127181615409 0.40232671072 0) (0.127492411425 0.403180615756 0) (0.127803207442 0.404034520792 0) (0.128114003458 0.404888425828 0) (0.128424799474 0.405742330865 0) (0.12873559549 0.406596235901 0) (0.129046391506 0.407450140937 0) (0.129357187522 0.408304045973 0) (0.129667983538 0.40915795101 0) (0.129978779554 0.410011856046 0) (0.13028957557 0.410865761082 0) (0.130600371586 0.411719666118 0) (0.130911167602 0.412573571155 0) (0.131221963618 0.413427476191 0) (0.131532759635 0.414281381227 0) (0.131843555651 0.415135286263 0) (0.132154351667 0.4159891913 0) (0.132465147683 0.416843096336 0) (0.132775943699 0.417697001372 0) (0.133086739715 0.418550906408 0) (0.133397535731 0.419404811445 0) (0.133708331747 0.420258716481 0) (0.134019127763 0.421112621517 0))
    polyLine 41 45 ((-0.0817953237301 1.20885198611 -0.03) (-0.0797447454715 1.21194941852 -0.03) (-0.0776845709777 1.2150541855 -0.03) (-0.0756147483183 1.21816632 -0.03) (-0.0735352252103 1.22128585518 -0.03) (-0.0714459490156 1.22441282437 -0.03) (-0.069346866738 1.22754726112 -0.03) (-0.0672379250198 1.23068919915 -0.03) (-0.0651190701397 1.23383867238 -0.03) (-0.0629902480086 1.23699571495 -0.03) (-0.0608514041678 1.24016036119 -0.03) (-0.058702483785 1.24333264561 -0.03) (-0.0565434316514 1.24651260294 -0.03) (-0.0543741921791 1.24970026814 -0.03) (-0.0521947093971 1.25289567633 -0.03) (-0.0500049269488 1.25609886287 -0.03) (-0.0478047880884 1.25930986331 -0.03) (-0.0455942356775 1.26252871344 -0.03) (-0.0433732121824 1.26575544924 -0.03) (-0.0411416596701 1.2689901069 -0.03) (-0.0388995198053 1.27223272284 -0.03) (-0.0366467338469 1.27548333371 -0.03) (-0.0343832426446 1.27874197636 -0.03))
    polyLine 43 47 ((-0.0817953237301 1.20885198611 0) (-0.0797447454715 1.21194941852 0) (-0.0776845709777 1.2150541855 0) (-0.0756147483183 1.21816632 0) (-0.0735352252103 1.22128585518 0) (-0.0714459490156 1.22441282437 0) (-0.069346866738 1.22754726112 0) (-0.0672379250198 1.23068919915 0) (-0.0651190701397 1.23383867238 0) (-0.0629902480086 1.23699571495 0) (-0.0608514041678 1.24016036119 0) (-0.058702483785 1.24333264561 0) (-0.0565434316514 1.24651260294 0) (-0.0543741921791 1.24970026814 0) (-0.0521947093971 1.25289567633 0) (-0.0500049269488 1.25609886287 0) (-0.0478047880884 1.25930986331 0) (-0.0455942356775 1.26252871344 0) (-0.0433732121824 1.26575544924 0) (-0.0411416596701 1.2689901069 0) (-0.0388995198053 1.27223272284 0) (-0.0366467338469 1.27548333371 0) (-0.0343832426446 1.27874197636 0))
    polyLine 44 48 ((0.134329923779 0.421966526553 -0.03) (0.134640719795 0.42282043159 -0.03) (0.134951515811 0.423674336626 -0.03) (0.135262311828 0.424528241662 -0.03) (0.135573107844 0.425382146698 -0.03) (0.13588390386 0.426236051735 -0.03) (0.136194699876 0.427089956771 -0.03) (0.136505495892 0.427943861807 -0.03) (0.136816291908 0.428797766843 -0.03) (0.137127087924 0.429651671879 -0.03) (0.13743788394 0.430505576916 -0.03) (0.137748679956 0.431359481952 -0.03) (0.138059475972 0.432213386988 -0.03) (0.138370271988 0.433067292024 -0.03) (0.138681068004 0.433921197061 -0.03) (0.138991864021 0.434775102097 -0.03) (0.139302660037 0.435629007133 -0.03) (0.139613456053 0.436482912169 -0.03) (0.139924252069 0.437336817206 -0.03) (0.140235048085 0.438190722242 -0.03) (0.140545844101 0.439044627278 -0.03) (0.140856640117 0.439898532314 -0.03) (0.141167436133 0.440752437351 -0.03) (0.141478232149 0.441606342387 -0.03) (0.141789028165 0.442460247423 -0.03) (0.142099824181 0.443314152459 -0.03) (0.142410620197 0.444168057496 -0.03) (0.142721416214 0.445021962532 -0.03) (0.14303221223 0.445875867568 -0.03) (0.143343008246 0.446729772604 -0.03) (0.143653804262 0.447583677641 -0.03) (0.143964600278 0.448437582677 -0.03) (0.144275396294 0.449291487713 -0.03) (0.14458619231 0.450145392749 -0.03) (0.144896988326 0.450999297786 -0.03) (0.145207784342 0.451853202822 -0.03) (0.145518580358 0.452707107858 -0.03) (0.145829376374 0.453561012894 -0.03) (0.14614017239 0.454414917931 -0.03) (0.146450968407 0.455268822967 -0.03) (0.146761764423 0.456122728003 -0.03) (0.147072560439 0.456976633039 -0.03) (0.147383356455 0.457830538076 -0.03) (0.147694152471 0.458684443112 -0.03) (0.148004948487 0.459538348148 -0.03))
    polyLine 46 50 ((0.134329923779 0.421966526553 0) (0.134640719795 0.42282043159 0) (0.134951515811 0.423674336626 0) (0.135262311828 0.424528241662 0) (0.135573107844 0.425382146698 0) (0.13588390386 0.426236051735 0) (0.136194699876 0.427089956771 0) (0.136505495892 0.427943861807 0) (0.136816291908 0.428797766843 0) (0.137127087924 0.429651671879 0) (0.13743788394 0.430505576916 0) (0.137748679956 0.431359481952 0) (0.138059475972 0.432213386988 0) (0.138370271988 0.433067292024 0) (0.138681068004 0.433921197061 0) (0.138991864021 0.434775102097 0) (0.139302660037 0.435629007133 0) (0.139613456053 0.436482912169 0) (0.139924252069 0.437336817206 0) (0.140235048085 0.438190722242 0) (0.140545844101 0.439044627278 0) (0.140856640117 0.439898532314 0) (0.141167436133 0.440752437351 0) (0.141478232149 0.441606342387 0) (0.141789028165 0.442460247423 0) (0.142099824181 0.443314152459 0) (0.142410620197 0.444168057496 0) (0.142721416214 0.445021962532 0) (0.14303221223 0.445875867568 0) (0.143343008246 0.446729772604 0) (0.143653804262 0.447583677641 0) (0.143964600278 0.448437582677 0) (0.144275396294 0.449291487713 0) (0.14458619231 0.450145392749 0) (0.144896988326 0.450999297786 0) (0.145207784342 0.451853202822 0) (0.145518580358 0.452707107858 0) (0.145829376374 0.453561012894 0) (0.14614017239 0.454414917931 0) (0.146450968407 0.455268822967 0) (0.146761764423 0.456122728003 0) (0.147072560439 0.456976633039 0) (0.147383356455 0.457830538076 0) (0.147694152471 0.458684443112 0) (0.148004948487 0.459538348148 0))
    polyLine 45 49 ((-0.0301651628036 1.28479491159 -0.03) (-0.0282134631938 1.28758702837 -0.03) (-0.0262538503852 1.29038506144 -0.03) (-0.0242862867341 1.29318903414 -0.03) (-0.0223107343715 1.29599896997 -0.03) (-0.0203271552021 1.29881489251 -0.03) (-0.0183355109023 1.30163682548 -0.03) (-0.0163357629187 1.30446479274 -0.03) (-0.0143278724661 1.30729881824 -0.03) (-0.0123118005262 1.31013892609 -0.03) (-0.0102875078459 1.3129851405 -0.03) (-0.00825495493515 1.31583748582 -0.03) (-0.00621410206554 1.31869598653 -0.03) (-0.00416490926851 1.32156066722 -0.03) (-0.00210733633349 1.32443155264 -0.03) (-4.13428061966e-05 1.32730866766 -0.03) (0.00203311201324 1.33019203726 -0.03) (0.00411606907205 1.33308168657 -0.03) (0.00620756956667 1.33597764087 -0.03) (0.00830765494462 1.33887992554 -0.03) (0.0104163669063 1.34178856613 -0.03) (0.0125337474071 1.34470358829 -0.03) (0.0146598386589 1.34762501785 -0.03))
    polyLine 47 51 ((-0.0301651628036 1.28479491159 0) (-0.0282134631938 1.28758702837 0) (-0.0262538503852 1.29038506144 0) (-0.0242862867341 1.29318903414 0) (-0.0223107343715 1.29599896997 0) (-0.0203271552021 1.29881489251 0) (-0.0183355109023 1.30163682548 0) (-0.0163357629187 1.30446479274 0) (-0.0143278724661 1.30729881824 0) (-0.0123118005262 1.31013892609 0) (-0.0102875078459 1.3129851405 0) (-0.00825495493515 1.31583748582 0) (-0.00621410206554 1.31869598653 0) (-0.00416490926851 1.32156066722 0) (-0.00210733633349 1.32443155264 0) (-4.13428061966e-05 1.32730866766 0) (0.00203311201324 1.33019203726 0) (0.00411606907205 1.33308168657 0) (0.00620756956667 1.33597764087 0) (0.00830765494462 1.33887992554 0) (0.0104163669063 1.34178856613 0) (0.0125337474071 1.34470358829 0) (0.0146598386589 1.34762501785 0))
    polyLine 48 52 ((0.148315744503 0.460392253184 -0.03) (0.148626540519 0.461246158221 -0.03) (0.148937336535 0.462100063257 -0.03) (0.149248132551 0.462953968293 -0.03) (0.149558928567 0.463807873329 -0.03) (0.149869724583 0.464661778366 -0.03) (0.1501805206 0.465515683402 -0.03) (0.150491316616 0.466369588438 -0.03) (0.150802112632 0.467223493474 -0.03) (0.151112908648 0.468077398511 -0.03) (0.151423704664 0.468931303547 -0.03) (0.15173450068 0.469785208583 -0.03) (0.152045296696 0.470639113619 -0.03) (0.152356092712 0.471493018655 -0.03) (0.152666888728 0.472346923692 -0.03) (0.152977684744 0.473200828728 -0.03) (0.15328848076 0.474054733764 -0.03) (0.153599276776 0.4749086388 -0.03) (0.153910072793 0.475762543837 -0.03) (0.154220868809 0.476616448873 -0.03) (0.154531664825 0.477470353909 -0.03) (0.154842460841 0.478324258945 -0.03) (0.155153256857 0.479178163982 -0.03) (0.155464052873 0.480032069018 -0.03) (0.155774848889 0.480885974054 -0.03) (0.156085644905 0.48173987909 -0.03) (0.156396440921 0.482593784127 -0.03) (0.156707236937 0.483447689163 -0.03) (0.157018032953 0.484301594199 -0.03) (0.157328828969 0.485155499235 -0.03) (0.157639624986 0.486009404272 -0.03) (0.157950421002 0.486863309308 -0.03) (0.158261217018 0.487717214344 -0.03) (0.158572013034 0.48857111938 -0.03) (0.15888280905 0.489425024417 -0.03) (0.159193605066 0.490278929453 -0.03) (0.159504401082 0.491132834489 -0.03) (0.159815197098 0.491986739525 -0.03) (0.160125993114 0.492840644562 -0.03) (0.16043678913 0.493694549598 -0.03) (0.160747585146 0.494548454634 -0.03) (0.161058381162 0.49540235967 -0.03) (0.161369177179 0.496256264707 -0.03) (0.161679973195 0.497110169743 -0.03))
    polyLine 50 54 ((0.148315744503 0.460392253184 0) (0.148626540519 0.461246158221 0) (0.148937336535 0.462100063257 0) (0.149248132551 0.462953968293 0) (0.149558928567 0.463807873329 0) (0.149869724583 0.464661778366 0) (0.1501805206 0.465515683402 0) (0.150491316616 0.466369588438 0) (0.150802112632 0.467223493474 0) (0.151112908648 0.468077398511 0) (0.151423704664 0.468931303547 0) (0.15173450068 0.469785208583 0) (0.152045296696 0.470639113619 0) (0.152356092712 0.471493018655 0) (0.152666888728 0.472346923692 0) (0.152977684744 0.473200828728 0) (0.15328848076 0.474054733764 0) (0.153599276776 0.4749086388 0) (0.153910072793 0.475762543837 0) (0.154220868809 0.476616448873 0) (0.154531664825 0.477470353909 0) (0.154842460841 0.478324258945 0) (0.155153256857 0.479178163982 0) (0.155464052873 0.480032069018 0) (0.155774848889 0.480885974054 0) (0.156085644905 0.48173987909 0) (0.156396440921 0.482593784127 0) (0.156707236937 0.483447689163 0) (0.157018032953 0.484301594199 0) (0.157328828969 0.485155499235 0) (0.157639624986 0.486009404272 0) (0.157950421002 0.486863309308 0) (0.158261217018 0.487717214344 0) (0.158572013034 0.48857111938 0) (0.15888280905 0.489425024417 0) (0.159193605066 0.490278929453 0) (0.159504401082 0.491132834489 0) (0.159815197098 0.491986739525 0) (0.160125993114 0.492840644562 0) (0.16043678913 0.493694549598 0) (0.160747585146 0.494548454634 0) (0.161058381162 0.49540235967 0) (0.161369177179 0.496256264707 0) (0.161679973195 0.497110169743 0))
    polyLine 49 53 ((0.0186335224398 1.35307031711 -0.03) (0.0204788650942 1.35559252592 -0.03) (0.0223307383886 1.35811952381 -0.03) (0.0241891697607 1.3606513275 -0.03) (0.026054186793 1.36318795379 -0.03) (0.0279258172141 1.36572941953 -0.03) (0.0298040888997 1.3682757417 -0.03) (0.0316890298732 1.3708269373 -0.03) (0.0335806683072 1.37338302347 -0.03) (0.0354790325237 1.37594401737 -0.03) (0.037384150996 1.3785099363 -0.03) (0.0392960523489 1.38108079758 -0.03) (0.0412147653602 1.38365661867 -0.03) (0.0431403189613 1.38623741708 -0.03) (0.0450727422386 1.38882321039 -0.03) (0.0470120644342 1.3914140163 -0.03) (0.048958314947 1.39400985257 -0.03) (0.0509115233339 1.39661073705 -0.03) (0.0528717193107 1.39921668767 -0.03) (0.0548389327531 1.40182772245 -0.03) (0.0568131936979 1.4044438595 -0.03) (0.0587945323437 1.407065117 -0.03) (0.0607829790527 1.40969151325 -0.03))
    polyLine 51 55 ((0.0186335224398 1.35307031711 0) (0.0204788650942 1.35559252592 0) (0.0223307383886 1.35811952381 0) (0.0241891697607 1.3606513275 0) (0.026054186793 1.36318795379 0) (0.0279258172141 1.36572941953 0) (0.0298040888997 1.3682757417 0) (0.0316890298732 1.3708269373 0) (0.0335806683072 1.37338302347 0) (0.0354790325237 1.37594401737 0) (0.037384150996 1.3785099363 0) (0.0392960523489 1.38108079758 0) (0.0412147653602 1.38365661867 0) (0.0431403189613 1.38623741708 0) (0.0450727422386 1.38882321039 0) (0.0470120644342 1.3914140163 0) (0.048958314947 1.39400985257 0) (0.0509115233339 1.39661073705 0) (0.0528717193107 1.39921668767 0) (0.0548389327531 1.40182772245 0) (0.0568131936979 1.4044438595 0) (0.0587945323437 1.407065117 0) (0.0607829790527 1.40969151325 0))
    polyLine 52 56 ((0.161990769211 0.497964074779 -0.03) (0.162301565227 0.498817979815 -0.03) (0.162612361243 0.499671884852 -0.03) (0.162923157259 0.500525789888 -0.03) (0.163233953275 0.501379694924 -0.03) (0.163544749291 0.50223359996 -0.03) (0.163855545307 0.503087504997 -0.03) (0.164166341323 0.503941410033 -0.03) (0.164477137339 0.504795315069 -0.03) (0.164787933355 0.505649220105 -0.03) (0.165098729372 0.506503125142 -0.03) (0.165409525388 0.507357030178 -0.03) (0.165720321404 0.508210935214 -0.03) (0.16603111742 0.50906484025 -0.03) (0.166341913436 0.509918745287 -0.03) (0.166652709452 0.510772650323 -0.03) (0.166963505468 0.511626555359 -0.03) (0.167274301484 0.512480460395 -0.03) (0.1675850975 0.513334365431 -0.03) (0.167895893516 0.514188270468 -0.03) (0.168206689532 0.515042175504 -0.03) (0.168517485548 0.51589608054 -0.03) (0.168828281565 0.516749985576 -0.03) (0.169139077581 0.517603890613 -0.03) (0.169449873597 0.518457795649 -0.03) (0.169760669613 0.519311700685 -0.03) (0.170071465629 0.520165605721 -0.03) (0.170382261645 0.521019510758 -0.03) (0.170693057661 0.521873415794 -0.03) (0.171003853677 0.52272732083 -0.03) (0.171314649693 0.523581225866 -0.03) (0.171625445709 0.524435130903 -0.03) (0.171936241725 0.525289035939 -0.03) (0.172247037741 0.526142940975 -0.03) (0.172557833758 0.526996846011 -0.03) (0.172868629774 0.527850751048 -0.03) (0.17317942579 0.528704656084 -0.03) (0.173490221806 0.52955856112 -0.03) (0.173801017822 0.530412466156 -0.03) (0.174111813838 0.531266371193 -0.03) (0.174422609854 0.532120276229 -0.03) (0.17473340587 0.532974181265 -0.03) (0.175044201886 0.533828086301 -0.03) (0.175354997902 0.534681991338 -0.03) (0.175665793918 0.535535896374 -0.03))
    polyLine 54 58 ((0.161990769211 0.497964074779 0) (0.162301565227 0.498817979815 0) (0.162612361243 0.499671884852 0) (0.162923157259 0.500525789888 0) (0.163233953275 0.501379694924 0) (0.163544749291 0.50223359996 0) (0.163855545307 0.503087504997 0) (0.164166341323 0.503941410033 0) (0.164477137339 0.504795315069 0) (0.164787933355 0.505649220105 0) (0.165098729372 0.506503125142 0) (0.165409525388 0.507357030178 0) (0.165720321404 0.508210935214 0) (0.16603111742 0.50906484025 0) (0.166341913436 0.509918745287 0) (0.166652709452 0.510772650323 0) (0.166963505468 0.511626555359 0) (0.167274301484 0.512480460395 0) (0.1675850975 0.513334365431 0) (0.167895893516 0.514188270468 0) (0.168206689532 0.515042175504 0) (0.168517485548 0.51589608054 0) (0.168828281565 0.516749985576 0) (0.169139077581 0.517603890613 0) (0.169449873597 0.518457795649 0) (0.169760669613 0.519311700685 0) (0.170071465629 0.520165605721 0) (0.170382261645 0.521019510758 0) (0.170693057661 0.521873415794 0) (0.171003853677 0.52272732083 0) (0.171314649693 0.523581225866 0) (0.171625445709 0.524435130903 0) (0.171936241725 0.525289035939 0) (0.172247037741 0.526142940975 0) (0.172557833758 0.526996846011 0) (0.172868629774 0.527850751048 0) (0.17317942579 0.528704656084 0) (0.173490221806 0.52955856112 0) (0.173801017822 0.530412466156 0) (0.174111813838 0.531266371193 0) (0.174422609854 0.532120276229 0) (0.17473340587 0.532974181265 0) (0.175044201886 0.533828086301 0) (0.175354997902 0.534681991338 0) (0.175665793918 0.535535896374 0))
    polyLine 53 57 ((0.0645106519498 1.41460369818 -0.03) (0.0662481245205 1.41688821481 -0.03) (0.0679910021255 1.41917662852 -0.03) (0.0697393049213 1.42146895142 -0.03) (0.0714930531596 1.42376519566 -0.03) (0.0732522671872 1.42606537343 -0.03) (0.0750169674467 1.428369497 -0.03) (0.0767871744774 1.43067757866 -0.03) (0.0785629089156 1.43298963077 -0.03) (0.0803441914949 1.43530566574 -0.03) (0.0821310430475 1.43762569603 -0.03) (0.0839234845039 1.43994973414 -0.03) (0.0857215368941 1.44227779265 -0.03) (0.0875252213479 1.44460988417 -0.03) (0.0893345590956 1.44694602138 -0.03) (0.0911495714685 1.44928621699 -0.03) (0.0929702798995 1.45163048379 -0.03) (0.0947967059238 1.45397883461 -0.03) (0.0966288711794 1.45633128234 -0.03) (0.0984667974077 1.45868783992 -0.03) (0.100310506454 1.46104852035 -0.03) (0.102160020268 1.46341333669 -0.03) (0.104015360906 1.46578230204 -0.03))
    polyLine 55 59 ((0.0645106519498 1.41460369818 0) (0.0662481245205 1.41688821481 0) (0.0679910021255 1.41917662852 0) (0.0697393049213 1.42146895142 0) (0.0714930531596 1.42376519566 0) (0.0732522671872 1.42606537343 0) (0.0750169674467 1.428369497 0) (0.0767871744774 1.43067757866 0) (0.0785629089156 1.43298963077 0) (0.0803441914949 1.43530566574 0) (0.0821310430475 1.43762569603 0) (0.0839234845039 1.43994973414 0) (0.0857215368941 1.44227779265 0) (0.0875252213479 1.44460988417 0) (0.0893345590956 1.44694602138 0) (0.0911495714685 1.44928621699 0) (0.0929702798995 1.45163048379 0) (0.0947967059238 1.45397883461 0) (0.0966288711794 1.45633128234 0) (0.0984667974077 1.45868783992 0) (0.100310506454 1.46104852035 0) (0.102160020268 1.46341333669 0) (0.104015360906 1.46578230204 0))
    polyLine 56 60 ((0.175976589934 0.53638980141 -0.03) (0.176287385951 0.537243706446 -0.03) (0.176598181967 0.538097611483 -0.03) (0.176908977983 0.538951516519 -0.03) (0.177219773999 0.539805421555 -0.03) (0.177530570015 0.540659326591 -0.03) (0.177841366031 0.541513231628 -0.03) (0.178152162047 0.542367136664 -0.03) (0.178462958063 0.5432210417 -0.03) (0.178773754079 0.544074946736 -0.03) (0.179084550095 0.544928851773 -0.03) (0.179395346111 0.545782756809 -0.03) (0.179706142127 0.546636661845 -0.03) (0.180016938144 0.547490566881 -0.03) (0.18032773416 0.548344471918 -0.03) (0.180638530176 0.549198376954 -0.03) (0.180949326192 0.55005228199 -0.03) (0.181260122208 0.550906187026 -0.03) (0.181570918224 0.551760092063 -0.03) (0.18188171424 0.552613997099 -0.03) (0.182192510256 0.553467902135 -0.03) (0.182503306272 0.554321807171 -0.03) (0.182814102288 0.555175712207 -0.03) (0.183124898304 0.556029617244 -0.03) (0.18343569432 0.55688352228 -0.03) (0.183746490337 0.557737427316 -0.03) (0.184057286353 0.558591332352 -0.03) (0.184368082369 0.559445237389 -0.03) (0.184678878385 0.560299142425 -0.03) (0.184989674401 0.561153047461 -0.03) (0.185300470417 0.562006952497 -0.03) (0.185611266433 0.562860857534 -0.03) (0.185922062449 0.56371476257 -0.03) (0.186232858465 0.564568667606 -0.03) (0.186543654481 0.565422572642 -0.03) (0.186854450497 0.566276477679 -0.03) (0.187165246513 0.567130382715 -0.03) (0.18747604253 0.567984287751 -0.03) (0.187786838546 0.568838192787 -0.03) (0.188097634562 0.569692097824 -0.03) (0.188408430578 0.57054600286 -0.03) (0.188719226594 0.571399907896 -0.03) (0.18903002261 0.572253812932 -0.03) (0.189340818626 0.573107717969 -0.03))
    polyLine 58 62 ((0.175976589934 0.53638980141 0) (0.176287385951 0.537243706446 0) (0.176598181967 0.538097611483 0) (0.176908977983 0.538951516519 0) (0.177219773999 0.539805421555 0) (0.177530570015 0.540659326591 0) (0.177841366031 0.541513231628 0) (0.178152162047 0.542367136664 0) (0.178462958063 0.5432210417 0) (0.178773754079 0.544074946736 0) (0.179084550095 0.544928851773 0) (0.179395346111 0.545782756809 0) (0.179706142127 0.546636661845 0) (0.180016938144 0.547490566881 0) (0.18032773416 0.548344471918 0) (0.180638530176 0.549198376954 0) (0.180949326192 0.55005228199 0) (0.181260122208 0.550906187026 0) (0.181570918224 0.551760092063 0) (0.18188171424 0.552613997099 0) (0.182192510256 0.553467902135 0) (0.182503306272 0.554321807171 0) (0.182814102288 0.555175712207 0) (0.183124898304 0.556029617244 0) (0.18343569432 0.55688352228 0) (0.183746490337 0.557737427316 0) (0.184057286353 0.558591332352 0) (0.184368082369 0.559445237389 0) (0.184678878385 0.560299142425 0) (0.184989674401 0.561153047461 0) (0.185300470417 0.562006952497 0) (0.185611266433 0.562860857534 0) (0.185922062449 0.56371476257 0) (0.186232858465 0.564568667606 0) (0.186543654481 0.565422572642 0) (0.186854450497 0.566276477679 0) (0.187165246513 0.567130382715 0) (0.18747604253 0.567984287751 0) (0.187786838546 0.568838192787 0) (0.188097634562 0.569692097824 0) (0.188408430578 0.57054600286 0) (0.188719226594 0.571399907896 0) (0.18903002261 0.572253812932 0) (0.189340818626 0.573107717969 0))
    polyLine 57 61 ((0.107503874482 1.47022766377 -0.03) (0.109135675333 1.47230308002 -0.03) (0.110771967965 1.47438168715 -0.03) (0.11241276732 1.47646349401 -0.03) (0.114058088407 1.47854850951 -0.03) (0.115707946295 1.48063674258 -0.03) (0.117362356118 1.48272820216 -0.03) (0.119021333074 1.48482289727 -0.03) (0.120684892425 1.48692083693 -0.03) (0.122353049496 1.4890220302 -0.03) (0.124025819679 1.49112648618 -0.03) (0.125703218429 1.49323421401 -0.03) (0.127385261269 1.49534522285 -0.03) (0.129071963785 1.49745952191 -0.03) (0.130763341632 1.49957712042 -0.03) (0.13245941053 1.50169802765 -0.03) (0.134160186264 1.50382225292 -0.03) (0.135865684691 1.50594980557 -0.03) (0.137575921731 1.50808069497 -0.03) (0.139290913374 1.51021493054 -0.03) (0.141010675678 1.51235252174 -0.03) (0.14273522477 1.51449347804 -0.03) (0.144464576845 1.51663780898 -0.03))
    polyLine 59 63 ((0.107503874482 1.47022766377 0) (0.109135675333 1.47230308002 0) (0.110771967965 1.47438168715 0) (0.11241276732 1.47646349401 0) (0.114058088407 1.47854850951 0) (0.115707946295 1.48063674258 0) (0.117362356118 1.48272820216 0) (0.119021333074 1.48482289727 0) (0.120684892425 1.48692083693 0) (0.122353049496 1.4890220302 0) (0.124025819679 1.49112648618 0) (0.125703218429 1.49323421401 0) (0.127385261269 1.49534522285 0) (0.129071963785 1.49745952191 0) (0.130763341632 1.49957712042 0) (0.13245941053 1.50169802765 0) (0.134160186264 1.50382225292 0) (0.135865684691 1.50594980557 0) (0.137575921731 1.50808069497 0) (0.139290913374 1.51021493054 0) (0.141010675678 1.51235252174 0) (0.14273522477 1.51449347804 0) (0.144464576845 1.51663780898 0))
    polyLine 60 64 ((0.189651614642 0.573961623005 -0.03) (0.189962410658 0.574815528041 -0.03) (0.190273206674 0.575669433077 -0.03) (0.19058400269 0.576523338114 -0.03) (0.190894798706 0.57737724315 -0.03) (0.191205594723 0.578231148186 -0.03) (0.191516390739 0.579085053222 -0.03) (0.191827186755 0.579938958259 -0.03) (0.192137982771 0.580792863295 -0.03) (0.192448778787 0.581646768331 -0.03) (0.192759574803 0.582500673367 -0.03) (0.193070370819 0.583354578404 -0.03) (0.193381166835 0.58420848344 -0.03) (0.193700446987 0.585037614193 -0.03) (0.194050197535 0.585854359058 -0.03) (0.194429939151 0.586657598703 -0.03) (0.194839151407 0.5874462323 -0.03) (0.195277273485 0.588219179042 -0.03) (0.195743704946 0.588975379619 -0.03) (0.196237806555 0.589713797672 -0.03) (0.196758901153 0.590433421213 -0.03) (0.197306274591 0.59113326401 -0.03) (0.197879176703 0.591812366941 -0.03) (0.198476822336 0.592469799309 -0.03) (0.199098392429 0.593104660113 -0.03) (0.19974303513 0.593716079289 -0.03) (0.200409866969 0.594303218897 -0.03) (0.201097974065 0.594865274274 -0.03) (0.201806413378 0.595401475132 -0.03) (0.202534214006 0.595911086618 -0.03) (0.203280378511 0.596393410319 -0.03) (0.204043884289 0.596847785218 -0.03) (0.204823684967 0.597273588603 -0.03) (0.205618711844 0.597670236919 -0.03) (0.206427875349 0.598037186565 -0.03) (0.207250066539 0.598373934644 -0.03) (0.208084158614 0.598680019649 -0.03) (0.208929008468 0.598955022096 -0.03) (0.209783458248 0.599198565098 -0.03) (0.210646336947 0.599410314885 -0.03) (0.211516462005 0.599589981258 -0.03) (0.21239264093 0.599737317986 -0.03) (0.213273672936 0.599852123147 -0.03) (0.214158350585 0.599934239404 -0.03) (0.21504546144 0.599983554216 -0.03))
    polyLine 62 66 ((0.189651614642 0.573961623005 0) (0.189962410658 0.574815528041 0) (0.190273206674 0.575669433077 0) (0.19058400269 0.576523338114 0) (0.190894798706 0.57737724315 0) (0.191205594723 0.578231148186 0) (0.191516390739 0.579085053222 0) (0.191827186755 0.579938958259 0) (0.192137982771 0.580792863295 0) (0.192448778787 0.581646768331 0) (0.192759574803 0.582500673367 0) (0.193070370819 0.583354578404 0) (0.193381166835 0.58420848344 0) (0.193700446987 0.585037614193 0) (0.194050197535 0.585854359058 0) (0.194429939151 0.586657598703 0) (0.194839151407 0.5874462323 0) (0.195277273485 0.588219179042 0) (0.195743704946 0.588975379619 0) (0.196237806555 0.589713797672 0) (0.196758901153 0.590433421213 0) (0.197306274591 0.59113326401 0) (0.197879176703 0.591812366941 0) (0.198476822336 0.592469799309 0) (0.199098392429 0.593104660113 0) (0.19974303513 0.593716079289 0) (0.200409866969 0.594303218897 0) (0.201097974065 0.594865274274 0) (0.201806413378 0.595401475132 0) (0.202534214006 0.595911086618 0) (0.203280378511 0.596393410319 0) (0.204043884289 0.596847785218 0) (0.204823684967 0.597273588603 0) (0.205618711844 0.597670236919 0) (0.206427875349 0.598037186565 0) (0.207250066539 0.598373934644 0) (0.208084158614 0.598680019649 0) (0.208929008468 0.598955022096 0) (0.209783458248 0.599198565098 0) (0.210646336947 0.599410314885 0) (0.211516462005 0.599589981258 0) (0.21239264093 0.599737317986 0) (0.213273672936 0.599852123147 0) (0.214158350585 0.599934239404 0) (0.21504546144 0.599983554216 0))
    polyLine 61 65 ((0.148958078443 1.52219754288 -0.03) (0.151729628915 1.52561813073 -0.03) (0.154513465486 1.52904732634 -0.03) (0.157309654512 1.53248516863 -0.03) (0.160118262801 1.53593169673 -0.03) (0.16293935762 1.53938695006 -0.03) (0.165773006696 1.54285096824 -0.03) (0.168619278223 1.54632379116 -0.03) (0.171478240865 1.54980545895 -0.03) (0.174349963759 1.553296012 -0.03) (0.177234516519 1.55679549093 -0.03) (0.180131969241 1.56030393662 -0.03) (0.183042392508 1.56382139023 -0.03) (0.185965857391 1.56734789315 -0.03) (0.188902435457 1.57088348704 -0.03) (0.191852198769 1.57442821383 -0.03) (0.194815219895 1.5779821157 -0.03) (0.197791571908 1.5815452351 -0.03) (0.200781328394 1.58511761476 -0.03) (0.203784563453 1.58869929767 -0.03) (0.206801351705 1.5922903271 -0.03) (0.209831768298 1.59589074659 -0.03) (0.212875888905 1.59950059996 -0.03))
    polyLine 63 67 ((0.148958078443 1.52219754288 0) (0.151729628915 1.52561813073 0) (0.154513465486 1.52904732634 0) (0.157309654512 1.53248516863 0) (0.160118262801 1.53593169673 0) (0.16293935762 1.53938695006 0) (0.165773006696 1.54285096824 0) (0.168619278223 1.54632379116 0) (0.171478240865 1.54980545895 0) (0.174349963759 1.553296012 0) (0.177234516519 1.55679549093 0) (0.180131969241 1.56030393662 0) (0.183042392508 1.56382139023 0) (0.185965857391 1.56734789315 0) (0.188902435457 1.57088348704 0) (0.191852198769 1.57442821383 0) (0.194815219895 1.5779821157 0) (0.197791571908 1.5815452351 0) (0.200781328394 1.58511761476 0) (0.203784563453 1.58869929767 0) (0.206801351705 1.5922903271 0) (0.209831768298 1.59589074659 0) (0.212875888905 1.59950059996 0))
);

boundary
(
    body_fore
    {
        type wall;
        faces
        (
            (0 2 6 4)
            (4 6 10 8)
            (8 10 14 12)
            (12 14 18 16)
            (16 18 22 20)
            (20 22 26 24)
            (24 26 30 28)
            (28 30 34 32)
            (32 34 38 36)
            (36 38 42 40)
            (40 42 46 44)
            (44 46 50 48)
            (48 50 54 52)
            (52 54 58 56)
            (56 58 62 60)
            (60 62 66 64)
        );
    }
    freestream
    {
        type patch;
        faces
        (
            (1 5 7 3)
            (5 9 11 7)
            (9 13 15 11)
            (13 17 19 15)
            (17 21 23 19)
            (21 25 27 23)
            (25 29 31 27)
            (29 33 35 31)
            (33 37 39 35)
            (37 41 43 39)
            (41 45 47 43)
            (45 49 51 47)
            (49 53 55 51)
            (53 57 59 55)
            (57 61 63 59)
            (61 65 67 63)
        );
    }
    outlet
    {
        type patch;
        faces
        (
            (64 66 67 65)
        );
    }
    axis
    {
        type patch;
        faces
        (
            (0 1 3 2)
        );
    }
    front
    {
        type patch;
        faces
        (
            (2 6 7 3)
            (6 10 11 7)
            (10 14 15 11)
            (14 18 19 15)
            (18 22 23 19)
            (22 26 27 23)
            (26 30 31 27)
            (30 34 35 31)
            (34 38 39 35)
            (38 42 43 39)
            (42 46 47 43)
            (46 50 51 47)
            (50 54 55 51)
            (54 58 59 55)
            (58 62 63 59)
            (62 66 67 63)
        );
    }
    back
    {
        type patch;
        faces
        (
            (0 1 5 4)
            (4 5 9 8)
            (8 9 13 12)
            (12 13 17 16)
            (16 17 21 20)
            (20 21 25 24)
            (24 25 29 28)
            (28 29 33 32)
            (32 33 37 36)
            (36 37 41 40)
            (40 41 45 44)
            (44 45 49 48)
            (48 49 53 52)
            (52 53 57 56)
            (56 57 61 60)
            (60 61 65 64)
        );
    }
);
