FoamFile
{
    version     2.0;
    format      ascii;
    class       dictionary;
    object      blockMeshDict;
}
// Generated by aether.cfd - do not edit by hand. Regenerate from the run config.

scale 1;

vertices
(
    (0 0 -0.03)
    (-0.334051300744 7.76744173573e-17 -0.03)
    (0 0 0)
    (-0.334051300744 7.76744173573e-17 0)
    (0.0020498378434 0.043442334889 -0.03)
    (-0.330838895404 0.0919449212342 -0.03)
    (0.0020498378434 0.043442334889 0)
    (-0.330838895404 0.0919449212342 0)
    (0.00818085134516 0.0864986723542 -0.03)
    (-0.321182307193 0.184056150029 -0.03)
    (0.00818085134516 0.0864986723542 0)
    (-0.321182307193 0.184056150029 0)
    (0.0183385672756 0.128786471442 -0.03)
    (-0.305017551416 0.276528022059 -0.03)
    (0.0183385672756 0.128786471442 0)
    (-0.305017551416 0.276528022059 0)
    (0.032432737355 0.16993001932 -0.03)
    (-0.282219298752 0.369607675099 -0.03)
    (0.032432737355 0.16993001932 0)
    (-0.282219298752 0.369607675099 0)
    (0.050338140045 0.209563769203 -0.03)
    (-0.252575482343 0.463614442382 -0.03)
    (0.050338140045 0.209563769203 0)
    (-0.252575482343 0.463614442382 0)
    (0.0701103159917 0.248318141508 -0.03)
    (-0.216373504709 0.557486793553 -0.03)
    (0.0701103159917 0.248318141508 0)
    (-0.216373504709 0.557486793553 0)
    (0.0898826084411 0.287072454444 -0.03)
    (-0.174979108157 0.648580591102 -0.03)
    (0.0898826084411 0.287072454444 0)
    (-0.174979108157 0.648580591102 0)
    (0.10965490089 0.32582676738 -0.03)
    (-0.129851521565 0.735357861191 -0.03)
    (0.10965490089 0.32582676738 0)
    (-0.129851521565 0.735357861191 0)
    (0.12942719334 0.364581080316 -0.03)
    (-0.0824407624227 0.816873385151 -0.03)
    (0.12942719334 0.364581080316 0)
    (-0.0824407624227 0.816873385151 0)
    (0.149199485789 0.403335393252 -0.03)
    (-0.0340161277562 0.892692710063 -0.03)
    (0.149199485789 0.403335393252 0)
    (-0.0340161277562 0.892692710063 0)
    (0.168971778239 0.442089706188 -0.03)
    (0.0144085070161 0.962758435793 -0.03)
    (0.168971778239 0.442089706188 0)
    (0.0144085070161 0.962758435793 0)
    (0.188744070688 0.480844019124 -0.03)
    (0.06207969857 1.02725899175 -0.03)
    (0.188744070688 0.480844019124 0)
    (0.06207969857 1.02725899175 0)
    (0.208516363137 0.51959833206 -0.03)
    (0.108472520666 1.08652417551 -0.03)
    (0.208516363137 0.51959833206 0)
    (0.108472520666 1.08652417551 0)
    (0.228371576995 0.558308655235 -0.03)
    (0.153382702417 1.14111433668 -0.03)
    (0.228371576995 0.558308655235 0)
    (0.153382702417 1.14111433668 0)
    (0.258679418698 0.588821436735 -0.03)
    (0.214731489178 1.21193934225 -0.03)
    (0.258679418698 0.588821436735 0)
    (0.214731489178 1.21193934225 0)
    (0.300208449997 0.6 -0.03)
    (0.300208449997 1.30461791478 -0.03)
    (0.300208449997 0.6 0)
    (0.300208449997 1.30461791478 0)
);

blocks
(
    hex (0 4 5 1 2 6 7 3) (4 48 1) simpleGrading (1 4 1)
    hex (4 8 9 5 6 10 11 7) (4 48 1) simpleGrading (1 4 1)
    hex (8 12 13 9 10 14 15 11) (4 48 1) simpleGrading (1 4 1)
    hex (12 16 17 13 14 18 19 15) (4 48 1) simpleGrading (1 4 1)
    hex (16 20 21 17 18 22 23 19) (4 48 1) simpleGrading (1 4 1)
    hex (20 24 25 21 22 26 27 23) (4 48 1) simpleGrading (1 4 1)
    hex (24 28 29 25 26 30 31 27) (4 48 1) simpleGrading (1 4 1)
    hex (28 32 33 29 30 34 35 31) (4 48 1) simpleGrading (1 4 1)
    hex (32 36 37 33 34 38 39 35) (4 48 1) simpleGrading (1 4 1)
    hex (36 40 41 37 38 42 43 39) (4 48 1) simpleGrading (1 4 1)
    hex (40 44 45 41 42 46 47 43) (4 48 1) simpleGrading (1 4 1)
    hex (44 48 49 45 46 50 51 47) (4 48 1) simpleGrading (1 4 1)
    hex (48 52 53 49 50 54 55 51) (4 48 1) simpleGrading (1 4 1)
    hex (52 56 57 53 54 58 59 55) (4 48 1) simpleGrading (1 4 1)
    hex (56 60 61 57 58 62 63 59) (4 48 1) simpleGrading (1 4 1)
    hex (60 64 65 61 62 66 67 63) (4 48 1) simpleGrading (1 4 1)
);

edges
(
    polyLine 0 4 ((8.48457613278e-07 0.000884838162295 -0.03) (3.39382733266e-06 0.0017696730703 -0.03) (7.63609979672e-06 0.00265450146974 -0.03) (1.35752594031e-05 0.00353932010637 -0.03) (2.12112843084e-05 0.00442412572596 -0.03) (3.05441464287e-05 0.00530891507435 -0.03) (4.15738114393e-05 0.00619368489742 -0.03) (5.43002387749e-05 0.00707843194115 -0.03) (6.87233816297e-05 0.00796315295157 -0.03) (8.48431869579e-05 0.00884784467483 -0.03) (0.000102659595473 0.00973250385719 -0.03) (0.000122172541651 0.010617127245 -0.03) (0.000143381953724 0.0115017115848 -0.03) (0.000166287753689 0.0123862536232 -0.03) (0.000190889857301 0.0132707501069 -0.03) (0.000217188174079 0.0141551977831 -0.03) (0.000245182607301 0.0150395933988 -0.03) (0.000274873054009 0.0159239337013 -0.03) (0.000306259405005 0.0168082154383 -0.03) (0.000339341544857 0.0176924353574 -0.03) (0.000374119351893 0.0185765902067 -0.03) (0.000410592698207 0.0194606767343 -0.03) (0.000448761449655 0.0203446916888 -0.03) (0.000488625465859 0.0212286318189 -0.03) (0.000530184600206 0.0221124938735 -0.03) (0.000573438699849 0.0229962746021 -0.03) (0.000618387605705 0.0238799707542 -0.03) (0.00066503115246 0.0247635790797 -0.03) (0.000713369168568 0.0256470963288 -0.03) (0.000763401476248 0.0265305192522 -0.03) (0.00081512789149 0.0274138446007 -0.03) (0.000868548224054 0.0282970691256 -0.03) (0.000923662277467 0.0291801895786 -0.03) (0.000980469849029 0.0300632027116 -0.03) (0.00103897072981 0.0309461052772 -0.03) (0.00109916470466 0.0318288940281 -0.03) (0.00116105155219 0.0327115657176 -0.03) (0.00122463104479 0.0335941170993 -0.03) (0.00128990294862 0.0344765449275 -0.03) (0.00135686702363 0.0353588459566 -0.03) (0.00142552302354 0.0362410169418 -0.03) (0.00149587069583 0.0371230546384 -0.03) (0.00156790978179 0.0380049558026 -0.03) (0.00164164001646 0.0388867171909 -0.03) (0.00171706112867 0.0397683355602 -0.03) (0.00179417284104 0.0406498076682 -0.03) (0.00187297486998 0.0415311302729 -0.03) (0.00195346692564 0.042412300133 -0.03) (0.002035648712 0.0432933140077 -0.03))
    polyLine 2 6 ((8.48457613278e-07 0.000884838162295 0) (3.39382733266e-06 0.0017696730703 0) (7.63609979672e-06 0.00265450146974 0) (1.35752594031e-05 0.00353932010637 0) (2.12112843084e-05 0.00442412572596 0) (3.05441464287e-05 0.00530891507435 0) (4.15738114393e-05 0.00619368489742 0) (5.43002387749e-05 0.00707843194115 0) (6.87233816297e-05 0.00796315295157 0) (8.48431869579e-05 0.00884784467483 0) (0.000102659595473 0.00973250385719 0) (0.000122172541651 0.010617127245 0) (0.000143381953724 0.0115017115848 0) (0.000166287753689 0.0123862536232 0) (0.000190889857301 0.0132707501069 0) (0.000217188174079 0.0141551977831 0) (0.000245182607301 0.0150395933988 0) (0.000274873054009 0.0159239337013 0) (0.000306259405005 0.0168082154383 0) (0.000339341544857 0.0176924353574 0) (0.000374119351893 0.0185765902067 0) (0.000410592698207 0.0194606767343 0) (0.000448761449655 0.0203446916888 0) (0.000488625465859 0.0212286318189 0) (0.000530184600206 0.0221124938735 0) (0.000573438699849 0.0229962746021 0) (0.000618387605705 0.0238799707542 0) (0.00066503115246 0.0247635790797 0) (0.000713369168568 0.0256470963288 0) (0.000763401476248 0.0265305192522 0) (0.00081512789149 0.0274138446007 0) (0.000868548224054 0.0282970691256 0) (0.000923662277467 0.0291801895786 0) (0.000980469849029 0.0300632027116 0) (0.00103897072981 0.0309461052772 0) (0.00109916470466 0.0318288940281 0) (0.00116105155219 0.0327115657176 0) (0.00122463104479 0.0335941170993 0) (0.00128990294862 0.0344765449275 0) (0.00135686702363 0.0353588459566 0) (0.00142552302354 0.0362410169418 0) (0.00149587069583 0.0371230546384 0) (0.00156790978179 0.0380049558026 0) (0.00164164001646 0.0388867171909 0) (0.00171706112867 0.0397683355602 0) (0.00179417284104 0.0406498076682 0) (0.00187297486998 0.0415311302729 0) (0.00195346692564 0.042412300133 0) (0.002035648712 0.0432933140077 0))
    polyLine 1 5 ((-0.334045744593 0.00382364752056 -0.03) (-0.334029075704 0.00764737199561 -0.03) (-0.33400129277 0.0114712503855 -0.03) (-0.333962393613 0.0152953596622 -0.03) (-0.33391237518 0.0191197768154 -0.03) (-0.333851233549 0.022944578858 -0.03) (-0.333778963923 0.0267698428322 -0.03) (-0.33369556063 0.0305956458152 -0.03) (-0.333601017126 0.0344220649255 -0.03) (-0.33349532599 0.0382491773282 -0.03) (-0.333378478921 0.042077060241 -0.03) (-0.333250466745 0.0459057909406 -0.03) (-0.333111279404 0.0497354467678 -0.03) (-0.332960905961 0.0535661051343 -0.03) (-0.332799334593 0.0573978435276 -0.03) (-0.332626552595 0.0612307395181 -0.03) (-0.332442546374 0.0650648707639 -0.03) (-0.332247301448 0.0689003150177 -0.03) (-0.332040802442 0.0727371501322 -0.03) (-0.331823033088 0.0765754540664 -0.03) (-0.331593976223 0.0804153048915 -0.03) (-0.331353613782 0.0842567807969 -0.03) (-0.331101926799 0.0880999600964 -0.03))
    polyLine 3 7 ((-0.334045744593 0.00382364752056 0) (-0.334029075704 0.00764737199561 0) (-0.33400129277 0.0114712503855 0) (-0.333962393613 0.0152953596622 0) (-0.33391237518 0.0191197768154 0) (-0.333851233549 0.022944578858 0) (-0.333778963923 0.0267698428322 0) (-0.33369556063 0.0305956458152 0) (-0.333601017126 0.0344220649255 0) (-0.33349532599 0.0382491773282 0) (-0.333378478921 0.042077060241 0) (-0.333250466745 0.0459057909406 0) (-0.333111279404 0.0497354467678 0) (-0.332960905961 0.0535661051343 0) (-0.332799334593 0.0573978435276 0) (-0.332626552595 0.0612307395181 0) (-0.332442546374 0.0650648707639 0) (-0.332247301448 0.0689003150177 0) (-0.332040802442 0.0727371501322 0) (-0.331823033088 0.0765754540664 0) (-0.331593976223 0.0804153048915 0) (-0.331353613782 0.0842567807969 0) (-0.331101926799 0.0880999600964 0))
    polyLine 4 8 ((0.00211951992681 0.0441741686566 -0.03) (0.00220508026161 0.0450548608404 -0.03) (0.0022923294017 0.0459353873197 -0.03) (0.00238126702622 0.0468157448564 -0.03) (0.00247189280806 0.0476959302124 -0.03) (0.00256420641391 0.0485759401507 -0.03) (0.00265820750426 0.0494557714347 -0.03) (0.00275389573339 0.0503354208286 -0.03) (0.00285127074937 0.0512148850971 -0.03) (0.00295033219407 0.0520941610058 -0.03) (0.00305107970317 0.0529732453207 -0.03) (0.00315351290613 0.0538521348088 -0.03) (0.00325763142622 0.0547308262376 -0.03) (0.0033634348805 0.0556093163755 -0.03) (0.00347092287985 0.0564876019915 -0.03) (0.00358009502895 0.0573656798555 -0.03) (0.00369095092628 0.058243546738 -0.03) (0.00380349016412 0.0591211994103 -0.03) (0.00391771232859 0.0599986346447 -0.03) (0.00403361699958 0.060875849214 -0.03) (0.00415120375082 0.061752839892 -0.03) (0.00427047214985 0.0626296034532 -0.03) (0.00439142175801 0.0635061366731 -0.03) (0.00451405213048 0.064382436328 -0.03) (0.00463836281624 0.0652584991949 -0.03) (0.00476435335809 0.0661343220518 -0.03) (0.00489202329266 0.0670099016776 -0.03) (0.00502137215041 0.0678852348521 -0.03) (0.00515239945561 0.0687603183559 -0.03) (0.00528510472636 0.0696351489706 -0.03) (0.0054194874746 0.0705097234787 -0.03) (0.00555554720608 0.0713840386638 -0.03) (0.00569328342041 0.0722580913101 -0.03) (0.005832695611 0.0731318782032 -0.03) (0.00597378326514 0.0740053961293 -0.03) (0.00611654586391 0.0748786418757 -0.03) (0.00626098288227 0.0757516122309 -0.03) (0.00640709378899 0.0766243039842 -0.03) (0.00655487804671 0.077496713926 -0.03) (0.00670433511189 0.0783688388477 -0.03) (0.00685546443487 0.0792406755417 -0.03) (0.0070082654598 0.0801122208016 -0.03) (0.00716273762473 0.0809834714221 -0.03) (0.00731888036151 0.0818544241987 -0.03) (0.00747669309589 0.0827250759283 -0.03) (0.00763617524745 0.0835954234087 -0.03) (0.00779732622966 0.0844654634389 -0.03) (0.00796014544981 0.0853351928192 -0.03) (0.00812463230908 0.0862046083507 -0.03))
    polyLine 6 10 ((0.00211951992681 0.0441741686566 0) (0.00220508026161 0.0450548608404 0) (0.0022923294017 0.0459353873197 0) (0.00238126702622 0.0468157448564 0) (0.00247189280806 0.0476959302124 0) (0.00256420641391 0.0485759401507 0) (0.00265820750426 0.0494557714347 0) (0.00275389573339 0.0503354208286 0) (0.00285127074937 0.0512148850971 0) (0.00295033219407 0.0520941610058 0) (0.00305107970317 0.0529732453207 0) (0.00315351290613 0.0538521348088 0) (0.00325763142622 0.0547308262376 0) (0.0033634348805 0.0556093163755 0) (0.00347092287985 0.0564876019915 0) (0.00358009502895 0.0573656798555 0) (0.00369095092628 0.058243546738 0) (0.00380349016412 0.0591211994103 0) (0.00391771232859 0.0599986346447 0) (0.00403361699958 0.060875849214 0) (0.00415120375082 0.061752839892 0) (0.00427047214985 0.0626296034532 0) (0.00439142175801 0.0635061366731 0) (0.00451405213048 0.064382436328 0) (0.00463836281624 0.0652584991949 0) (0.00476435335809 0.0661343220518 0) (0.00489202329266 0.0670099016776 0) (0.00502137215041 0.0678852348521 0) (0.00515239945561 0.0687603183559 0) (0.00528510472636 0.0696351489706 0) (0.0054194874746 0.0705097234787 0) (0.00555554720608 0.0713840386638 0) (0.00569328342041 0.0722580913101 0) (0.005832695611 0.0731318782032 0) (0.00597378326514 0.0740053961293 0) (0.00611654586391 0.0748786418757 0) (0.00626098288227 0.0757516122309 0) (0.00640709378899 0.0766243039842 0) (0.00655487804671 0.077496713926 0) (0.00670433511189 0.0783688388477 0) (0.00685546443487 0.0792406755417 0) (0.0070082654598 0.0801122208016 0) (0.00716273762473 0.0809834714221 0) (0.00731888036151 0.0818544241987 0) (0.00747669309589 0.0827250759283 0) (0.00763617524745 0.0835954234087 0) (0.00779732622966 0.0844654634389 0) (0.00796014544981 0.0853351928192 0) (0.00812463230908 0.0862046083507 0))
    polyLine 5 9 ((-0.330567209937 0.0957544906627 -0.03) (-0.330284357215 0.0995659611192 -0.03) (-0.329990315295 0.103379409205 -0.03) (-0.329685061351 0.10719491167 -0.03) (-0.329368571668 0.11101254542 -0.03) (-0.329040821643 0.11483238752 -0.03) (-0.328701785775 0.118654515203 -0.03) (-0.328351437665 0.122479005875 -0.03) (-0.327989750011 0.126305937118 -0.03) (-0.327616694606 0.130135386703 -0.03) (-0.327232242327 0.133967432589 -0.03) (-0.326836363137 0.137802152933 -0.03) (-0.326429026079 0.141639626096 -0.03) (-0.326010199266 0.145479930645 -0.03) (-0.325579849884 0.149323145368 -0.03) (-0.325137944179 0.153169349269 -0.03) (-0.324684447458 0.157018621586 -0.03) (-0.324219324079 0.160871041787 -0.03) (-0.323742537446 0.164726689582 -0.03) (-0.323254050006 0.168585644931 -0.03) (-0.32275382324 0.172447988043 -0.03) (-0.322241817659 0.176313799393 -0.03) (-0.321717992794 0.180183159717 -0.03))
    polyLine 7 11 ((-0.330567209937 0.0957544906627 0) (-0.330284357215 0.0995659611192 0) (-0.329990315295 0.103379409205 0) (-0.329685061351 0.10719491167 0) (-0.329368571668 0.11101254542 0) (-0.329040821643 0.11483238752 0) (-0.328701785775 0.118654515203 0) (-0.328351437665 0.122479005875 0) (-0.327989750011 0.126305937118 0) (-0.327616694606 0.130135386703 0) (-0.327232242327 0.133967432589 0) (-0.326836363137 0.137802152933 0) (-0.326429026079 0.141639626096 0) (-0.326010199266 0.145479930645 0) (-0.325579849884 0.149323145368 0) (-0.325137944179 0.153169349269 0) (-0.324684447458 0.157018621586 0) (-0.324219324079 0.160871041787 0) (-0.323742537446 0.164726689582 0) (-0.323254050006 0.168585644931 0) (-0.32275382324 0.172447988043 0) (-0.322241817659 0.176313799393 0) (-0.321717992794 0.180183159717 0))
    polyLine 8 12 ((0.00829078620253 0.087073706836 -0.03) (0.00845860651907 0.0879424850785 -0.03) (0.00862809264148 0.0888109398831 -0.03) (0.00879924394641 0.0896790680557 -0.03) (0.00897205980441 0.0905468664036 -0.03) (0.00914653957988 0.0914143317351 -0.03) (0.00932268263111 0.0922814608597 -0.03) (0.00950048831029 0.0931482505884 -0.03) (0.00967995596347 0.0940146977333 -0.03) (0.00986108493059 0.0948807991076 -0.03) (0.0100438745455 0.095746551526 -0.03) (0.0102283241359 0.0966119518045 -0.03) (0.0104144330235 0.0974769967601 -0.03) (0.0106022005237 0.0983416832115 -0.03) (0.0107916259461 0.0992060079784 -0.03) (0.0109827085938 0.100069967882 -0.03) (0.0111754477642 0.100933559745 -0.03) (0.0113698427483 0.101796780391 -0.03) (0.0115658928313 0.102659626645 -0.03) (0.011763597292 0.103522095334 -0.03) (0.0119629554035 0.104384183286 -0.03) (0.0121639664323 0.10524588733 -0.03) (0.0123666296394 0.106107204297 -0.03) (0.0125709442792 0.106968131019 -0.03) (0.0127769096004 0.107828664331 -0.03) (0.0129845248455 0.108688801066 -0.03) (0.0131937892509 0.109548538062 -0.03) (0.0134047020469 0.110407872156 -0.03) (0.0136172624579 0.111266800189 -0.03) (0.0138314697021 0.112125319 -0.03) (0.0140473229916 0.112983425433 -0.03) (0.0142648215326 0.113841116332 -0.03) (0.0144839645252 0.114698388542 -0.03) (0.0147047511634 0.115555238911 -0.03) (0.0149271806352 0.116411664286 -0.03) (0.0151512521225 0.117267661518 -0.03) (0.0153769648012 0.11812322746 -0.03) (0.0156043178413 0.118978358963 -0.03) (0.0158333104064 0.119833052884 -0.03) (0.0160639416545 0.120687306079 -0.03) (0.0162962107373 0.121541115406 -0.03) (0.0165301168005 0.122394477724 -0.03) (0.0167656589839 0.123247389897 -0.03) (0.0170028364213 0.124099848785 -0.03) (0.0172416482402 0.124951851255 -0.03) (0.0174820935624 0.125803394172 -0.03) (0.0177241715036 0.126654474406 -0.03) (0.0179678811735 0.127505088825 -0.03) (0.0182132216757 0.128355234301 -0.03))
    polyLine 10 14 ((0.00829078620253 0.087073706836 0) (0.00845860651907 0.0879424850785 0) (0.00862809264148 0.0888109398831 0) (0.00879924394641 0.0896790680557 0) (0.00897205980441 0.0905468664036 0) (0.00914653957988 0.0914143317351 0) (0.00932268263111 0.0922814608597 0) (0.00950048831029 0.0931482505884 0) (0.00967995596347 0.0940146977333 0) (0.00986108493059 0.0948807991076 0) (0.0100438745455 0.095746551526 0) (0.0102283241359 0.0966119518045 0) (0.0104144330235 0.0974769967601 0) (0.0106022005237 0.0983416832115 0) (0.0107916259461 0.0992060079784 0) (0.0109827085938 0.100069967882 0) (0.0111754477642 0.100933559745 0) (0.0113698427483 0.101796780391 0) (0.0115658928313 0.102659626645 0) (0.011763597292 0.103522095334 0) (0.0119629554035 0.104384183286 0) (0.0121639664323 0.10524588733 0) (0.0123666296394 0.106107204297 0) (0.0125709442792 0.106968131019 0) (0.0127769096004 0.107828664331 0) (0.0129845248455 0.108688801066 0) (0.0131937892509 0.109548538062 0) (0.0134047020469 0.110407872156 0) (0.0136172624579 0.111266800189 0) (0.0138314697021 0.112125319 0) (0.0140473229916 0.112983425433 0) (0.0142648215326 0.113841116332 0) (0.0144839645252 0.114698388542 0) (0.0147047511634 0.115555238911 0) (0.0149271806352 0.116411664286 0) (0.0151512521225 0.117267661518 0) (0.0153769648012 0.11812322746 0) (0.0156043178413 0.118978358963 0) (0.0158333104064 0.119833052884 0) (0.0160639416545 0.120687306079 0) (0.0162962107373 0.121541115406 0) (0.0165301168005 0.122394477724 0) (0.0167656589839 0.123247389897 0) (0.0170028364213 0.124099848785 0) (0.0172416482402 0.124951851255 0) (0.0174820935624 0.125803394172 0) (0.0177241715036 0.126654474406 0) (0.0179678811735 0.127505088825 0) (0.0182132216757 0.128355234301 0))
    polyLine 9 13 ((-0.320645042996 0.187860496615 -0.03) (-0.320096274547 0.191668494398 -0.03) (-0.31953595987 0.195480220747 -0.03) (-0.318964056049 0.199295753308 -0.03) (-0.318380519222 0.203115170011 -0.03) (-0.317785304578 0.20693854908 -0.03) (-0.317178366345 0.210765969032 -0.03) (-0.316559657785 0.214597508692 -0.03) (-0.315929131186 0.218433247191 -0.03) (-0.315286737855 0.22227326398 -0.03) (-0.31463242811 0.226117638831 -0.03) (-0.313966151274 0.229966451847 -0.03) (-0.313287855661 0.233819783468 -0.03) (-0.312597488575 0.237677714474 -0.03) (-0.311894996298 0.241540325999 -0.03) (-0.31118032408 0.245407699532 -0.03) (-0.310453416133 0.249279916925 -0.03) (-0.309714215621 0.253157060402 -0.03) (-0.30896266465 0.257039212565 -0.03) (-0.308198704259 0.260926456399 -0.03) (-0.307422274413 0.264818875284 -0.03) (-0.306633313987 0.268716552997 -0.03) (-0.305831760763 0.272619573723 -0.03))
    polyLine 11 15 ((-0.320645042996 0.187860496615 0) (-0.320096274547 0.191668494398 0) (-0.31953595987 0.195480220747 0) (-0.318964056049 0.199295753308 0) (-0.318380519222 0.203115170011 0) (-0.317785304578 0.20693854908 0) (-0.317178366345 0.210765969032 0) (-0.316559657785 0.214597508692 0) (-0.315929131186 0.218433247191 0) (-0.315286737855 0.22227326398 0) (-0.31463242811 0.226117638831 0) (-0.313966151274 0.229966451847 0) (-0.313287855661 0.233819783468 0) (-0.312597488575 0.237677714474 0) (-0.311894996298 0.241540325999 0) (-0.31118032408 0.245407699532 0) (-0.310453416133 0.249279916925 0) (-0.309714215621 0.253157060402 0) (-0.30896266465 0.257039212565 0) (-0.308198704259 0.260926456399 0) (-0.307422274413 0.264818875284 0) (-0.306633313987 0.268716552997 0) (-0.305831760763 0.272619573723 0))
    polyLine 12 16 ((0.0184601921079 0.129204907709 -0.03) (0.0187087915618 0.130054105922 -0.03) (0.018959019123 0.130902825817 -0.03) (0.0192108738714 0.131751064274 -0.03) (0.0194643548806 0.132598818171 -0.03) (0.0197194612183 0.133446084393 -0.03) (0.0199761919463 0.134292859821 -0.03) (0.0202345461205 0.135139141343 -0.03) (0.0204945227905 0.135984925845 -0.03) (0.0207561210003 0.136830210218 -0.03) (0.0210193397877 0.137674991351 -0.03) (0.0212841781847 0.138519266139 -0.03) (0.0215506352173 0.139363031475 -0.03) (0.0218187099054 0.140206284257 -0.03) (0.0220884012631 0.141049021384 -0.03) (0.0223597082986 0.141891239756 -0.03) (0.0226326300139 0.142732936275 -0.03) (0.0229071654055 0.143574107847 -0.03) (0.0231833134634 0.144414751376 -0.03) (0.0234610731723 0.145254863772 -0.03) (0.0237404435104 0.146094441944 -0.03) (0.0240214234503 0.146933482805 -0.03) (0.0243040119586 0.147771983269 -0.03) (0.0245882079959 0.148609940252 -0.03) (0.0248740105172 0.149447350673 -0.03) (0.0251614184712 0.150284211451 -0.03) (0.0254504308008 0.151120519508 -0.03) (0.0257410464433 0.151956271769 -0.03) (0.0260332643296 0.15279146516 -0.03) (0.0263270833851 0.153626096609 -0.03) (0.0266225025292 0.154460163047 -0.03) (0.0269195206753 0.155293661406 -0.03) (0.0272181367312 0.15612658862 -0.03) (0.0275183495984 0.156958941627 -0.03) (0.0278201581729 0.157790717364 -0.03) (0.0281235613447 0.158621912774 -0.03) (0.028428557998 0.159452524798 -0.03) (0.0287351470109 0.160282550382 -0.03) (0.0290433272559 0.161111986474 -0.03) (0.0293530975996 0.161940830022 -0.03) (0.0296644569027 0.162769077979 -0.03) (0.02997740402 0.163596727298 -0.03) (0.0302919378007 0.164423774935 -0.03) (0.0306080570878 0.165250217848 -0.03) (0.0309257607188 0.166076052999 -0.03) (0.0312450475251 0.16690127735 -0.03) (0.0315659163326 0.167725887865 -0.03) (0.0318883659611 0.168549881512 -0.03) (0.0322123952246 0.16937325526 -0.03))
    polyLine 14 18 ((0.0184601921079 0.129204907709 0) (0.0187087915618 0.130054105922 0) (0.018959019123 0.130902825817 0) (0.0192108738714 0.131751064274 0) (0.0194643548806 0.132598818171 0) (0.0197194612183 0.133446084393 0) (0.0199761919463 0.134292859821 0) (0.0202345461205 0.135139141343 0) (0.0204945227905 0.135984925845 0) (0.0207561210003 0.136830210218 0) (0.0210193397877 0.137674991351 0) (0.0212841781847 0.138519266139 0) (0.0215506352173 0.139363031475 0) (0.0218187099054 0.140206284257 0) (0.0220884012631 0.141049021384 0) (0.0223597082986 0.141891239756 0) (0.0226326300139 0.142732936275 0) (0.0229071654055 0.143574107847 0) (0.0231833134634 0.144414751376 0) (0.0234610731723 0.145254863772 0) (0.0237404435104 0.146094441944 0) (0.0240214234503 0.146933482805 0) (0.0243040119586 0.147771983269 0) (0.0245882079959 0.148609940252 0) (0.0248740105172 0.149447350673 0) (0.0251614184712 0.150284211451 0) (0.0254504308008 0.151120519508 0) (0.0257410464433 0.151956271769 0) (0.0260332643296 0.15279146516 0) (0.0263270833851 0.153626096609 0) (0.0266225025292 0.154460163047 0) (0.0269195206753 0.155293661406 0) (0.0272181367312 0.15612658862 0) (0.0275183495984 0.156958941627 0) (0.0278201581729 0.157790717364 0) (0.0281235613447 0.158621912774 0) (0.028428557998 0.159452524798 0) (0.0287351470109 0.160282550382 0) (0.0290433272559 0.161111986474 0) (0.0293530975996 0.161940830022 0) (0.0296644569027 0.162769077979 0) (0.02997740402 0.163596727298 0) (0.0302919378007 0.164423774935 0) (0.0306080570878 0.165250217848 0) (0.0309257607188 0.166076052999 0) (0.0312450475251 0.16690127735 0) (0.0315659163326 0.167725887865 0) (0.0318883659611 0.168549881512 0) (0.0322123952246 0.16937325526 0))
    polyLine 13 17 ((-0.304212639661 0.280338473915 -0.03) (-0.30339561032 0.284154229723 -0.03) (-0.30256640188 0.287975368723 -0.03) (-0.301724951793 0.291801970551 -0.03) (-0.300871196469 0.295634115252 -0.03) (-0.300005071268 0.299471883281 -0.03) (-0.299126510487 0.303315355514 -0.03) (-0.298235447351 0.307164613253 -0.03) (-0.297331814002 0.311019738235 -0.03) (-0.296415541487 0.314880812635 -0.03) (-0.295486559749 0.318747919078 -0.03) (-0.294544797616 0.322621140646 -0.03) (-0.293590182785 0.326500560881 -0.03) (-0.292622641818 0.330386263796 -0.03) (-0.291642100122 0.334278333883 -0.03) (-0.290648481944 0.33817685612 -0.03) (-0.289641710353 0.342081915976 -0.03) (-0.288621707231 0.345993599423 -0.03) (-0.287588393259 0.349911992941 -0.03) (-0.286541687904 0.35383718353 -0.03) (-0.285481509405 0.357769258712 -0.03) (-0.284407774762 0.361708306543 -0.03) (-0.283320399719 0.365654415622 -0.03))
    polyLine 15 19 ((-0.304212639661 0.280338473915 0) (-0.30339561032 0.284154229723 0) (-0.30256640188 0.287975368723 0) (-0.301724951793 0.291801970551 0) (-0.300871196469 0.295634115252 0) (-0.300005071268 0.299471883281 0) (-0.299126510487 0.303315355514 0) (-0.298235447351 0.307164613253 0) (-0.297331814002 0.311019738235 0) (-0.296415541487 0.314880812635 0) (-0.295486559749 0.318747919078 0) (-0.294544797616 0.322621140646 0) (-0.293590182785 0.326500560881 0) (-0.292622641818 0.330386263796 0) (-0.291642100122 0.334278333883 0) (-0.290648481944 0.33817685612 0) (-0.289641710353 0.342081915976 0) (-0.288621707231 0.345993599423 0) (-0.287588393259 0.349911992941 0) (-0.286541687904 0.35383718353 0) (-0.285481509405 0.357769258712 0) (-0.284407774762 0.361708306543 0) (-0.283320399719 0.365654415622 0))
    polyLine 16 20 ((0.0325380029316 0.170196006082 -0.03) (0.0328651878843 0.171018130951 -0.03) (0.0331939488796 0.171839626843 -0.03) (0.0335242847082 0.172660490738 -0.03) (0.0338561941553 0.173480719616 -0.03) (0.0341896760001 0.174300310461 -0.03) (0.0345247290162 0.175119260258 -0.03) (0.0348613519712 0.175937565995 -0.03) (0.0351995436272 0.176755224663 -0.03) (0.0355393027403 0.177572233254 -0.03) (0.035880628061 0.178388588764 -0.03) (0.0362235183338 0.17920428819 -0.03) (0.0365679722978 0.180019328533 -0.03) (0.0369139886861 0.180833706794 -0.03) (0.037261566226 0.181647419979 -0.03) (0.0376107036393 0.182460465095 -0.03) (0.0379613996418 0.183272839151 -0.03) (0.0383136529439 0.18408453916 -0.03) (0.0386674622498 0.184895562136 -0.03) (0.0390228262585 0.185705905097 -0.03) (0.0393797436629 0.186515565063 -0.03) (0.0397382131503 0.187324539055 -0.03) (0.0400982334024 0.188132824098 -0.03) (0.040459803095 0.18894041722 -0.03) (0.0408229208984 0.189747315451 -0.03) (0.041187585477 0.190553515822 -0.03) (0.0415537954898 0.191359015369 -0.03) (0.0419215495898 0.192163811129 -0.03) (0.0422908464245 0.192967900142 -0.03) (0.0426616846357 0.193771279451 -0.03) (0.0430340628594 0.194573946102 -0.03) (0.0434079797263 0.195375897141 -0.03) (0.043783433861 0.196177129621 -0.03) (0.0441604238826 0.196977640593 -0.03) (0.0445389484048 0.197777427114 -0.03) (0.0449190060353 0.198576486243 -0.03) (0.0453005953764 0.19937481504 -0.03) (0.0456837150246 0.200172410569 -0.03) (0.0460683635708 0.200969269897 -0.03) (0.0464545396005 0.201765390094 -0.03) (0.0468422416932 0.202560768231 -0.03) (0.0472314684232 0.203355401383 -0.03) (0.0476222183589 0.204149286627 -0.03) (0.0480144900631 0.204942421044 -0.03) (0.0484082820933 0.205734801717 -0.03) (0.0488035930009 0.206526425731 -0.03) (0.0492004213323 0.207317290175 -0.03) (0.0495987656279 0.20810739214 -0.03) (0.0499986244226 0.208896728721 -0.03))
    polyLine 18 22 ((0.0325380029316 0.170196006082 0) (0.0328651878843 0.171018130951 0) (0.0331939488796 0.171839626843 0) (0.0335242847082 0.172660490738 0) (0.0338561941553 0.173480719616 0) (0.0341896760001 0.174300310461 0) (0.0345247290162 0.175119260258 0) (0.0348613519712 0.175937565995 0) (0.0351995436272 0.176755224663 0) (0.0355393027403 0.177572233254 0) (0.035880628061 0.178388588764 0) (0.0362235183338 0.17920428819 0) (0.0365679722978 0.180019328533 0) (0.0369139886861 0.180833706794 0) (0.037261566226 0.181647419979 0) (0.0376107036393 0.182460465095 0) (0.0379613996418 0.183272839151 0) (0.0383136529439 0.18408453916 0) (0.0386674622498 0.184895562136 0) (0.0390228262585 0.185705905097 0) (0.0393797436629 0.186515565063 0) (0.0397382131503 0.187324539055 0) (0.0400982334024 0.188132824098 0) (0.040459803095 0.18894041722 0) (0.0408229208984 0.189747315451 0) (0.041187585477 0.190553515822 0) (0.0415537954898 0.191359015369 0) (0.0419215495898 0.192163811129 0) (0.0422908464245 0.192967900142 0) (0.0426616846357 0.193771279451 0) (0.0430340628594 0.194573946102 0) (0.0434079797263 0.195375897141 0) (0.043783433861 0.196177129621 0) (0.0441604238826 0.196977640593 0) (0.0445389484048 0.197777427114 0) (0.0449190060353 0.198576486243 0) (0.0453005953764 0.19937481504 0) (0.0456837150246 0.200172410569 0) (0.0460683635708 0.200969269897 0) (0.0464545396005 0.201765390094 0) (0.0468422416932 0.202560768231 0) (0.0472314684232 0.203355401383 0) (0.0476222183589 0.204149286627 0) (0.0480144900631 0.204942421044 0) (0.0484082820933 0.205734801717 0) (0.0488035930009 0.206526425731 0) (0.0492004213323 0.207317290175 0) (0.0495987656279 0.20810739214 0) (0.0499986244226 0.208896728721 0))
    polyLine 17 21 ((-0.281141047044 0.373438604105 -0.03) (-0.280049791111 0.377276389341 -0.03) (-0.27894545008 0.381121113009 -0.03) (-0.277827941916 0.384972857826 -0.03) (-0.276697183412 0.388831707027 -0.03) (-0.275553090171 0.392697744373 -0.03) (-0.274395576597 0.396571054161 -0.03) (-0.27322455588 0.400451721229 -0.03) (-0.272039939979 0.404339830968 -0.03) (-0.270841639613 0.408235469324 -0.03) (-0.269629564244 0.412138722811 -0.03) (-0.268403622061 0.416049678519 -0.03) (-0.267163719967 0.419968424119 -0.03) (-0.265909763564 0.423895047874 -0.03) (-0.264641657136 0.427829638649 -0.03) (-0.263359303634 0.431772285916 -0.03) (-0.262062604661 0.435723079763 -0.03) (-0.260751460454 0.439682110909 -0.03) (-0.259425769868 0.443649470705 -0.03) (-0.258085430361 0.447625251146 -0.03) (-0.256730337975 0.451609544884 -0.03) (-0.255360387316 0.455602445232 -0.03) (-0.253975471543 0.459604046175 -0.03))
    polyLine 19 23 ((-0.281141047044 0.373438604105 0) (-0.280049791111 0.377276389341 0) (-0.27894545008 0.381121113009 0) (-0.277827941916 0.384972857826 0) (-0.276697183412 0.388831707027 0) (-0.275553090171 0.392697744373 0) (-0.274395576597 0.396571054161 0) (-0.27322455588 0.400451721229 0) (-0.272039939979 0.404339830968 0) (-0.270841639613 0.408235469324 0) (-0.269629564244 0.412138722811 0) (-0.268403622061 0.416049678519 0) (-0.267163719967 0.419968424119 0) (-0.265909763564 0.423895047874 0) (-0.264641657136 0.427829638649 0) (-0.263359303634 0.431772285916 0) (-0.262062604661 0.435723079763 0) (-0.260751460454 0.439682110909 0) (-0.259425769868 0.443649470705 0) (-0.258085430361 0.447625251146 0) (-0.256730337975 0.451609544884 0) (-0.255360387316 0.455602445232 0) (-0.253975471543 0.459604046175 0))
    polyLine 20 24 ((0.0503999962459 0.209685297014 -0.03) (0.0508029906984 0.210475178772 -0.03) (0.051205985151 0.21126506053 -0.03) (0.0516089796035 0.212054942288 -0.03) (0.052011974056 0.212844824047 -0.03) (0.0524149685085 0.213634705805 -0.03) (0.052817962961 0.214424587563 -0.03) (0.0532209574135 0.215214469321 -0.03) (0.0536239518661 0.21600435108 -0.03) (0.0540269463186 0.216794232838 -0.03) (0.0544299407711 0.217584114596 -0.03) (0.0548329352236 0.218373996354 -0.03) (0.0552359296761 0.219163878113 -0.03) (0.0556389241286 0.219953759871 -0.03) (0.0560419185812 0.220743641629 -0.03) (0.0564449130337 0.221533523387 -0.03) (0.0568479074862 0.222323405145 -0.03) (0.0572509019387 0.223113286904 -0.03) (0.0576538963912 0.223903168662 -0.03) (0.0580568908437 0.22469305042 -0.03) (0.0584598852962 0.225482932178 -0.03) (0.0588628797488 0.226272813937 -0.03) (0.0592658742013 0.227062695695 -0.03) (0.0596688686538 0.227852577453 -0.03) (0.0600718631063 0.228642459211 -0.03) (0.0604748575588 0.22943234097 -0.03) (0.0608778520113 0.230222222728 -0.03) (0.0612808464639 0.231012104486 -0.03) (0.0616838409164 0.231801986244 -0.03) (0.0620868353689 0.232591868003 -0.03) (0.0624898298214 0.233381749761 -0.03) (0.0628928242739 0.234171631519 -0.03) (0.0632958187264 0.234961513277 -0.03) (0.063698813179 0.235751395035 -0.03) (0.0641018076315 0.236541276794 -0.03) (0.064504802084 0.237331158552 -0.03) (0.0649077965365 0.23812104031 -0.03) (0.065310790989 0.238910922068 -0.03) (0.0657137854415 0.239700803827 -0.03) (0.0661167798941 0.240490685585 -0.03) (0.0665197743466 0.241280567343 -0.03) (0.0669227687991 0.242070449101 -0.03) (0.0673257632516 0.24286033086 -0.03) (0.0677287577041 0.243650212618 -0.03) (0.0681317521566 0.244440094376 -0.03) (0.0685347466092 0.245229976134 -0.03) (0.0689377410617 0.246019857893 -0.03) (0.0693407355142 0.246809739651 -0.03) (0.0697437299667 0.247599621409 -0.03))
    polyLine 22 26 ((0.0503999962459 0.209685297014 0) (0.0508029906984 0.210475178772 0) (0.051205985151 0.21126506053 0) (0.0516089796035 0.212054942288 0) (0.052011974056 0.212844824047 0) (0.0524149685085 0.213634705805 0) (0.052817962961 0.214424587563 0) (0.0532209574135 0.215214469321 0) (0.0536239518661 0.21600435108 0) (0.0540269463186 0.216794232838 0) (0.0544299407711 0.217584114596 0) (0.0548329352236 0.218373996354 0) (0.0552359296761 0.219163878113 0) (0.0556389241286 0.219953759871 0) (0.0560419185812 0.220743641629 0) (0.0564449130337 0.221533523387 0) (0.0568479074862 0.222323405145 0) (0.0572509019387 0.223113286904 0) (0.0576538963912 0.223903168662 0) (0.0580568908437 0.22469305042 0) (0.0584598852962 0.225482932178 0) (0.0588628797488 0.226272813937 0) (0.0592658742013 0.227062695695 0) (0.0596688686538 0.227852577453 0) (0.0600718631063 0.228642459211 0) (0.0604748575588 0.22943234097 0) (0.0608778520113 0.230222222728 0) (0.0612808464639 0.231012104486 0) (0.0616838409164 0.231801986244 0) (0.0620868353689 0.232591868003 0) (0.0624898298214 0.233381749761 0) (0.0628928242739 0.234171631519 0) (0.0632958187264 0.234961513277 0) (0.063698813179 0.235751395035 0) (0.0641018076315 0.236541276794 0) (0.064504802084 0.237331158552 0) (0.0649077965365 0.23812104031 0) (0.065310790989 0.238910922068 0) (0.0657137854415 0.239700803827 0) (0.0661167798941 0.240490685585 0) (0.0665197743466 0.241280567343 0) (0.0669227687991 0.242070449101 0) (0.0673257632516 0.24286033086 0) (0.0677287577041 0.243650212618 0) (0.0681317521566 0.244440094376 0) (0.0685347466092 0.245229976134 0) (0.0689377410617 0.246019857893 0) (0.0693407355142 0.246809739651 0) (0.0697437299667 0.247599621409 0))
    polyLine 21 25 ((-0.251233860429 0.467425678279 -0.03) (-0.249878490026 0.471244991027 -0.03) (-0.248509275018 0.475072463103 -0.03) (-0.247126118043 0.478908177567 -0.03) (-0.245728920476 0.48275221807 -0.03) (-0.244317582414 0.486604668864 -0.03) (-0.24289200266 0.490465614805 -0.03) (-0.241452078709 0.494335141366 -0.03) (-0.239997706729 0.498213334643 -0.03) (-0.238528781549 0.502100281363 -0.03) (-0.237045196637 0.505996068895 -0.03) (-0.235546844086 0.509900785256 -0.03) (-0.234033614598 0.51381451912 -0.03) (-0.232505397463 0.51773735983 -0.03) (-0.230962080544 0.521669397403 -0.03) (-0.229403550258 0.52561072254 -0.03) (-0.227829691558 0.529561426637 -0.03) (-0.226240387913 0.533521601793 -0.03) (-0.224635521289 0.53749134082 -0.03) (-0.223014972132 0.541470737253 -0.03) (-0.221378619346 0.545459885357 -0.03) (-0.219726340273 0.549458880141 -0.03) (-0.218058010674 0.553467817365 -0.03))
    polyLine 23 27 ((-0.251233860429 0.467425678279 0) (-0.249878490026 0.471244991027 0) (-0.248509275018 0.475072463103 0) (-0.247126118043 0.478908177567 0) (-0.245728920476 0.48275221807 0) (-0.244317582414 0.486604668864 0) (-0.24289200266 0.490465614805 0) (-0.241452078709 0.494335141366 0) (-0.239997706729 0.498213334643 0) (-0.238528781549 0.502100281363 0) (-0.237045196637 0.505996068895 0) (-0.235546844086 0.509900785256 0) (-0.234033614598 0.51381451912 0) (-0.232505397463 0.51773735983 0) (-0.230962080544 0.521669397403 0) (-0.229403550258 0.52561072254 0) (-0.227829691558 0.529561426637 0) (-0.226240387913 0.533521601793 0) (-0.224635521289 0.53749134082 0) (-0.223014972132 0.541470737253 0) (-0.221378619346 0.545459885357 0) (-0.219726340273 0.549458880141 0) (-0.218058010674 0.553467817365 0))
    polyLine 24 28 ((0.0701467244192 0.248389503167 -0.03) (0.0705497188717 0.249179384926 -0.03) (0.0709527133242 0.249969266684 -0.03) (0.0713557077768 0.250759148442 -0.03) (0.0717587022293 0.2515490302 -0.03) (0.0721616966818 0.252338911958 -0.03) (0.0725646911343 0.253128793717 -0.03) (0.0729676855868 0.253918675475 -0.03) (0.0733706800393 0.254708557233 -0.03) (0.0737736744919 0.255498438991 -0.03) (0.0741766689444 0.25628832075 -0.03) (0.0745796633969 0.257078202508 -0.03) (0.0749826578494 0.257868084266 -0.03) (0.0753856523019 0.258657966024 -0.03) (0.0757886467544 0.259447847783 -0.03) (0.076191641207 0.260237729541 -0.03) (0.0765946356595 0.261027611299 -0.03) (0.076997630112 0.261817493057 -0.03) (0.0774006245645 0.262607374816 -0.03) (0.077803619017 0.263397256574 -0.03) (0.0782066134695 0.264187138332 -0.03) (0.0786096079221 0.26497702009 -0.03) (0.0790126023746 0.265766901849 -0.03) (0.0794155968271 0.266556783607 -0.03) (0.0798185912796 0.267346665365 -0.03) (0.0802215857321 0.268136547123 -0.03) (0.0806245801846 0.268926428881 -0.03) (0.0810275746372 0.26971631064 -0.03) (0.0814305690897 0.270506192398 -0.03) (0.0818335635422 0.271296074156 -0.03) (0.0822365579947 0.272085955914 -0.03) (0.0826395524472 0.272875837673 -0.03) (0.0830425468997 0.273665719431 -0.03) (0.0834455413523 0.274455601189 -0.03) (0.0838485358048 0.275245482947 -0.03) (0.0842515302573 0.276035364706 -0.03) (0.0846545247098 0.276825246464 -0.03) (0.0850575191623 0.277615128222 -0.03) (0.0854605136148 0.27840500998 -0.03) (0.0858635080673 0.279194891739 -0.03) (0.0862665025199 0.279984773497 -0.03) (0.0866694969724 0.280774655255 -0.03) (0.0870724914249 0.281564537013 -0.03) (0.0874754858774 0.282354418771 -0.03) (0.0878784803299 0.28314430053 -0.03) (0.0882814747824 0.283934182288 -0.03) (0.088684469235 0.284724064046 -0.03) (0.0890874636875 0.285513945804 -0.03) (0.08949045814 0.286303827563 -0.03))
    polyLine 26 30 ((0.0701467244192 0.248389503167 0) (0.0705497188717 0.249179384926 0) (0.0709527133242 0.249969266684 0) (0.0713557077768 0.250759148442 0) (0.0717587022293 0.2515490302 0) (0.0721616966818 0.252338911958 0) (0.0725646911343 0.253128793717 0) (0.0729676855868 0.253918675475 0) (0.0733706800393 0.254708557233 0) (0.0737736744919 0.255498438991 0) (0.0741766689444 0.25628832075 0) (0.0745796633969 0.257078202508 0) (0.0749826578494 0.257868084266 0) (0.0753856523019 0.258657966024 0) (0.0757886467544 0.259447847783 0) (0.076191641207 0.260237729541 0) (0.0765946356595 0.261027611299 0) (0.076997630112 0.261817493057 0) (0.0774006245645 0.262607374816 0) (0.077803619017 0.263397256574 0) (0.0782066134695 0.264187138332 0) (0.0786096079221 0.26497702009 0) (0.0790126023746 0.265766901849 0) (0.0794155968271 0.266556783607 0) (0.0798185912796 0.267346665365 0) (0.0802215857321 0.268136547123 0) (0.0806245801846 0.268926428881 0) (0.0810275746372 0.26971631064 0) (0.0814305690897 0.270506192398 0) (0.0818335635422 0.271296074156 0) (0.0822365579947 0.272085955914 0) (0.0826395524472 0.272875837673 0) (0.0830425468997 0.273665719431 0) (0.0834455413523 0.274455601189 0) (0.0838485358048 0.275245482947 0) (0.0842515302573 0.276035364706 0) (0.0846545247098 0.276825246464 0) (0.0850575191623 0.277615128222 0) (0.0854605136148 0.27840500998 0) (0.0858635080673 0.279194891739 0) (0.0862665025199 0.279984773497 0) (0.0866694969724 0.280774655255 0) (0.0870724914249 0.281564537013 0) (0.0874754858774 0.282354418771 0) (0.0878784803299 0.28314430053 0) (0.0882814747824 0.283934182288 0) (0.088684469235 0.284724064046 0) (0.0890874636875 0.285513945804 0) (0.08949045814 0.286303827563 0))
    polyLine 25 29 ((-0.21481620832 0.561177032793 -0.03) (-0.21324513321 0.564875852101 -0.03) (-0.211660179031 0.56858332739 -0.03) (-0.21006124425 0.572299535133 -0.03) (-0.208448226135 0.576024552379 -0.03) (-0.206821020735 0.579758456753 -0.03) (-0.205179522871 0.58350132647 -0.03) (-0.203523626118 0.587253240334 -0.03) (-0.201853222788 0.591014277753 -0.03) (-0.200168203918 0.594784518743 -0.03) (-0.198468459252 0.598564043935 -0.03) (-0.196753877224 0.602352934584 -0.03) (-0.195024344943 0.606151272577 -0.03) (-0.193279748177 0.60995914044 -0.03) (-0.191519971333 0.613776621346 -0.03) (-0.189744897443 0.617603799124 -0.03) (-0.187954408146 0.621440758266 -0.03) (-0.186148383666 0.625287583937 -0.03) (-0.184326702801 0.629144361982 -0.03) (-0.1824892429 0.633011178934 -0.03) (-0.180635879843 0.636888122026 -0.03) (-0.178766488027 0.640775279195 -0.03) (-0.176880940343 0.644672739094 -0.03))
    polyLine 27 31 ((-0.21481620832 0.561177032793 0) (-0.21324513321 0.564875852101 0) (-0.211660179031 0.56858332739 0) (-0.21006124425 0.572299535133 0) (-0.208448226135 0.576024552379 0) (-0.206821020735 0.579758456753 0) (-0.205179522871 0.58350132647 0) (-0.203523626118 0.587253240334 0) (-0.201853222788 0.591014277753 0) (-0.200168203918 0.594784518743 0) (-0.198468459252 0.598564043935 0) (-0.196753877224 0.602352934584 0) (-0.195024344943 0.606151272577 0) (-0.193279748177 0.60995914044 0) (-0.191519971333 0.613776621346 0) (-0.189744897443 0.617603799124 0) (-0.187954408146 0.621440758266 0) (-0.186148383666 0.625287583937 0) (-0.184326702801 0.629144361982 0) (-0.1824892429 0.633011178934 0) (-0.180635879843 0.636888122026 0) (-0.178766488027 0.640775279195 0) (-0.176880940343 0.644672739094 0))
    polyLine 28 32 ((0.0898934525925 0.287093709321 -0.03) (0.090296447045 0.287883591079 -0.03) (0.0906994414975 0.288673472837 -0.03) (0.0911024359501 0.289463354596 -0.03) (0.0915054304026 0.290253236354 -0.03) (0.0919084248551 0.291043118112 -0.03) (0.0923114193076 0.29183299987 -0.03) (0.0927144137601 0.292622881629 -0.03) (0.0931174082126 0.293412763387 -0.03) (0.0935204026652 0.294202645145 -0.03) (0.0939233971177 0.294992526903 -0.03) (0.0943263915702 0.295782408662 -0.03) (0.0947293860227 0.29657229042 -0.03) (0.0951323804752 0.297362172178 -0.03) (0.0955353749277 0.298152053936 -0.03) (0.0959383693803 0.298941935694 -0.03) (0.0963413638328 0.299731817453 -0.03) (0.0967443582853 0.300521699211 -0.03) (0.0971473527378 0.301311580969 -0.03) (0.0975503471903 0.302101462727 -0.03) (0.0979533416428 0.302891344486 -0.03) (0.0983563360953 0.303681226244 -0.03) (0.0987593305479 0.304471108002 -0.03) (0.0991623250004 0.30526098976 -0.03) (0.0995653194529 0.306050871519 -0.03) (0.0999683139054 0.306840753277 -0.03) (0.100371308358 0.307630635035 -0.03) (0.10077430281 0.308420516793 -0.03) (0.101177297263 0.309210398552 -0.03) (0.101580291715 0.31000028031 -0.03) (0.101983286168 0.310790162068 -0.03) (0.102386280621 0.311580043826 -0.03) (0.102789275073 0.312369925584 -0.03) (0.103192269526 0.313159807343 -0.03) (0.103595263978 0.313949689101 -0.03) (0.103998258431 0.314739570859 -0.03) (0.104401252883 0.315529452617 -0.03) (0.104804247336 0.316319334376 -0.03) (0.105207241788 0.317109216134 -0.03) (0.105610236241 0.317899097892 -0.03) (0.106013230693 0.31868897965 -0.03) (0.106416225146 0.319478861409 -0.03) (0.106819219598 0.320268743167 -0.03) (0.107222214051 0.321058624925 -0.03) (0.107625208503 0.321848506683 -0.03) (0.108028202956 0.322638388442 -0.03) (0.108431197408 0.3234282702 -0.03) (0.108834191861 0.324218151958 -0.03) (0.109237186313 0.325008033716 -0.03) (0.109640180766 0.325797915475 -0.03))
    polyLine 30 34 ((0.0898934525925 0.287093709321 0) (0.090296447045 0.287883591079 0) (0.0906994414975 0.288673472837 0) (0.0911024359501 0.289463354596 0) (0.0915054304026 0.290253236354 0) (0.0919084248551 0.291043118112 0) (0.0923114193076 0.29183299987 0) (0.0927144137601 0.292622881629 0) (0.0931174082126 0.293412763387 0) (0.0935204026652 0.294202645145 0) (0.0939233971177 0.294992526903 0) (0.0943263915702 0.295782408662 0) (0.0947293860227 0.29657229042 0) (0.0951323804752 0.297362172178 0) (0.0955353749277 0.298152053936 0) (0.0959383693803 0.298941935694 0) (0.0963413638328 0.299731817453 0) (0.0967443582853 0.300521699211 0) (0.0971473527378 0.301311580969 0) (0.0975503471903 0.302101462727 0) (0.0979533416428 0.302891344486 0) (0.0983563360953 0.303681226244 0) (0.0987593305479 0.304471108002 0) (0.0991623250004 0.30526098976 0) (0.0995653194529 0.306050871519 0) (0.0999683139054 0.306840753277 0) (0.100371308358 0.307630635035 0) (0.10077430281 0.308420516793 0) (0.101177297263 0.309210398552 0) (0.101580291715 0.31000028031 0) (0.101983286168 0.310790162068 0) (0.102386280621 0.311580043826 0) (0.102789275073 0.312369925584 0) (0.103192269526 0.313159807343 0) (0.103595263978 0.313949689101 0) (0.103998258431 0.314739570859 0) (0.104401252883 0.315529452617 0) (0.104804247336 0.316319334376 0) (0.105207241788 0.317109216134 0) (0.105610236241 0.317899097892 0) (0.106013230693 0.31868897965 0) (0.106416225146 0.319478861409 0) (0.106819219598 0.320268743167 0) (0.107222214051 0.321058624925 0) (0.107625208503 0.321848506683 0) (0.108028202956 0.322638388442 0) (0.108431197408 0.3234282702 0) (0.108834191861 0.324218151958 0) (0.109237186313 0.325008033716 0) (0.109640180766 0.325797915475 0))
    polyLine 29 33 ((-0.173260165862 0.652092887488 -0.03) (-0.171527936053 0.655613673981 -0.03) (-0.169782322842 0.659143016503 -0.03) (-0.168023229306 0.662680981464 -0.03) (-0.166250557476 0.666227635774 -0.03) (-0.164464208323 0.669783046841 -0.03) (-0.162664081746 0.673347282584 -0.03) (-0.160850076559 0.676920411434 -0.03) (-0.15902209048 0.680502502343 -0.03) (-0.157180020113 0.684093624786 -0.03) (-0.155323760941 0.687693848773 -0.03) (-0.153453207306 0.691303244849 -0.03) (-0.1515682524 0.694921884104 -0.03) (-0.14966878825 0.698549838179 -0.03) (-0.147754705701 0.70218717927 -0.03) (-0.145825894407 0.705833980137 -0.03) (-0.143882242809 0.709490314108 -0.03) (-0.141923638129 0.71315625509 -0.03) (-0.139949966346 0.71683187757 -0.03) (-0.137961112187 0.720517256626 -0.03) (-0.135956959109 0.724212467933 -0.03) (-0.133937389286 0.727917587767 -0.03) (-0.131902283586 0.731632693018 -0.03))
    polyLine 31 35 ((-0.173260165862 0.652092887488 0) (-0.171527936053 0.655613673981 0) (-0.169782322842 0.659143016503 0) (-0.168023229306 0.662680981464 0) (-0.166250557476 0.666227635774 0) (-0.164464208323 0.669783046841 0) (-0.162664081746 0.673347282584 0) (-0.160850076559 0.676920411434 0) (-0.15902209048 0.680502502343 0) (-0.157180020113 0.684093624786 0) (-0.155323760941 0.687693848773 0) (-0.153453207306 0.691303244849 0) (-0.1515682524 0.694921884104 0) (-0.14966878825 0.698549838179 0) (-0.147754705701 0.70218717927 0) (-0.145825894407 0.705833980137 0) (-0.143882242809 0.709490314108 0) (-0.141923638129 0.71315625509 0) (-0.139949966346 0.71683187757 0) (-0.137961112187 0.720517256626 0) (-0.135956959109 0.724212467933 0) (-0.133937389286 0.727917587767 0) (-0.131902283586 0.731632693018 0))
    polyLine 32 36 ((0.110043175218 0.326587797233 -0.03) (0.110446169671 0.327377678991 -0.03) (0.110849164123 0.328167560749 -0.03) (0.111252158576 0.328957442507 -0.03) (0.111655153028 0.329747324266 -0.03) (0.112058147481 0.330537206024 -0.03) (0.112461141933 0.331327087782 -0.03) (0.112864136386 0.33211696954 -0.03) (0.113267130838 0.332906851299 -0.03) (0.113670125291 0.333696733057 -0.03) (0.114073119743 0.334486614815 -0.03) (0.114476114196 0.335276496573 -0.03) (0.114879108649 0.336066378332 -0.03) (0.115282103101 0.33685626009 -0.03) (0.115685097554 0.337646141848 -0.03) (0.116088092006 0.338436023606 -0.03) (0.116491086459 0.339225905365 -0.03) (0.116894080911 0.340015787123 -0.03) (0.117297075364 0.340805668881 -0.03) (0.117700069816 0.341595550639 -0.03) (0.118103064269 0.342385432398 -0.03) (0.118506058721 0.343175314156 -0.03) (0.118909053174 0.343965195914 -0.03) (0.119312047626 0.344755077672 -0.03) (0.119715042079 0.34554495943 -0.03) (0.120118036531 0.346334841189 -0.03) (0.120521030984 0.347124722947 -0.03) (0.120924025436 0.347914604705 -0.03) (0.121327019889 0.348704486463 -0.03) (0.121730014341 0.349494368222 -0.03) (0.122133008794 0.35028424998 -0.03) (0.122536003246 0.351074131738 -0.03) (0.122938997699 0.351864013496 -0.03) (0.123341992151 0.352653895255 -0.03) (0.123744986604 0.353443777013 -0.03) (0.124147981056 0.354233658771 -0.03) (0.124550975509 0.355023540529 -0.03) (0.124953969961 0.355813422288 -0.03) (0.125356964414 0.356603304046 -0.03) (0.125759958866 0.357393185804 -0.03) (0.126162953319 0.358183067562 -0.03) (0.126565947771 0.35897294932 -0.03) (0.126968942224 0.359762831079 -0.03) (0.127371936677 0.360552712837 -0.03) (0.127774931129 0.361342594595 -0.03) (0.128177925582 0.362132476353 -0.03) (0.128580920034 0.362922358112 -0.03) (0.128983914487 0.36371223987 -0.03) (0.129386908939 0.364502121628 -0.03))
    polyLine 34 38 ((0.110043175218 0.326587797233 0) (0.110446169671 0.327377678991 0) (0.110849164123 0.328167560749 0) (0.111252158576 0.328957442507 0) (0.111655153028 0.329747324266 0) (0.112058147481 0.330537206024 0) (0.112461141933 0.331327087782 0) (0.112864136386 0.33211696954 0) (0.113267130838 0.332906851299 0) (0.113670125291 0.333696733057 0) (0.114073119743 0.334486614815 0) (0.114476114196 0.335276496573 0) (0.114879108649 0.336066378332 0) (0.115282103101 0.33685626009 0) (0.115685097554 0.337646141848 0) (0.116088092006 0.338436023606 0) (0.116491086459 0.339225905365 0) (0.116894080911 0.340015787123 0) (0.117297075364 0.340805668881 0) (0.117700069816 0.341595550639 0) (0.118103064269 0.342385432398 0) (0.118506058721 0.343175314156 0) (0.118909053174 0.343965195914 0) (0.119312047626 0.344755077672 0) (0.119715042079 0.34554495943 0) (0.120118036531 0.346334841189 0) (0.120521030984 0.347124722947 0) (0.120924025436 0.347914604705 0) (0.121327019889 0.348704486463 0) (0.121730014341 0.349494368222 0) (0.122133008794 0.35028424998 0) (0.122536003246 0.351074131738 0) (0.122938997699 0.351864013496 0) (0.123341992151 0.352653895255 0) (0.123744986604 0.353443777013 0) (0.124147981056 0.354233658771 0) (0.124550975509 0.355023540529 0) (0.124953969961 0.355813422288 0) (0.125356964414 0.356603304046 0) (0.125759958866 0.357393185804 0) (0.126162953319 0.358183067562 0) (0.126565947771 0.35897294932 0) (0.126968942224 0.359762831079 0) (0.127371936677 0.360552712837 0) (0.127774931129 0.361342594595 0) (0.128177925582 0.362132476353 0) (0.128580920034 0.362922358112 0) (0.128983914487 0.36371223987 0) (0.129386908939 0.364502121628 0))
    polyLine 33 37 ((-0.128026335223 0.73865786873 -0.03) (-0.126188745181 0.741965848247 -0.03) (-0.124338665714 0.745281854443 -0.03) (-0.122476010258 0.748605942413 -0.03) (-0.120600691395 0.751938167647 -0.03) (-0.11871262085 0.75527858604 -0.03) (-0.116811709475 0.758627253891 -0.03) (-0.114897867243 0.761984227911 -0.03) (-0.112971003237 0.765349565222 -0.03) (-0.111031025639 0.76872332337 -0.03) (-0.109077841721 0.772105560319 -0.03) (-0.107111357837 0.775496334465 -0.03) (-0.105131479406 0.778895704634 -0.03) (-0.103138110907 0.782303730089 -0.03) (-0.101131155869 0.785720470535 -0.03) (-0.0991105168537 0.789145986124 -0.03) (-0.0970760954511 0.792580337458 -0.03) (-0.0950277922648 0.796023585593 -0.03) (-0.0929655069016 0.79947579205 -0.03) (-0.09088913796 0.802937018811 -0.03) (-0.0887985830181 0.80640732833 -0.03) (-0.0866937386224 0.809886783539 -0.03) (-0.0845745002752 0.813375447847 -0.03))
    polyLine 35 39 ((-0.128026335223 0.73865786873 0) (-0.126188745181 0.741965848247 0) (-0.124338665714 0.745281854443 0) (-0.122476010258 0.748605942413 0) (-0.120600691395 0.751938167647 0) (-0.11871262085 0.75527858604 0) (-0.116811709475 0.758627253891 0) (-0.114897867243 0.761984227911 0) (-0.112971003237 0.765349565222 0) (-0.111031025639 0.76872332337 0) (-0.109077841721 0.772105560319 0) (-0.107111357837 0.775496334465 0) (-0.105131479406 0.778895704634 0) (-0.103138110907 0.782303730089 0) (-0.101131155869 0.785720470535 0) (-0.0991105168537 0.789145986124 0) (-0.0970760954511 0.792580337458 0) (-0.0950277922648 0.796023585593 0) (-0.0929655069016 0.79947579205 0) (-0.09088913796 0.802937018811 0) (-0.0887985830181 0.80640732833 0) (-0.0866937386224 0.809886783539 0) (-0.0845745002752 0.813375447847 0))
    polyLine 36 40 ((0.129789903392 0.365292003386 -0.03) (0.130192897844 0.366081885145 -0.03) (0.130595892297 0.366871766903 -0.03) (0.130998886749 0.367661648661 -0.03) (0.131401881202 0.368451530419 -0.03) (0.131804875654 0.369241412178 -0.03) (0.132207870107 0.370031293936 -0.03) (0.132610864559 0.370821175694 -0.03) (0.133013859012 0.371611057452 -0.03) (0.133416853464 0.372400939211 -0.03) (0.133819847917 0.373190820969 -0.03) (0.134222842369 0.373980702727 -0.03) (0.134625836822 0.374770584485 -0.03) (0.135028831274 0.375560466243 -0.03) (0.135431825727 0.376350348002 -0.03) (0.135834820179 0.37714022976 -0.03) (0.136237814632 0.377930111518 -0.03) (0.136640809084 0.378719993276 -0.03) (0.137043803537 0.379509875035 -0.03) (0.137446797989 0.380299756793 -0.03) (0.137849792442 0.381089638551 -0.03) (0.138252786894 0.381879520309 -0.03) (0.138655781347 0.382669402068 -0.03) (0.139058775799 0.383459283826 -0.03) (0.139461770252 0.384249165584 -0.03) (0.139864764705 0.385039047342 -0.03) (0.140267759157 0.385828929101 -0.03) (0.14067075361 0.386618810859 -0.03) (0.141073748062 0.387408692617 -0.03) (0.141476742515 0.388198574375 -0.03) (0.141879736967 0.388988456134 -0.03) (0.14228273142 0.389778337892 -0.03) (0.142685725872 0.39056821965 -0.03) (0.143088720325 0.391358101408 -0.03) (0.143491714777 0.392147983166 -0.03) (0.14389470923 0.392937864925 -0.03) (0.144297703682 0.393727746683 -0.03) (0.144700698135 0.394517628441 -0.03) (0.145103692587 0.395307510199 -0.03) (0.14550668704 0.396097391958 -0.03) (0.145909681492 0.396887273716 -0.03) (0.146312675945 0.397677155474 -0.03) (0.146715670397 0.398467037232 -0.03) (0.14711866485 0.399256918991 -0.03) (0.147521659302 0.400046800749 -0.03) (0.147924653755 0.400836682507 -0.03) (0.148327648207 0.401626564265 -0.03) (0.14873064266 0.402416446024 -0.03) (0.149133637112 0.403206327782 -0.03))
    polyLine 38 42 ((0.129789903392 0.365292003386 0) (0.130192897844 0.366081885145 0) (0.130595892297 0.366871766903 0) (0.130998886749 0.367661648661 0) (0.131401881202 0.368451530419 0) (0.131804875654 0.369241412178 0) (0.132207870107 0.370031293936 0) (0.132610864559 0.370821175694 0) (0.133013859012 0.371611057452 0) (0.133416853464 0.372400939211 0) (0.133819847917 0.373190820969 0) (0.134222842369 0.373980702727 0) (0.134625836822 0.374770584485 0) (0.135028831274 0.375560466243 0) (0.135431825727 0.376350348002 0) (0.135834820179 0.37714022976 0) (0.136237814632 0.377930111518 0) (0.136640809084 0.378719993276 0) (0.137043803537 0.379509875035 0) (0.137446797989 0.380299756793 0) (0.137849792442 0.381089638551 0) (0.138252786894 0.381879520309 0) (0.138655781347 0.382669402068 0) (0.139058775799 0.383459283826 0) (0.139461770252 0.384249165584 0) (0.139864764705 0.385039047342 0) (0.140267759157 0.385828929101 0) (0.14067075361 0.386618810859 0) (0.141073748062 0.387408692617 0) (0.141476742515 0.388198574375 0) (0.141879736967 0.388988456134 0) (0.14228273142 0.389778337892 0) (0.142685725872 0.39056821965 0) (0.143088720325 0.391358101408 0) (0.143491714777 0.392147983166 0) (0.14389470923 0.392937864925 0) (0.144297703682 0.393727746683 0) (0.144700698135 0.394517628441 0) (0.145103692587 0.395307510199 0) (0.14550668704 0.396097391958 0) (0.145909681492 0.396887273716 0) (0.146312675945 0.397677155474 0) (0.146715670397 0.398467037232 0) (0.14711866485 0.399256918991 0) (0.147521659302 0.400046800749 0) (0.147924653755 0.400836682507 0) (0.148327648207 0.401626564265 0) (0.14873064266 0.402416446024 0) (0.149133637112 0.403206327782 0))
    polyLine 37 41 ((-0.0805592999462 0.819945753888 -0.03) (-0.078666553019 0.823025333873 -0.03) (-0.0767624486069 0.826112169019 -0.03) (-0.0748469130256 0.829206303537 -0.03) (-0.0729198719339 0.832307781938 -0.03) (-0.070981250327 0.835416649037 -0.03) (-0.0690309725293 0.838532949955 -0.03) (-0.0670689621878 0.841656730124 -0.03) (-0.0650951422651 0.844788035288 -0.03) (-0.0631094350318 0.847926911505 -0.03) (-0.0611117620596 0.851073405155 -0.03) (-0.059102044214 0.854227562935 -0.03) (-0.0570802016469 0.857389431872 -0.03) (-0.0550461537888 0.860559059316 -0.03) (-0.0529998193414 0.863736492952 -0.03) (-0.05094111627 0.866921780797 -0.03) (-0.0488699617957 0.870114971205 -0.03) (-0.0467862723871 0.873316112872 -0.03) (-0.0446899637529 0.876525254839 -0.03) (-0.0425809508333 0.879742446492 -0.03) (-0.0404591477923 0.882967737569 -0.03) (-0.0383244680088 0.886201178163 -0.03) (-0.0361768240687 0.889442818724 -0.03))
    polyLine 39 43 ((-0.0805592999462 0.819945753888 0) (-0.078666553019 0.823025333873 0) (-0.0767624486069 0.826112169019 0) (-0.0748469130256 0.829206303537 0) (-0.0729198719339 0.832307781938 0) (-0.070981250327 0.835416649037 0) (-0.0690309725293 0.838532949955 0) (-0.0670689621878 0.841656730124 0) (-0.0650951422651 0.844788035288 0) (-0.0631094350318 0.847926911505 0) (-0.0611117620596 0.851073405155 0) (-0.059102044214 0.854227562935 0) (-0.0570802016469 0.857389431872 0) (-0.0550461537888 0.860559059316 0) (-0.0529998193414 0.863736492952 0) (-0.05094111627 0.866921780797 0) (-0.0488699617957 0.870114971205 0) (-0.0467862723871 0.873316112872 0) (-0.0446899637529 0.876525254839 0) (-0.0425809508333 0.879742446492 0) (-0.0404591477923 0.882967737569 0) (-0.0383244680088 0.886201178163 0) (-0.0361768240687 0.889442818724 0))
    polyLine 40 44 ((0.149536631565 0.40399620954 -0.03) (0.149939626017 0.404786091298 -0.03) (0.15034262047 0.405575973056 -0.03) (0.150745614922 0.406365854815 -0.03) (0.151148609375 0.407155736573 -0.03) (0.151551603827 0.407945618331 -0.03) (0.15195459828 0.408735500089 -0.03) (0.152357592733 0.409525381848 -0.03) (0.152760587185 0.410315263606 -0.03) (0.153163581638 0.411105145364 -0.03) (0.15356657609 0.411895027122 -0.03) (0.153969570543 0.412684908881 -0.03) (0.154372564995 0.413474790639 -0.03) (0.154775559448 0.414264672397 -0.03) (0.1551785539 0.415054554155 -0.03) (0.155581548353 0.415844435914 -0.03) (0.155984542805 0.416634317672 -0.03) (0.156387537258 0.41742419943 -0.03) (0.15679053171 0.418214081188 -0.03) (0.157193526163 0.419003962947 -0.03) (0.157596520615 0.419793844705 -0.03) (0.157999515068 0.420583726463 -0.03) (0.15840250952 0.421373608221 -0.03) (0.158805503973 0.422163489979 -0.03) (0.159208498425 0.422953371738 -0.03) (0.159611492878 0.423743253496 -0.03) (0.16001448733 0.424533135254 -0.03) (0.160417481783 0.425323017012 -0.03) (0.160820476235 0.426112898771 -0.03) (0.161223470688 0.426902780529 -0.03) (0.16162646514 0.427692662287 -0.03) (0.162029459593 0.428482544045 -0.03) (0.162432454045 0.429272425804 -0.03) (0.162835448498 0.430062307562 -0.03) (0.16323844295 0.43085218932 -0.03) (0.163641437403 0.431642071078 -0.03) (0.164044431855 0.432431952837 -0.03) (0.164447426308 0.433221834595 -0.03) (0.164850420761 0.434011716353 -0.03) (0.165253415213 0.434801598111 -0.03) (0.165656409666 0.43559147987 -0.03) (0.166059404118 0.436381361628 -0.03) (0.166462398571 0.437171243386 -0.03) (0.166865393023 0.437961125144 -0.03) (0.167268387476 0.438751006902 -0.03) (0.167671381928 0.439540888661 -0.03) (0.168074376381 0.440330770419 -0.03) (0.168477370833 0.441120652177 -0.03) (0.168880365286 0.441910533935 -0.03))
    polyLine 42 46 ((0.149536631565 0.40399620954 0) (0.149939626017 0.404786091298 0) (0.15034262047 0.405575973056 0) (0.150745614922 0.406365854815 0) (0.151148609375 0.407155736573 0) (0.151551603827 0.407945618331 0) (0.15195459828 0.408735500089 0) (0.152357592733 0.409525381848 0) (0.152760587185 0.410315263606 0) (0.153163581638 0.411105145364 0) (0.15356657609 0.411895027122 0) (0.153969570543 0.412684908881 0) (0.154372564995 0.413474790639 0) (0.154775559448 0.414264672397 0) (0.1551785539 0.415054554155 0) (0.155581548353 0.415844435914 0) (0.155984542805 0.416634317672 0) (0.156387537258 0.41742419943 0) (0.15679053171 0.418214081188 0) (0.157193526163 0.419003962947 0) (0.157596520615 0.419793844705 0) (0.157999515068 0.420583726463 0) (0.15840250952 0.421373608221 0) (0.158805503973 0.422163489979 0) (0.159208498425 0.422953371738 0) (0.159611492878 0.423743253496 0) (0.16001448733 0.424533135254 0) (0.160417481783 0.425323017012 0) (0.160820476235 0.426112898771 0) (0.161223470688 0.426902780529 0) (0.16162646514 0.427692662287 0) (0.162029459593 0.428482544045 0) (0.162432454045 0.429272425804 0) (0.162835448498 0.430062307562 0) (0.16323844295 0.43085218932 0) (0.163641437403 0.431642071078 0) (0.164044431855 0.432431952837 0) (0.164447426308 0.433221834595 0) (0.164850420761 0.434011716353 0) (0.165253415213 0.434801598111 0) (0.165656409666 0.43559147987 0) (0.166059404118 0.436381361628 0) (0.166462398571 0.437171243386 0) (0.166865393023 0.437961125144 0) (0.167268387476 0.438751006902 0) (0.167671381928 0.439540888661 0) (0.168074376381 0.440330770419 0) (0.168477370833 0.441120652177 0) (0.168880365286 0.441910533935 0))
    polyLine 41 45 ((-0.0321195429399 0.895535986341 -0.03) (-0.0302128876686 0.898385621075 -0.03) (-0.0282961017616 0.901241648735 -0.03) (-0.0263691245543 0.90410410401 -0.03) (-0.0244318948928 0.906973021807 -0.03) (-0.02248435113 0.909848437253 -0.03) (-0.0205264311203 0.912730385701 -0.03) (-0.0185580722154 0.915618902726 -0.03) (-0.0165792112591 0.918514024134 -0.03) (-0.0145897845826 0.921415785955 -0.03) (-0.0125897279997 0.924324224455 -0.03) (-0.0105789768018 0.92723937613 -0.03) (-0.00855746575259 0.930161277711 -0.03) (-0.00652512908352 0.933089966167 -0.03) (-0.00448190048823 0.936025478707 -0.03) (-0.00242771311754 0.938967852779 -0.03) (-0.000362499574165 0.941917126077 -0.03) (0.00171380809257 0.944873336539 -0.03) (0.00380127839211 0.947836522351 -0.03) (0.00589998039809 0.950806721949 -0.03) (0.00800998375388 0.953783974022 -0.03) (0.0101313586781 0.95676831751 -0.03) (0.0122641759701 0.959759791615 -0.03))
    polyLine 43 47 ((-0.0321195429399 0.895535986341 0) (-0.0302128876686 0.898385621075 0) (-0.0282961017616 0.901241648735 0) (-0.0263691245543 0.90410410401 0) (-0.0244318948928 0.906973021807 0) (-0.02248435113 0.909848437253 0) (-0.0205264311203 0.912730385701 0) (-0.0185580722154 0.915618902726 0) (-0.0165792112591 0.918514024134 0) (-0.0145897845826 0.921415785955 0) (-0.0125897279997 0.924324224455 0) (-0.0105789768018 0.92723937613 0) (-0.00855746575259 0.930161277711 0) (-0.00652512908352 0.933089966167 0) (-0.00448190048823 0.936025478707 0) (-0.00242771311754 0.938967852779 0) (-0.000362499574165 0.941917126077 0) (0.00171380809257 0.944873336539 0) (0.00380127839211 0.947836522351 0) (0.00589998039809 0.950806721949 0) (0.00800998375388 0.953783974022 0) (0.0101313586781 0.95676831751 0) (0.0122641759701 0.959759791615 0))
    polyLine 44 48 ((0.169283359738 0.442700415694 -0.03) (0.169686354191 0.443490297452 -0.03) (0.170089348643 0.44428017921 -0.03) (0.170492343096 0.445070060968 -0.03) (0.170895337548 0.445859942727 -0.03) (0.171298332001 0.446649824485 -0.03) (0.171701326453 0.447439706243 -0.03) (0.172104320906 0.448229588001 -0.03) (0.172507315358 0.44901946976 -0.03) (0.172910309811 0.449809351518 -0.03) (0.173313304263 0.450599233276 -0.03) (0.173716298716 0.451389115034 -0.03) (0.174119293168 0.452178996792 -0.03) (0.174522287621 0.452968878551 -0.03) (0.174925282073 0.453758760309 -0.03) (0.175328276526 0.454548642067 -0.03) (0.175731270978 0.455338523825 -0.03) (0.176134265431 0.456128405584 -0.03) (0.176537259883 0.456918287342 -0.03) (0.176940254336 0.4577081691 -0.03) (0.177343248789 0.458498050858 -0.03) (0.177746243241 0.459287932617 -0.03) (0.178149237694 0.460077814375 -0.03) (0.178552232146 0.460867696133 -0.03) (0.178955226599 0.461657577891 -0.03) (0.179358221051 0.46244745965 -0.03) (0.179761215504 0.463237341408 -0.03) (0.180164209956 0.464027223166 -0.03) (0.180567204409 0.464817104924 -0.03) (0.180970198861 0.465606986683 -0.03) (0.181373193314 0.466396868441 -0.03) (0.181776187766 0.467186750199 -0.03) (0.182179182219 0.467976631957 -0.03) (0.182582176671 0.468766513715 -0.03) (0.182985171124 0.469556395474 -0.03) (0.183388165576 0.470346277232 -0.03) (0.183791160029 0.47113615899 -0.03) (0.184194154481 0.471926040748 -0.03) (0.184597148934 0.472715922507 -0.03) (0.185000143386 0.473505804265 -0.03) (0.185403137839 0.474295686023 -0.03) (0.185806132291 0.475085567781 -0.03) (0.186209126744 0.47587544954 -0.03) (0.186612121196 0.476665331298 -0.03) (0.187015115649 0.477455213056 -0.03) (0.187418110101 0.478245094814 -0.03) (0.187821104554 0.479034976573 -0.03) (0.188224099006 0.479824858331 -0.03) (0.188627093459 0.480614740089 -0.03))
    polyLine 46 50 ((0.169283359738 0.442700415694 0) (0.169686354191 0.443490297452 0) (0.170089348643 0.44428017921 0) (0.170492343096 0.445070060968 0) (0.170895337548 0.445859942727 0) (0.171298332001 0.446649824485 0) (0.171701326453 0.447439706243 0) (0.172104320906 0.448229588001 0) (0.172507315358 0.44901946976 0) (0.172910309811 0.449809351518 0) (0.173313304263 0.450599233276 0) (0.173716298716 0.451389115034 0) (0.174119293168 0.452178996792 0) (0.174522287621 0.452968878551 0) (0.174925282073 0.453758760309 0) (0.175328276526 0.454548642067 0) (0.175731270978 0.455338523825 0) (0.176134265431 0.456128405584 0) (0.176537259883 0.456918287342 0) (0.176940254336 0.4577081691 0) (0.177343248789 0.458498050858 0) (0.177746243241 0.459287932617 0) (0.178149237694 0.460077814375 0) (0.178552232146 0.460867696133 0) (0.178955226599 0.461657577891 0) (0.179358221051 0.46244745965 0) (0.179761215504 0.463237341408 0) (0.180164209956 0.464027223166 0) (0.180567204409 0.464817104924 0) (0.180970198861 0.465606986683 0) (0.181373193314 0.466396868441 0) (0.181776187766 0.467186750199 0) (0.182179182219 0.467976631957 0) (0.182582176671 0.468766513715 0) (0.182985171124 0.469556395474 0) (0.183388165576 0.470346277232 0) (0.183791160029 0.47113615899 0) (0.184194154481 0.471926040748 0) (0.184597148934 0.472715922507 0) (0.185000143386 0.473505804265 0) (0.185403137839 0.474295686023 0) (0.185806132291 0.475085567781 0) (0.186209126744 0.47587544954 0) (0.186612121196 0.476665331298 0) (0.187015115649 0.477455213056 0) (0.187418110101 0.478245094814 0) (0.187821104554 0.479034976573 0) (0.188224099006 0.479824858331 0) (0.188627093459 0.480614740089 0))
    polyLine 45 49 ((0.016288605434 0.965380234259 -0.03) (0.0181775689782 0.968007546054 -0.03) (0.0200754461549 0.970640397863 -0.03) (0.021982285823 0.973278816529 -0.03) (0.0238981371968 0.975922829049 -0.03) (0.0258230498488 0.978572462579 -0.03) (0.0277570737135 0.981227744433 -0.03) (0.0297002590899 0.983888702085 -0.03) (0.0316526566447 0.98655536317 -0.03) (0.0336143174159 0.989227755486 -0.03) (0.0355852928157 0.991905906994 -0.03) (0.0375656346339 0.994589845821 -0.03) (0.0395553950411 0.99727960026 -0.03) (0.041554626592 0.999975198771 -0.03) (0.043563382229 1.00267666998 -0.03) (0.0455817152852 1.0053840427 -0.03) (0.0476096794883 1.00809734588 -0.03) (0.0496473289636 1.01081660869 -0.03) (0.0516947182378 1.01354186043 -0.03) (0.0537519022425 1.0162731306 -0.03) (0.0558189363178 1.01901044888 -0.03) (0.0578958762157 1.02175384511 -0.03) (0.0599827781041 1.02450334933 -0.03))
    polyLine 47 51 ((0.016288605434 0.965380234259 0) (0.0181775689782 0.968007546054 0) (0.0200754461549 0.970640397863 0) (0.021982285823 0.973278816529 0) (0.0238981371968 0.975922829049 0) (0.0258230498488 0.978572462579 0) (0.0277570737135 0.981227744433 0) (0.0297002590899 0.983888702085 0) (0.0316526566447 0.98655536317 0) (0.0336143174159 0.989227755486 0) (0.0355852928157 0.991905906994 0) (0.0375656346339 0.994589845821 0) (0.0395553950411 0.99727960026 0) (0.041554626592 0.999975198771 0) (0.043563382229 1.00267666998 0) (0.0455817152852 1.0053840427 0) (0.0476096794883 1.00809734588 0) (0.0496473289636 1.01081660869 0) (0.0516947182378 1.01354186043 0) (0.0537519022425 1.0162731306 0) (0.0558189363178 1.01901044888 0) (0.0578958762157 1.02175384511 0) (0.0599827781041 1.02450334933 0))
    polyLine 48 52 ((0.189030087911 0.481404621847 -0.03) (0.189433082364 0.482194503606 -0.03) (0.189836076817 0.482984385364 -0.03) (0.190239071269 0.483774267122 -0.03) (0.190642065722 0.48456414888 -0.03) (0.191045060174 0.485354030638 -0.03) (0.191448054627 0.486143912397 -0.03) (0.191851049079 0.486933794155 -0.03) (0.192254043532 0.487723675913 -0.03) (0.192657037984 0.488513557671 -0.03) (0.193060032437 0.48930343943 -0.03) (0.193463026889 0.490093321188 -0.03) (0.193866021342 0.490883202946 -0.03) (0.194269015794 0.491673084704 -0.03) (0.194672010247 0.492462966463 -0.03) (0.195075004699 0.493252848221 -0.03) (0.195477999152 0.494042729979 -0.03) (0.195880993604 0.494832611737 -0.03) (0.196283988057 0.495622493496 -0.03) (0.196686982509 0.496412375254 -0.03) (0.197089976962 0.497202257012 -0.03) (0.197492971414 0.49799213877 -0.03) (0.197895965867 0.498782020528 -0.03) (0.198298960319 0.499571902287 -0.03) (0.198701954772 0.500361784045 -0.03) (0.199104949224 0.501151665803 -0.03) (0.199507943677 0.501941547561 -0.03) (0.199910938129 0.50273142932 -0.03) (0.200313932582 0.503521311078 -0.03) (0.200716927034 0.504311192836 -0.03) (0.201119921487 0.505101074594 -0.03) (0.201522915939 0.505890956353 -0.03) (0.201925910392 0.506680838111 -0.03) (0.202328904845 0.507470719869 -0.03) (0.202731899297 0.508260601627 -0.03) (0.20313489375 0.509050483386 -0.03) (0.203537888202 0.509840365144 -0.03) (0.203940882655 0.510630246902 -0.03) (0.204343877107 0.51142012866 -0.03) (0.20474687156 0.512210010419 -0.03) (0.205149866012 0.512999892177 -0.03) (0.205552860465 0.513789773935 -0.03) (0.205955854917 0.514579655693 -0.03) (0.20635884937 0.515369537451 -0.03) (0.206761843822 0.51615941921 -0.03) (0.207164838275 0.516949300968 -0.03) (0.207567832727 0.517739182726 -0.03) (0.20797082718 0.518529064484 -0.03) (0.208373821632 0.519318946243 -0.03))
    polyLine 50 54 ((0.189030087911 0.481404621847 0) (0.189433082364 0.482194503606 0) (0.189836076817 0.482984385364 0) (0.190239071269 0.483774267122 0) (0.190642065722 0.48456414888 0) (0.191045060174 0.485354030638 0) (0.191448054627 0.486143912397 0) (0.191851049079 0.486933794155 0) (0.192254043532 0.487723675913 0) (0.192657037984 0.488513557671 0) (0.193060032437 0.48930343943 0) (0.193463026889 0.490093321188 0) (0.193866021342 0.490883202946 0) (0.194269015794 0.491673084704 0) (0.194672010247 0.492462966463 0) (0.195075004699 0.493252848221 0) (0.195477999152 0.494042729979 0) (0.195880993604 0.494832611737 0) (0.196283988057 0.495622493496 0) (0.196686982509 0.496412375254 0) (0.197089976962 0.497202257012 0) (0.197492971414 0.49799213877 0) (0.197895965867 0.498782020528 0) (0.198298960319 0.499571902287 0) (0.198701954772 0.500361784045 0) (0.199104949224 0.501151665803 0) (0.199507943677 0.501941547561 0) (0.199910938129 0.50273142932 0) (0.200313932582 0.503521311078 0) (0.200716927034 0.504311192836 0) (0.201119921487 0.505101074594 0) (0.201522915939 0.505890956353 0) (0.201925910392 0.506680838111 0) (0.202328904845 0.507470719869 0) (0.202731899297 0.508260601627 0) (0.20313489375 0.509050483386 0) (0.203537888202 0.509840365144 0) (0.203940882655 0.510630246902 0) (0.204343877107 0.51142012866 0) (0.20474687156 0.512210010419 0) (0.205149866012 0.512999892177 0) (0.205552860465 0.513789773935 0) (0.205955854917 0.514579655693 0) (0.20635884937 0.515369537451 0) (0.206761843822 0.51615941921 0) (0.207164838275 0.516949300968 0) (0.207567832727 0.517739182726 0) (0.20797082718 0.518529064484 0) (0.208373821632 0.519318946243 0))
    polyLine 49 53 ((0.0639204357546 1.02967218497 -0.03) (0.0657689059066 1.0320901095 -0.03) (0.067625147592 1.03451278585 -0.03) (0.0694891996292 1.03694023464 -0.03) (0.0713611010917 1.03937247661 -0.03) (0.0732408913099 1.04180953257 -0.03) (0.0751286098728 1.0442514235 -0.03) (0.0770242966306 1.04669817045 -0.03) (0.0789279916963 1.04914979459 -0.03) (0.0808397354478 1.05160631722 -0.03) (0.0827595685302 1.05406775975 -0.03) (0.084687531858 1.05653414368 -0.03) (0.0866236666167 1.05900549066 -0.03) (0.0885680142656 1.06148182244 -0.03) (0.0905206165393 1.06396316089 -0.03) (0.0924815154506 1.066449528 -0.03) (0.0944507532921 1.06894094589 -0.03) (0.0964283726388 1.07143743678 -0.03) (0.0984144163502 1.07393902303 -0.03) (0.100408927573 1.0764457271 -0.03) (0.102411949742 1.0789575716 -0.03) (0.104423526584 1.08147457925 -0.03) (0.10644370212 1.0839967729 -0.03))
    polyLine 51 55 ((0.0639204357546 1.02967218497 0) (0.0657689059066 1.0320901095 0) (0.067625147592 1.03451278585 0) (0.0694891996292 1.03694023464 0) (0.0713611010917 1.03937247661 0) (0.0732408913099 1.04180953257 0) (0.0751286098728 1.0442514235 0) (0.0770242966306 1.04669817045 0) (0.0789279916963 1.04914979459 0) (0.0808397354478 1.05160631722 0) (0.0827595685302 1.05406775975 0) (0.084687531858 1.05653414368 0) (0.0866236666167 1.05900549066 0) (0.0885680142656 1.06148182244 0) (0.0905206165393 1.06396316089 0) (0.0924815154506 1.066449528 0) (0.0944507532921 1.06894094589 0) (0.0964283726388 1.07143743678 0) (0.0984144163502 1.07393902303 0) (0.100408927573 1.0764457271 0) (0.102411949742 1.0789575716 0) (0.104423526584 1.08147457925 0) (0.10644370212 1.0839967729 0))
    polyLine 52 56 ((0.208776816085 0.520108828001 -0.03) (0.209179810537 0.520898709759 -0.03) (0.20958280499 0.521688591517 -0.03) (0.209985799442 0.522478473276 -0.03) (0.210388793895 0.523268355034 -0.03) (0.210791788347 0.524058236792 -0.03) (0.2111947828 0.52484811855 -0.03) (0.211597777252 0.525638000309 -0.03) (0.212000771705 0.526427882067 -0.03) (0.212403766157 0.527217763825 -0.03) (0.21280676061 0.528007645583 -0.03) (0.213209755062 0.528797527342 -0.03) (0.213612749515 0.5295874091 -0.03) (0.214015743967 0.530377290858 -0.03) (0.21441873842 0.531167172616 -0.03) (0.214821732873 0.531957054374 -0.03) (0.215224727325 0.532746936133 -0.03) (0.215627721778 0.533536817891 -0.03) (0.21603071623 0.534326699649 -0.03) (0.216433710683 0.535116581407 -0.03) (0.216836705135 0.535906463166 -0.03) (0.217239699588 0.536696344924 -0.03) (0.21764269404 0.537486226682 -0.03) (0.218045688493 0.53827610844 -0.03) (0.218448682945 0.539065990199 -0.03) (0.218851677398 0.539855871957 -0.03) (0.21925467185 0.540645753715 -0.03) (0.219657666303 0.541435635473 -0.03) (0.220060660755 0.542225517232 -0.03) (0.220463655208 0.54301539899 -0.03) (0.22086664966 0.543805280748 -0.03) (0.221269644113 0.544595162506 -0.03) (0.221672638565 0.545385044264 -0.03) (0.222075633018 0.546174926023 -0.03) (0.22247862747 0.546964807781 -0.03) (0.222881621923 0.547754689539 -0.03) (0.223284616375 0.548544571297 -0.03) (0.223687610828 0.549334453056 -0.03) (0.22409060528 0.550124334814 -0.03) (0.224493599733 0.550914216572 -0.03) (0.224896594185 0.55170409833 -0.03) (0.225299588638 0.552493980089 -0.03) (0.22570258309 0.553283861847 -0.03) (0.226105577543 0.554073743605 -0.03) (0.226508571995 0.554863625363 -0.03) (0.226913972061 0.555647858603 -0.03) (0.227327716776 0.556427721603 -0.03) (0.227749759034 0.557203125574 -0.03) (0.228180050785 0.557973982238 -0.03))
    polyLine 54 58 ((0.208776816085 0.520108828001 0) (0.209179810537 0.520898709759 0) (0.20958280499 0.521688591517 0) (0.209985799442 0.522478473276 0) (0.210388793895 0.523268355034 0) (0.210791788347 0.524058236792 0) (0.2111947828 0.52484811855 0) (0.211597777252 0.525638000309 0) (0.212000771705 0.526427882067 0) (0.212403766157 0.527217763825 0) (0.21280676061 0.528007645583 0) (0.213209755062 0.528797527342 0) (0.213612749515 0.5295874091 0) (0.214015743967 0.530377290858 0) (0.21441873842 0.531167172616 0) (0.214821732873 0.531957054374 0) (0.215224727325 0.532746936133 0) (0.215627721778 0.533536817891 0) (0.21603071623 0.534326699649 0) (0.216433710683 0.535116581407 0) (0.216836705135 0.535906463166 0) (0.217239699588 0.536696344924 0) (0.21764269404 0.537486226682 0) (0.218045688493 0.53827610844 0) (0.218448682945 0.539065990199 0) (0.218851677398 0.539855871957 0) (0.21925467185 0.540645753715 0) (0.219657666303 0.541435635473 0) (0.220060660755 0.542225517232 0) (0.220463655208 0.54301539899 0) (0.22086664966 0.543805280748 0) (0.221269644113 0.544595162506 0) (0.221672638565 0.545385044264 0) (0.222075633018 0.546174926023 0) (0.22247862747 0.546964807781 0) (0.222881621923 0.547754689539 0) (0.223284616375 0.548544571297 0) (0.223687610828 0.549334453056 0) (0.22409060528 0.550124334814 0) (0.224493599733 0.550914216572 0) (0.224896594185 0.55170409833 0) (0.225299588638 0.552493980089 0) (0.22570258309 0.553283861847 0) (0.226105577543 0.554073743605 0) (0.226508571995 0.554863625363 0) (0.226913972061 0.555647858603 0) (0.227327716776 0.556427721603 0) (0.227749759034 0.557203125574 0) (0.228180050785 0.557973982238 0))
    polyLine 53 57 ((0.110263519926 1.08875069695 -0.03) (0.112061265818 1.09098127891 -0.03) (0.113865789042 1.09321593724 -0.03) (0.115677120478 1.0954546879 -0.03) (0.117495291191 1.09769754689 -0.03) (0.119320332432 1.0999445303 -0.03) (0.121152275636 1.10219565431 -0.03) (0.122991152428 1.10445093516 -0.03) (0.124836994619 1.1067103892 -0.03) (0.126689834212 1.10897403282 -0.03) (0.128549703404 1.11124188253 -0.03) (0.13041663458 1.11351395489 -0.03) (0.132290660324 1.11579026656 -0.03) (0.134171813415 1.11807083428 -0.03) (0.136060126826 1.12035567488 -0.03) (0.137955633732 1.12264480524 -0.03) (0.139858367508 1.12493824238 -0.03) (0.141768361729 1.12723600335 -0.03) (0.143685650174 1.12953810531 -0.03) (0.145610266827 1.13184456552 -0.03) (0.147542245876 1.1341554013 -0.03) (0.149481621719 1.13647063007 -0.03) (0.15142842896 1.13879026933 -0.03))
    polyLine 55 59 ((0.110263519926 1.08875069695 0) (0.112061265818 1.09098127891 0) (0.113865789042 1.09321593724 0) (0.115677120478 1.0954546879 0) (0.117495291191 1.09769754689 0) (0.119320332432 1.0999445303 0) (0.121152275636 1.10219565431 0) (0.122991152428 1.10445093516 0) (0.124836994619 1.1067103892 0) (0.126689834212 1.10897403282 0) (0.128549703404 1.11124188253 0) (0.13041663458 1.11351395489 0) (0.132290660324 1.11579026656 0) (0.134171813415 1.11807083428 0) (0.136060126826 1.12035567488 0) (0.137955633732 1.12264480524 0) (0.139858367508 1.12493824238 0) (0.141768361729 1.12723600335 0) (0.143685650174 1.12953810531 0) (0.145610266827 1.13184456552 0) (0.147542245876 1.1341554013 0) (0.149481621719 1.13647063007 0) (0.15142842896 1.13879026933 0))
    polyLine 56 60 ((0.228618543041 0.55874020383 -0.03) (0.229065185879 0.559501703117 -0.03) (0.229519928447 0.560258393399 -0.03) (0.229982718973 0.561010188528 -0.03) (0.230453504768 0.561757002911 -0.03) (0.230932232233 0.562498751522 -0.03) (0.231418846863 0.563235349912 -0.03) (0.231913293258 0.56396671422 -0.03) (0.232415515124 0.564692761177 -0.03) (0.232925455282 0.565413408124 -0.03) (0.233443055676 0.566128573014 -0.03) (0.233968257375 0.566838174425 -0.03) (0.234501000586 0.567542131567 -0.03) (0.235041224655 0.568240364295 -0.03) (0.235588868077 0.568932793114 -0.03) (0.236143868503 0.569619339191 -0.03) (0.236706162744 0.570299924361 -0.03) (0.237275686783 0.570974471139 -0.03) (0.23785237578 0.571642902727 -0.03) (0.238436164077 0.572305143025 -0.03) (0.23902698521 0.572961116634 -0.03) (0.239624771913 0.573610748872 -0.03) (0.240229456127 0.574253965778 -0.03) (0.24084096901 0.57489069412 -0.03) (0.241459240938 0.575520861407 -0.03) (0.242084201522 0.576144395893 -0.03) (0.242715779609 0.576761226589 -0.03) (0.243353903294 0.577371283267 -0.03) (0.243998499925 0.577974496472 -0.03) (0.244649496114 0.578570797528 -0.03) (0.245306817745 0.579160118544 -0.03) (0.245970389981 0.579742392427 -0.03) (0.246640137273 0.580317552884 -0.03) (0.247315983371 0.580885534432 -0.03) (0.247997851329 0.581446272407 -0.03) (0.248685663515 0.581999702966 -0.03) (0.24937934162 0.582545763103 -0.03) (0.25007880667 0.583084390647 -0.03) (0.25078397903 0.583615524275 -0.03) (0.251494778414 0.584139103516 -0.03) (0.252211123898 0.584655068762 -0.03) (0.252932933925 0.585163361269 -0.03) (0.253660126316 0.585663923167 -0.03) (0.254392618279 0.586156697466 -0.03) (0.255130326421 0.586641628065 -0.03) (0.255873166751 0.587118659753 -0.03) (0.256621054697 0.587587738219 -0.03) (0.257373905111 0.588048810058 -0.03) (0.25813163228 0.588501822778 -0.03))
    polyLine 58 62 ((0.228618543041 0.55874020383 0) (0.229065185879 0.559501703117 0) (0.229519928447 0.560258393399 0) (0.229982718973 0.561010188528 0) (0.230453504768 0.561757002911 0) (0.230932232233 0.562498751522 0) (0.231418846863 0.563235349912 0) (0.231913293258 0.56396671422 0) (0.232415515124 0.564692761177 0) (0.232925455282 0.565413408124 0) (0.233443055676 0.566128573014 0) (0.233968257375 0.566838174425 0) (0.234501000586 0.567542131567 0) (0.235041224655 0.568240364295 0) (0.235588868077 0.568932793114 0) (0.236143868503 0.569619339191 0) (0.236706162744 0.570299924361 0) (0.237275686783 0.570974471139 0) (0.23785237578 0.571642902727 0) (0.238436164077 0.572305143025 0) (0.23902698521 0.572961116634 0) (0.239624771913 0.573610748872 0) (0.240229456127 0.574253965778 0) (0.24084096901 0.57489069412 0) (0.241459240938 0.575520861407 0) (0.242084201522 0.576144395893 0) (0.242715779609 0.576761226589 0) (0.243353903294 0.577371283267 0) (0.243998499925 0.577974496472 0) (0.244649496114 0.578570797528 0) (0.245306817745 0.579160118544 0) (0.245970389981 0.579742392427 0) (0.246640137273 0.580317552884 0) (0.247315983371 0.580885534432 0) (0.247997851329 0.581446272407 0) (0.248685663515 0.581999702966 0) (0.24937934162 0.582545763103 0) (0.25007880667 0.583084390647 0) (0.25078397903 0.583615524275 0) (0.251494778414 0.584139103516 0) (0.252211123898 0.584655068762 0) (0.252932933925 0.585163361269 0) (0.253660126316 0.585663923167 0) (0.254392618279 0.586156697466 0) (0.255130326421 0.586641628065 0) (0.255873166751 0.587118659753 0) (0.256621054697 0.587587738219 0) (0.257373905111 0.588048810058 0) (0.25813163228 0.588501822778 0))
    polyLine 57 61 ((0.155801303652 1.14398443582 -0.03) (0.158231362284 1.14686131959 -0.03) (0.160672944807 1.14974502147 -0.03) (0.16312611822 1.15263557516 -0.03) (0.165590950025 1.15553301455 -0.03) (0.168067508235 1.15843737376 -0.03) (0.17055586138 1.16134868713 -0.03) (0.173056078508 1.1642669892 -0.03) (0.175568229193 1.16719231474 -0.03) (0.178092383538 1.17012469873 -0.03) (0.180628612181 1.17306417637 -0.03) (0.183176986298 1.17601078311 -0.03) (0.185737577611 1.17896455458 -0.03) (0.188310458389 1.18192552668 -0.03) (0.190895701457 1.18489373552 -0.03) (0.193493380199 1.18786921743 -0.03) (0.196103568562 1.19085200899 -0.03) (0.198726341066 1.19384214702 -0.03) (0.201361772804 1.19683966855 -0.03) (0.204009939447 1.19984461087 -0.03) (0.206670917257 1.20285701151 -0.03) (0.209344783084 1.20587690824 -0.03) (0.212031614374 1.20890433907 -0.03))
    polyLine 59 63 ((0.155801303652 1.14398443582 0) (0.158231362284 1.14686131959 0) (0.160672944807 1.14974502147 0) (0.16312611822 1.15263557516 0) (0.165590950025 1.15553301455 0) (0.168067508235 1.15843737376 0) (0.17055586138 1.16134868713 0) (0.173056078508 1.1642669892 0) (0.175568229193 1.16719231474 0) (0.178092383538 1.17012469873 0) (0.180628612181 1.17306417637 0) (0.183176986298 1.17601078311 0) (0.185737577611 1.17896455458 0) (0.188310458389 1.18192552668 0) (0.190895701457 1.18489373552 0) (0.193493380199 1.18786921743 0) (0.196103568562 1.19085200899 0) (0.198726341066 1.19384214702 0) (0.201361772804 1.19683966855 0) (0.204009939447 1.19984461087 0) (0.206670917257 1.20285701151 0) (0.209344783084 1.20587690824 0) (0.212031614374 1.20890433907 0))
    polyLine 60 64 ((0.258894149937 0.588946724802 -0.03) (0.259661371267 0.589383465477 -0.03) (0.260433208922 0.589811995081 -0.03) (0.261209575028 0.590232264824 -0.03) (0.261990381194 0.590644226858 -0.03) (0.262775538526 0.591047834282 -0.03) (0.263564957631 0.591443041144 -0.03) (0.264358548633 0.59182980245 -0.03) (0.265156221183 0.592208074165 -0.03) (0.265957884463 0.592577813225 -0.03) (0.266763447204 0.592938977533 -0.03) (0.267572817692 0.593291525971 -0.03) (0.268385903779 0.5936354184 -0.03) (0.269202612894 0.593970615668 -0.03) (0.270022852054 0.594297079613 -0.03) (0.270846527874 0.594614773067 -0.03) (0.271673546578 0.594923659859 -0.03) (0.272503814009 0.595223704822 -0.03) (0.27333723564 0.595514873797 -0.03) (0.274173716586 0.595797133633 -0.03) (0.275013161611 0.596070452195 -0.03) (0.275855475145 0.596334798365 -0.03) (0.27670056129 0.596590142047 -0.03) (0.27754832383 0.596836454169 -0.03) (0.278398666249 0.59707370669 -0.03) (0.279251491733 0.597301872598 -0.03) (0.280106703187 0.597520925915 -0.03) (0.280964203245 0.597730841703 -0.03) (0.281823894279 0.597931596061 -0.03) (0.282685678413 0.598123166135 -0.03) (0.283549457532 0.598305530114 -0.03) (0.284415133294 0.598478667234 -0.03) (0.285282607141 0.598642557785 -0.03) (0.286151780309 0.598797183108 -0.03) (0.287022553844 0.598942525598 -0.03) (0.287894828605 0.599078568707 -0.03) (0.288768505285 0.599205296948 -0.03) (0.289643484413 0.599322695891 -0.03) (0.290519666373 0.599430752172 -0.03) (0.291396951411 0.599529453487 -0.03) (0.292275239647 0.599618788599 -0.03) (0.293154431086 0.599698747338 -0.03) (0.294034425633 0.599769320601 -0.03) (0.294915123098 0.599830500351 -0.03) (0.295796423214 0.599882279625 -0.03) (0.296678225643 0.599924652526 -0.03) (0.297560429992 0.599957614231 -0.03) (0.298442935821 0.599981160987 -0.03) (0.299325642655 0.599995290113 -0.03))
    polyLine 62 66 ((0.258894149937 0.588946724802 0) (0.259661371267 0.589383465477 0) (0.260433208922 0.589811995081 0) (0.261209575028 0.590232264824 0) (0.261990381194 0.590644226858 0) (0.262775538526 0.591047834282 0) (0.263564957631 0.591443041144 0) (0.264358548633 0.59182980245 0) (0.265156221183 0.592208074165 0) (0.265957884463 0.592577813225 0) (0.266763447204 0.592938977533 0) (0.267572817692 0.593291525971 0) (0.268385903779 0.5936354184 0) (0.269202612894 0.593970615668 0) (0.270022852054 0.594297079613 0) (0.270846527874 0.594614773067 0) (0.271673546578 0.594923659859 0) (0.272503814009 0.595223704822 0) (0.27333723564 0.595514873797 0) (0.274173716586 0.595797133633 0) (0.275013161611 0.596070452195 0) (0.275855475145 0.596334798365 0) (0.27670056129 0.596590142047 0) (0.27754832383 0.596836454169 0) (0.278398666249 0.59707370669 0) (0.279251491733 0.597301872598 0) (0.280106703187 0.597520925915 0) (0.280964203245 0.597730841703 0) (0.281823894279 0.597931596061 0) (0.282685678413 0.598123166135 0) (0.283549457532 0.598305530114 0) (0.284415133294 0.598478667234 0) (0.285282607141 0.598642557785 0) (0.286151780309 0.598797183108 0) (0.287022553844 0.598942525598 0) (0.287894828605 0.599078568707 0) (0.288768505285 0.599205296948 0) (0.289643484413 0.599322695891 0) (0.290519666373 0.599430752172 0) (0.291396951411 0.599529453487 0) (0.292275239647 0.599618788599 0) (0.293154431086 0.599698747338 0) (0.294034425633 0.599769320601 0) (0.294915123098 0.599830500351 0) (0.295796423214 0.599882279625 0) (0.296678225643 0.599924652526 0) (0.297560429992 0.599957614231 0) (0.298442935821 0.599981160987 0) (0.299325642655 0.599995290113 0))
    polyLine 61 65 ((0.218052462026 1.2156628223 -0.03) (0.221393221328 1.21939776526 -0.03) (0.224753913767 1.22314424274 -0.03) (0.228134687429 1.2269023269 -0.03) (0.231535691824 1.2306720905 -0.03) (0.234957077902 1.23445360689 -0.03) (0.238398998069 1.23824695 -0.03) (0.241861606204 1.24205219435 -0.03) (0.245345057675 1.24586941508 -0.03) (0.24884950936 1.24969868795 -0.03) (0.252375119659 1.25354008933 -0.03) (0.255922048518 1.25739369619 -0.03) (0.259490457443 1.26125958618 -0.03) (0.26308050952 1.26513783754 -0.03) (0.266692369432 1.26902852919 -0.03) (0.27032620348 1.27293174068 -0.03) (0.273982179603 1.27684755224 -0.03) (0.277660467393 1.28077604474 -0.03) (0.281361238118 1.28471729974 -0.03) (0.285084664743 1.28867139948 -0.03) (0.288830921947 1.29263842688 -0.03) (0.292600186146 1.29661846556 -0.03) (0.296392635512 1.30061159985 -0.03))
    polyLine 63 67 ((0.218052462026 1.2156628223 0) (0.221393221328 1.21939776526 0) (0.224753913767 1.22314424274 0) (0.228134687429 1.2269023269 0) (0.231535691824 1.2306720905 0) (0.234957077902 1.23445360689 0) (0.238398998069 1.23824695 0) (0.241861606204 1.24205219435 0) (0.245345057675 1.24586941508 0) (0.24884950936 1.24969868795 0) (0.252375119659 1.25354008933 0) (0.255922048518 1.25739369619 0) (0.259490457443 1.26125958618 0) (0.26308050952 1.26513783754 0) (0.266692369432 1.26902852919 0) (0.27032620348 1.27293174068 0) (0.273982179603 1.27684755224 0) (0.277660467393 1.28077604474 0) (0.281361238118 1.28471729974 0) (0.285084664743 1.28867139948 0) (0.288830921947 1.29263842688 0) (0.292600186146 1.29661846556 0) (0.296392635512 1.30061159985 0))
);

boundary
(
    body_fore
    {
        type wall;
        faces
        (
            (0 2 6 4)
            (4 6 10 8)
            (8 10 14 12)
            (12 14 18 16)
            (16 18 22 20)
            (20 22 26 24)
            (24 26 30 28)
            (28 30 34 32)
            (32 34 38 36)
            (36 38 42 40)
            (40 42 46 44)
            (44 46 50 48)
            (48 50 54 52)
            (52 54 58 56)
            (56 58 62 60)
            (60 62 66 64)
        );
    }
    freestream
    {
        type patch;
        faces
        (
            (1 5 7 3)
            (5 9 11 7)
            (9 13 15 11)
            (13 17 19 15)
            (17 21 23 19)
            (21 25 27 23)
            (25 29 31 27)
            (29 33 35 31)
            (33 37 39 35)
            (37 41 43 39)
            (41 45 47 43)
            (45 49 51 47)
            (49 53 55 51)
            (53 57 59 55)
            (57 61 63 59)
            (61 65 67 63)
        );
    }
    outlet
    {
        type patch;
        faces
        (
            (64 66 67 65)
        );
    }
    axis
    {
        type patch;
        faces
        (
            (0 1 3 2)
        );
    }
    front
    {
        type patch;
        faces
        (
            (2 6 7 3)
            (6 10 11 7)
            (10 14 15 11)
            (14 18 19 15)
            (18 22 23 19)
            (22 26 27 23)
            (26 30 31 27)
            (30 34 35 31)
            (34 38 39 35)
            (38 42 43 39)
            (42 46 47 43)
            (46 50 51 47)
            (50 54 55 51)
            (54 58 59 55)
            (58 62 63 59)
            (62 66 67 63)
        );
    }
    back
    {
        type patch;
        faces
        (
            (0 1 5 4)
            (4 5 9 8)
            (8 9 13 12)
            (12 13 17 16)
            (16 17 21 20)
            (20 21 25 24)
            (24 25 29 28)
            (28 29 33 32)
            (32 33 37 36)
            (36 37 41 40)
            (40 41 45 44)
            (44 45 49 48)
            (48 49 53 52)
            (52 53 57 56)
            (56 57 61 60)
            (60 61 65 64)
        );
    }
);
