FoamFile
{
    version     2.0;
    format      ascii;
    class       dictionary;
    object      blockMeshDict;
}
// Generated by aether.cfd - do not edit by hand. Regenerate from the run config.

scale 1;

vertices
(
    (0 0 -0.03)
    (-0.220751891563 7.99269938888e-17 -0.03)
    (0 0 0)
    (-0.220751891563 7.99269938888e-17 0)
    (0.0029663167412 0.0475317456704 -0.03)
    (-0.217841627027 0.0720002117621 -0.03)
    (0.0029663167412 0.0475317456704 0)
    (-0.217841627027 0.0720002117621 0)
    (0.0118182546518 0.0943260707438 -0.03)
    (-0.20927035874 0.143969607619 -0.03)
    (0.0118182546518 0.0943260707438 0)
    (-0.20927035874 0.143969607619 0)
    (0.0264193703035 0.139656778822 -0.03)
    (-0.195434093012 0.216067881916 -0.03)
    (0.0264193703035 0.139656778822 0)
    (-0.195434093012 0.216067881916 0)
    (0.0465423229835 0.182820794569 -0.03)
    (-0.176775714854 0.28876656947 -0.03)
    (0.0465423229835 0.182820794569 0)
    (-0.176775714854 0.28876656947 0)
    (0.0718755874666 0.223148095625 -0.03)
    (-0.153595339704 0.362897486811 -0.03)
    (0.0718755874666 0.223148095625 0)
    (-0.153595339704 0.362897486811 0)
    (0.102025525785 0.260013344158 -0.03)
    (-0.125915374902 0.439679863905 -0.03)
    (0.102025525785 0.260013344158 0)
    (-0.125915374902 0.439679863905 0)
    (0.134443051457 0.29494340284 -0.03)
    (-0.0933679470988 0.520828200747 -0.03)
    (0.134443051457 0.29494340284 0)
    (-0.0933679470988 0.520828200747 0)
    (0.166860662508 0.329873382377 -0.03)
    (-0.0558352451149 0.607043652531 -0.03)
    (0.166860662508 0.329873382377 0)
    (-0.0558352451149 0.607043652531 0)
    (0.199278273559 0.364803361914 -0.03)
    (-0.0134533121775 0.698412282636 -0.03)
    (0.199278273559 0.364803361914 0)
    (-0.0134533121775 0.698412282636 0)
    (0.23169588461 0.399733341451 -0.03)
    (0.0336711439237 0.795112234074 -0.03)
    (0.23169588461 0.399733341451 0)
    (0.0336711439237 0.795112234074 0)
    (0.264113495661 0.434663320988 -0.03)
    (0.0854855581467 0.897407920724 -0.03)
    (0.264113495661 0.434663320988 0)
    (0.0854855581467 0.897407920724 0)
    (0.296531106712 0.469593300524 -0.03)
    (0.142002861923 1.00564408674 -0.03)
    (0.296531106712 0.469593300524 0)
    (0.142002861923 1.00564408674 0)
    (0.328948717763 0.504523280061 -0.03)
    (0.203305336925 1.12024228365 -0.03)
    (0.328948717763 0.504523280061 0)
    (0.203305336925 1.12024228365 0)
    (0.361366328814 0.539453259598 -0.03)
    (0.269545277128 1.24170059246 -0.03)
    (0.361366328814 0.539453259598 0)
    (0.269545277128 1.24170059246 0)
    (0.393783939866 0.574383239135 -0.03)
    (0.340945094437 1.37059667205 -0.03)
    (0.393783939866 0.574383239135 0)
    (0.340945094437 1.37059667205 0)
    (0.431901542427 0.6 -0.03)
    (0.431901542427 1.53257503586 -0.03)
    (0.431901542427 0.6 0)
    (0.431901542427 1.53257503586 0)
);

blocks
(
    hex (0 4 5 1 2 6 7 3) (4 48 1) simpleGrading (1 4 1)
    hex (4 8 9 5 6 10 11 7) (4 48 1) simpleGrading (1 4 1)
    hex (8 12 13 9 10 14 15 11) (4 48 1) simpleGrading (1 4 1)
    hex (12 16 17 13 14 18 19 15) (4 48 1) simpleGrading (1 4 1)
    hex (16 20 21 17 18 22 23 19) (4 48 1) simpleGrading (1 4 1)
    hex (20 24 25 21 22 26 27 23) (4 48 1) simpleGrading (1 4 1)
    hex (24 28 29 25 26 30 31 27) (4 48 1) simpleGrading (1 4 1)
    hex (28 32 33 29 30 34 35 31) (4 48 1) simpleGrading (1 4 1)
    hex (32 36 37 33 34 38 39 35) (4 48 1) simpleGrading (1 4 1)
    hex (36 40 41 37 38 42 43 39) (4 48 1) simpleGrading (1 4 1)
    hex (40 44 45 41 42 46 47 43) (4 48 1) simpleGrading (1 4 1)
    hex (44 48 49 45 46 50 51 47) (4 48 1) simpleGrading (1 4 1)
    hex (48 52 53 49 50 54 55 51) (4 48 1) simpleGrading (1 4 1)
    hex (52 56 57 53 54 58 59 55) (4 48 1) simpleGrading (1 4 1)
    hex (56 60 61 57 58 62 63 59) (4 48 1) simpleGrading (1 4 1)
    hex (60 64 65 61 62 66 67 63) (4 48 1) simpleGrading (1 4 1)
);

edges
(
    polyLine 0 4 ((1.03833589104e-06 0.000891059462474 -0.03) (4.15333792438e-06 0.00178211408514 -0.03) (9.34498918082e-06 0.0026731590282 -0.03) (1.66132614618e-05 0.00356418945194 -0.03) (2.59581152896e-05 0.00445520051669 -0.03) (3.73794999072e-05 0.00534618738291 -0.03) (5.08773532792e-05 0.00623714521118 -0.03) (6.64516020916e-05 0.00712806916225 -0.03) (8.41021617527e-05 0.00801895439703 -0.03) (0.000103828936393 0.00890979607666 -0.03) (0.000125631818866 0.00980058936251 -0.03) (0.000149510690748 0.0106913294162 -0.03) (0.000175465422342 0.0115820113997 -0.03) (0.000203495872672 0.0124726304752 -0.03) (0.000233601889492 0.0133631818053 -0.03) (0.00026578330928 0.014253660553 -0.03) (0.000300039957241 0.0151440618815 -0.03) (0.00033637164731 0.0160343809547 -0.03) (0.00037477818215 0.0169246129368 -0.03) (0.000415259353155 0.0178147529924 -0.03) (0.00045781494045 0.0187047962867 -0.03) (0.000502444712895 0.0195947379855 -0.03) (0.00054914842808 0.020484573255 -0.03) (0.000597925832335 0.021374297262 -0.03) (0.000648776660723 0.022263905174 -0.03) (0.000701700637046 0.023153392159 -0.03) (0.000756697473847 0.0240427533858 -0.03) (0.000813766872409 0.0249319840238 -0.03) (0.000872908522758 0.0258210792431 -0.03) (0.000934122103665 0.0267100342146 -0.03) (0.000997407282646 0.0275988441099 -0.03) (0.00106276371597 0.0284875041013 -0.03) (0.00113019104864 0.0293760093622 -0.03) (0.00119968891444 0.0302643550666 -0.03) (0.00127125693588 0.0311525363893 -0.03) (0.00134489472424 0.0320405485063 -0.03) (0.00142060187955 0.0329283865943 -0.03) (0.00149837799061 0.0338160458309 -0.03) (0.00157822263497 0.0347035213948 -0.03) (0.00166013537896 0.0355908084657 -0.03) (0.00174411577767 0.0364779022243 -0.03) (0.00183016337495 0.0373647978522 -0.03) (0.00191827770344 0.0382514905323 -0.03) (0.00200845828453 0.0391379754484 -0.03) (0.00210070462842 0.0400242477857 -0.03) (0.00219501623406 0.0409103027303 -0.03) (0.00229139258919 0.0417961354696 -0.03) (0.00238983317035 0.0426817411921 -0.03) (0.00249033744286 0.0435671150877 -0.03) (0.00259290486082 0.0444522523475 -0.03) (0.00269753486713 0.0453371481637 -0.03) (0.0028042268935 0.0462217977301 -0.03) (0.00291298036043 0.0471061962416 -0.03))
    polyLine 2 6 ((1.03833589104e-06 0.000891059462474 0) (4.15333792438e-06 0.00178211408514 0) (9.34498918082e-06 0.0026731590282 0) (1.66132614618e-05 0.00356418945194 0) (2.59581152896e-05 0.00445520051669 0) (3.73794999072e-05 0.00534618738291 0) (5.08773532792e-05 0.00623714521118 0) (6.64516020916e-05 0.00712806916225 0) (8.41021617527e-05 0.00801895439703 0) (0.000103828936393 0.00890979607666 0) (0.000125631818866 0.00980058936251 0) (0.000149510690748 0.0106913294162 0) (0.000175465422342 0.0115820113997 0) (0.000203495872672 0.0124726304752 0) (0.000233601889492 0.0133631818053 0) (0.00026578330928 0.014253660553 0) (0.000300039957241 0.0151440618815 0) (0.00033637164731 0.0160343809547 0) (0.00037477818215 0.0169246129368 0) (0.000415259353155 0.0178147529924 0) (0.00045781494045 0.0187047962867 0) (0.000502444712895 0.0195947379855 0) (0.00054914842808 0.020484573255 0) (0.000597925832335 0.021374297262 0) (0.000648776660723 0.022263905174 0) (0.000701700637046 0.023153392159 0) (0.000756697473847 0.0240427533858 0) (0.000813766872409 0.0249319840238 0) (0.000872908522758 0.0258210792431 0) (0.000934122103665 0.0267100342146 0) (0.000997407282646 0.0275988441099 0) (0.00106276371597 0.0284875041013 0) (0.00113019104864 0.0293760093622 0) (0.00119968891444 0.0302643550666 0) (0.00127125693588 0.0311525363893 0) (0.00134489472424 0.0320405485063 0) (0.00142060187955 0.0329283865943 0) (0.00149837799061 0.0338160458309 0) (0.00157822263497 0.0347035213948 0) (0.00166013537896 0.0355908084657 0) (0.00174411577767 0.0364779022243 0) (0.00183016337495 0.0373647978522 0) (0.00191827770344 0.0382514905323 0) (0.00200845828453 0.0391379754484 0) (0.00210070462842 0.0400242477857 0) (0.00219501623406 0.0409103027303 0) (0.00229139258919 0.0417961354696 0) (0.00238983317035 0.0426817411921 0) (0.00249033744286 0.0435671150877 0) (0.00259290486082 0.0444522523475 0) (0.00269753486713 0.0453371481637 0) (0.0028042268935 0.0462217977301 0) (0.00291298036043 0.0471061962416 0))
    polyLine 1 5 ((-0.220746811835 0.00300119941245 -0.03) (-0.220731573226 0.00600238560292 -0.03) (-0.220706177472 0.00900354537773 -0.03) (-0.220670627459 0.0120046655997 -0.03) (-0.220624927224 0.0150057332166 -0.03) (-0.220569081953 0.0180067352887 -0.03) (-0.220503097972 0.0210076590174 -0.03) (-0.220426982743 0.0240084917728 -0.03) (-0.220340744858 0.0270092211216 -0.03) (-0.220244394026 0.0300098348541 -0.03) (-0.22013794107 0.0330103210123 -0.03) (-0.220021397911 0.0360106679161 -0.03) (-0.219894777558 0.0390108641909 -0.03) (-0.219758094099 0.0420108987934 -0.03) (-0.219611362681 0.0450107610383 -0.03) (-0.219454599502 0.0480104406237 -0.03) (-0.21928782179 0.0510099276571 -0.03) (-0.219111047792 0.0540092126799 -0.03) (-0.218924296751 0.0570082866925 -0.03) (-0.218727588893 0.0600071411786 -0.03) (-0.218520945404 0.0630057681287 -0.03) (-0.218304388414 0.0660041600639 -0.03) (-0.218077940971 0.0690023100584 -0.03))
    polyLine 3 7 ((-0.220746811835 0.00300119941245 0) (-0.220731573226 0.00600238560292 0) (-0.220706177472 0.00900354537773 0) (-0.220670627459 0.0120046655997 0) (-0.220624927224 0.0150057332166 0) (-0.220569081953 0.0180067352887 0) (-0.220503097972 0.0210076590174 0) (-0.220426982743 0.0240084917728 0) (-0.220340744858 0.0270092211216 0) (-0.220244394026 0.0300098348541 0) (-0.22013794107 0.0330103210123 0) (-0.220021397911 0.0360106679161 0) (-0.219894777558 0.0390108641909 0) (-0.219758094099 0.0420108987934 0) (-0.219611362681 0.0450107610383 0) (-0.219454599502 0.0480104406237 0) (-0.21928782179 0.0510099276571 0) (-0.219111047792 0.0540092126799 0) (-0.218924296751 0.0570082866925 0) (-0.218727588893 0.0600071411786 0) (-0.218520945404 0.0630057681287 0) (-0.218304388414 0.0660041600639 0) (-0.218077940971 0.0690023100584 0))
    polyLine 4 8 ((0.00302379467721 0.0479903388947 -0.03) (0.00313666924195 0.0488742208871 -0.03) (0.00325160344159 0.0497578374179 -0.03) (0.00336859665184 0.0506411836878 -0.03) (0.00348764823725 0.0515242548989 -0.03) (0.0036087575512 0.0524070462547 -0.03) (0.00373192393588 0.0532895529603 -0.03) (0.0038571467223 0.0541717702225 -0.03) (0.00398442523032 0.0550536932493 -0.03) (0.00411375876861 0.0559353172506 -0.03) (0.00424514663471 0.0568166374378 -0.03) (0.00437858811496 0.0576976490241 -0.03) (0.00451408248459 0.0585783472242 -0.03) (0.00465162900765 0.0594587272545 -0.03) (0.00479122693706 0.0603387843333 -0.03) (0.00493287551458 0.0612185136804 -0.03) (0.00507657397084 0.0620979105178 -0.03) (0.00522232152536 0.0629769700687 -0.03) (0.00537011738648 0.0638556875587 -0.03) (0.00551996075146 0.064734058215 -0.03) (0.00567185080642 0.0656120772666 -0.03) (0.00582578672637 0.0664897399446 -0.03) (0.00598176767519 0.0673670414819 -0.03) (0.00613979280567 0.0682439771135 -0.03) (0.0062998612595 0.0691205420763 -0.03) (0.00646197216726 0.0699967316091 -0.03) (0.00662612464845 0.0708725409529 -0.03) (0.00679231781145 0.0717479653508 -0.03) (0.00696055075359 0.0726230000478 -0.03) (0.00713082256111 0.0734976402912 -0.03) (0.00730313230918 0.0743718813303 -0.03) (0.00747747906188 0.0752457184167 -0.03) (0.00765386187225 0.0761191468042 -0.03) (0.00783227978227 0.0769921617486 -0.03) (0.00801273182284 0.0778647585082 -0.03) (0.00819521701385 0.0787369323435 -0.03) (0.00837973436411 0.0796086785171 -0.03) (0.00856628287143 0.0804799922942 -0.03) (0.00875486152254 0.0813508689423 -0.03) (0.0089454692932 0.0822213037311 -0.03) (0.00913810514809 0.0830912919329 -0.03) (0.00933276804093 0.0839608288222 -0.03) (0.00952945691439 0.0848299096763 -0.03) (0.00972817070014 0.0856985297746 -0.03) (0.00992890831888 0.0865666843992 -0.03) (0.0101316686803 0.0874343688347 -0.03) (0.0103364506831 0.0883015783683 -0.03) (0.010543253215 0.0891683082897 -0.03) (0.0107520751527 0.0900345538912 -0.03) (0.010962915362 0.0909003104678 -0.03) (0.0111757726978 0.0917655733171 -0.03) (0.0113906460039 0.0926303377394 -0.03) (0.0116075341132 0.0934945990378 -0.03))
    polyLine 6 10 ((0.00302379467721 0.0479903388947 0) (0.00313666924195 0.0488742208871 0) (0.00325160344159 0.0497578374179 0) (0.00336859665184 0.0506411836878 0) (0.00348764823725 0.0515242548989 0) (0.0036087575512 0.0524070462547 0) (0.00373192393588 0.0532895529603 0) (0.0038571467223 0.0541717702225 0) (0.00398442523032 0.0550536932493 0) (0.00411375876861 0.0559353172506 0) (0.00424514663471 0.0568166374378 0) (0.00437858811496 0.0576976490241 0) (0.00451408248459 0.0585783472242 0) (0.00465162900765 0.0594587272545 0) (0.00479122693706 0.0603387843333 0) (0.00493287551458 0.0612185136804 0) (0.00507657397084 0.0620979105178 0) (0.00522232152536 0.0629769700687 0) (0.00537011738648 0.0638556875587 0) (0.00551996075146 0.064734058215 0) (0.00567185080642 0.0656120772666 0) (0.00582578672637 0.0664897399446 0) (0.00598176767519 0.0673670414819 0) (0.00613979280567 0.0682439771135 0) (0.0062998612595 0.0691205420763 0) (0.00646197216726 0.0699967316091 0) (0.00662612464845 0.0708725409529 0) (0.00679231781145 0.0717479653508 0) (0.00696055075359 0.0726230000478 0) (0.00713082256111 0.0734976402912 0) (0.00730313230918 0.0743718813303 0) (0.00747747906188 0.0752457184167 0) (0.00765386187225 0.0761191468042 0) (0.00783227978227 0.0769921617486 0) (0.00801273182284 0.0778647585082 0) (0.00819521701385 0.0787369323435 0) (0.00837973436411 0.0796086785171 0) (0.00856628287143 0.0804799922942 0) (0.00875486152254 0.0813508689423 0) (0.0089454692932 0.0822213037311 0) (0.00913810514809 0.0830912919329 0) (0.00933276804093 0.0839608288222 0) (0.00952945691439 0.0848299096763 0) (0.00972817070014 0.0856985297746 0) (0.00992890831888 0.0865666843992 0) (0.0101316686803 0.0874343688347 0) (0.0103364506831 0.0883015783683 0) (0.010543253215 0.0891683082897 0) (0.0107520751527 0.0900345538912 0) (0.010962915362 0.0909003104678 0) (0.0111757726978 0.0917655733171 0) (0.0113906460039 0.0926303377394 0) (0.0116075341132 0.0934945990378 0))
    polyLine 5 9 ((-0.217595126276 0.0750019798935 -0.03) (-0.217338782564 0.0780034881287 -0.03) (-0.217072622519 0.0810047319569 -0.03) (-0.216796673578 0.0840057075312 -0.03) (-0.216510963967 0.0870064116883 -0.03) (-0.216215522673 0.0900068419681 -0.03) (-0.215910379421 0.0930069966323 -0.03) (-0.215595564643 0.0960068746828 -0.03) (-0.215271109458 0.0990064758789 -0.03) (-0.214937045637 0.102005800755 -0.03) (-0.214593405581 0.105004850635 -0.03) (-0.214240222294 0.108003627652 -0.03) (-0.21387752935 0.11100213476 -0.03) (-0.213505360866 0.114000375749 -0.03) (-0.213123751478 0.116998355261 -0.03) (-0.212732736305 0.119996078801 -0.03) (-0.212332350927 0.122993552752 -0.03) (-0.21192263135 0.125990784386 -0.03) (-0.211503613981 0.128987781876 -0.03) (-0.211075335596 0.131984554306 -0.03) (-0.210637833312 0.134981111684 -0.03) (-0.210191144558 0.137977464949 -0.03) (-0.209735307046 0.140973625984 -0.03))
    polyLine 7 11 ((-0.217595126276 0.0750019798935 0) (-0.217338782564 0.0780034881287 0) (-0.217072622519 0.0810047319569 0) (-0.216796673578 0.0840057075312 0) (-0.216510963967 0.0870064116883 0) (-0.216215522673 0.0900068419681 0) (-0.215910379421 0.0930069966323 0) (-0.215595564643 0.0960068746828 0) (-0.215271109458 0.0990064758789 0) (-0.214937045637 0.102005800755 0) (-0.214593405581 0.105004850635 0) (-0.214240222294 0.108003627652 0) (-0.21387752935 0.11100213476 0) (-0.213505360866 0.114000375749 0) (-0.213123751478 0.116998355261 0) (-0.212732736305 0.119996078801 0) (-0.212332350927 0.122993552752 0) (-0.21192263135 0.125990784386 0) (-0.211503613981 0.128987781876 0) (-0.211075335596 0.131984554306 0) (-0.210637833312 0.134981111684 0) (-0.210191144558 0.137977464949 0) (-0.209735307046 0.140973625984 0))
    polyLine 8 12 ((0.0118264358476 0.0943583525179 -0.03) (0.0120473500183 0.0952215934884 -0.03) (0.0122702754252 0.0960843172603 -0.03) (0.0124952108577 0.096946519148 -0.03) (0.0127221550938 0.0978081944682 -0.03) (0.0129511069011 0.0986693385408 -0.03) (0.0131820650359 0.0995299466884 -0.03) (0.0134150282437 0.100390014237 -0.03) (0.0136499952593 0.101249536514 -0.03) (0.0138869648064 0.102108508852 -0.03) (0.0141259355978 0.102966926585 -0.03) (0.0143669063357 0.103824785051 -0.03) (0.0146098757111 0.10468207959 -0.03) (0.0148548424045 0.105538805546 -0.03) (0.0151018050851 0.106394958265 -0.03) (0.0153507624118 0.107250533097 -0.03) (0.0156017130321 0.108105525395 -0.03) (0.0158546555832 0.108959930515 -0.03) (0.016109588691 0.109813743817 -0.03) (0.0163665109711 0.110666960663 -0.03) (0.0166254210278 0.111519576418 -0.03) (0.0168863174549 0.112371586452 -0.03) (0.0171491988353 0.113222986137 -0.03) (0.0174140637412 0.114073770849 -0.03) (0.017680910734 0.114923935966 -0.03) (0.0179497383643 0.115773476871 -0.03) (0.0182205451718 0.116622388949 -0.03) (0.0184933296859 0.11747066759 -0.03) (0.0187680904247 0.118318308186 -0.03) (0.019044825896 0.119165306133 -0.03) (0.0193235345966 0.120011656831 -0.03) (0.0196042150127 0.120857355683 -0.03) (0.0198868656199 0.121702398095 -0.03) (0.0201714848828 0.122546779477 -0.03) (0.0204580712556 0.123390495244 -0.03) (0.0207466231816 0.124233540812 -0.03) (0.0210371390937 0.125075911603 -0.03) (0.0213296174137 0.12591760304 -0.03) (0.0216240565533 0.126758610553 -0.03) (0.021920454913 0.127598929574 -0.03) (0.0222188108829 0.128438555537 -0.03) (0.0225191228427 0.129277483884 -0.03) (0.022821389161 0.130115710057 -0.03) (0.0231256081962 0.130953229503 -0.03) (0.0234317782959 0.131790037673 -0.03) (0.0237398977971 0.132626130022 -0.03) (0.0240499650262 0.13346150201 -0.03) (0.0243619782991 0.134296149098 -0.03) (0.0246759359211 0.135130066753 -0.03) (0.0249918361869 0.135963250445 -0.03) (0.0253096773808 0.13679569565 -0.03) (0.0256294577762 0.137627397846 -0.03) (0.0259511756365 0.138458352515 -0.03) (0.026274829214 0.139288555145 -0.03))
    polyLine 10 14 ((0.0118264358476 0.0943583525179 0) (0.0120473500183 0.0952215934884 0) (0.0122702754252 0.0960843172603 0) (0.0124952108577 0.096946519148 0) (0.0127221550938 0.0978081944682 0) (0.0129511069011 0.0986693385408 0) (0.0131820650359 0.0995299466884 0) (0.0134150282437 0.100390014237 0) (0.0136499952593 0.101249536514 0) (0.0138869648064 0.102108508852 0) (0.0141259355978 0.102966926585 0) (0.0143669063357 0.103824785051 0) (0.0146098757111 0.10468207959 0) (0.0148548424045 0.105538805546 0) (0.0151018050851 0.106394958265 0) (0.0153507624118 0.107250533097 0) (0.0156017130321 0.108105525395 0) (0.0158546555832 0.108959930515 0) (0.016109588691 0.109813743817 0) (0.0163665109711 0.110666960663 0) (0.0166254210278 0.111519576418 0) (0.0168863174549 0.112371586452 0) (0.0171491988353 0.113222986137 0) (0.0174140637412 0.114073770849 0) (0.017680910734 0.114923935966 0) (0.0179497383643 0.115773476871 0) (0.0182205451718 0.116622388949 0) (0.0184933296859 0.11747066759 0) (0.0187680904247 0.118318308186 0) (0.019044825896 0.119165306133 0) (0.0193235345966 0.120011656831 0) (0.0196042150127 0.120857355683 0) (0.0198868656199 0.121702398095 0) (0.0201714848828 0.122546779477 0) (0.0204580712556 0.123390495244 0) (0.0207466231816 0.124233540812 0) (0.0210371390937 0.125075911603 0) (0.0213296174137 0.12591760304 0) (0.0216240565533 0.126758610553 0) (0.021920454913 0.127598929574 0) (0.0222188108829 0.128438555537 0) (0.0225191228427 0.129277483884 0) (0.022821389161 0.130115710057 0) (0.0231256081962 0.130953229503 0) (0.0234317782959 0.131790037673 0) (0.0237398977971 0.132626130022 0) (0.0240499650262 0.13346150201 0) (0.0243619782991 0.134296149098 0) (0.0246759359211 0.135130066753 0) (0.0249918361869 0.135963250445 0) (0.0253096773808 0.13679569565 0) (0.0256294577762 0.137627397846 0) (0.0259511756365 0.138458352515 0) (0.026274829214 0.139288555145 0))
    polyLine 9 13 ((-0.208795022054 0.14697366032 -0.03) (-0.208310601505 0.149977561384 -0.03) (-0.207817135965 0.152981326678 -0.03) (-0.20731466444 0.155984973059 -0.03) (-0.20680322605 0.158988518384 -0.03) (-0.206282859996 0.161991981513 -0.03) (-0.20575360553 0.164995382316 -0.03) (-0.205215501933 0.167998741678 -0.03) (-0.204668588479 0.171002081499 -0.03) (-0.204112904416 0.174005424707 -0.03) (-0.203548488931 0.177008795252 -0.03) (-0.202975381129 0.180012218116 -0.03) (-0.202393620003 0.183015719315 -0.03) (-0.20180324441 0.186019325896 -0.03) (-0.201204293043 0.189023065946 -0.03) (-0.20059680441 0.19202696859 -0.03) (-0.199980816802 0.195031063995 -0.03) (-0.199356368275 0.198035383367 -0.03) (-0.198723496623 0.201039958956 -0.03) (-0.198082239355 0.204044824054 -0.03) (-0.19743263367 0.207050012998 -0.03) (-0.196774716437 0.210055561167 -0.03) (-0.196108524171 0.213061504985 -0.03))
    polyLine 11 15 ((-0.208795022054 0.14697366032 0) (-0.208310601505 0.149977561384 0) (-0.207817135965 0.152981326678 0) (-0.20731466444 0.155984973059 0) (-0.20680322605 0.158988518384 0) (-0.206282859996 0.161991981513 0) (-0.20575360553 0.164995382316 0) (-0.205215501933 0.167998741678 0) (-0.204668588479 0.171002081499 0) (-0.204112904416 0.174005424707 0) (-0.203548488931 0.177008795252 0) (-0.202975381129 0.180012218116 0) (-0.202393620003 0.183015719315 0) (-0.20180324441 0.186019325896 0) (-0.201204293043 0.189023065946 0) (-0.20059680441 0.19202696859 0) (-0.199980816802 0.195031063995 0) (-0.199356368275 0.198035383367 0) (-0.198723496623 0.201039958956 0) (-0.198082239355 0.204044824054 0) (-0.19743263367 0.207050012998 0) (-0.196774716437 0.210055561167 0) (-0.196108524171 0.213061504985 0))
    polyLine 12 16 ((0.026600416751 0.140118001224 -0.03) (0.0269279364789 0.14094668625 -0.03) (0.0272573866188 0.14177460572 -0.03) (0.0275887653814 0.142601755138 -0.03) (0.0279220709667 0.143428130011 -0.03) (0.0282573015643 0.144253725851 -0.03) (0.0285944553535 0.145078538172 -0.03) (0.028933530503 0.145902562497 -0.03) (0.0292745251711 0.146725794347 -0.03) (0.0296174375056 0.147548229253 -0.03) (0.0299622656441 0.148369862748 -0.03) (0.0303090077136 0.149190690367 -0.03) (0.0306576618308 0.150010707654 -0.03) (0.0310082261018 0.150829910154 -0.03) (0.0313606986228 0.151648293417 -0.03) (0.031715077479 0.152465852999 -0.03) (0.0320713607459 0.153282584459 -0.03) (0.0324295464881 0.154098483361 -0.03) (0.0327896327602 0.154913545273 -0.03) (0.0331516176065 0.155727765768 -0.03) (0.0335154990606 0.156541140424 -0.03) (0.0338812751463 0.157353664823 -0.03) (0.0342489438768 0.158165334552 -0.03) (0.0346185032551 0.158976145201 -0.03) (0.0349899512739 0.159786092368 -0.03) (0.0353632859157 0.160595171653 -0.03) (0.0357385051527 0.161403378661 -0.03) (0.0361156069469 0.162210709003 -0.03) (0.0364945892501 0.163017158293 -0.03) (0.0368754500039 0.163822722151 -0.03) (0.0372581871394 0.164627396203 -0.03) (0.037642798578 0.165431176076 -0.03) (0.0380292822306 0.166234057406 -0.03) (0.038417635998 0.167036035832 -0.03) (0.0388078577708 0.167837106997 -0.03) (0.0391999454296 0.168637266551 -0.03) (0.0395938968447 0.169436510147 -0.03) (0.0399897098763 0.170234833445 -0.03) (0.0403873823746 0.171032232108 -0.03) (0.0407869121797 0.171828701806 -0.03) (0.0411882971214 0.172624238211 -0.03) (0.0415915350196 0.173418837004 -0.03) (0.0419966236841 0.174212493868 -0.03) (0.0424035609148 0.175005204492 -0.03) (0.0428123445012 0.175796964571 -0.03) (0.0432229722231 0.176587769805 -0.03) (0.0436354418502 0.177377615898 -0.03) (0.044049751142 0.17816649856 -0.03) (0.0444658978483 0.178954413506 -0.03) (0.0448838797088 0.179741356457 -0.03) (0.0453036944531 0.180527323139 -0.03) (0.0457253398011 0.181312309282 -0.03) (0.0461488134626 0.182096310622 -0.03))
    polyLine 14 18 ((0.026600416751 0.140118001224 0) (0.0269279364789 0.14094668625 0) (0.0272573866188 0.14177460572 0) (0.0275887653814 0.142601755138 0) (0.0279220709667 0.143428130011 0) (0.0282573015643 0.144253725851 0) (0.0285944553535 0.145078538172 0) (0.028933530503 0.145902562497 0) (0.0292745251711 0.146725794347 0) (0.0296174375056 0.147548229253 0) (0.0299622656441 0.148369862748 0) (0.0303090077136 0.149190690367 0) (0.0306576618308 0.150010707654 0) (0.0310082261018 0.150829910154 0) (0.0313606986228 0.151648293417 0) (0.031715077479 0.152465852999 0) (0.0320713607459 0.153282584459 0) (0.0324295464881 0.154098483361 0) (0.0327896327602 0.154913545273 0) (0.0331516176065 0.155727765768 0) (0.0335154990606 0.156541140424 0) (0.0338812751463 0.157353664823 0) (0.0342489438768 0.158165334552 0) (0.0346185032551 0.158976145201 0) (0.0349899512739 0.159786092368 0) (0.0353632859157 0.160595171653 0) (0.0357385051527 0.161403378661 0) (0.0361156069469 0.162210709003 0) (0.0364945892501 0.163017158293 0) (0.0368754500039 0.163822722151 0) (0.0372581871394 0.164627396203 0) (0.037642798578 0.165431176076 0) (0.0380292822306 0.166234057406 0) (0.038417635998 0.167036035832 0) (0.0388078577708 0.167837106997 0) (0.0391999454296 0.168637266551 0) (0.0395938968447 0.169436510147 0) (0.0399897098763 0.170234833445 0) (0.0403873823746 0.171032232108 0) (0.0407869121797 0.171828701806 0) (0.0411882971214 0.172624238211 0) (0.0415915350196 0.173418837004 0) (0.0419966236841 0.174212493868 0) (0.0424035609148 0.175005204492 0) (0.0428123445012 0.175796964571 0) (0.0432229722231 0.176587769805 0) (0.0436354418502 0.177377615898 0) (0.044049751142 0.17816649856 0) (0.0444658978483 0.178954413506 0) (0.0448838797088 0.179741356457 0) (0.0453036944531 0.180527323139 0) (0.0457253398011 0.181312309282 0) (0.0461488134626 0.182096310622 0))
    polyLine 13 17 ((-0.194748626295 0.219087132997 -0.03) (-0.194054924383 0.222106899644 -0.03) (-0.193353022591 0.225127222958 -0.03) (-0.192642955771 0.228148145098 -0.03) (-0.191924758285 0.231169709281 -0.03) (-0.191198463991 0.234191959775 -0.03) (-0.190464106222 0.237214941905 -0.03) (-0.189721717767 0.240238702046 -0.03) (-0.188971330854 0.243263287624 -0.03) (-0.188212977131 0.246288747115 -0.03) (-0.18744668765 0.249315130039 -0.03) (-0.186672492849 0.252342486967 -0.03) (-0.185890422537 0.255370869509 -0.03) (-0.185100505876 0.25840033032 -0.03) (-0.184302771371 0.261430923095 -0.03) (-0.183497246846 0.264462702569 -0.03) (-0.182683959438 0.267495724515 -0.03) (-0.181862935577 0.27053004574 -0.03) (-0.181034200976 0.273565724088 -0.03) (-0.180197780617 0.276602818437 -0.03) (-0.179353698733 0.279641388694 -0.03) (-0.178501978803 0.2826814958 -0.03) (-0.177642643534 0.285723201725 -0.03))
    polyLine 15 19 ((-0.194748626295 0.219087132997 0) (-0.194054924383 0.222106899644 0) (-0.193353022591 0.225127222958 0) (-0.192642955771 0.228148145098 0) (-0.191924758285 0.231169709281 0) (-0.191198463991 0.234191959775 0) (-0.190464106222 0.237214941905 0) (-0.189721717767 0.240238702046 0) (-0.188971330854 0.243263287624 0) (-0.188212977131 0.246288747115 0) (-0.18744668765 0.249315130039 0) (-0.186672492849 0.252342486967 0) (-0.185890422537 0.255370869509 0) (-0.185100505876 0.25840033032 0) (-0.184302771371 0.261430923095 0) (-0.183497246846 0.264462702569 0) (-0.182683959438 0.267495724515 0) (-0.181862935577 0.27053004574 0) (-0.181034200976 0.273565724088 0) (-0.180197780617 0.276602818437 0) (-0.179353698733 0.279641388694 0) (-0.178501978803 0.2826814958 0) (-0.177642643534 0.285723201725 0))
    polyLine 16 20 ((0.0465741131374 0.182879322902 -0.03) (0.0470012365156 0.183661341868 -0.03) (0.0474301812771 0.184442363273 -0.03) (0.0478609450923 0.185222382875 -0.03) (0.0482935256213 0.186001396437 -0.03) (0.0487279205146 0.186779399728 -0.03) (0.0491641274128 0.187556388522 -0.03) (0.0496021439466 0.188332358599 -0.03) (0.050041967737 0.189107305743 -0.03) (0.0504835963949 0.189881225747 -0.03) (0.0509270275217 0.190654114406 -0.03) (0.0513722587088 0.191425967523 -0.03) (0.0518192875381 0.192196780905 -0.03) (0.0522681115814 0.192966550365 -0.03) (0.0527187284009 0.193735271723 -0.03) (0.0531711355492 0.194502940803 -0.03) (0.0536253305689 0.195269553435 -0.03) (0.054081310993 0.196035105456 -0.03) (0.054539074345 0.196799592707 -0.03) (0.0549986181384 0.197563011036 -0.03) (0.0554599398773 0.198325356298 -0.03) (0.0559230370559 0.19908662435 -0.03) (0.0563879071589 0.199846811058 -0.03) (0.0568545476614 0.200605912293 -0.03) (0.0573229560288 0.201363923932 -0.03) (0.0577931297169 0.202120841858 -0.03) (0.058265066172 0.20287666196 -0.03) (0.0587387628307 0.203631380132 -0.03) (0.0592142171202 0.204384992275 -0.03) (0.0596914264579 0.205137494296 -0.03) (0.060170388252 0.205888882108 -0.03) (0.0606510999009 0.206639151629 -0.03) (0.0611335587937 0.207388298785 -0.03) (0.0616177623098 0.208136319505 -0.03) (0.0621037078192 0.208883209729 -0.03) (0.0625913926827 0.209628965398 -0.03) (0.0630808142512 0.210373582462 -0.03) (0.0635719698665 0.211117056877 -0.03) (0.0640648568609 0.211859384604 -0.03) (0.0645594725571 0.212600561611 -0.03) (0.0650558142688 0.213340583874 -0.03) (0.0655538793 0.214079447372 -0.03) (0.0660536649455 0.214817148092 -0.03) (0.0665551684907 0.215553682027 -0.03) (0.0670583872116 0.216289045178 -0.03) (0.0675633183749 0.217023233549 -0.03) (0.0680699592383 0.217756243152 -0.03) (0.0685783070497 0.218488070008 -0.03) (0.0690883590482 0.21921871014 -0.03) (0.0696001124633 0.21994815958 -0.03) (0.0701135645154 0.220676414367 -0.03) (0.0706287124158 0.221403470544 -0.03) (0.0711455533664 0.222129324162 -0.03) (0.0716640845599 0.22285397128 -0.03))
    polyLine 18 22 ((0.0465741131374 0.182879322902 0) (0.0470012365156 0.183661341868 0) (0.0474301812771 0.184442363273 0) (0.0478609450923 0.185222382875 0) (0.0482935256213 0.186001396437 0) (0.0487279205146 0.186779399728 0) (0.0491641274128 0.187556388522 0) (0.0496021439466 0.188332358599 0) (0.050041967737 0.189107305743 0) (0.0504835963949 0.189881225747 0) (0.0509270275217 0.190654114406 0) (0.0513722587088 0.191425967523 0) (0.0518192875381 0.192196780905 0) (0.0522681115814 0.192966550365 0) (0.0527187284009 0.193735271723 0) (0.0531711355492 0.194502940803 0) (0.0536253305689 0.195269553435 0) (0.054081310993 0.196035105456 0) (0.054539074345 0.196799592707 0) (0.0549986181384 0.197563011036 0) (0.0554599398773 0.198325356298 0) (0.0559230370559 0.19908662435 0) (0.0563879071589 0.199846811058 0) (0.0568545476614 0.200605912293 0) (0.0573229560288 0.201363923932 0) (0.0577931297169 0.202120841858 0) (0.058265066172 0.20287666196 0) (0.0587387628307 0.203631380132 0) (0.0592142171202 0.204384992275 0) (0.0596914264579 0.205137494296 0) (0.060170388252 0.205888882108 0) (0.0606510999009 0.206639151629 0) (0.0611335587937 0.207388298785 0) (0.0616177623098 0.208136319505 0) (0.0621037078192 0.208883209729 0) (0.0625913926827 0.209628965398 0) (0.0630808142512 0.210373582462 0) (0.0635719698665 0.211117056877 0) (0.0640648568609 0.211859384604 0) (0.0645594725571 0.212600561611 0) (0.0650558142688 0.213340583874 0) (0.0655538793 0.214079447372 0) (0.0660536649455 0.214817148092 0) (0.0665551684907 0.215553682027 0) (0.0670583872116 0.216289045178 0) (0.0675633183749 0.217023233549 0) (0.0680699592383 0.217756243152 0) (0.0685783070497 0.218488070008 0) (0.0690883590482 0.21921871014 0) (0.0696001124633 0.21994815958 0) (0.0701135645154 0.220676414367 0) (0.0706287124158 0.221403470544 0) (0.0711455533664 0.222129324162 0) (0.0716640845599 0.22285397128 0))
    polyLine 17 21 ((-0.175896388111 0.291828399071 -0.03) (-0.17500942631 0.294892039674 -0.03) (-0.174114849281 0.297957558467 -0.03) (-0.173212676007 0.301025023687 -0.03) (-0.172302924616 0.304094504622 -0.03) (-0.171385612373 0.307166071608 -0.03) (-0.170460755664 0.310239796033 -0.03) (-0.169528369991 0.313315750336 -0.03) (-0.168588469962 0.316394008006 -0.03) (-0.167641069279 0.319474643587 -0.03) (-0.166686180732 0.322557732675 -0.03) (-0.165723816189 0.325643351921 -0.03) (-0.164753986588 0.328731579035 -0.03) (-0.163776701928 0.331822492784 -0.03) (-0.162791971259 0.334916172998 -0.03) (-0.16179980268 0.33801270057 -0.03) (-0.160800203323 0.34111215746 -0.03) (-0.159793179354 0.344214626697 -0.03) (-0.158778735958 0.347320192384 -0.03) (-0.157756877335 0.350428939702 -0.03) (-0.156727606693 0.353540954911 -0.03) (-0.155690926242 0.356656325359 -0.03) (-0.154646837183 0.359775139481 -0.03))
    polyLine 19 23 ((-0.175896388111 0.291828399071 0) (-0.17500942631 0.294892039674 0) (-0.174114849281 0.297957558467 0) (-0.173212676007 0.301025023687 0) (-0.172302924616 0.304094504622 0) (-0.171385612373 0.307166071608 0) (-0.170460755664 0.310239796033 0) (-0.169528369991 0.313315750336 0) (-0.168588469962 0.316394008006 0) (-0.167641069279 0.319474643587 0) (-0.166686180732 0.322557732675 0) (-0.165723816189 0.325643351921 0) (-0.164753986588 0.328731579035 0) (-0.163776701928 0.331822492784 0) (-0.162791971259 0.334916172998 0) (-0.16179980268 0.33801270057 0) (-0.160800203323 0.34111215746 0) (-0.159793179354 0.344214626697 0) (-0.158778735958 0.347320192384 0) (-0.157756877335 0.350428939702 0) (-0.156727606693 0.353540954911 0) (-0.155690926242 0.356656325359 0) (-0.154646837183 0.359775139481 0))
    polyLine 20 24 ((0.0721843031799 0.223577407961 -0.03) (0.0727062064009 0.224299630275 -0.03) (0.0732297913882 0.225020634301 -0.03) (0.0737550552977 0.225740416122 -0.03) (0.0742819952767 0.226458971827 -0.03) (0.074810608463 0.227176297516 -0.03) (0.0753408919853 0.22789238929 -0.03) (0.0758728429635 0.228607243262 -0.03) (0.0764064585083 0.229320855547 -0.03) (0.0769417357213 0.230033222271 -0.03) (0.0774786716952 0.230744339564 -0.03) (0.0780172635135 0.231454203563 -0.03) (0.0785575082509 0.232162810413 -0.03) (0.079099402973 0.232870156264 -0.03) (0.0796429447365 0.233576237276 -0.03) (0.0801881305892 0.234281049613 -0.03) (0.0807349575699 0.234984589446 -0.03) (0.0812834227084 0.235686852954 -0.03) (0.0818335230258 0.236387836324 -0.03) (0.0823852555342 0.237087535748 -0.03) (0.0829386172368 0.237785947424 -0.03) (0.0834936051281 0.23848306756 -0.03) (0.0840502161935 0.23917889237 -0.03) (0.0846084474099 0.239873418073 -0.03) (0.0851682957452 0.240566640899 -0.03) (0.0857297581586 0.24125855708 -0.03) (0.0862928316004 0.24194916286 -0.03) (0.0868575130124 0.242638454486 -0.03) (0.0874237993275 0.243326428216 -0.03) (0.0879916874698 0.244013080313 -0.03) (0.0885611743548 0.244698407046 -0.03) (0.0891322568895 0.245382404694 -0.03) (0.0897049319718 0.246065069542 -0.03) (0.0902791964914 0.246746397881 -0.03) (0.0908550473291 0.24742638601 -0.03) (0.0914324813571 0.248105030238 -0.03) (0.0920114954391 0.248782326876 -0.03) (0.0925920864302 0.249458272247 -0.03) (0.0931742511769 0.25013286268 -0.03) (0.0937579865171 0.250806094509 -0.03) (0.0943432892802 0.251477964079 -0.03) (0.0949301562873 0.252148467741 -0.03) (0.0955185843506 0.252817601851 -0.03) (0.0961085702742 0.253485362777 -0.03) (0.0967001108534 0.254151746891 -0.03) (0.0972932028754 0.254816750573 -0.03) (0.0978878431188 0.255480370212 -0.03) (0.0984840283537 0.256142602202 -0.03) (0.0990817553419 0.256803442948 -0.03) (0.0996810208369 0.25746288886 -0.03) (0.100281821584 0.258120936355 -0.03) (0.100884154319 0.25877758186 -0.03) (0.101488015772 0.259432821809 -0.03))
    polyLine 22 26 ((0.0721843031799 0.223577407961 0) (0.0727062064009 0.224299630275 0) (0.0732297913882 0.225020634301 0) (0.0737550552977 0.225740416122 0) (0.0742819952767 0.226458971827 0) (0.074810608463 0.227176297516 0) (0.0753408919853 0.22789238929 0) (0.0758728429635 0.228607243262 0) (0.0764064585083 0.229320855547 0) (0.0769417357213 0.230033222271 0) (0.0774786716952 0.230744339564 0) (0.0780172635135 0.231454203563 0) (0.0785575082509 0.232162810413 0) (0.079099402973 0.232870156264 0) (0.0796429447365 0.233576237276 0) (0.0801881305892 0.234281049613 0) (0.0807349575699 0.234984589446 0) (0.0812834227084 0.235686852954 0) (0.0818335230258 0.236387836324 0) (0.0823852555342 0.237087535748 0) (0.0829386172368 0.237785947424 0) (0.0834936051281 0.23848306756 0) (0.0840502161935 0.23917889237 0) (0.0846084474099 0.239873418073 0) (0.0851682957452 0.240566640899 0) (0.0857297581586 0.24125855708 0) (0.0862928316004 0.24194916286 0) (0.0868575130124 0.242638454486 0) (0.0874237993275 0.243326428216 0) (0.0879916874698 0.244013080313 0) (0.0885611743548 0.244698407046 0) (0.0891322568895 0.245382404694 0) (0.0897049319718 0.246065069542 0) (0.0902791964914 0.246746397881 0) (0.0908550473291 0.24742638601 0) (0.0914324813571 0.248105030238 0) (0.0920114954391 0.248782326876 0) (0.0925920864302 0.249458272247 0) (0.0931742511769 0.25013286268 0) (0.0937579865171 0.250806094509 0) (0.0943432892802 0.251477964079 0) (0.0949301562873 0.252148467741 0) (0.0955185843506 0.252817601851 0) (0.0961085702742 0.253485362777 0) (0.0967001108534 0.254151746891 0) (0.0972932028754 0.254816750573 0) (0.0978878431188 0.255480370212 0) (0.0984840283537 0.256142602202 0) (0.0990817553419 0.256803442948 0) (0.0996810208369 0.25746288886 0) (0.100281821584 0.258120936355 0) (0.100884154319 0.25877758186 0) (0.101488015772 0.259432821809 0))
    polyLine 21 25 ((-0.152529144891 0.366044910129 -0.03) (-0.151455436942 0.36919610081 -0.03) (-0.150374212892 0.372351153642 -0.03) (-0.149285468706 0.375510164562 -0.03) (-0.148189199273 0.378673230664 -0.03) (-0.1470853984 0.381840450206 -0.03) (-0.145974058799 0.385011922621 -0.03) (-0.144855172088 0.388187748521 -0.03) (-0.143728728781 0.391368029706 -0.03) (-0.14259471828 0.394552869178 -0.03) (-0.141453128866 0.397742371143 -0.03) (-0.140303947699 0.400936641029 -0.03) (-0.139147160805 0.404135785489 -0.03) (-0.137982753069 0.407339912417 -0.03) (-0.136810708231 0.410549130957 -0.03) (-0.135631008877 0.413763551514 -0.03) (-0.134443636432 0.41698328577 -0.03) (-0.133248571149 0.42020844669 -0.03) (-0.132045792107 0.423439148543 -0.03) (-0.1308352772 0.426675506909 -0.03) (-0.129617003131 0.429917638697 -0.03) (-0.128390945399 0.433165662158 -0.03) (-0.127157078298 0.4364196969 -0.03))
    polyLine 23 27 ((-0.152529144891 0.366044910129 0) (-0.151455436942 0.36919610081 0) (-0.150374212892 0.372351153642 0) (-0.149285468706 0.375510164562 0) (-0.148189199273 0.378673230664 0) (-0.1470853984 0.381840450206 0) (-0.145974058799 0.385011922621 0) (-0.144855172088 0.388187748521 0) (-0.143728728781 0.391368029706 0) (-0.14259471828 0.394552869178 0) (-0.141453128866 0.397742371143 0) (-0.140303947699 0.400936641029 0) (-0.139147160805 0.404135785489 0) (-0.137982753069 0.407339912417 0) (-0.136810708231 0.410549130957 0) (-0.135631008877 0.413763551514 0) (-0.134443636432 0.41698328577 0) (-0.133248571149 0.42020844669 0) (-0.132045792107 0.423439148543 0) (-0.1308352772 0.426675506909 0) (-0.129617003131 0.429917638697 0) (-0.128390945399 0.433165662158 0) (-0.127157078298 0.4364196969 0))
    polyLine 24 28 ((0.102093402661 0.260086652642 -0.03) (0.102699965461 0.260740224126 -0.03) (0.10330652826 0.26139379561 -0.03) (0.103913091059 0.262047367094 -0.03) (0.104519653859 0.262700938579 -0.03) (0.105126216658 0.263354510063 -0.03) (0.105732779458 0.264008081547 -0.03) (0.106339342257 0.264661653031 -0.03) (0.106945905056 0.265315224516 -0.03) (0.107552467856 0.265968796 -0.03) (0.108159030655 0.266622367484 -0.03) (0.108765593455 0.267275938968 -0.03) (0.109372156254 0.267929510453 -0.03) (0.109978719053 0.268583081937 -0.03) (0.110585281853 0.269236653421 -0.03) (0.111191844652 0.269890224905 -0.03) (0.111798407452 0.27054379639 -0.03) (0.112404970251 0.271197367874 -0.03) (0.11301153305 0.271850939358 -0.03) (0.11361809585 0.272504510842 -0.03) (0.114224658649 0.273158082327 -0.03) (0.114831221449 0.273811653811 -0.03) (0.115437784248 0.274465225295 -0.03) (0.116044347047 0.27511879678 -0.03) (0.116650909847 0.275772368264 -0.03) (0.117257472646 0.276425939748 -0.03) (0.117864035446 0.277079511232 -0.03) (0.118470598245 0.277733082717 -0.03) (0.119077161044 0.278386654201 -0.03) (0.119683723844 0.279040225685 -0.03) (0.120290286643 0.279693797169 -0.03) (0.120896849443 0.280347368654 -0.03) (0.121503412242 0.281000940138 -0.03) (0.122109975041 0.281654511622 -0.03) (0.122716537841 0.282308083106 -0.03) (0.12332310064 0.282961654591 -0.03) (0.12392966344 0.283615226075 -0.03) (0.124536226239 0.284268797559 -0.03) (0.125142789038 0.284922369043 -0.03) (0.125749351838 0.285575940528 -0.03) (0.126355914637 0.286229512012 -0.03) (0.126962477437 0.286883083496 -0.03) (0.127569040236 0.28753665498 -0.03) (0.128175603035 0.288190226465 -0.03) (0.128782165835 0.288843797949 -0.03) (0.129388728634 0.289497369433 -0.03) (0.129995291434 0.290150940918 -0.03) (0.130601854233 0.290804512402 -0.03) (0.131208417032 0.291458083886 -0.03) (0.131814979832 0.29211165537 -0.03) (0.132421542631 0.292765226855 -0.03) (0.133028105431 0.293418798339 -0.03) (0.13363466823 0.294072369823 -0.03) (0.134241231029 0.294725941307 -0.03))
    polyLine 26 30 ((0.102093402661 0.260086652642 0) (0.102699965461 0.260740224126 0) (0.10330652826 0.26139379561 0) (0.103913091059 0.262047367094 0) (0.104519653859 0.262700938579 0) (0.105126216658 0.263354510063 0) (0.105732779458 0.264008081547 0) (0.106339342257 0.264661653031 0) (0.106945905056 0.265315224516 0) (0.107552467856 0.265968796 0) (0.108159030655 0.266622367484 0) (0.108765593455 0.267275938968 0) (0.109372156254 0.267929510453 0) (0.109978719053 0.268583081937 0) (0.110585281853 0.269236653421 0) (0.111191844652 0.269890224905 0) (0.111798407452 0.27054379639 0) (0.112404970251 0.271197367874 0) (0.11301153305 0.271850939358 0) (0.11361809585 0.272504510842 0) (0.114224658649 0.273158082327 0) (0.114831221449 0.273811653811 0) (0.115437784248 0.274465225295 0) (0.116044347047 0.27511879678 0) (0.116650909847 0.275772368264 0) (0.117257472646 0.276425939748 0) (0.117864035446 0.277079511232 0) (0.118470598245 0.277733082717 0) (0.119077161044 0.278386654201 0) (0.119683723844 0.279040225685 0) (0.120290286643 0.279693797169 0) (0.120896849443 0.280347368654 0) (0.121503412242 0.281000940138 0) (0.122109975041 0.281654511622 0) (0.122716537841 0.282308083106 0) (0.12332310064 0.282961654591 0) (0.12392966344 0.283615226075 0) (0.124536226239 0.284268797559 0) (0.125142789038 0.284922369043 0) (0.125749351838 0.285575940528 0) (0.126355914637 0.286229512012 0) (0.126962477437 0.286883083496 0) (0.127569040236 0.28753665498 0) (0.128175603035 0.288190226465 0) (0.128782165835 0.288843797949 0) (0.129388728634 0.289497369433 0) (0.129995291434 0.290150940918 0) (0.130601854233 0.290804512402 0) (0.131208417032 0.291458083886 0) (0.131814979832 0.29211165537 0) (0.132421542631 0.292765226855 0) (0.133028105431 0.293418798339 0) (0.13363466823 0.294072369823 0) (0.134241231029 0.294725941307 0))
    polyLine 25 29 ((-0.124654853651 0.442974855313 -0.03) (-0.123386299746 0.446276338197 -0.03) (-0.122109681734 0.449584441084 -0.03) (-0.120824966862 0.452899293997 -0.03) (-0.119532121071 0.45622102847 -0.03) (-0.118231108983 0.459549777566 -0.03) (-0.116921893895 0.4628856759 -0.03) (-0.115604437765 0.46622885966 -0.03) (-0.1142787012 0.469579466628 -0.03) (-0.112944643449 0.472937636201 -0.03) (-0.111602222389 0.476303509415 -0.03) (-0.110251394511 0.479677228969 -0.03) (-0.108892114914 0.483058939248 -0.03) (-0.107524337285 0.48644878635 -0.03) (-0.106148013892 0.489846918107 -0.03) (-0.104763095569 0.493253484115 -0.03) (-0.103369531702 0.496668635763 -0.03) (-0.101967270213 0.500092526254 -0.03) (-0.100556257551 0.503525310639 -0.03) (-0.0991364386724 0.506967145845 -0.03) (-0.0977077570289 0.510418190704 -0.03) (-0.0962701545497 0.513878605983 -0.03) (-0.094823571627 0.517348554419 -0.03))
    polyLine 27 31 ((-0.124654853651 0.442974855313 0) (-0.123386299746 0.446276338197 0) (-0.122109681734 0.449584441084 0) (-0.120824966862 0.452899293997 0) (-0.119532121071 0.45622102847 0) (-0.118231108983 0.459549777566 0) (-0.116921893895 0.4628856759 0) (-0.115604437765 0.46622885966 0) (-0.1142787012 0.469579466628 0) (-0.112944643449 0.472937636201 0) (-0.111602222389 0.476303509415 0) (-0.110251394511 0.479677228969 0) (-0.108892114914 0.483058939248 0) (-0.107524337285 0.48644878635 0) (-0.106148013892 0.489846918107 0) (-0.104763095569 0.493253484115 0) (-0.103369531702 0.496668635763 0) (-0.101967270213 0.500092526254 0) (-0.100556257551 0.503525310639 0) (-0.0991364386724 0.506967145845 0) (-0.0977077570289 0.510418190704 0) (-0.0962701545497 0.513878605983 0) (-0.094823571627 0.517348554419 0))
    polyLine 28 32 ((0.134847793829 0.295379512792 -0.03) (0.135454356628 0.296033084276 -0.03) (0.136060919428 0.29668665576 -0.03) (0.136667482227 0.297340227244 -0.03) (0.137274045026 0.297993798729 -0.03) (0.137880607826 0.298647370213 -0.03) (0.138487170625 0.299300941697 -0.03) (0.139093733425 0.299954513181 -0.03) (0.139700296224 0.300608084666 -0.03) (0.140306859023 0.30126165615 -0.03) (0.140913421823 0.301915227634 -0.03) (0.141519984622 0.302568799118 -0.03) (0.142126547422 0.303222370603 -0.03) (0.142733110221 0.303875942087 -0.03) (0.14333967302 0.304529513571 -0.03) (0.14394623582 0.305183085056 -0.03) (0.144552798619 0.30583665654 -0.03) (0.145159361419 0.306490228024 -0.03) (0.145765924218 0.307143799508 -0.03) (0.146372487017 0.307797370993 -0.03) (0.146979049817 0.308450942477 -0.03) (0.147585612616 0.309104513961 -0.03) (0.148192175416 0.309758085445 -0.03) (0.148798738215 0.31041165693 -0.03) (0.149405301014 0.311065228414 -0.03) (0.150011863814 0.311718799898 -0.03) (0.150618426613 0.312372371382 -0.03) (0.151224989413 0.313025942867 -0.03) (0.151831552212 0.313679514351 -0.03) (0.152438115011 0.314333085835 -0.03) (0.153044677811 0.314986657319 -0.03) (0.15365124061 0.315640228804 -0.03) (0.15425780341 0.316293800288 -0.03) (0.154864366209 0.316947371772 -0.03) (0.155470929008 0.317600943256 -0.03) (0.156077491808 0.318254514741 -0.03) (0.156684054607 0.318908086225 -0.03) (0.157290617407 0.319561657709 -0.03) (0.157897180206 0.320215229193 -0.03) (0.158503743005 0.320868800678 -0.03) (0.159110305805 0.321522372162 -0.03) (0.159716868604 0.322175943646 -0.03) (0.160323431404 0.322829515131 -0.03) (0.160929994203 0.323483086615 -0.03) (0.161536557002 0.324136658099 -0.03) (0.162143119802 0.324790229583 -0.03) (0.162749682601 0.325443801068 -0.03) (0.163356245401 0.326097372552 -0.03) (0.1639628082 0.326750944036 -0.03) (0.164569370999 0.32740451552 -0.03) (0.165175933799 0.328058087005 -0.03) (0.165782496598 0.328711658489 -0.03) (0.166389059398 0.329365229973 -0.03))
    polyLine 30 34 ((0.134847793829 0.295379512792 0) (0.135454356628 0.296033084276 0) (0.136060919428 0.29668665576 0) (0.136667482227 0.297340227244 0) (0.137274045026 0.297993798729 0) (0.137880607826 0.298647370213 0) (0.138487170625 0.299300941697 0) (0.139093733425 0.299954513181 0) (0.139700296224 0.300608084666 0) (0.140306859023 0.30126165615 0) (0.140913421823 0.301915227634 0) (0.141519984622 0.302568799118 0) (0.142126547422 0.303222370603 0) (0.142733110221 0.303875942087 0) (0.14333967302 0.304529513571 0) (0.14394623582 0.305183085056 0) (0.144552798619 0.30583665654 0) (0.145159361419 0.306490228024 0) (0.145765924218 0.307143799508 0) (0.146372487017 0.307797370993 0) (0.146979049817 0.308450942477 0) (0.147585612616 0.309104513961 0) (0.148192175416 0.309758085445 0) (0.148798738215 0.31041165693 0) (0.149405301014 0.311065228414 0) (0.150011863814 0.311718799898 0) (0.150618426613 0.312372371382 0) (0.151224989413 0.313025942867 0) (0.151831552212 0.313679514351 0) (0.152438115011 0.314333085835 0) (0.153044677811 0.314986657319 0) (0.15365124061 0.315640228804 0) (0.15425780341 0.316293800288 0) (0.154864366209 0.316947371772 0) (0.155470929008 0.317600943256 0) (0.156077491808 0.318254514741 0) (0.156684054607 0.318908086225 0) (0.157290617407 0.319561657709 0) (0.157897180206 0.320215229193 0) (0.158503743005 0.320868800678 0) (0.159110305805 0.321522372162 0) (0.159716868604 0.322175943646 0) (0.160323431404 0.322829515131 0) (0.160929994203 0.323483086615 0) (0.161536557002 0.324136658099 0) (0.162143119802 0.324790229583 0) (0.162749682601 0.325443801068 0) (0.163356245401 0.326097372552 0) (0.1639628082 0.326750944036 0) (0.164569370999 0.32740451552 0) (0.165175933799 0.328058087005 0) (0.165782496598 0.328711658489 0) (0.166389059398 0.329365229973 0))
    polyLine 29 33 ((-0.0919141275145 0.524291765439 -0.03) (-0.0904512753978 0.527765213942 -0.03) (-0.0889793262966 0.531248713391 -0.03) (-0.0874982141822 0.534742433001 -0.03) (-0.086007871431 0.538246544092 -0.03) (-0.0845082288058 0.541761220135 -0.03) (-0.0829992154365 0.545286636783 -0.03) (-0.0814807588004 0.548822971911 -0.03) (-0.0799527847016 0.552370405656 -0.03) (-0.0784152172503 0.555929120457 -0.03) (-0.0768679788412 0.559499301094 -0.03) (-0.0753109901316 0.563081134732 -0.03) (-0.0737441700182 0.566674810963 -0.03) (-0.0721674356143 0.570280521853 -0.03) (-0.0705807022254 0.573898461982 -0.03) (-0.0689838833248 0.577528828496 -0.03) (-0.0673768905282 0.58117182115 -0.03) (-0.0657596335675 0.58482764236 -0.03) (-0.0641320202645 0.588496497252 -0.03) (-0.0624939565027 0.592178593711 -0.03) (-0.0608453461999 0.595874142436 -0.03) (-0.0591860912786 0.599583356993 -0.03) (-0.0575160916362 0.60330645387 -0.03))
    polyLine 31 35 ((-0.0919141275145 0.524291765439 0) (-0.0904512753978 0.527765213942 0) (-0.0889793262966 0.531248713391 0) (-0.0874982141822 0.534742433001 0) (-0.086007871431 0.538246544092 0) (-0.0845082288058 0.541761220135 0) (-0.0829992154365 0.545286636783 0) (-0.0814807588004 0.548822971911 0) (-0.0799527847016 0.552370405656 0) (-0.0784152172503 0.555929120457 0) (-0.0768679788412 0.559499301094 0) (-0.0753109901316 0.563081134732 0) (-0.0737441700182 0.566674810963 0) (-0.0721674356143 0.570280521853 0) (-0.0705807022254 0.573898461982 0) (-0.0689838833248 0.577528828496 0) (-0.0673768905282 0.58117182115 0) (-0.0657596335675 0.58482764236 0) (-0.0641320202645 0.588496497252 0) (-0.0624939565027 0.592178593711 0) (-0.0608453461999 0.595874142436 0) (-0.0591860912786 0.599583356993 0) (-0.0575160916362 0.60330645387 0))
    polyLine 32 36 ((0.166995622197 0.330018801457 -0.03) (0.167602184996 0.330672372942 -0.03) (0.168208747796 0.331325944426 -0.03) (0.168815310595 0.33197951591 -0.03) (0.169421873395 0.332633087394 -0.03) (0.170028436194 0.333286658879 -0.03) (0.170634998993 0.333940230363 -0.03) (0.171241561793 0.334593801847 -0.03) (0.171848124592 0.335247373331 -0.03) (0.172454687392 0.335900944816 -0.03) (0.173061250191 0.3365545163 -0.03) (0.17366781299 0.337208087784 -0.03) (0.17427437579 0.337861659269 -0.03) (0.174880938589 0.338515230753 -0.03) (0.175487501389 0.339168802237 -0.03) (0.176094064188 0.339822373721 -0.03) (0.176700626987 0.340475945206 -0.03) (0.177307189787 0.34112951669 -0.03) (0.177913752586 0.341783088174 -0.03) (0.178520315386 0.342436659658 -0.03) (0.179126878185 0.343090231143 -0.03) (0.179733440984 0.343743802627 -0.03) (0.180340003784 0.344397374111 -0.03) (0.180946566583 0.345050945595 -0.03) (0.181553129383 0.34570451708 -0.03) (0.182159692182 0.346358088564 -0.03) (0.182766254982 0.347011660048 -0.03) (0.183372817781 0.347665231532 -0.03) (0.18397938058 0.348318803017 -0.03) (0.18458594338 0.348972374501 -0.03) (0.185192506179 0.349625945985 -0.03) (0.185799068979 0.350279517469 -0.03) (0.186405631778 0.350933088954 -0.03) (0.187012194577 0.351586660438 -0.03) (0.187618757377 0.352240231922 -0.03) (0.188225320176 0.352893803407 -0.03) (0.188831882976 0.353547374891 -0.03) (0.189438445775 0.354200946375 -0.03) (0.190045008574 0.354854517859 -0.03) (0.190651571374 0.355508089344 -0.03) (0.191258134173 0.356161660828 -0.03) (0.191864696973 0.356815232312 -0.03) (0.192471259772 0.357468803796 -0.03) (0.193077822571 0.358122375281 -0.03) (0.193684385371 0.358775946765 -0.03) (0.19429094817 0.359429518249 -0.03) (0.19489751097 0.360083089733 -0.03) (0.195504073769 0.360736661218 -0.03) (0.196110636568 0.361390232702 -0.03) (0.196717199368 0.362043804186 -0.03) (0.197323762167 0.36269737567 -0.03) (0.197930324967 0.363350947155 -0.03) (0.198536887766 0.364004518639 -0.03) (0.199143450565 0.364658090123 -0.03))
    polyLine 34 38 ((0.166995622197 0.330018801457 0) (0.167602184996 0.330672372942 0) (0.168208747796 0.331325944426 0) (0.168815310595 0.33197951591 0) (0.169421873395 0.332633087394 0) (0.170028436194 0.333286658879 0) (0.170634998993 0.333940230363 0) (0.171241561793 0.334593801847 0) (0.171848124592 0.335247373331 0) (0.172454687392 0.335900944816 0) (0.173061250191 0.3365545163 0) (0.17366781299 0.337208087784 0) (0.17427437579 0.337861659269 0) (0.174880938589 0.338515230753 0) (0.175487501389 0.339168802237 0) (0.176094064188 0.339822373721 0) (0.176700626987 0.340475945206 0) (0.177307189787 0.34112951669 0) (0.177913752586 0.341783088174 0) (0.178520315386 0.342436659658 0) (0.179126878185 0.343090231143 0) (0.179733440984 0.343743802627 0) (0.180340003784 0.344397374111 0) (0.180946566583 0.345050945595 0) (0.181553129383 0.34570451708 0) (0.182159692182 0.346358088564 0) (0.182766254982 0.347011660048 0) (0.183372817781 0.347665231532 0) (0.18397938058 0.348318803017 0) (0.18458594338 0.348972374501 0) (0.185192506179 0.349625945985 0) (0.185799068979 0.350279517469 0) (0.186405631778 0.350933088954 0) (0.187012194577 0.351586660438 0) (0.187618757377 0.352240231922 0) (0.188225320176 0.352893803407 0) (0.188831882976 0.353547374891 0) (0.189438445775 0.354200946375 0) (0.190045008574 0.354854517859 0) (0.190651571374 0.355508089344 0) (0.191258134173 0.356161660828 0) (0.191864696973 0.356815232312 0) (0.192471259772 0.357468803796 0) (0.193077822571 0.358122375281 0) (0.193684385371 0.358775946765 0) (0.19429094817 0.359429518249 0) (0.19489751097 0.360083089733 0) (0.195504073769 0.360736661218 0) (0.196110636568 0.361390232702 0) (0.196717199368 0.362043804186 0) (0.197323762167 0.36269737567 0) (0.197930324967 0.363350947155 0) (0.198536887766 0.364004518639 0) (0.199143450565 0.364658090123 0))
    polyLine 33 37 ((-0.0541976617218 0.610675110699 -0.03) (-0.0525497192375 0.614320197201 -0.03) (-0.0508913193106 0.617979119421 -0.03) (-0.0492223616716 0.621652087563 -0.03) (-0.047542744103 0.625339314711 -0.03) (-0.0458523624085 0.629041016877 -0.03) (-0.0441511103824 0.632757413063 -0.03) (-0.0424388797767 0.636488725316 -0.03) (-0.0407155602688 0.64023517879 -0.03) (-0.0389810394273 0.643997001802 -0.03) (-0.0372352026774 0.647774425902 -0.03) (-0.0354779332653 0.651567685927 -0.03) (-0.0337091122216 0.655377020077 -0.03) (-0.0319286183237 0.659202669972 -0.03) (-0.0301363280575 0.663044880728 -0.03) (-0.0283321155776 0.666903901022 -0.03) (-0.0265158526669 0.670779983168 -0.03) (-0.0246874086951 0.674673383188 -0.03) (-0.0228466505755 0.678584360888 -0.03) (-0.0209934427216 0.682513179937 -0.03) (-0.0191276470019 0.686460107943 -0.03) (-0.0172491226936 0.690425416538 -0.03) (-0.015357726435 0.69440938146 -0.03))
    polyLine 35 39 ((-0.0541976617218 0.610675110699 0) (-0.0525497192375 0.614320197201 0) (-0.0508913193106 0.617979119421 0) (-0.0492223616716 0.621652087563 0) (-0.047542744103 0.625339314711 0) (-0.0458523624085 0.629041016877 0) (-0.0441511103824 0.632757413063 0) (-0.0424388797767 0.636488725316 0) (-0.0407155602688 0.64023517879 0) (-0.0389810394273 0.643997001802 0) (-0.0372352026774 0.647774425902 0) (-0.0354779332653 0.651567685927 0) (-0.0337091122216 0.655377020077 0) (-0.0319286183237 0.659202669972 0) (-0.0301363280575 0.663044880728 0) (-0.0283321155776 0.666903901022 0) (-0.0265158526669 0.670779983168 0) (-0.0246874086951 0.674673383188 0) (-0.0228466505755 0.678584360888 0) (-0.0209934427216 0.682513179937 0) (-0.0191276470019 0.686460107943 0) (-0.0172491226936 0.690425416538 0) (-0.015357726435 0.69440938146 0))
    polyLine 36 40 ((0.199750013365 0.365311661607 -0.03) (0.200356576164 0.365965233092 -0.03) (0.200963138964 0.366618804576 -0.03) (0.201569701763 0.36727237606 -0.03) (0.202176264562 0.367925947544 -0.03) (0.202782827362 0.368579519029 -0.03) (0.203389390161 0.369233090513 -0.03) (0.203995952961 0.369886661997 -0.03) (0.20460251576 0.370540233482 -0.03) (0.205209078559 0.371193804966 -0.03) (0.205815641359 0.37184737645 -0.03) (0.206422204158 0.372500947934 -0.03) (0.207028766958 0.373154519419 -0.03) (0.207635329757 0.373808090903 -0.03) (0.208241892556 0.374461662387 -0.03) (0.208848455356 0.375115233871 -0.03) (0.209455018155 0.375768805356 -0.03) (0.210061580955 0.37642237684 -0.03) (0.210668143754 0.377075948324 -0.03) (0.211274706553 0.377729519808 -0.03) (0.211881269353 0.378383091293 -0.03) (0.212487832152 0.379036662777 -0.03) (0.213094394952 0.379690234261 -0.03) (0.213700957751 0.380343805745 -0.03) (0.21430752055 0.38099737723 -0.03) (0.21491408335 0.381650948714 -0.03) (0.215520646149 0.382304520198 -0.03) (0.216127208949 0.382958091682 -0.03) (0.216733771748 0.383611663167 -0.03) (0.217340334547 0.384265234651 -0.03) (0.217946897347 0.384918806135 -0.03) (0.218553460146 0.38557237762 -0.03) (0.219160022946 0.386225949104 -0.03) (0.219766585745 0.386879520588 -0.03) (0.220373148544 0.387533092072 -0.03) (0.220979711344 0.388186663557 -0.03) (0.221586274143 0.388840235041 -0.03) (0.222192836943 0.389493806525 -0.03) (0.222799399742 0.390147378009 -0.03) (0.223405962541 0.390800949494 -0.03) (0.224012525341 0.391454520978 -0.03) (0.22461908814 0.392108092462 -0.03) (0.22522565094 0.392761663946 -0.03) (0.225832213739 0.393415235431 -0.03) (0.226438776538 0.394068806915 -0.03) (0.227045339338 0.394722378399 -0.03) (0.227651902137 0.395375949883 -0.03) (0.228258464937 0.396029521368 -0.03) (0.228865027736 0.396683092852 -0.03) (0.229471590535 0.397336664336 -0.03) (0.230078153335 0.39799023582 -0.03) (0.230684716134 0.398643807305 -0.03) (0.231291278934 0.399297378789 -0.03))
    polyLine 38 42 ((0.199750013365 0.365311661607 0) (0.200356576164 0.365965233092 0) (0.200963138964 0.366618804576 0) (0.201569701763 0.36727237606 0) (0.202176264562 0.367925947544 0) (0.202782827362 0.368579519029 0) (0.203389390161 0.369233090513 0) (0.203995952961 0.369886661997 0) (0.20460251576 0.370540233482 0) (0.205209078559 0.371193804966 0) (0.205815641359 0.37184737645 0) (0.206422204158 0.372500947934 0) (0.207028766958 0.373154519419 0) (0.207635329757 0.373808090903 0) (0.208241892556 0.374461662387 0) (0.208848455356 0.375115233871 0) (0.209455018155 0.375768805356 0) (0.210061580955 0.37642237684 0) (0.210668143754 0.377075948324 0) (0.211274706553 0.377729519808 0) (0.211881269353 0.378383091293 0) (0.212487832152 0.379036662777 0) (0.213094394952 0.379690234261 0) (0.213700957751 0.380343805745 0) (0.21430752055 0.38099737723 0) (0.21491408335 0.381650948714 0) (0.215520646149 0.382304520198 0) (0.216127208949 0.382958091682 0) (0.216733771748 0.383611663167 0) (0.217340334547 0.384265234651 0) (0.217946897347 0.384918806135 0) (0.218553460146 0.38557237762 0) (0.219160022946 0.386225949104 0) (0.219766585745 0.386879520588 0) (0.220373148544 0.387533092072 0) (0.220979711344 0.388186663557 0) (0.221586274143 0.388840235041 0) (0.222192836943 0.389493806525 0) (0.222799399742 0.390147378009 0) (0.223405962541 0.390800949494 0) (0.224012525341 0.391454520978 0) (0.22461908814 0.392108092462 0) (0.22522565094 0.392761663946 0) (0.225832213739 0.393415235431 0) (0.226438776538 0.394068806915 0) (0.227045339338 0.394722378399 0) (0.227651902137 0.395375949883 0) (0.228258464937 0.396029521368 0) (0.228865027736 0.396683092852 0) (0.229471590535 0.397336664336 0) (0.230078153335 0.39799023582 0) (0.230684716134 0.398643807305 0) (0.231291278934 0.399297378789 0))
    polyLine 37 41 ((-0.011638995202 0.702218021874 -0.03) (-0.00981275860738 0.706041218032 -0.03) (-0.00797447172771 0.70988211914 -0.03) (-0.00612400157951 0.713740976868 -0.03) (-0.00426121281985 0.717618046608 -0.03) (-0.00238596770323 0.721513587541 -0.03) (-0.000498126037407 0.72542786272 -0.03) (0.00140245486194 0.729361139143 -0.03) (0.00331592021768 0.73331368784 -0.03) (0.00524241783885 0.737285783949 -0.03) (0.00718209816959 0.741277706804 -0.03) (0.00913511433925 0.745289740021 -0.03) (0.0111016222138 0.749322171588 -0.03) (0.0130817804486 0.753375293952 -0.03) (0.0150757505426 0.757449404118 -0.03) (0.0170836968937 0.761544803739 -0.03) (0.0191057868558 0.765661799217 -0.03) (0.0211421907974 0.769800701803 -0.03) (0.0231930821613 0.773961827699 -0.03) (0.0252586375265 0.778145498166 -0.03) (0.0273390366711 0.782352039629 -0.03) (0.0294344626371 0.786581783788 -0.03) (0.0315451017974 0.790835067737 -0.03))
    polyLine 39 43 ((-0.011638995202 0.702218021874 0) (-0.00981275860738 0.706041218032 0) (-0.00797447172771 0.70988211914 0) (-0.00612400157951 0.713740976868 0) (-0.00426121281985 0.717618046608 0) (-0.00238596770323 0.721513587541 0) (-0.000498126037407 0.72542786272 0) (0.00140245486194 0.729361139143 0) (0.00331592021768 0.73331368784 0) (0.00524241783885 0.737285783949 0) (0.00718209816959 0.741277706804 0) (0.00913511433925 0.745289740021 0) (0.0111016222138 0.749322171588 0) (0.0130817804486 0.753375293952 0) (0.0150757505426 0.757449404118 0) (0.0170836968937 0.761544803739 0) (0.0191057868558 0.765661799217 0) (0.0211421907974 0.769800701803 0) (0.0231930821613 0.773961827699 0) (0.0252586375265 0.778145498166 0) (0.0273390366711 0.782352039629 0) (0.0294344626371 0.786581783788 0) (0.0315451017974 0.790835067737 0))
    polyLine 40 44 ((0.231897841733 0.399950950273 -0.03) (0.232504404532 0.400604521758 -0.03) (0.233110967332 0.401258093242 -0.03) (0.233717530131 0.401911664726 -0.03) (0.234324092931 0.40256523621 -0.03) (0.23493065573 0.403218807695 -0.03) (0.235537218529 0.403872379179 -0.03) (0.236143781329 0.404525950663 -0.03) (0.236750344128 0.405179522147 -0.03) (0.237356906928 0.405833093632 -0.03) (0.237963469727 0.406486665116 -0.03) (0.238570032526 0.4071402366 -0.03) (0.239176595326 0.407793808084 -0.03) (0.239783158125 0.408447379569 -0.03) (0.240389720925 0.409100951053 -0.03) (0.240996283724 0.409754522537 -0.03) (0.241602846523 0.410408094021 -0.03) (0.242209409323 0.411061665506 -0.03) (0.242815972122 0.41171523699 -0.03) (0.243422534922 0.412368808474 -0.03) (0.244029097721 0.413022379958 -0.03) (0.24463566052 0.413675951443 -0.03) (0.24524222332 0.414329522927 -0.03) (0.245848786119 0.414983094411 -0.03) (0.246455348919 0.415636665895 -0.03) (0.247061911718 0.41629023738 -0.03) (0.247668474517 0.416943808864 -0.03) (0.248275037317 0.417597380348 -0.03) (0.248881600116 0.418250951833 -0.03) (0.249488162916 0.418904523317 -0.03) (0.250094725715 0.419558094801 -0.03) (0.250701288514 0.420211666285 -0.03) (0.251307851314 0.42086523777 -0.03) (0.251914414113 0.421518809254 -0.03) (0.252520976913 0.422172380738 -0.03) (0.253127539712 0.422825952222 -0.03) (0.253734102511 0.423479523707 -0.03) (0.254340665311 0.424133095191 -0.03) (0.25494722811 0.424786666675 -0.03) (0.25555379091 0.425440238159 -0.03) (0.256160353709 0.426093809644 -0.03) (0.256766916508 0.426747381128 -0.03) (0.257373479308 0.427400952612 -0.03) (0.257980042107 0.428054524096 -0.03) (0.258586604907 0.428708095581 -0.03) (0.259193167706 0.429361667065 -0.03) (0.259799730505 0.430015238549 -0.03) (0.260406293305 0.430668810033 -0.03) (0.261012856104 0.431322381518 -0.03) (0.261619418904 0.431975953002 -0.03) (0.262225981703 0.432629524486 -0.03) (0.262832544502 0.433283095971 -0.03) (0.263439107302 0.433936667455 -0.03) (0.264045670101 0.434590238939 -0.03))
    polyLine 42 46 ((0.231897841733 0.399950950273 0) (0.232504404532 0.400604521758 0) (0.233110967332 0.401258093242 0) (0.233717530131 0.401911664726 0) (0.234324092931 0.40256523621 0) (0.23493065573 0.403218807695 0) (0.235537218529 0.403872379179 0) (0.236143781329 0.404525950663 0) (0.236750344128 0.405179522147 0) (0.237356906928 0.405833093632 0) (0.237963469727 0.406486665116 0) (0.238570032526 0.4071402366 0) (0.239176595326 0.407793808084 0) (0.239783158125 0.408447379569 0) (0.240389720925 0.409100951053 0) (0.240996283724 0.409754522537 0) (0.241602846523 0.410408094021 0) (0.242209409323 0.411061665506 0) (0.242815972122 0.41171523699 0) (0.243422534922 0.412368808474 0) (0.244029097721 0.413022379958 0) (0.24463566052 0.413675951443 0) (0.24524222332 0.414329522927 0) (0.245848786119 0.414983094411 0) (0.246455348919 0.415636665895 0) (0.247061911718 0.41629023738 0) (0.247668474517 0.416943808864 0) (0.248275037317 0.417597380348 0) (0.248881600116 0.418250951833 0) (0.249488162916 0.418904523317 0) (0.250094725715 0.419558094801 0) (0.250701288514 0.420211666285 0) (0.251307851314 0.42086523777 0) (0.251914414113 0.421518809254 0) (0.252520976913 0.422172380738 0) (0.253127539712 0.422825952222 0) (0.253734102511 0.423479523707 0) (0.254340665311 0.424133095191 0) (0.25494722811 0.424786666675 0) (0.25555379091 0.425440238159 0) (0.256160353709 0.426093809644 0) (0.256766916508 0.426747381128 0) (0.257373479308 0.427400952612 0) (0.257980042107 0.428054524096 0) (0.258586604907 0.428708095581 0) (0.259193167706 0.429361667065 0) (0.259799730505 0.430015238549 0) (0.260406293305 0.430668810033 0) (0.261012856104 0.431322381518 0) (0.261619418904 0.431975953002 0) (0.262225981703 0.432629524486 0) (0.262832544502 0.433283095971 0) (0.263439107302 0.433936667455 0) (0.264045670101 0.434590238939 0))
    polyLine 41 45 ((0.0356588739992 0.79910474901 -0.03) (0.0376602035793 0.803118431039 -0.03) (0.0396752926988 0.807153567587 -0.03) (0.0417043041263 0.811210450529 -0.03) (0.0437474034176 0.815289376277 -0.03) (0.0458047589703 0.819390645876 -0.03) (0.0478765420809 0.8235145651 -0.03) (0.0499629270014 0.827661444545 -0.03) (0.0520640909993 0.831831599737 -0.03) (0.0541802144178 0.83602535123 -0.03) (0.0563114807383 0.840243024712 -0.03) (0.0584580766437 0.844484951116 -0.03) (0.0606201920845 0.848751466728 -0.03) (0.0627980203454 0.853042913303 -0.03) (0.0649917581141 0.857359638181 -0.03) (0.0672016055525 0.861701994405 -0.03) (0.0694277663685 0.866070340848 -0.03) (0.0716704478911 0.870465042334 -0.03) (0.0739298611459 0.87488646977 -0.03) (0.0762062209342 0.879335000279 -0.03) (0.0784997459128 0.883811017333 -0.03) (0.0808106586772 0.888314910897 -0.03) (0.0831391858457 0.892847077568 -0.03))
    polyLine 43 47 ((0.0356588739992 0.79910474901 0) (0.0376602035793 0.803118431039 0) (0.0396752926988 0.807153567587 0) (0.0417043041263 0.811210450529 0) (0.0437474034176 0.815289376277 0) (0.0458047589703 0.819390645876 0) (0.0478765420809 0.8235145651 0) (0.0499629270014 0.827661444545 0) (0.0520640909993 0.831831599737 0) (0.0541802144178 0.83602535123 0) (0.0563114807383 0.840243024712 0) (0.0584580766437 0.844484951116 0) (0.0606201920845 0.848751466728 0) (0.0627980203454 0.853042913303 0) (0.0649917581141 0.857359638181 0) (0.0672016055525 0.861701994405 0) (0.0694277663685 0.866070340848 0) (0.0716704478911 0.870465042334 0) (0.0739298611459 0.87488646977 0) (0.0762062209342 0.879335000279 0) (0.0784997459128 0.883811017333 0) (0.0808106586772 0.888314910897 0) (0.0831391858457 0.892847077568 0))
    polyLine 44 48 ((0.264652232901 0.435243810423 -0.03) (0.2652587957 0.435897381908 -0.03) (0.265865358499 0.436550953392 -0.03) (0.266471921299 0.437204524876 -0.03) (0.267078484098 0.43785809636 -0.03) (0.267685046898 0.438511667845 -0.03) (0.268291609697 0.439165239329 -0.03) (0.268898172496 0.439818810813 -0.03) (0.269504735296 0.440472382297 -0.03) (0.270111298095 0.441125953782 -0.03) (0.270717860895 0.441779525266 -0.03) (0.271324423694 0.44243309675 -0.03) (0.271930986493 0.443086668234 -0.03) (0.272537549293 0.443740239719 -0.03) (0.273144112092 0.444393811203 -0.03) (0.273750674892 0.445047382687 -0.03) (0.274357237691 0.445700954171 -0.03) (0.27496380049 0.446354525656 -0.03) (0.27557036329 0.44700809714 -0.03) (0.276176926089 0.447661668624 -0.03) (0.276783488889 0.448315240109 -0.03) (0.277390051688 0.448968811593 -0.03) (0.277996614487 0.449622383077 -0.03) (0.278603177287 0.450275954561 -0.03) (0.279209740086 0.450929526046 -0.03) (0.279816302886 0.45158309753 -0.03) (0.280422865685 0.452236669014 -0.03) (0.281029428484 0.452890240498 -0.03) (0.281635991284 0.453543811983 -0.03) (0.282242554083 0.454197383467 -0.03) (0.282849116883 0.454850954951 -0.03) (0.283455679682 0.455504526435 -0.03) (0.284062242481 0.45615809792 -0.03) (0.284668805281 0.456811669404 -0.03) (0.28527536808 0.457465240888 -0.03) (0.28588193088 0.458118812372 -0.03) (0.286488493679 0.458772383857 -0.03) (0.287095056478 0.459425955341 -0.03) (0.287701619278 0.460079526825 -0.03) (0.288308182077 0.460733098309 -0.03) (0.288914744877 0.461386669794 -0.03) (0.289521307676 0.462040241278 -0.03) (0.290127870475 0.462693812762 -0.03) (0.290734433275 0.463347384246 -0.03) (0.291340996074 0.464000955731 -0.03) (0.291947558874 0.464654527215 -0.03) (0.292554121673 0.465308098699 -0.03) (0.293160684472 0.465961670184 -0.03) (0.293767247272 0.466615241668 -0.03) (0.294373810071 0.467268813152 -0.03) (0.294980372871 0.467922384636 -0.03) (0.29558693567 0.468575956121 -0.03) (0.296193498469 0.469229527605 -0.03))
    polyLine 46 50 ((0.264652232901 0.435243810423 0) (0.2652587957 0.435897381908 0) (0.265865358499 0.436550953392 0) (0.266471921299 0.437204524876 0) (0.267078484098 0.43785809636 0) (0.267685046898 0.438511667845 0) (0.268291609697 0.439165239329 0) (0.268898172496 0.439818810813 0) (0.269504735296 0.440472382297 0) (0.270111298095 0.441125953782 0) (0.270717860895 0.441779525266 0) (0.271324423694 0.44243309675 0) (0.271930986493 0.443086668234 0) (0.272537549293 0.443740239719 0) (0.273144112092 0.444393811203 0) (0.273750674892 0.445047382687 0) (0.274357237691 0.445700954171 0) (0.27496380049 0.446354525656 0) (0.27557036329 0.44700809714 0) (0.276176926089 0.447661668624 0) (0.276783488889 0.448315240109 0) (0.277390051688 0.448968811593 0) (0.277996614487 0.449622383077 0) (0.278603177287 0.450275954561 0) (0.279209740086 0.450929526046 0) (0.279816302886 0.45158309753 0) (0.280422865685 0.452236669014 0) (0.281029428484 0.452890240498 0) (0.281635991284 0.453543811983 0) (0.282242554083 0.454197383467 0) (0.282849116883 0.454850954951 0) (0.283455679682 0.455504526435 0) (0.284062242481 0.45615809792 0) (0.284668805281 0.456811669404 0) (0.28527536808 0.457465240888 0) (0.28588193088 0.458118812372 0) (0.286488493679 0.458772383857 0) (0.287095056478 0.459425955341 0) (0.287701619278 0.460079526825 0) (0.288308182077 0.460733098309 0) (0.288914744877 0.461386669794 0) (0.289521307676 0.462040241278 0) (0.290127870475 0.462693812762 0) (0.290734433275 0.463347384246 0) (0.291340996074 0.464000955731 0) (0.291947558874 0.464654527215 0) (0.292554121673 0.465308098699 0) (0.293160684472 0.465961670184 0) (0.293767247272 0.466615241668 0) (0.294373810071 0.467268813152 0) (0.294980372871 0.467922384636 0) (0.29558693567 0.468575956121 0) (0.296193498469 0.469229527605 0))
    polyLine 45 49 ((0.0876472556783 0.901604494306 -0.03) (0.0898242581978 0.905825715095 -0.03) (0.0920167516104 0.910071907196 -0.03) (0.0942249249454 0.914343399874 -0.03) (0.0964489704191 0.918640527666 -0.03) (0.0986890834999 0.922963630485 -0.03) (0.100945462975 0.927313053741 -0.03) (0.103218311017 0.931689148446 -0.03) (0.105507833258 0.936092271338 -0.03) (0.107814238855 0.940522785001 -0.03) (0.110137740568 0.944981057985 -0.03) (0.112478554835 0.949467464938 -0.03) (0.114836901847 0.953982386733 -0.03) (0.11721300563 0.958526210604 -0.03) (0.119607094123 0.963099330278 -0.03) (0.122019399266 0.967702146123 -0.03) (0.124450157081 0.972335065283 -0.03) (0.126899607764 0.976998501836 -0.03) (0.129367995772 0.981692876937 -0.03) (0.131855569916 0.986418618979 -0.03) (0.13436258346 0.99117616375 -0.03) (0.136889294212 0.995965954598 -0.03) (0.139435964631 1.0007884426 -0.03))
    polyLine 47 51 ((0.0876472556783 0.901604494306 0) (0.0898242581978 0.905825715095 0) (0.0920167516104 0.910071907196 0) (0.0942249249454 0.914343399874 0) (0.0964489704191 0.918640527666 0) (0.0986890834999 0.922963630485 0) (0.100945462975 0.927313053741 0) (0.103218311017 0.931689148446 0) (0.105507833258 0.936092271338 0) (0.107814238855 0.940522785001 0) (0.110137740568 0.944981057985 0) (0.112478554835 0.949467464938 0) (0.114836901847 0.953982386733 0) (0.11721300563 0.958526210604 0) (0.119607094123 0.963099330278 0) (0.122019399266 0.967702146123 0) (0.124450157081 0.972335065283 0) (0.126899607764 0.976998501836 0) (0.129367995772 0.981692876937 0) (0.131855569916 0.986418618979 0) (0.13436258346 0.99117616375 0) (0.136889294212 0.995965954598 0) (0.139435964631 1.0007884426 0))
    polyLine 48 52 ((0.296800061269 0.469883099089 -0.03) (0.297406624068 0.470536670573 -0.03) (0.298013186868 0.471190242058 -0.03) (0.298619749667 0.471843813542 -0.03) (0.299226312466 0.472497385026 -0.03) (0.299832875266 0.47315095651 -0.03) (0.300439438065 0.473804527995 -0.03) (0.301046000865 0.474458099479 -0.03) (0.301652563664 0.475111670963 -0.03) (0.302259126463 0.475765242447 -0.03) (0.302865689263 0.476418813932 -0.03) (0.303472252062 0.477072385416 -0.03) (0.304078814862 0.4777259569 -0.03) (0.304685377661 0.478379528384 -0.03) (0.30529194046 0.479033099869 -0.03) (0.30589850326 0.479686671353 -0.03) (0.306505066059 0.480340242837 -0.03) (0.307111628859 0.480993814322 -0.03) (0.307718191658 0.481647385806 -0.03) (0.308324754457 0.48230095729 -0.03) (0.308931317257 0.482954528774 -0.03) (0.309537880056 0.483608100259 -0.03) (0.310144442856 0.484261671743 -0.03) (0.310751005655 0.484915243227 -0.03) (0.311357568454 0.485568814711 -0.03) (0.311964131254 0.486222386196 -0.03) (0.312570694053 0.48687595768 -0.03) (0.313177256853 0.487529529164 -0.03) (0.313783819652 0.488183100648 -0.03) (0.314390382451 0.488836672133 -0.03) (0.314996945251 0.489490243617 -0.03) (0.31560350805 0.490143815101 -0.03) (0.31621007085 0.490797386585 -0.03) (0.316816633649 0.49145095807 -0.03) (0.317423196448 0.492104529554 -0.03) (0.318029759248 0.492758101038 -0.03) (0.318636322047 0.493411672522 -0.03) (0.319242884847 0.494065244007 -0.03) (0.319849447646 0.494718815491 -0.03) (0.320456010445 0.495372386975 -0.03) (0.321062573245 0.49602595846 -0.03) (0.321669136044 0.496679529944 -0.03) (0.322275698844 0.497333101428 -0.03) (0.322882261643 0.497986672912 -0.03) (0.323488824442 0.498640244397 -0.03) (0.324095387242 0.499293815881 -0.03) (0.324701950041 0.499947387365 -0.03) (0.325308512841 0.500600958849 -0.03) (0.32591507564 0.501254530334 -0.03) (0.326521638439 0.501908101818 -0.03) (0.327128201239 0.502561673302 -0.03) (0.327734764038 0.503215244786 -0.03) (0.328341326838 0.503868816271 -0.03) (0.328947889637 0.504522387755 -0.03))
    polyLine 50 54 ((0.296800061269 0.469883099089 0) (0.297406624068 0.470536670573 0) (0.298013186868 0.471190242058 0) (0.298619749667 0.471843813542 0) (0.299226312466 0.472497385026 0) (0.299832875266 0.47315095651 0) (0.300439438065 0.473804527995 0) (0.301046000865 0.474458099479 0) (0.301652563664 0.475111670963 0) (0.302259126463 0.475765242447 0) (0.302865689263 0.476418813932 0) (0.303472252062 0.477072385416 0) (0.304078814862 0.4777259569 0) (0.304685377661 0.478379528384 0) (0.30529194046 0.479033099869 0) (0.30589850326 0.479686671353 0) (0.306505066059 0.480340242837 0) (0.307111628859 0.480993814322 0) (0.307718191658 0.481647385806 0) (0.308324754457 0.48230095729 0) (0.308931317257 0.482954528774 0) (0.309537880056 0.483608100259 0) (0.310144442856 0.484261671743 0) (0.310751005655 0.484915243227 0) (0.311357568454 0.485568814711 0) (0.311964131254 0.486222386196 0) (0.312570694053 0.48687595768 0) (0.313177256853 0.487529529164 0) (0.313783819652 0.488183100648 0) (0.314390382451 0.488836672133 0) (0.314996945251 0.489490243617 0) (0.31560350805 0.490143815101 0) (0.31621007085 0.490797386585 0) (0.316816633649 0.49145095807 0) (0.317423196448 0.492104529554 0) (0.318029759248 0.492758101038 0) (0.318636322047 0.493411672522 0) (0.319242884847 0.494065244007 0) (0.319849447646 0.494718815491 0) (0.320456010445 0.495372386975 0) (0.321062573245 0.49602595846 0) (0.321669136044 0.496679529944 0) (0.322275698844 0.497333101428 0) (0.322882261643 0.497986672912 0) (0.323488824442 0.498640244397 0) (0.324095387242 0.499293815881 0) (0.324701950041 0.499947387365 0) (0.325308512841 0.500600958849 0) (0.32591507564 0.501254530334 0) (0.326521638439 0.501908101818 0) (0.327128201239 0.502561673302 0) (0.327734764038 0.503215244786 0) (0.328341326838 0.503868816271 0) (0.328947889637 0.504522387755 0))
    polyLine 49 53 ((0.144342620461 1.01006562791 -0.03) (0.146699359468 1.01451503662 -0.03) (0.14907328725 1.01899267012 -0.03) (0.151464615572 1.02349889139 -0.03) (0.153873559734 1.02803406933 -0.03) (0.156300338639 1.03259857881 -0.03) (0.15874517487 1.03719280085 -0.03) (0.161208294767 1.04181712272 -0.03) (0.163689928503 1.04647193807 -0.03) (0.166190310166 1.0511576471 -0.03) (0.168709677841 1.05587465662 -0.03) (0.171248273692 1.0606233803 -0.03) (0.173806344053 1.06540423871 -0.03) (0.176384139513 1.07021765954 -0.03) (0.178981915008 1.07506407773 -0.03) (0.181599929914 1.07994393562 -0.03) (0.184238448146 1.08485768311 -0.03) (0.186897738251 1.08980577784 -0.03) (0.189578073514 1.09478868534 -0.03) (0.192279732058 1.09980687924 -0.03) (0.195002996952 1.10486084138 -0.03) (0.197748156321 1.10995106208 -0.03) (0.200515503454 1.11507804026 -0.03))
    polyLine 51 55 ((0.144342620461 1.01006562791 0) (0.146699359468 1.01451503662 0) (0.14907328725 1.01899267012 0) (0.151464615572 1.02349889139 0) (0.153873559734 1.02803406933 0) (0.156300338639 1.03259857881 0) (0.15874517487 1.03719280085 0) (0.161208294767 1.04181712272 0) (0.163689928503 1.04647193807 0) (0.166190310166 1.0511576471 0) (0.168709677841 1.05587465662 0) (0.171248273692 1.0606233803 0) (0.173806344053 1.06540423871 0) (0.176384139513 1.07021765954 0) (0.178981915008 1.07506407773 0) (0.181599929914 1.07994393562 0) (0.184238448146 1.08485768311 0) (0.186897738251 1.08980577784 0) (0.189578073514 1.09478868534 0) (0.192279732058 1.09980687924 0) (0.195002996952 1.10486084138 0) (0.197748156321 1.10995106208 0) (0.200515503454 1.11507804026 0))
    polyLine 52 56 ((0.329554452436 0.505175959239 -0.03) (0.330161015236 0.505829530723 -0.03) (0.330767578035 0.506483102208 -0.03) (0.331374140835 0.507136673692 -0.03) (0.331980703634 0.507790245176 -0.03) (0.332587266433 0.50844381666 -0.03) (0.333193829233 0.509097388145 -0.03) (0.333800392032 0.509750959629 -0.03) (0.334406954832 0.510404531113 -0.03) (0.335013517631 0.511058102598 -0.03) (0.33562008043 0.511711674082 -0.03) (0.33622664323 0.512365245566 -0.03) (0.336833206029 0.51301881705 -0.03) (0.337439768829 0.513672388535 -0.03) (0.338046331628 0.514325960019 -0.03) (0.338652894427 0.514979531503 -0.03) (0.339259457227 0.515633102987 -0.03) (0.339866020026 0.516286674472 -0.03) (0.340472582826 0.516940245956 -0.03) (0.341079145625 0.51759381744 -0.03) (0.341685708424 0.518247388924 -0.03) (0.342292271224 0.518900960409 -0.03) (0.342898834023 0.519554531893 -0.03) (0.343505396823 0.520208103377 -0.03) (0.344111959622 0.520861674861 -0.03) (0.344718522421 0.521515246346 -0.03) (0.345325085221 0.52216881783 -0.03) (0.34593164802 0.522822389314 -0.03) (0.34653821082 0.523475960798 -0.03) (0.347144773619 0.524129532283 -0.03) (0.347751336418 0.524783103767 -0.03) (0.348357899218 0.525436675251 -0.03) (0.348964462017 0.526090246735 -0.03) (0.349571024817 0.52674381822 -0.03) (0.350177587616 0.527397389704 -0.03) (0.350784150415 0.528050961188 -0.03) (0.351390713215 0.528704532673 -0.03) (0.351997276014 0.529358104157 -0.03) (0.352603838814 0.530011675641 -0.03) (0.353210401613 0.530665247125 -0.03) (0.353816964412 0.53131881861 -0.03) (0.354423527212 0.531972390094 -0.03) (0.355030090011 0.532625961578 -0.03) (0.355636652811 0.533279533062 -0.03) (0.35624321561 0.533933104547 -0.03) (0.356849778409 0.534586676031 -0.03) (0.357456341209 0.535240247515 -0.03) (0.358062904008 0.535893818999 -0.03) (0.358669466808 0.536547390484 -0.03) (0.359276029607 0.537200961968 -0.03) (0.359882592406 0.537854533452 -0.03) (0.360489155206 0.538508104936 -0.03) (0.361095718005 0.539161676421 -0.03))
    polyLine 54 58 ((0.329554452436 0.505175959239 0) (0.330161015236 0.505829530723 0) (0.330767578035 0.506483102208 0) (0.331374140835 0.507136673692 0) (0.331980703634 0.507790245176 0) (0.332587266433 0.50844381666 0) (0.333193829233 0.509097388145 0) (0.333800392032 0.509750959629 0) (0.334406954832 0.510404531113 0) (0.335013517631 0.511058102598 0) (0.33562008043 0.511711674082 0) (0.33622664323 0.512365245566 0) (0.336833206029 0.51301881705 0) (0.337439768829 0.513672388535 0) (0.338046331628 0.514325960019 0) (0.338652894427 0.514979531503 0) (0.339259457227 0.515633102987 0) (0.339866020026 0.516286674472 0) (0.340472582826 0.516940245956 0) (0.341079145625 0.51759381744 0) (0.341685708424 0.518247388924 0) (0.342292271224 0.518900960409 0) (0.342898834023 0.519554531893 0) (0.343505396823 0.520208103377 0) (0.344111959622 0.520861674861 0) (0.344718522421 0.521515246346 0) (0.345325085221 0.52216881783 0) (0.34593164802 0.522822389314 0) (0.34653821082 0.523475960798 0) (0.347144773619 0.524129532283 0) (0.347751336418 0.524783103767 0) (0.348357899218 0.525436675251 0) (0.348964462017 0.526090246735 0) (0.349571024817 0.52674381822 0) (0.350177587616 0.527397389704 0) (0.350784150415 0.528050961188 0) (0.351390713215 0.528704532673 0) (0.351997276014 0.529358104157 0) (0.352603838814 0.530011675641 0) (0.353210401613 0.530665247125 0) (0.353816964412 0.53131881861 0) (0.354423527212 0.531972390094 0) (0.355030090011 0.532625961578 0) (0.355636652811 0.533279533062 0) (0.35624321561 0.533933104547 0) (0.356849778409 0.534586676031 0) (0.357456341209 0.535240247515 0) (0.358062904008 0.535893818999 0) (0.358669466808 0.536547390484 0) (0.359276029607 0.537200961968 0) (0.359882592406 0.537854533452 0) (0.360489155206 0.538508104936 0) (0.361095718005 0.539161676421 0))
    polyLine 53 57 ((0.205830352189 1.12491257035 -0.03) (0.208373974394 1.12961371314 -0.03) (0.210936431206 1.1343460988 -0.03) (0.213517954031 1.1391101204 -0.03) (0.216118778091 1.14390617736 -0.03) (0.218739142505 1.1487346756 -0.03) (0.221379290363 1.15359602769 -0.03) (0.224039468814 1.15849065296 -0.03) (0.226719929149 1.16341897768 -0.03) (0.229420926885 1.16838143517 -0.03) (0.232142721857 1.17337846596 -0.03) (0.234885578305 1.17841051794 -0.03) (0.237649764972 1.18347804652 -0.03) (0.240435555194 1.18858151479 -0.03) (0.243243227003 1.19372139368 -0.03) (0.246073063223 1.19889816215 -0.03) (0.248925351578 1.20411230732 -0.03) (0.251800384792 1.20936432467 -0.03) (0.254698460704 1.21465471824 -0.03) (0.257619882374 1.2199840008 -0.03) (0.260564958199 1.22535269402 -0.03) (0.263534002032 1.2307613287 -0.03) (0.266527333299 1.23621044497 -0.03))
    polyLine 55 59 ((0.205830352189 1.12491257035 0) (0.208373974394 1.12961371314 0) (0.210936431206 1.1343460988 0) (0.213517954031 1.1391101204 0) (0.216118778091 1.14390617736 0) (0.218739142505 1.1487346756 0) (0.221379290363 1.15359602769 0) (0.224039468814 1.15849065296 0) (0.226719929149 1.16341897768 0) (0.229420926885 1.16838143517 0) (0.232142721857 1.17337846596 0) (0.234885578305 1.17841051794 0) (0.237649764972 1.18347804652 0) (0.240435555194 1.18858151479 0) (0.243243227003 1.19372139368 0) (0.246073063223 1.19889816215 0) (0.248925351578 1.20411230732 0) (0.251800384792 1.20936432467 0) (0.254698460704 1.21465471824 0) (0.257619882374 1.2199840008 0) (0.260564958199 1.22535269402 0) (0.263534002032 1.2307613287 0) (0.266527333299 1.23621044497 0))
    polyLine 56 60 ((0.361702280805 0.539815247905 -0.03) (0.362308843604 0.540468819389 -0.03) (0.362915406403 0.541122390873 -0.03) (0.363521969203 0.541775962358 -0.03) (0.364128532002 0.542429533842 -0.03) (0.364735094802 0.543083105326 -0.03) (0.365341657601 0.543736676811 -0.03) (0.3659482204 0.544390248295 -0.03) (0.3665547832 0.545043819779 -0.03) (0.367161345999 0.545697391263 -0.03) (0.367767908799 0.546350962748 -0.03) (0.368374471598 0.547004534232 -0.03) (0.368981034397 0.547658105716 -0.03) (0.369587597197 0.5483116772 -0.03) (0.370194159996 0.548965248685 -0.03) (0.370800722796 0.549618820169 -0.03) (0.371407285595 0.550272391653 -0.03) (0.372013848394 0.550925963137 -0.03) (0.372620411194 0.551579534622 -0.03) (0.373226973993 0.552233106106 -0.03) (0.373833536793 0.55288667759 -0.03) (0.374440099592 0.553540249074 -0.03) (0.375046662391 0.554193820559 -0.03) (0.375653225191 0.554847392043 -0.03) (0.37625978799 0.555500963527 -0.03) (0.37686635079 0.556154535011 -0.03) (0.377472913589 0.556808106496 -0.03) (0.378079476388 0.55746167798 -0.03) (0.378686039188 0.558115249464 -0.03) (0.379292601987 0.558768820949 -0.03) (0.379899164787 0.559422392433 -0.03) (0.380505727586 0.560075963917 -0.03) (0.381112290385 0.560729535401 -0.03) (0.381718853185 0.561383106886 -0.03) (0.382325415984 0.56203667837 -0.03) (0.382931978784 0.562690249854 -0.03) (0.383538541583 0.563343821338 -0.03) (0.384145104382 0.563997392823 -0.03) (0.384751667182 0.564650964307 -0.03) (0.385358229981 0.565304535791 -0.03) (0.385964792781 0.565958107275 -0.03) (0.38657135558 0.56661167876 -0.03) (0.387177918379 0.567265250244 -0.03) (0.387784481179 0.567918821728 -0.03) (0.388391043978 0.568572393212 -0.03) (0.388997606778 0.569225964697 -0.03) (0.389604169577 0.569879536181 -0.03) (0.390210732376 0.570533107665 -0.03) (0.390817295176 0.571186679149 -0.03) (0.391423857975 0.571840250634 -0.03) (0.392030420775 0.572493822118 -0.03) (0.392636983574 0.573147393602 -0.03) (0.393243546373 0.573800965086 -0.03))
    polyLine 58 62 ((0.361702280805 0.539815247905 0) (0.362308843604 0.540468819389 0) (0.362915406403 0.541122390873 0) (0.363521969203 0.541775962358 0) (0.364128532002 0.542429533842 0) (0.364735094802 0.543083105326 0) (0.365341657601 0.543736676811 0) (0.3659482204 0.544390248295 0) (0.3665547832 0.545043819779 0) (0.367161345999 0.545697391263 0) (0.367767908799 0.546350962748 0) (0.368374471598 0.547004534232 0) (0.368981034397 0.547658105716 0) (0.369587597197 0.5483116772 0) (0.370194159996 0.548965248685 0) (0.370800722796 0.549618820169 0) (0.371407285595 0.550272391653 0) (0.372013848394 0.550925963137 0) (0.372620411194 0.551579534622 0) (0.373226973993 0.552233106106 0) (0.373833536793 0.55288667759 0) (0.374440099592 0.553540249074 0) (0.375046662391 0.554193820559 0) (0.375653225191 0.554847392043 0) (0.37625978799 0.555500963527 0) (0.37686635079 0.556154535011 0) (0.377472913589 0.556808106496 0) (0.378079476388 0.55746167798 0) (0.378686039188 0.558115249464 0) (0.379292601987 0.558768820949 0) (0.379899164787 0.559422392433 0) (0.380505727586 0.560075963917 0) (0.381112290385 0.560729535401 0) (0.381718853185 0.561383106886 0) (0.382325415984 0.56203667837 0) (0.382931978784 0.562690249854 0) (0.383538541583 0.563343821338 0) (0.384145104382 0.563997392823 0) (0.384751667182 0.564650964307 0) (0.385358229981 0.565304535791 0) (0.385964792781 0.565958107275 0) (0.38657135558 0.56661167876 0) (0.387177918379 0.567265250244 0) (0.387784481179 0.567918821728 0) (0.388391043978 0.568572393212 0) (0.388997606778 0.569225964697 0) (0.389604169577 0.569879536181 0) (0.390210732376 0.570533107665 0) (0.390817295176 0.571186679149 0) (0.391423857975 0.571840250634 0) (0.392030420775 0.572493822118 0) (0.392636983574 0.573147393602 0) (0.393243546373 0.573800965086 0))
    polyLine 57 61 ((0.272265513804 1.24664595481 -0.03) (0.275005942826 1.25162499115 -0.03) (0.277766808865 1.25663811486 -0.03) (0.28054836056 1.26168574598 -0.03) (0.283350850593 1.26676831132 -0.03) (0.286174535774 1.27188624457 -0.03) (0.289019677127 1.27703998647 -0.03) (0.291886539973 1.28222998495 -0.03) (0.294775394022 1.28745669528 -0.03) (0.29768651346 1.29272058021 -0.03) (0.300620177044 1.29802211014 -0.03) (0.303576668196 1.30336176325 -0.03) (0.306556275105 1.30874002573 -0.03) (0.309559290819 1.31415739185 -0.03) (0.312586013356 1.31961436423 -0.03) (0.315636745802 1.32511145395 -0.03) (0.318711796427 1.33064918074 -0.03) (0.321811478787 1.33622807321 -0.03) (0.324936111844 1.34184866898 -0.03) (0.328086020079 1.34751151492 -0.03) (0.331261533615 1.35321716732 -0.03) (0.334462988335 1.3589661921 -0.03) (0.337690726013 1.36475916507 -0.03))
    polyLine 59 63 ((0.272265513804 1.24664595481 0) (0.275005942826 1.25162499115 0) (0.277766808865 1.25663811486 0) (0.28054836056 1.26168574598 0) (0.283350850593 1.26676831132 0) (0.286174535774 1.27188624457 0) (0.289019677127 1.27703998647 0) (0.291886539973 1.28222998495 0) (0.294775394022 1.28745669528 0) (0.29768651346 1.29272058021 0) (0.300620177044 1.29802211014 0) (0.303576668196 1.30336176325 0) (0.306556275105 1.30874002573 0) (0.309559290819 1.31415739185 0) (0.312586013356 1.31961436423 0) (0.315636745802 1.32511145395 0) (0.318711796427 1.33064918074 0) (0.321811478787 1.33622807321 0) (0.324936111844 1.34184866898 0) (0.328086020079 1.34751151492 0) (0.331261533615 1.35321716732 0) (0.334462988335 1.3589661921 0) (0.337690726013 1.36475916507 0))
    polyLine 60 64 ((0.393850109173 0.574454536571 -0.03) (0.394456671972 0.575108108055 -0.03) (0.395063234772 0.575761679539 -0.03) (0.395669797571 0.576415251024 -0.03) (0.39627636037 0.577068822508 -0.03) (0.39688292317 0.577722393992 -0.03) (0.397489485969 0.578375965476 -0.03) (0.398096048769 0.579029536961 -0.03) (0.398702611568 0.579683108445 -0.03) (0.399309174367 0.580336679929 -0.03) (0.399915737167 0.580990251413 -0.03) (0.400522299966 0.581643822898 -0.03) (0.401128862766 0.582297394382 -0.03) (0.401735425565 0.582950965866 -0.03) (0.402341988364 0.58360453735 -0.03) (0.402948551164 0.584258108835 -0.03) (0.403555113963 0.584911680319 -0.03) (0.404161676763 0.585565251803 -0.03) (0.404768239562 0.586218823287 -0.03) (0.405374802361 0.586872394772 -0.03) (0.405981365161 0.587525966256 -0.03) (0.40658792796 0.58817953774 -0.03) (0.40719449076 0.588833109224 -0.03) (0.407801053559 0.589486680709 -0.03) (0.408403051961 0.5901183143 -0.03) (0.409021598864 0.59073375138 -0.03) (0.409656258663 0.591332558536 -0.03) (0.410306584409 0.591914314064 -0.03) (0.410972118118 0.592478608272 -0.03) (0.411652391096 0.593025043763 -0.03) (0.41234692427 0.593553235716 -0.03) (0.413055228526 0.59406281216 -0.03) (0.413776805047 0.594553414233 -0.03) (0.414511145675 0.595024696434 -0.03) (0.41525773326 0.595476326868 -0.03) (0.416016042026 0.595907987482 -0.03) (0.416785537945 0.596319374284 -0.03) (0.41756567911 0.59671019756 -0.03) (0.418355916117 0.597080182078 -0.03) (0.419155692451 0.597429067281 -0.03) (0.419964444881 0.597756607473 -0.03) (0.420781603854 0.598062571986 -0.03) (0.421606593896 0.598346745349 -0.03) (0.42243883402 0.598608927438 -0.03) (0.42327773813 0.598848933613 -0.03) (0.42412271544 0.599066594854 -0.03) (0.424973170886 0.599261757875 -0.03) (0.425828505545 0.599434285237 -0.03) (0.426688117061 0.599584055437 -0.03) (0.427551400062 0.599710963004 -0.03) (0.428417746593 0.599814918563 -0.03) (0.429286546541 0.599895848906 -0.03) (0.430157188066 0.599953697038 -0.03) (0.431029058028 0.599988422221 -0.03))
    polyLine 62 66 ((0.393850109173 0.574454536571 0) (0.394456671972 0.575108108055 0) (0.395063234772 0.575761679539 0) (0.395669797571 0.576415251024 0) (0.39627636037 0.577068822508 0) (0.39688292317 0.577722393992 0) (0.397489485969 0.578375965476 0) (0.398096048769 0.579029536961 0) (0.398702611568 0.579683108445 0) (0.399309174367 0.580336679929 0) (0.399915737167 0.580990251413 0) (0.400522299966 0.581643822898 0) (0.401128862766 0.582297394382 0) (0.401735425565 0.582950965866 0) (0.402341988364 0.58360453735 0) (0.402948551164 0.584258108835 0) (0.403555113963 0.584911680319 0) (0.404161676763 0.585565251803 0) (0.404768239562 0.586218823287 0) (0.405374802361 0.586872394772 0) (0.405981365161 0.587525966256 0) (0.40658792796 0.58817953774 0) (0.40719449076 0.588833109224 0) (0.407801053559 0.589486680709 0) (0.408403051961 0.5901183143 0) (0.409021598864 0.59073375138 0) (0.409656258663 0.591332558536 0) (0.410306584409 0.591914314064 0) (0.410972118118 0.592478608272 0) (0.411652391096 0.593025043763 0) (0.41234692427 0.593553235716 0) (0.413055228526 0.59406281216 0) (0.413776805047 0.594553414233 0) (0.414511145675 0.595024696434 0) (0.41525773326 0.595476326868 0) (0.416016042026 0.595907987482 0) (0.416785537945 0.596319374284 0) (0.41756567911 0.59671019756 0) (0.418355916117 0.597080182078 0) (0.419155692451 0.597429067281 0) (0.419964444881 0.597756607473 0) (0.420781603854 0.598062571986 0) (0.421606593896 0.598346745349 0) (0.42243883402 0.598608927438 0) (0.42327773813 0.598848933613 0) (0.42412271544 0.599066594854 0) (0.424973170886 0.599261757875 0) (0.425828505545 0.599434285237 0) (0.426688117061 0.599584055437 0) (0.427551400062 0.599710963004 0) (0.428417746593 0.599814918563 0) (0.429286546541 0.599895848906 0) (0.430157188066 0.599953697038 0) (0.431029058028 0.599988422221 0))
    polyLine 61 65 ((0.344356480813 1.37671235885 -0.03) (0.347797428162 1.38287748918 -0.03) (0.351268348706 1.38909275717 -0.03) (0.354769662354 1.39535886979 -0.03) (0.358301796873 1.40167654717 -0.03) (0.36186518808 1.4080465229 -0.03) (0.365460280027 1.41446954435 -0.03) (0.369087525199 1.42094637298 -0.03) (0.372747384712 1.4274777847 -0.03) (0.376440328519 1.43406457021 -0.03) (0.380166835626 1.44070753534 -0.03) (0.383927394307 1.44740750143 -0.03) (0.38772250233 1.45416530569 -0.03) (0.391552667187 1.46098180161 -0.03) (0.395418406335 1.46785785935 -0.03) (0.399320247438 1.47479436613 -0.03) (0.403258728624 1.48179222669 -0.03) (0.407234398738 1.48885236369 -0.03) (0.411247817617 1.49597571819 -0.03) (0.415299556361 1.50316325006 -0.03) (0.41939019762 1.51041593854 -0.03) (0.423520335885 1.51773478263 -0.03) (0.42769057779 1.52512080168 -0.03))
    polyLine 63 67 ((0.344356480813 1.37671235885 0) (0.347797428162 1.38287748918 0) (0.351268348706 1.38909275717 0) (0.354769662354 1.39535886979 0) (0.358301796873 1.40167654717 0) (0.36186518808 1.4080465229 0) (0.365460280027 1.41446954435 0) (0.369087525199 1.42094637298 0) (0.372747384712 1.4274777847 0) (0.376440328519 1.43406457021 0) (0.380166835626 1.44070753534 0) (0.383927394307 1.44740750143 0) (0.38772250233 1.45416530569 0) (0.391552667187 1.46098180161 0) (0.395418406335 1.46785785935 0) (0.399320247438 1.47479436613 0) (0.403258728624 1.48179222669 0) (0.407234398738 1.48885236369 0) (0.411247817617 1.49597571819 0) (0.415299556361 1.50316325006 0) (0.41939019762 1.51041593854 0) (0.423520335885 1.51773478263 0) (0.42769057779 1.52512080168 0))
);

boundary
(
    body_fore
    {
        type wall;
        faces
        (
            (0 2 6 4)
            (4 6 10 8)
            (8 10 14 12)
            (12 14 18 16)
            (16 18 22 20)
            (20 22 26 24)
            (24 26 30 28)
            (28 30 34 32)
            (32 34 38 36)
            (36 38 42 40)
            (40 42 46 44)
            (44 46 50 48)
            (48 50 54 52)
            (52 54 58 56)
            (56 58 62 60)
            (60 62 66 64)
        );
    }
    freestream
    {
        type patch;
        faces
        (
            (1 5 7 3)
            (5 9 11 7)
            (9 13 15 11)
            (13 17 19 15)
            (17 21 23 19)
            (21 25 27 23)
            (25 29 31 27)
            (29 33 35 31)
            (33 37 39 35)
            (37 41 43 39)
            (41 45 47 43)
            (45 49 51 47)
            (49 53 55 51)
            (53 57 59 55)
            (57 61 63 59)
            (61 65 67 63)
        );
    }
    outlet
    {
        type patch;
        faces
        (
            (64 66 67 65)
        );
    }
    axis
    {
        type patch;
        faces
        (
            (0 1 3 2)
        );
    }
    front
    {
        type patch;
        faces
        (
            (2 6 7 3)
            (6 10 11 7)
            (10 14 15 11)
            (14 18 19 15)
            (18 22 23 19)
            (22 26 27 23)
            (26 30 31 27)
            (30 34 35 31)
            (34 38 39 35)
            (38 42 43 39)
            (42 46 47 43)
            (46 50 51 47)
            (50 54 55 51)
            (54 58 59 55)
            (58 62 63 59)
            (62 66 67 63)
        );
    }
    back
    {
        type patch;
        faces
        (
            (0 1 5 4)
            (4 5 9 8)
            (8 9 13 12)
            (12 13 17 16)
            (16 17 21 20)
            (20 21 25 24)
            (24 25 29 28)
            (28 29 33 32)
            (32 33 37 36)
            (36 37 41 40)
            (40 41 45 44)
            (44 45 49 48)
            (48 49 53 52)
            (52 53 57 56)
            (56 57 61 60)
            (60 61 65 64)
        );
    }
);
