FoamFile
{
    version     2.0;
    format      ascii;
    class       dictionary;
    object      blockMeshDict;
}
// Generated by aether.cfd - do not edit by hand. Regenerate from the run config.

scale 1;

vertices
(
    (0 0 -0.03)
    (-0.309216380169 7.20409313758e-17 -0.03)
    (0 0 0)
    (-0.309216380169 7.20409313758e-17 0)
    (0.00119689499059 0.0437355621586 -0.03)
    (-0.305813541902 0.0920619542929 -0.03)
    (0.00119689499059 0.0437355621586 0)
    (-0.305813541902 0.0920619542929 0)
    (0.00478350030849 0.0873402430207 -0.03)
    (-0.29576430847 0.183052405192 -0.03)
    (0.00478350030849 0.0873402430207 0)
    (-0.29576430847 0.183052405192 0)
    (0.0107495569077 0.130683502006 -0.03)
    (-0.279505630176 0.272064667718 -0.03)
    (0.0107495569077 0.130683502006 0)
    (-0.279505630176 0.272064667718 0)
    (0.019076757702 0.17363568048 -0.03)
    (-0.257649323077 0.358465908849 -0.03)
    (0.019076757702 0.17363568048 0)
    (-0.257649323077 0.358465908849 0)
    (0.0297406075131 0.216068147013 -0.03)
    (-0.230860916021 0.441929632789 -0.03)
    (0.0297406075131 0.216068147013 0)
    (-0.230860916021 0.441929632789 0)
    (0.0427087895731 0.257854007572 -0.03)
    (-0.199760098808 0.522401893293 -0.03)
    (0.0427087895731 0.257854007572 0)
    (-0.199760098808 0.522401893293 0)
    (0.0579428673363 0.298868087638 -0.03)
    (-0.164858868415 0.600037012911 -0.03)
    (0.0579428673363 0.298868087638 0)
    (-0.164858868415 0.600037012911 0)
    (0.0753968987083 0.338987766842 -0.03)
    (-0.126536670992 0.675125746932 -0.03)
    (0.0753968987083 0.338987766842 0)
    (-0.126536670992 0.675125746932 0)
    (0.0946527747021 0.378279335369 -0.03)
    (-0.0853388104766 0.747535862213 -0.03)
    (0.0946527747021 0.378279335369 0)
    (-0.0853388104766 0.747535862213 0)
    (0.114093322318 0.417481054378 -0.03)
    (-0.0430618018544 0.815235690988 -0.03)
    (0.114093322318 0.417481054378 0)
    (-0.0430618018544 0.815235690988 0)
    (0.133533869934 0.456682773387 -0.03)
    (-0.000682539748223 0.877924704206 -0.03)
    (0.133533869934 0.456682773387 0)
    (-0.000682539748223 0.877924704206 0)
    (0.15297441755 0.495884492395 -0.03)
    (0.041150262882 0.935741098376 -0.03)
    (0.15297441755 0.495884492395 0)
    (0.041150262882 0.935741098376 0)
    (0.172430015736 0.535078642023 -0.03)
    (0.0819928775625 0.988974792921 -0.03)
    (0.172430015736 0.535078642023 0)
    (0.0819928775625 0.988974792921 0)
    (0.199081835883 0.569477187337 -0.03)
    (0.131602433831 1.05006344262 -0.03)
    (0.199081835883 0.569477187337 0)
    (0.131602433831 1.05006344262 0)
    (0.236248544407 0.592109258348 -0.03)
    (0.197638254836 1.12633254882 -0.03)
    (0.236248544407 0.592109258348 0)
    (0.197638254836 1.12633254882 0)
    (0.279042466593 0.6 -0.03)
    (0.279042466593 1.21389446722 -0.03)
    (0.279042466593 0.6 0)
    (0.279042466593 1.21389446722 0)
);

blocks
(
    hex (0 4 5 1 2 6 7 3) (4 48 1) simpleGrading (1 4 1)
    hex (4 8 9 5 6 10 11 7) (4 48 1) simpleGrading (1 4 1)
    hex (8 12 13 9 10 14 15 11) (4 48 1) simpleGrading (1 4 1)
    hex (12 16 17 13 14 18 19 15) (4 48 1) simpleGrading (1 4 1)
    hex (16 20 21 17 18 22 23 19) (4 48 1) simpleGrading (1 4 1)
    hex (20 24 25 21 22 26 27 23) (4 48 1) simpleGrading (1 4 1)
    hex (24 28 29 25 26 30 31 27) (4 48 1) simpleGrading (1 4 1)
    hex (28 32 33 29 30 34 35 31) (4 48 1) simpleGrading (1 4 1)
    hex (32 36 37 33 34 38 39 35) (4 48 1) simpleGrading (1 4 1)
    hex (36 40 41 37 38 42 43 39) (4 48 1) simpleGrading (1 4 1)
    hex (40 44 45 41 42 46 47 43) (4 48 1) simpleGrading (1 4 1)
    hex (44 48 49 45 46 50 51 47) (4 48 1) simpleGrading (1 4 1)
    hex (48 52 53 49 50 54 55 51) (4 48 1) simpleGrading (1 4 1)
    hex (52 56 57 53 54 58 59 55) (4 48 1) simpleGrading (1 4 1)
    hex (56 60 61 57 58 62 63 59) (4 48 1) simpleGrading (1 4 1)
    hex (60 64 65 61 62 66 67 63) (4 48 1) simpleGrading (1 4 1)
);

edges
(
    polyLine 0 4 ((5.09119495968e-07 0.000902406332634 -0.03) (2.03647733561e-06 0.00180481151633 -0.03) (4.58207157443e-06 0.00270721440214 -0.03) (8.14589897123e-06 0.00360961384115 -0.03) (1.27279549886e-05 0.00451200868441 -0.03) (1.83282337927e-05 0.005414397783 -0.03) (2.49467282534e-05 0.00631677998801 -0.03) (3.2583429944e-05 0.00721915415052 -0.03) (4.12383291413e-05 0.00812151912163 -0.03) (5.09114148262e-05 0.00902387375247 -0.03) (6.16026746828e-05 0.00992621689415 -0.03) (7.3312095099e-05 0.0108285473978 -0.03) (8.60396611665e-05 0.0117308641146 -0.03) (9.97853566808e-05 0.0126331658958 -0.03) (0.000114549164141 0.0135354515924 -0.03) (0.000130331064749 0.0144377200558 -0.03) (0.000147131038412 0.0153399701371 -0.03) (0.000164949063741 0.0162422006877 -0.03) (0.000183785118049 0.0171444105587 -0.03) (0.000203639177355 0.0180465986016 -0.03) (0.00022451121638 0.0189487636676 -0.03) (0.000246401208551 0.0198509046082 -0.03) (0.000269309125997 0.0207530202747 -0.03) (0.000293234939551 0.0216551095185 -0.03) (0.000318178618752 0.0225571711911 -0.03) (0.000344140131841 0.0234592041441 -0.03) (0.000371119445765 0.0243612072289 -0.03) (0.000399116526173 0.0252631792971 -0.03) (0.00042813133742 0.0261651192004 -0.03) (0.000458163842564 0.0270670257904 -0.03) (0.000489214003367 0.0279688979187 -0.03) (0.000521281780298 0.0288707344372 -0.03) (0.000554367132527 0.0297725341976 -0.03) (0.00058847001793 0.0306742960517 -0.03) (0.000623590393088 0.0315760188515 -0.03) (0.000659728213285 0.0324777014488 -0.03) (0.000696883432511 0.0333793426957 -0.03) (0.000735056003461 0.0342809414442 -0.03) (0.000774245877533 0.0351824965463 -0.03) (0.00081445300483 0.0360840068542 -0.03) (0.000855677334161 0.0369854712201 -0.03) (0.00089791881304 0.0378868884963 -0.03) (0.000941177387685 0.0387882575351 -0.03) (0.000985453003019 0.0396895771889 -0.03) (0.00103074560267 0.0405908463101 -0.03) (0.00107705512897 0.0414920637512 -0.03) (0.00112438152297 0.0423932283648 -0.03) (0.0011727247244 0.0432943390035 -0.03))
    polyLine 2 6 ((5.09119495968e-07 0.000902406332634 0) (2.03647733561e-06 0.00180481151633 0) (4.58207157443e-06 0.00270721440214 0) (8.14589897123e-06 0.00360961384115 0) (1.27279549886e-05 0.00451200868441 0) (1.83282337927e-05 0.005414397783 0) (2.49467282534e-05 0.00631677998801 0) (3.2583429944e-05 0.00721915415052 0) (4.12383291413e-05 0.00812151912163 0) (5.09114148262e-05 0.00902387375247 0) (6.16026746828e-05 0.00992621689415 0) (7.3312095099e-05 0.0108285473978 0) (8.60396611665e-05 0.0117308641146 0) (9.97853566808e-05 0.0126331658958 0) (0.000114549164141 0.0135354515924 0) (0.000130331064749 0.0144377200558 0) (0.000147131038412 0.0153399701371 0) (0.000164949063741 0.0162422006877 0) (0.000183785118049 0.0171444105587 0) (0.000203639177355 0.0180465986016 0) (0.00022451121638 0.0189487636676 0) (0.000246401208551 0.0198509046082 0) (0.000269309125997 0.0207530202747 0) (0.000293234939551 0.0216551095185 0) (0.000318178618752 0.0225571711911 0) (0.000344140131841 0.0234592041441 0) (0.000371119445765 0.0243612072289 0) (0.000399116526173 0.0252631792971 0) (0.00042813133742 0.0261651192004 0) (0.000458163842564 0.0270670257904 0) (0.000489214003367 0.0279688979187 0) (0.000521281780298 0.0288707344372 0) (0.000554367132527 0.0297725341976 0) (0.00058847001793 0.0306742960517 0) (0.000623590393088 0.0315760188515 0) (0.000659728213285 0.0324777014488 0) (0.000696883432511 0.0333793426957 0) (0.000735056003461 0.0342809414442 0) (0.000774245877533 0.0351824965463 0) (0.00081445300483 0.0360840068542 0) (0.000855677334161 0.0369854712201 0) (0.00089791881304 0.0378868884963 0) (0.000941177387685 0.0387882575351 0) (0.000985453003019 0.0396895771889 0) (0.00103074560267 0.0405908463101 0) (0.00107705512897 0.0414920637512 0) (0.00112438152297 0.0423932283648 0) (0.0011727247244 0.0432943390035 0))
    polyLine 1 5 ((-0.309210500163 0.00382684816606 -0.03) (-0.309192859567 0.00765379072703 -0.03) (-0.309163456654 0.0114809220852 -0.03) (-0.309122288543 0.0153083366579 -0.03) (-0.309069351198 0.0191361288845 -0.03) (-0.309004639433 0.0229643932342 -0.03) (-0.308928146905 0.0267932242135 -0.03) (-0.308839866114 0.0306227163735 -0.03) (-0.308739788406 0.0344529643173 -0.03) (-0.308627903964 0.0382840627077 -0.03) (-0.308504201814 0.0421161062743 -0.03) (-0.308368669819 0.0459491898214 -0.03) (-0.308221294675 0.0497834082355 -0.03) (-0.308062061914 0.0536188564924 -0.03) (-0.307890955897 0.0574556296651 -0.03) (-0.307707959813 0.0612938229312 -0.03) (-0.307513055674 0.0651335315807 -0.03) (-0.307306224315 0.0689748510231 -0.03) (-0.307087445391 0.0728178767956 -0.03) (-0.306856697367 0.0766627045704 -0.03) (-0.306613957521 0.0805094301623 -0.03) (-0.306359201938 0.0843581495368 -0.03) (-0.306092405504 0.0882089588172 -0.03))
    polyLine 3 7 ((-0.309210500163 0.00382684816606 0) (-0.309192859567 0.00765379072703 0) (-0.309163456654 0.0114809220852 0) (-0.309122288543 0.0153083366579 0) (-0.309069351198 0.0191361288845 0) (-0.309004639433 0.0229643932342 0) (-0.308928146905 0.0267932242135 0) (-0.308839866114 0.0306227163735 0) (-0.308739788406 0.0344529643173 0) (-0.308627903964 0.0382840627077 0) (-0.308504201814 0.0421161062743 0) (-0.308368669819 0.0459491898214 0) (-0.308221294675 0.0497834082355 0) (-0.308062061914 0.0536188564924 0) (-0.307890955897 0.0574556296651 0) (-0.307707959813 0.0612938229312 0) (-0.307513055674 0.0651335315807 0) (-0.307306224315 0.0689748510231 0) (-0.307087445391 0.0728178767956 0) (-0.306856697367 0.0766627045704 0) (-0.306613957521 0.0805094301623 0) (-0.306359201938 0.0843581495368 0) (-0.306092405504 0.0882089588172 0))
    polyLine 4 8 ((0.00122208467171 0.0441953945201 -0.03) (0.00127246130206 0.0450963937673 -0.03) (0.00132385455131 0.045997335598 -0.03) (0.00137626435403 0.0468982188652 -0.03) (0.00142969064349 0.0477990424217 -0.03) (0.00148413335166 0.0486998051207 -0.03) (0.00153959240924 0.0496005058153 -0.03) (0.0015960677456 0.0505011433588 -0.03) (0.00165355928885 0.0514017166045 -0.03) (0.00171206696579 0.0523022244057 -0.03) (0.00177159070192 0.053202665616 -0.03) (0.00183213042147 0.054103039089 -0.03) (0.00189368604734 0.0550033436781 -0.03) (0.00195625750118 0.0559035782373 -0.03) (0.00201984470331 0.0568037416203 -0.03) (0.00208444757278 0.0577038326811 -0.03) (0.00215006602732 0.0586038502736 -0.03) (0.00221669998341 0.0595037932519 -0.03) (0.0022843493562 0.0604036604703 -0.03) (0.00235301405955 0.0613034507831 -0.03) (0.00242269400605 0.0622031630445 -0.03) (0.00249338910698 0.0631027961092 -0.03) (0.00256509927233 0.0640023488317 -0.03) (0.0026378244108 0.0649018200667 -0.03) (0.0027115644298 0.065801208669 -0.03) (0.00278631923543 0.0667005134936 -0.03) (0.00286208873253 0.0675997333953 -0.03) (0.00293887282463 0.0684988672294 -0.03) (0.00301667141395 0.069397913851 -0.03) (0.00309548440146 0.0702968721156 -0.03) (0.0031753116868 0.0711957408785 -0.03) (0.00325615316835 0.0720945189953 -0.03) (0.00333800874316 0.0729932053217 -0.03) (0.00342087830703 0.0738917987134 -0.03) (0.00350476175444 0.0747902980265 -0.03) (0.00358965897861 0.075688702117 -0.03) (0.00367556987142 0.0765870098409 -0.03) (0.00376249432351 0.0774852200546 -0.03) (0.0038504322242 0.0783833316145 -0.03) (0.00393938346153 0.0792813433771 -0.03) (0.00402934792225 0.080179254199 -0.03) (0.00412032549181 0.0810770629372 -0.03) (0.00421231605439 0.0819747684483 -0.03) (0.00430531949285 0.0828723695896 -0.03) (0.0043993356888 0.0837698652181 -0.03) (0.00449436452252 0.0846672541913 -0.03) (0.00459040587303 0.0855645353665 -0.03) (0.00468745961805 0.0864617076013 -0.03))
    polyLine 6 10 ((0.00122208467171 0.0441953945201 0) (0.00127246130206 0.0450963937673 0) (0.00132385455131 0.045997335598 0) (0.00137626435403 0.0468982188652 0) (0.00142969064349 0.0477990424217 0) (0.00148413335166 0.0486998051207 0) (0.00153959240924 0.0496005058153 0) (0.0015960677456 0.0505011433588 0) (0.00165355928885 0.0514017166045 0) (0.00171206696579 0.0523022244057 0) (0.00177159070192 0.053202665616 0) (0.00183213042147 0.054103039089 0) (0.00189368604734 0.0550033436781 0) (0.00195625750118 0.0559035782373 0) (0.00201984470331 0.0568037416203 0) (0.00208444757278 0.0577038326811 0) (0.00215006602732 0.0586038502736 0) (0.00221669998341 0.0595037932519 0) (0.0022843493562 0.0604036604703 0) (0.00235301405955 0.0613034507831 0) (0.00242269400605 0.0622031630445 0) (0.00249338910698 0.0631027961092 0) (0.00256509927233 0.0640023488317 0) (0.0026378244108 0.0649018200667 0) (0.0027115644298 0.065801208669 0) (0.00278631923543 0.0667005134936 0) (0.00286208873253 0.0675997333953 0) (0.00293887282463 0.0684988672294 0) (0.00301667141395 0.069397913851 0) (0.00309548440146 0.0702968721156 0) (0.0031753116868 0.0711957408785 0) (0.00325615316835 0.0720945189953 0) (0.00333800874316 0.0729932053217 0) (0.00342087830703 0.0738917987134 0) (0.00350476175444 0.0747902980265 0) (0.00358965897861 0.075688702117 0) (0.00367556987142 0.0765870098409 0) (0.00376249432351 0.0774852200546 0) (0.0038504322242 0.0783833316145 0) (0.00393938346153 0.0792813433771 0) (0.00402934792225 0.080179254199 0) (0.00412032549181 0.0810770629372 0) (0.00421231605439 0.0819747684483 0) (0.00430531949285 0.0828723695896 0) (0.0043993356888 0.0837698652181 0) (0.00449436452252 0.0846672541913 0) (0.00459040587303 0.0855645353665 0) (0.00468745961805 0.0864617076013 0))
    polyLine 5 9 ((-0.305530098943 0.0958196034778 -0.03) (-0.305235139331 0.0995795106943 -0.03) (-0.304928635375 0.1033417656 -0.03) (-0.304610558278 0.107106458029 -0.03) (-0.304280878139 0.110873678002 -0.03) (-0.303939563942 0.114643515728 -0.03) (-0.303586583552 0.118416061618 -0.03) (-0.30322190371 0.122191406286 -0.03) (-0.302845490029 0.125969640561 -0.03) (-0.302457306984 0.129750855489 -0.03) (-0.302057317909 0.133535142346 -0.03) (-0.30164548499 0.13732259264 -0.03) (-0.30122176926 0.141113298121 -0.03) (-0.300786130588 0.144907350789 -0.03) (-0.300338527675 0.148704842898 -0.03) (-0.299878918048 0.152505866968 -0.03) (-0.29940725805 0.156310515787 -0.03) (-0.298923502834 0.160118882423 -0.03) (-0.298427606353 0.163931060231 -0.03) (-0.297919521356 0.167747142857 -0.03) (-0.297399199376 0.17156722425 -0.03) (-0.296866590723 0.175391398667 -0.03) (-0.296321644475 0.179219760682 -0.03))
    polyLine 7 11 ((-0.305530098943 0.0958196034778 0) (-0.305235139331 0.0995795106943 0) (-0.304928635375 0.1033417656 0) (-0.304610558278 0.107106458029 0) (-0.304280878139 0.110873678002 0) (-0.303939563942 0.114643515728 0) (-0.303586583552 0.118416061618 0) (-0.30322190371 0.122191406286 0) (-0.302845490029 0.125969640561 0) (-0.302457306984 0.129750855489 0) (-0.302057317909 0.133535142346 0) (-0.30164548499 0.13732259264 0) (-0.30122176926 0.141113298121 0) (-0.300786130588 0.144907350789 0) (-0.300338527675 0.148704842898 0) (-0.299878918048 0.152505866968 0) (-0.29940725805 0.156310515787 0) (-0.298923502834 0.160118882423 0) (-0.298427606353 0.163931060231 0) (-0.297919521356 0.167747142857 0) (-0.297399199376 0.17156722425 0) (-0.296866590723 0.175391398667 0) (-0.296321644475 0.179219760682 0))
    polyLine 8 12 ((0.00478552563401 0.0873587697535 -0.03) (0.00488460379606 0.0882557206809 -0.03) (0.00498469397804 0.0891525592416 -0.03) (0.00508579605252 0.0900492842936 -0.03) (0.00518790989078 0.0909458946953 -0.03) (0.00529103536281 0.0918423893051 -0.03) (0.00539517233732 0.0927387669816 -0.03) (0.0055003206817 0.0936350265835 -0.03) (0.0056064802621 0.0945311669698 -0.03) (0.00571365094334 0.0954271869994 -0.03) (0.00582183258898 0.0963230855315 -0.03) (0.00593102506129 0.0972188614256 -0.03) (0.00604122822123 0.098114513541 -0.03) (0.0061524419285 0.0990100407376 -0.03) (0.0062646660415 0.0999054418749 -0.03) (0.00637790041735 0.100800715813 -0.03) (0.00649214491187 0.101695861412 -0.03) (0.00660739937963 0.102590877533 -0.03) (0.00672366367386 0.103485763035 -0.03) (0.00684093764655 0.10438051678 -0.03) (0.00695922114838 0.105275137628 -0.03) (0.00707851402875 0.10616962444 -0.03) (0.00719881613579 0.107063976078 -0.03) (0.00732012731631 0.107958191402 -0.03) (0.00744244741588 0.108852269274 -0.03) (0.00756577627875 0.109746208556 -0.03) (0.0076901137479 0.11064000811 -0.03) (0.00781545966503 0.111533666797 -0.03) (0.00794181387054 0.11242718348 -0.03) (0.00806917620356 0.113320557022 -0.03) (0.00819754650194 0.114213786284 -0.03) (0.00832692460223 0.11510687013 -0.03) (0.00845731033971 0.115999807422 -0.03) (0.00858870354838 0.116892597024 -0.03) (0.00872110406093 0.117785237798 -0.03) (0.00885451170882 0.118677728609 -0.03) (0.00898892632217 0.11957006832 -0.03) (0.00912434772985 0.120462255796 -0.03) (0.00926077575945 0.121354289899 -0.03) (0.00939821023727 0.122246169494 -0.03) (0.00953665098831 0.123137893446 -0.03) (0.00967609783634 0.12402946062 -0.03) (0.00981655060379 0.12492086988 -0.03) (0.00995800911184 0.125812120091 -0.03) (0.0101004731804 0.126703210119 -0.03) (0.0102439426281 0.127594138828 -0.03) (0.0103884172722 0.128484905086 -0.03) (0.0105338969288 0.129375507757 -0.03) (0.0106803814127 0.130265945708 -0.03))
    polyLine 10 14 ((0.00478552563401 0.0873587697535 0) (0.00488460379606 0.0882557206809 0) (0.00498469397804 0.0891525592416 0) (0.00508579605252 0.0900492842936 0) (0.00518790989078 0.0909458946953 0) (0.00529103536281 0.0918423893051 0) (0.00539517233732 0.0927387669816 0) (0.0055003206817 0.0936350265835 0) (0.0056064802621 0.0945311669698 0) (0.00571365094334 0.0954271869994 0) (0.00582183258898 0.0963230855315 0) (0.00593102506129 0.0972188614256 0) (0.00604122822123 0.098114513541 0) (0.0061524419285 0.0990100407376 0) (0.0062646660415 0.0999054418749 0) (0.00637790041735 0.100800715813 0) (0.00649214491187 0.101695861412 0) (0.00660739937963 0.102590877533 0) (0.00672366367386 0.103485763035 0) (0.00684093764655 0.10438051678 0) (0.00695922114838 0.105275137628 0) (0.00707851402875 0.10616962444 0) (0.00719881613579 0.107063976078 0) (0.00732012731631 0.107958191402 0) (0.00744244741588 0.108852269274 0) (0.00756577627875 0.109746208556 0) (0.0076901137479 0.11064000811 0) (0.00781545966503 0.111533666797 0) (0.00794181387054 0.11242718348 0) (0.00806917620356 0.113320557022 0) (0.00819754650194 0.114213786284 0) (0.00832692460223 0.11510687013 0) (0.00845731033971 0.115999807422 0) (0.00858870354838 0.116892597024 0) (0.00872110406093 0.117785237798 0) (0.00885451170882 0.118677728609 0) (0.00898892632217 0.11957006832 0) (0.00912434772985 0.120462255796 0) (0.00926077575945 0.121354289899 0) (0.00939821023727 0.122246169494 0) (0.00953665098831 0.123137893446 0) (0.00967609783634 0.12402946062 0) (0.00981655060379 0.12492086988 0) (0.00995800911184 0.125812120091 0) (0.0101004731804 0.126703210119 0) (0.0102439426281 0.127594138828 0) (0.0103884172722 0.128484905086 0) (0.0105338969288 0.129375507757 0) (0.0106803814127 0.130265945708 0))
    polyLine 9 13 ((-0.295221814042 0.186707482414 -0.03) (-0.294667980686 0.190366614861 -0.03) (-0.294102760123 0.194029885429 -0.03) (-0.293526103019 0.197697377305 -0.03) (-0.29293795898 0.201369173978 -0.03) (-0.292338276544 0.205045359238 -0.03) (-0.291727003172 0.208726017191 -0.03) (-0.29110408524 0.21241123226 -0.03) (-0.290469468028 0.216101089191 -0.03) (-0.289823095715 0.219795673064 -0.03) (-0.289164911366 0.223495069296 -0.03) (-0.288494856927 0.227199363649 -0.03) (-0.28781287321 0.230908642237 -0.03) (-0.287118899888 0.234622991533 -0.03) (-0.286412875482 0.238342498374 -0.03) (-0.285694737354 0.242067249971 -0.03) (-0.284964421694 0.245797333914 -0.03) (-0.28422186351 0.249532838178 -0.03) (-0.283466996617 0.253273851134 -0.03) (-0.282699753627 0.257020461553 -0.03) (-0.281920065938 0.260772758614 -0.03) (-0.281127863719 0.264530831911 -0.03) (-0.280323075905 0.268294771463 -0.03))
    polyLine 11 15 ((-0.295221814042 0.186707482414 0) (-0.294667980686 0.190366614861 0) (-0.294102760123 0.194029885429 0) (-0.293526103019 0.197697377305 0) (-0.29293795898 0.201369173978 0) (-0.292338276544 0.205045359238 0) (-0.291727003172 0.208726017191 0) (-0.29110408524 0.21241123226 0) (-0.290469468028 0.216101089191 0) (-0.289823095715 0.219795673064 0) (-0.289164911366 0.223495069296 0) (-0.288494856927 0.227199363649 0) (-0.28781287321 0.230908642237 0) (-0.287118899888 0.234622991533 0) (-0.286412875482 0.238342498374 0) (-0.285694737354 0.242067249971 0) (-0.284964421694 0.245797333914 0) (-0.28422186351 0.249532838178 0) (-0.283466996617 0.253273851134 0) (-0.282699753627 0.257020461553 0) (-0.281920065938 0.260772758614 0) (-0.281127863719 0.264530831911 0) (-0.280323075905 0.268294771463 0))
    polyLine 12 16 ((0.0108278705374 0.131156217805 -0.03) (0.0109763641151 0.132046322914 -0.03) (0.0111258619568 0.132936259903 -0.03) (0.011276363872 0.133826027638 -0.03) (0.0114278696692 0.134715624986 -0.03) (0.0115803791555 0.135605050815 -0.03) (0.0117338921367 0.136494303992 -0.03) (0.0118884084173 0.137383383385 -0.03) (0.0120439278007 0.138272287862 -0.03) (0.0122004500888 0.139161016292 -0.03) (0.0123579750823 0.140049567542 -0.03) (0.0125165025807 0.140937940482 -0.03) (0.0126760323822 0.141826133981 -0.03) (0.0128365642835 0.142714146907 -0.03) (0.0129980980804 0.14360197813 -0.03) (0.0131606335672 0.14448962652 -0.03) (0.0133241705369 0.145377090946 -0.03) (0.0134887087814 0.146264370279 -0.03) (0.013654248091 0.147151463389 -0.03) (0.0138207882552 0.148038369146 -0.03) (0.0139883290617 0.148925086422 -0.03) (0.0141568702974 0.149811614086 -0.03) (0.0143264117476 0.150697951011 -0.03) (0.0144969531965 0.151584096069 -0.03) (0.0146684944269 0.15247004813 -0.03) (0.0148410352205 0.153355806067 -0.03) (0.0150145753575 0.154241368752 -0.03) (0.015189114617 0.155126735058 -0.03) (0.0153646527768 0.156011903857 -0.03) (0.0155411896134 0.156896874022 -0.03) (0.015718724902 0.157781644427 -0.03) (0.0158972584166 0.158666213945 -0.03) (0.0160767899299 0.159550581451 -0.03) (0.0162573192132 0.160434745817 -0.03) (0.0164388460368 0.161318705918 -0.03) (0.0166213701696 0.162202460629 -0.03) (0.0168048913791 0.163086008825 -0.03) (0.0169894094316 0.16396934938 -0.03) (0.0171749240923 0.16485248117 -0.03) (0.017361435125 0.165735403071 -0.03) (0.0175489422922 0.166618113959 -0.03) (0.0177374453551 0.167500612708 -0.03) (0.0179269440738 0.168382898197 -0.03) (0.018117438207 0.169264969302 -0.03) (0.0183089275121 0.170146824899 -0.03) (0.0185014117454 0.171028463866 -0.03) (0.0186948906618 0.171909885081 -0.03) (0.0188893640149 0.17279108742 -0.03))
    polyLine 14 18 ((0.0108278705374 0.131156217805 0) (0.0109763641151 0.132046322914 0) (0.0111258619568 0.132936259903 0) (0.011276363872 0.133826027638 0) (0.0114278696692 0.134715624986 0) (0.0115803791555 0.135605050815 0) (0.0117338921367 0.136494303992 0) (0.0118884084173 0.137383383385 0) (0.0120439278007 0.138272287862 0) (0.0122004500888 0.139161016292 0) (0.0123579750823 0.140049567542 0) (0.0125165025807 0.140937940482 0) (0.0126760323822 0.141826133981 0) (0.0128365642835 0.142714146907 0) (0.0129980980804 0.14360197813 0) (0.0131606335672 0.14448962652 0) (0.0133241705369 0.145377090946 0) (0.0134887087814 0.146264370279 0) (0.013654248091 0.147151463389 0) (0.0138207882552 0.148038369146 0) (0.0139883290617 0.148925086422 0) (0.0141568702974 0.149811614086 0) (0.0143264117476 0.150697951011 0) (0.0144969531965 0.151584096069 0) (0.0146684944269 0.15247004813 0) (0.0148410352205 0.153355806067 0) (0.0150145753575 0.154241368752 0) (0.015189114617 0.155126735058 0) (0.0153646527768 0.156011903857 0) (0.0155411896134 0.156896874022 0) (0.015718724902 0.157781644427 0) (0.0158972584166 0.158666213945 0) (0.0160767899299 0.159550581451 0) (0.0162573192132 0.160434745817 0) (0.0164388460368 0.161318705918 0) (0.0166213701696 0.162202460629 0) (0.0168048913791 0.163086008825 0) (0.0169894094316 0.16396934938 0) (0.0171749240923 0.16485248117 0) (0.017361435125 0.165735403071 0) (0.0175489422922 0.166618113959 0) (0.0177374453551 0.167500612708 0) (0.0179269440738 0.168382898197 0) (0.018117438207 0.169264969302 0) (0.0183089275121 0.170146824899 0) (0.0185014117454 0.171028463866 0) (0.0186948906618 0.171909885081 0) (0.0188893640149 0.17279108742 0))
    polyLine 13 17 ((-0.27872946677 0.275596508996 -0.03) (-0.27794210238 0.279133716512 -0.03) (-0.277143474791 0.282676365352 -0.03) (-0.276333520793 0.286224530955 -0.03) (-0.275512176172 0.289778289118 -0.03) (-0.274679375701 0.293337716003 -0.03) (-0.273835053131 0.296902888139 -0.03) (-0.27297914118 0.300473882433 -0.03) (-0.272111571521 0.304050776173 -0.03) (-0.271232274775 0.307633647032 -0.03) (-0.270341180499 0.311222573079 -0.03) (-0.269438217176 0.314817632781 -0.03) (-0.268523312202 0.31841890501 -0.03) (-0.267596391878 0.322026469052 -0.03) (-0.266657381395 0.325640404609 -0.03) (-0.265706204827 0.329260791807 -0.03) (-0.264742785115 0.332887711203 -0.03) (-0.263767044057 0.336521243794 -0.03) (-0.262778902299 0.340161471016 -0.03) (-0.261778279315 0.343808474759 -0.03) (-0.260765093402 0.347462337368 -0.03) (-0.259739261663 0.351123141654 -0.03) (-0.258700699995 0.354790970895 -0.03))
    polyLine 15 19 ((-0.27872946677 0.275596508996 0) (-0.27794210238 0.279133716512 0) (-0.277143474791 0.282676365352 0) (-0.276333520793 0.286224530955 0) (-0.275512176172 0.289778289118 0) (-0.274679375701 0.293337716003 0) (-0.273835053131 0.296902888139 0) (-0.27297914118 0.300473882433 0) (-0.272111571521 0.304050776173 0) (-0.271232274775 0.307633647032 0) (-0.270341180499 0.311222573079 0) (-0.269438217176 0.314817632781 0) (-0.268523312202 0.31841890501 0) (-0.267596391878 0.322026469052 0) (-0.266657381395 0.325640404609 0) (-0.265706204827 0.329260791807 0) (-0.264742785115 0.332887711203 0) (-0.263767044057 0.336521243794 0) (-0.262778902299 0.340161471016 0) (-0.261778279315 0.343808474759 0) (-0.260765093402 0.347462337368 0) (-0.259739261663 0.351123141654 0) (-0.258700699995 0.354790970895 0))
    polyLine 16 20 ((0.0190848315572 0.173672069763 -0.03) (0.0192812930397 0.174552830988 -0.03) (0.0194787482123 0.175433369972 -0.03) (0.0196771968238 0.176313685596 -0.03) (0.0198766386212 0.177193776737 -0.03) (0.0200770733509 0.178073642277 -0.03) (0.0202785007575 0.178953281094 -0.03) (0.0204809205845 0.179832692068 -0.03) (0.0206843325744 0.18071187408 -0.03) (0.0208887364681 0.181590826011 -0.03) (0.0210941320053 0.182469546741 -0.03) (0.0213005189245 0.183348035152 -0.03) (0.0215078969631 0.184226290125 -0.03) (0.0217162658568 0.185104310542 -0.03) (0.0219256253405 0.185982095285 -0.03) (0.0221359751476 0.186859643236 -0.03) (0.0223473150103 0.187736953279 -0.03) (0.0225596446594 0.188614024296 -0.03) (0.0227729638248 0.18949085517 -0.03) (0.0229872722346 0.190367444785 -0.03) (0.0232025696162 0.191243792026 -0.03) (0.0234188556954 0.192119895776 -0.03) (0.0236361301968 0.192995754919 -0.03) (0.0238543928437 0.193871368342 -0.03) (0.0240736433584 0.194746734928 -0.03) (0.0242938814616 0.195621853563 -0.03) (0.0245151068729 0.196496723134 -0.03) (0.0247373193107 0.197371342526 -0.03) (0.0249605184921 0.198245710626 -0.03) (0.0251847041328 0.19911982632 -0.03) (0.0254098759475 0.199993688496 -0.03) (0.0256360336494 0.200867296041 -0.03) (0.0258631769507 0.201740647842 -0.03) (0.026091305562 0.202613742788 -0.03) (0.0263204191931 0.203486579767 -0.03) (0.026550517552 0.204359157669 -0.03) (0.026781600346 0.205231475381 -0.03) (0.0270136672808 0.206103531793 -0.03) (0.0272467180608 0.206975325795 -0.03) (0.0274807523895 0.207846856277 -0.03) (0.0277157699688 0.20871812213 -0.03) (0.0279517704995 0.209589122243 -0.03) (0.0281887536812 0.210459855509 -0.03) (0.028426719212 0.211330320818 -0.03) (0.0286656667891 0.212200517063 -0.03) (0.0289055961081 0.213070443134 -0.03) (0.0291465068637 0.213940097926 -0.03) (0.0293883987491 0.21480948033 -0.03) (0.0296312714563 0.215678589239 -0.03))
    polyLine 18 22 ((0.0190848315572 0.173672069763 0) (0.0192812930397 0.174552830988 0) (0.0194787482123 0.175433369972 0) (0.0196771968238 0.176313685596 0) (0.0198766386212 0.177193776737 0) (0.0200770733509 0.178073642277 0) (0.0202785007575 0.178953281094 0) (0.0204809205845 0.179832692068 0) (0.0206843325744 0.18071187408 0) (0.0208887364681 0.181590826011 0) (0.0210941320053 0.182469546741 0) (0.0213005189245 0.183348035152 0) (0.0215078969631 0.184226290125 0) (0.0217162658568 0.185104310542 0) (0.0219256253405 0.185982095285 0) (0.0221359751476 0.186859643236 0) (0.0223473150103 0.187736953279 0) (0.0225596446594 0.188614024296 0) (0.0227729638248 0.18949085517 0) (0.0229872722346 0.190367444785 0) (0.0232025696162 0.191243792026 0) (0.0234188556954 0.192119895776 0) (0.0236361301968 0.192995754919 0) (0.0238543928437 0.193871368342 0) (0.0240736433584 0.194746734928 0) (0.0242938814616 0.195621853563 0) (0.0245151068729 0.196496723134 0) (0.0247373193107 0.197371342526 0) (0.0249605184921 0.198245710626 0) (0.0251847041328 0.19911982632 0) (0.0254098759475 0.199993688496 0) (0.0256360336494 0.200867296041 0) (0.0258631769507 0.201740647842 0) (0.026091305562 0.202613742788 0) (0.0263204191931 0.203486579767 0) (0.026550517552 0.204359157669 0) (0.026781600346 0.205231475381 0) (0.0270136672808 0.206103531793 0) (0.0272467180608 0.206975325795 0) (0.0274807523895 0.207846856277 0) (0.0277157699688 0.20871812213 0) (0.0279517704995 0.209589122243 0) (0.0281887536812 0.210459855509 0) (0.028426719212 0.211330320818 0) (0.0286656667891 0.212200517063 0) (0.0289055961081 0.213070443134 0) (0.0291465068637 0.213940097926 0) (0.0293883987491 0.21480948033 0) (0.0296312714563 0.215678589239 0))
    polyLine 17 21 ((-0.256666830749 0.361866406137 -0.03) (-0.255673263993 0.36527310579 -0.03) (-0.25466855276 0.36868607491 -0.03) (-0.253652626075 0.372105380967 -0.03) (-0.252625412028 0.375531091804 -0.03) (-0.251586837764 0.378963275641 -0.03) (-0.250536829471 0.382402001079 -0.03) (-0.249475312375 0.385847337108 -0.03) (-0.248402210723 0.38929935311 -0.03) (-0.247317447777 0.392758118864 -0.03) (-0.246220945803 0.396223704553 -0.03) (-0.24511262606 0.399696180769 -0.03) (-0.243992408786 0.403175618515 -0.03) (-0.24286021319 0.406662089215 -0.03) (-0.241715957442 0.410155664718 -0.03) (-0.240559558656 0.413656417302 -0.03) (-0.239390932884 0.417164419682 -0.03) (-0.2382099951 0.420679745012 -0.03) (-0.237016659191 0.424202466897 -0.03) (-0.235810837942 0.427732659393 -0.03) (-0.234592443025 0.431270397013 -0.03) (-0.233361384986 0.434815754739 -0.03) (-0.232117573233 0.438368808022 -0.03))
    polyLine 19 23 ((-0.256666830749 0.361866406137 0) (-0.255673263993 0.36527310579 0) (-0.25466855276 0.36868607491 0) (-0.253652626075 0.372105380967 0) (-0.252625412028 0.375531091804 0) (-0.251586837764 0.378963275641 0) (-0.250536829471 0.382402001079 0) (-0.249475312375 0.385847337108 0) (-0.248402210723 0.38929935311 0) (-0.247317447777 0.392758118864 0) (-0.246220945803 0.396223704553 0) (-0.24511262606 0.399696180769 0) (-0.243992408786 0.403175618515 0) (-0.24286021319 0.406662089215 0) (-0.241715957442 0.410155664718 0) (-0.240559558656 0.413656417302 0) (-0.239390932884 0.417164419682 0) (-0.2382099951 0.420679745012 0) (-0.237016659191 0.424202466897 0) (-0.235810837942 0.427732659393 0) (-0.234592443025 0.431270397013 0) (-0.233361384986 0.434815754739 0) (-0.232117573233 0.438368808022 0))
    polyLine 20 24 ((0.029875124676 0.216547423548 -0.03) (0.030119958098 0.217415982149 -0.03) (0.0303657714103 0.218284263937 -0.03) (0.0306125643 0.219152267807 -0.03) (0.030860336453 0.220019992653 -0.03) (0.0311090875537 0.220887437371 -0.03) (0.0313588172855 0.221754600856 -0.03) (0.0316095253303 0.222621482004 -0.03) (0.0318612113691 0.223488079711 -0.03) (0.0321138750813 0.224354392874 -0.03) (0.0323675161452 0.225220420391 -0.03) (0.032622134238 0.226086161157 -0.03) (0.0328777290354 0.226951614072 -0.03) (0.0331343002121 0.227816778033 -0.03) (0.0333918474412 0.228681651939 -0.03) (0.0336503703951 0.229546234689 -0.03) (0.0339098687444 0.230410525181 -0.03) (0.0341703421589 0.231274522316 -0.03) (0.0344317903068 0.232138224993 -0.03) (0.0346942128553 0.233001632113 -0.03) (0.0349576094703 0.233864742576 -0.03) (0.0352219798164 0.234727555283 -0.03) (0.035487323557 0.235590069137 -0.03) (0.0357536403544 0.236452283038 -0.03) (0.0360209298694 0.23731419589 -0.03) (0.0362891917616 0.238175806594 -0.03) (0.0365584256897 0.239037114054 -0.03) (0.0368286313107 0.239898117173 -0.03) (0.0370998082807 0.240758814855 -0.03) (0.0373719562543 0.241619206003 -0.03) (0.0376450748852 0.242479289524 -0.03) (0.0379191638255 0.24333906432 -0.03) (0.0381942227263 0.244198529299 -0.03) (0.0384702512374 0.245057683365 -0.03) (0.0387472490073 0.245916525425 -0.03) (0.0390252156834 0.246775054385 -0.03) (0.0393041509118 0.247633269152 -0.03) (0.0395840543373 0.248491168634 -0.03) (0.0398649256035 0.249348751738 -0.03) (0.0401467643529 0.250206017372 -0.03) (0.0404295702267 0.251062964445 -0.03) (0.0407133428647 0.251919591866 -0.03) (0.0409980819056 0.252775898545 -0.03) (0.041283786987 0.25363188339 -0.03) (0.041570457745 0.254487545312 -0.03) (0.0418580938147 0.255342883221 -0.03) (0.0421466948299 0.25619789603 -0.03) (0.0424362604231 0.257052582648 -0.03))
    polyLine 22 26 ((0.029875124676 0.216547423548 0) (0.030119958098 0.217415982149 0) (0.0303657714103 0.218284263937 0) (0.0306125643 0.219152267807 0) (0.030860336453 0.220019992653 0) (0.0311090875537 0.220887437371 0) (0.0313588172855 0.221754600856 0) (0.0316095253303 0.222621482004 0) (0.0318612113691 0.223488079711 0) (0.0321138750813 0.224354392874 0) (0.0323675161452 0.225220420391 0) (0.032622134238 0.226086161157 0) (0.0328777290354 0.226951614072 0) (0.0331343002121 0.227816778033 0) (0.0333918474412 0.228681651939 0) (0.0336503703951 0.229546234689 0) (0.0339098687444 0.230410525181 0) (0.0341703421589 0.231274522316 0) (0.0344317903068 0.232138224993 0) (0.0346942128553 0.233001632113 0) (0.0349576094703 0.233864742576 0) (0.0352219798164 0.234727555283 0) (0.035487323557 0.235590069137 0) (0.0357536403544 0.236452283038 0) (0.0360209298694 0.23731419589 0) (0.0362891917616 0.238175806594 0) (0.0365584256897 0.239037114054 0) (0.0368286313107 0.239898117173 0) (0.0370998082807 0.240758814855 0) (0.0373719562543 0.241619206003 0) (0.0376450748852 0.242479289524 0) (0.0379191638255 0.24333906432 0) (0.0381942227263 0.244198529299 0) (0.0384702512374 0.245057683365 0) (0.0387472490073 0.245916525425 0) (0.0390252156834 0.246775054385 0) (0.0393041509118 0.247633269152 0) (0.0395840543373 0.248491168634 0) (0.0398649256035 0.249348751738 0) (0.0401467643529 0.250206017372 0) (0.0404295702267 0.251062964445 0) (0.0407133428647 0.251919591866 0) (0.0409980819056 0.252775898545 0) (0.041283786987 0.25363188339 0) (0.041570457745 0.254487545312 0) (0.0418580938147 0.255342883221 0) (0.0421466948299 0.25619789603 0) (0.0424362604231 0.257052582648 0))
    polyLine 21 25 ((-0.229697506359 0.445200923095 -0.03) (-0.228523150382 0.448478868286 -0.03) (-0.227337774791 0.451763527945 -0.03) (-0.226141305439 0.45505496201 -0.03) (-0.22493366732 0.458353230779 -0.03) (-0.223714784557 0.461658394909 -0.03) (-0.222484580393 0.464970515427 -0.03) (-0.221242977186 0.468289653728 -0.03) (-0.219989896394 0.471615871586 -0.03) (-0.218725258568 0.474949231151 -0.03) (-0.217448983339 0.478289794961 -0.03) (-0.216160989413 0.481637625941 -0.03) (-0.214861194555 0.48499278741 -0.03) (-0.213549515581 0.488355343085 -0.03) (-0.212225868348 0.491725357086 -0.03) (-0.210890167744 0.495102893942 -0.03) (-0.209542327674 0.498488018593 -0.03) (-0.208182261049 0.501880796395 -0.03) (-0.206809879779 0.505281293131 -0.03) (-0.205425094756 0.508689575006 -0.03) (-0.204027815847 0.512105708661 -0.03) (-0.202617951879 0.515529761172 -0.03) (-0.201195410628 0.51896180006 -0.03))
    polyLine 23 27 ((-0.229697506359 0.445200923095 0) (-0.228523150382 0.448478868286 0) (-0.227337774791 0.451763527945 0) (-0.226141305439 0.45505496201 0) (-0.22493366732 0.458353230779 0) (-0.223714784557 0.461658394909 0) (-0.222484580393 0.464970515427 0) (-0.221242977186 0.468289653728 0) (-0.219989896394 0.471615871586 0) (-0.218725258568 0.474949231151 0) (-0.217448983339 0.478289794961 0) (-0.216160989413 0.481637625941 0) (-0.214861194555 0.48499278741 0) (-0.213549515581 0.488355343085 0) (-0.212225868348 0.491725357086 0) (-0.210890167744 0.495102893942 0) (-0.209542327674 0.498488018593 0) (-0.208182261049 0.501880796395 0) (-0.206809879779 0.505281293131 0) (-0.205425094756 0.508689575006 0) (-0.204027815847 0.512105708661 0) (-0.202617951879 0.515529761172 0) (-0.201195410628 0.51896180006 0))
    polyLine 24 28 ((0.0427267902256 0.257906941988 -0.03) (0.0430182838676 0.258760972963 -0.03) (0.0433107409778 0.259614674484 -0.03) (0.0436041611841 0.260468045464 -0.03) (0.0438985441127 0.261321084819 -0.03) (0.0441938893889 0.26217379146 -0.03) (0.0444901966366 0.263026164303 -0.03) (0.0447874654786 0.263878202262 -0.03) (0.0450856955365 0.264729904253 -0.03) (0.0453848864304 0.265581269191 -0.03) (0.0456850377794 0.266432295992 -0.03) (0.0459861492015 0.267282983572 -0.03) (0.0462882203132 0.268133330849 -0.03) (0.04659125073 0.268983336741 -0.03) (0.046895240066 0.269833000163 -0.03) (0.0472001879342 0.270682320036 -0.03) (0.0475060939463 0.271531295277 -0.03) (0.0478129577129 0.272379924806 -0.03) (0.0481207788432 0.273228207542 -0.03) (0.0484295569454 0.274076142405 -0.03) (0.0487392916263 0.274923728316 -0.03) (0.0490499824915 0.275770964194 -0.03) (0.0493616291456 0.276617848963 -0.03) (0.0496742311916 0.277464381543 -0.03) (0.0499877882316 0.278310560857 -0.03) (0.0503022998663 0.279156385827 -0.03) (0.0506177656955 0.280001855377 -0.03) (0.0509341853173 0.280846968429 -0.03) (0.0512515583289 0.281691723908 -0.03) (0.0515698843263 0.282536120739 -0.03) (0.0518891629041 0.283380157846 -0.03) (0.0522093936559 0.284223834155 -0.03) (0.0525305761739 0.285067148591 -0.03) (0.0528527100492 0.285910100081 -0.03) (0.0531757948717 0.286752687552 -0.03) (0.05349983023 0.287594909931 -0.03) (0.0538248157116 0.288436766145 -0.03) (0.0541507509027 0.289278255122 -0.03) (0.0544776353882 0.290119375792 -0.03) (0.0548054687521 0.290960127084 -0.03) (0.0551342505769 0.291800507926 -0.03) (0.055463980444 0.292640517249 -0.03) (0.0557946579337 0.293480153984 -0.03) (0.0561262826248 0.294319417061 -0.03) (0.0564588540952 0.295158305412 -0.03) (0.0567923719215 0.295996817969 -0.03) (0.0571268356789 0.296834953664 -0.03) (0.0574622449417 0.29767271143 -0.03) (0.0577985992829 0.298510090201 -0.03))
    polyLine 26 30 ((0.0427267902256 0.257906941988 0) (0.0430182838676 0.258760972963 0) (0.0433107409778 0.259614674484 0) (0.0436041611841 0.260468045464 0) (0.0438985441127 0.261321084819 0) (0.0441938893889 0.26217379146 0) (0.0444901966366 0.263026164303 0) (0.0447874654786 0.263878202262 0) (0.0450856955365 0.264729904253 0) (0.0453848864304 0.265581269191 0) (0.0456850377794 0.266432295992 0) (0.0459861492015 0.267282983572 0) (0.0462882203132 0.268133330849 0) (0.04659125073 0.268983336741 0) (0.046895240066 0.269833000163 0) (0.0472001879342 0.270682320036 0) (0.0475060939463 0.271531295277 0) (0.0478129577129 0.272379924806 0) (0.0481207788432 0.273228207542 0) (0.0484295569454 0.274076142405 0) (0.0487392916263 0.274923728316 0) (0.0490499824915 0.275770964194 0) (0.0493616291456 0.276617848963 0) (0.0496742311916 0.277464381543 0) (0.0499877882316 0.278310560857 0) (0.0503022998663 0.279156385827 0) (0.0506177656955 0.280001855377 0) (0.0509341853173 0.280846968429 0) (0.0512515583289 0.281691723908 0) (0.0515698843263 0.282536120739 0) (0.0518891629041 0.283380157846 0) (0.0522093936559 0.284223834155 0) (0.0525305761739 0.285067148591 0) (0.0528527100492 0.285910100081 0) (0.0531757948717 0.286752687552 0) (0.05349983023 0.287594909931 0) (0.0538248157116 0.288436766145 0) (0.0541507509027 0.289278255122 0) (0.0544776353882 0.290119375792 0) (0.0548054687521 0.290960127084 0) (0.0551342505769 0.291800507926 0) (0.055463980444 0.292640517249 0) (0.0557946579337 0.293480153984 0) (0.0561262826248 0.294319417061 0) (0.0564588540952 0.295158305412 0) (0.0567923719215 0.295996817969 0) (0.0571268356789 0.296834953664 0) (0.0574622449417 0.29767271143 0) (0.0577985992829 0.298510090201 0))
    polyLine 25 29 ((-0.198436895335 0.525553426792 -0.03) (-0.197102870443 0.528711799395 -0.03) (-0.195757950506 0.531877064013 -0.03) (-0.194402061123 0.535049273883 -0.03) (-0.193035127107 0.538228482573 -0.03) (-0.19165707248 0.541414743986 -0.03) (-0.190267820461 0.544608112364 -0.03) (-0.188867293461 0.547808642286 -0.03) (-0.187455413071 0.551016388682 -0.03) (-0.186032100053 0.554231406826 -0.03) (-0.184597274333 0.557453752348 -0.03) (-0.183150854992 0.560683481232 -0.03) (-0.181692760254 0.563920649826 -0.03) (-0.180222907477 0.567165314839 -0.03) (-0.178741213146 0.570417533349 -0.03) (-0.177247592861 0.573677362808 -0.03) (-0.175741961328 0.576944861043 -0.03) (-0.174224232349 0.580220086263 -0.03) (-0.172694318809 0.583503097059 -0.03) (-0.171152132671 0.586793952415 -0.03) (-0.169597584962 0.590092711704 -0.03) (-0.168030585761 0.593399434699 -0.03) (-0.166451044194 0.596714181574 -0.03))
    polyLine 27 31 ((-0.198436895335 0.525553426792 0) (-0.197102870443 0.528711799395 0) (-0.195757950506 0.531877064013 0) (-0.194402061123 0.535049273883 0) (-0.193035127107 0.538228482573 0) (-0.19165707248 0.541414743986 0) (-0.190267820461 0.544608112364 0) (-0.188867293461 0.547808642286 0) (-0.187455413071 0.551016388682 0) (-0.186032100053 0.554231406826 0) (-0.184597274333 0.557453752348 0) (-0.183150854992 0.560683481232 0) (-0.181692760254 0.563920649826 0) (-0.180222907477 0.567165314839 0) (-0.178741213146 0.570417533349 0) (-0.177247592861 0.573677362808 0) (-0.175741961328 0.576944861043 0) (-0.174224232349 0.580220086263 0) (-0.172694318809 0.583503097059 0) (-0.171152132671 0.586793952415 0) (-0.169597584962 0.590092711704 0) (-0.168030585761 0.593399434699 0) (-0.166451044194 0.596714181574 0))
    polyLine 28 32 ((0.0581358982741 0.29934708891 -0.03) (0.058474141486 0.300183706491 -0.03) (0.0588133284879 0.301019941881 -0.03) (0.0591534588479 0.301855794013 -0.03) (0.059494532133 0.302691261823 -0.03) (0.0598365479089 0.303526344249 -0.03) (0.0601795057402 0.304361040226 -0.03) (0.0605234051902 0.305195348692 -0.03) (0.0608682458211 0.306029268585 -0.03) (0.0612140271938 0.306862798843 -0.03) (0.0615607488681 0.307695938404 -0.03) (0.0619084104025 0.308528686209 -0.03) (0.0622570113544 0.309361041196 -0.03) (0.06260655128 0.310193002306 -0.03) (0.0629570297342 0.31102456848 -0.03) (0.0633084462708 0.311855738659 -0.03) (0.0636608004424 0.312686511784 -0.03) (0.0640140918003 0.313516886799 -0.03) (0.0643683198948 0.314346862645 -0.03) (0.0647234842748 0.315176438267 -0.03) (0.0650795844882 0.316005612607 -0.03) (0.0654366200815 0.31683438461 -0.03) (0.0657945906002 0.317662753221 -0.03) (0.0661534955886 0.318490717386 -0.03) (0.0665133345896 0.319318276049 -0.03) (0.0668741071452 0.320145428159 -0.03) (0.0672358127959 0.32097217266 -0.03) (0.0675984510813 0.321798508501 -0.03) (0.0679620215397 0.32262443463 -0.03) (0.0683265237081 0.323449949995 -0.03) (0.0686919571225 0.324275053545 -0.03) (0.0690583213177 0.325099744229 -0.03) (0.0694256158271 0.325924020998 -0.03) (0.0697938401831 0.326747882802 -0.03) (0.0701629939169 0.327571328592 -0.03) (0.0705330765585 0.32839435732 -0.03) (0.0709040876367 0.329216967937 -0.03) (0.0712760266791 0.330039159397 -0.03) (0.0716488932123 0.330860930653 -0.03) (0.0720226867613 0.331682280658 -0.03) (0.0723974068505 0.332503208367 -0.03) (0.0727730530026 0.333323712735 -0.03) (0.0731496247393 0.334143792716 -0.03) (0.0735271215813 0.334963447267 -0.03) (0.0739055430479 0.335782675343 -0.03) (0.0742848886573 0.336601475903 -0.03) (0.0746651579265 0.337419847904 -0.03) (0.0750463503714 0.338237790303 -0.03))
    polyLine 30 34 ((0.0581358982741 0.29934708891 0) (0.058474141486 0.300183706491 0) (0.0588133284879 0.301019941881 0) (0.0591534588479 0.301855794013 0) (0.059494532133 0.302691261823 0) (0.0598365479089 0.303526344249 0) (0.0601795057402 0.304361040226 0) (0.0605234051902 0.305195348692 0) (0.0608682458211 0.306029268585 0) (0.0612140271938 0.306862798843 0) (0.0615607488681 0.307695938404 0) (0.0619084104025 0.308528686209 0) (0.0622570113544 0.309361041196 0) (0.06260655128 0.310193002306 0) (0.0629570297342 0.31102456848 0) (0.0633084462708 0.311855738659 0) (0.0636608004424 0.312686511784 0) (0.0640140918003 0.313516886799 0) (0.0643683198948 0.314346862645 0) (0.0647234842748 0.315176438267 0) (0.0650795844882 0.316005612607 0) (0.0654366200815 0.31683438461 0) (0.0657945906002 0.317662753221 0) (0.0661534955886 0.318490717386 0) (0.0665133345896 0.319318276049 0) (0.0668741071452 0.320145428159 0) (0.0672358127959 0.32097217266 0) (0.0675984510813 0.321798508501 0) (0.0679620215397 0.32262443463 0) (0.0683265237081 0.323449949995 0) (0.0686919571225 0.324275053545 0) (0.0690583213177 0.325099744229 0) (0.0694256158271 0.325924020998 0) (0.0697938401831 0.326747882802 0) (0.0701629939169 0.327571328592 0) (0.0705330765585 0.32839435732 0) (0.0709040876367 0.329216967937 0) (0.0712760266791 0.330039159397 0) (0.0716488932123 0.330860930653 0) (0.0720226867613 0.331682280658 0) (0.0723974068505 0.332503208367 0) (0.0727730530026 0.333323712735 0) (0.0731496247393 0.334143792716 0) (0.0735271215813 0.334963447267 0) (0.0739055430479 0.335782675343 0) (0.0742848886573 0.336601475903 0) (0.0746651579265 0.337419847904 0) (0.0750463503714 0.338237790303 0))
    polyLine 29 33 ((-0.16339175845 0.603082718467 -0.03) (-0.161913934109 0.606135282405 -0.03) (-0.160425322988 0.609194751961 -0.03) (-0.158925851976 0.612261174668 -0.03) (-0.157415447245 0.61533459836 -0.03) (-0.15589403425 0.618415071169 -0.03) (-0.154361537712 0.621502641538 -0.03) (-0.152817881615 0.624597358212 -0.03) (-0.151262989201 0.627699270254 -0.03) (-0.149696782955 0.630808427038 -0.03) (-0.148119184601 0.633924878255 -0.03) (-0.146530115096 0.637048673921 -0.03) (-0.144929494616 0.640179864374 -0.03) (-0.143317242551 0.643318500279 -0.03) (-0.141693277498 0.646464632635 -0.03) (-0.140057517249 0.649618312772 -0.03) (-0.138409878783 0.65277959236 -0.03) (-0.136750278259 0.65594852341 -0.03) (-0.135078631006 0.659125158278 -0.03) (-0.133394851511 0.662309549668 -0.03) (-0.131698853415 0.665501750637 -0.03) (-0.1299905495 0.668701814596 -0.03) (-0.12826985168 0.671909795316 -0.03))
    polyLine 31 35 ((-0.16339175845 0.603082718467 0) (-0.161913934109 0.606135282405 0) (-0.160425322988 0.609194751961 0) (-0.158925851976 0.612261174668 0) (-0.157415447245 0.61533459836 0) (-0.15589403425 0.618415071169 0) (-0.154361537712 0.621502641538 0) (-0.152817881615 0.624597358212 0) (-0.151262989201 0.627699270254 0) (-0.149696782955 0.630808427038 0) (-0.148119184601 0.633924878255 0) (-0.146530115096 0.637048673921 0) (-0.144929494616 0.640179864374 0) (-0.143317242551 0.643318500279 0) (-0.141693277498 0.646464632635 0) (-0.140057517249 0.649618312772 0) (-0.138409878783 0.65277959236 0) (-0.136750278259 0.65594852341 0) (-0.135078631006 0.659125158278 0) (-0.133394851511 0.662309549668 0) (-0.131698853415 0.665501750637 0) (-0.1299905495 0.668701814596 0) (-0.12826985168 0.671909795316 0))
    polyLine 32 36 ((0.0754284655066 0.33905530206 -0.03) (0.0758115028456 0.339872382132 -0.03) (0.0761954619008 0.340689029481 -0.03) (0.0765803421832 0.341505243066 -0.03) (0.0769661432029 0.342321021848 -0.03) (0.0773528644687 0.343136364789 -0.03) (0.0777405054881 0.34395127085 -0.03) (0.0781290657677 0.344765738994 -0.03) (0.0785185448127 0.345579768184 -0.03) (0.0789089421273 0.346393357383 -0.03) (0.0793002572144 0.347206505556 -0.03) (0.0796924895757 0.348019211667 -0.03) (0.0800856387119 0.348831474682 -0.03) (0.0804797041225 0.349643293566 -0.03) (0.0808746853056 0.350454667286 -0.03) (0.0812705817585 0.351265594809 -0.03) (0.0816673929771 0.352076075102 -0.03) (0.082065118456 0.352886107133 -0.03) (0.0824637576891 0.353695689871 -0.03) (0.0828633101687 0.354504822286 -0.03) (0.0832637753861 0.355313503347 -0.03) (0.083665012428 0.356122594844 -0.03) (0.0840662494699 0.356931686341 -0.03) (0.0844674865119 0.357740777838 -0.03) (0.0848687235538 0.358549869335 -0.03) (0.0852699605958 0.359358960832 -0.03) (0.0856711976377 0.360168052329 -0.03) (0.0860724346797 0.360977143826 -0.03) (0.0864736717216 0.361786235323 -0.03) (0.0868749087635 0.36259532682 -0.03) (0.0872761458055 0.363404418317 -0.03) (0.0876773828474 0.364213509814 -0.03) (0.0880786198894 0.365022601311 -0.03) (0.0884798569313 0.365831692808 -0.03) (0.0888810939733 0.366640784305 -0.03) (0.0892823310152 0.367449875803 -0.03) (0.0896835680571 0.3682589673 -0.03) (0.0900848050991 0.369068058797 -0.03) (0.090486042141 0.369877150294 -0.03) (0.090887279183 0.370686241791 -0.03) (0.0912885162249 0.371495333288 -0.03) (0.0916897532669 0.372304424785 -0.03) (0.0920909903088 0.373113516282 -0.03) (0.0924922273507 0.373922607779 -0.03) (0.0928934643927 0.374731699276 -0.03) (0.0932947014346 0.375540790773 -0.03) (0.0936959384766 0.37634988227 -0.03) (0.0940971755185 0.377158973767 -0.03) (0.0944984125605 0.377968065264 -0.03))
    polyLine 34 38 ((0.0754284655066 0.33905530206 0) (0.0758115028456 0.339872382132 0) (0.0761954619008 0.340689029481 0) (0.0765803421832 0.341505243066 0) (0.0769661432029 0.342321021848 0) (0.0773528644687 0.343136364789 0) (0.0777405054881 0.34395127085 0) (0.0781290657677 0.344765738994 0) (0.0785185448127 0.345579768184 0) (0.0789089421273 0.346393357383 0) (0.0793002572144 0.347206505556 0) (0.0796924895757 0.348019211667 0) (0.0800856387119 0.348831474682 0) (0.0804797041225 0.349643293566 0) (0.0808746853056 0.350454667286 0) (0.0812705817585 0.351265594809 0) (0.0816673929771 0.352076075102 0) (0.082065118456 0.352886107133 0) (0.0824637576891 0.353695689871 0) (0.0828633101687 0.354504822286 0) (0.0832637753861 0.355313503347 0) (0.083665012428 0.356122594844 0) (0.0840662494699 0.356931686341 0) (0.0844674865119 0.357740777838 0) (0.0848687235538 0.358549869335 0) (0.0852699605958 0.359358960832 0) (0.0856711976377 0.360168052329 0) (0.0860724346797 0.360977143826 0) (0.0864736717216 0.361786235323 0) (0.0868749087635 0.36259532682 0) (0.0872761458055 0.363404418317 0) (0.0876773828474 0.364213509814 0) (0.0880786198894 0.365022601311 0) (0.0884798569313 0.365831692808 0) (0.0888810939733 0.366640784305 0) (0.0892823310152 0.367449875803 0) (0.0896835680571 0.3682589673 0) (0.0900848050991 0.369068058797 0) (0.090486042141 0.369877150294 0) (0.090887279183 0.370686241791 0) (0.0912885162249 0.371495333288 0) (0.0916897532669 0.372304424785 0) (0.0920909903088 0.373113516282 0) (0.0924922273507 0.373922607779 0) (0.0928934643927 0.374731699276 0) (0.0932947014346 0.375540790773 0) (0.0936959384766 0.37634988227 0) (0.0940971755185 0.377158973767 0) (0.0944984125605 0.377968065264 0))
    polyLine 33 37 ((-0.124946975845 0.678062142194 -0.03) (-0.123346780067 0.681005237902 -0.03) (-0.12173601448 0.683955075772 -0.03) (-0.120114609271 0.686911697783 -0.03) (-0.118482493993 0.689875146174 -0.03) (-0.116839597556 0.692845463449 -0.03) (-0.11518584822 0.69582269238 -0.03) (-0.113521173587 0.698806876009 -0.03) (-0.111845500599 0.70179805765 -0.03) (-0.110158755524 0.704796280893 -0.03) (-0.108460863956 0.707801589605 -0.03) (-0.106751750804 0.710814027932 -0.03) (-0.105031340284 0.713833640307 -0.03) (-0.103299555917 0.716860471443 -0.03) (-0.101556320515 0.719894566348 -0.03) (-0.0998015561783 0.722935970316 -0.03) (-0.0980351842867 0.725984728937 -0.03) (-0.0962571254912 0.729040888098 -0.03) (-0.0944672997069 0.732104493987 -0.03) (-0.0926656261053 0.735175593091 -0.03) (-0.0908520231061 0.738254232207 -0.03) (-0.0890264083694 0.741340458436 -0.03) (-0.0871886987874 0.744434319195 -0.03))
    polyLine 35 39 ((-0.124946975845 0.678062142194 0) (-0.123346780067 0.681005237902 0) (-0.12173601448 0.683955075772 0) (-0.120114609271 0.686911697783 0) (-0.118482493993 0.689875146174 0) (-0.116839597556 0.692845463449 0) (-0.11518584822 0.69582269238 0) (-0.113521173587 0.698806876009 0) (-0.111845500599 0.70179805765 0) (-0.110158755524 0.704796280893 0) (-0.108460863956 0.707801589605 0) (-0.106751750804 0.710814027932 0) (-0.105031340284 0.713833640307 0) (-0.103299555917 0.716860471443 0) (-0.101556320515 0.719894566348 0) (-0.0998015561783 0.722935970316 0) (-0.0980351842867 0.725984728937 0) (-0.0962571254912 0.729040888098 0) (-0.0944672997069 0.732104493987 0) (-0.0926656261053 0.735175593091 0) (-0.0908520231061 0.738254232207 0) (-0.0890264083694 0.741340458436 0) (-0.0871886987874 0.744434319195 0))
    polyLine 36 40 ((0.0948996496024 0.378777156761 -0.03) (0.0953008866443 0.379586248258 -0.03) (0.0957021236863 0.380395339755 -0.03) (0.0961033607282 0.381204431252 -0.03) (0.0965045977702 0.382013522749 -0.03) (0.0969058348121 0.382822614247 -0.03) (0.097307071854 0.383631705744 -0.03) (0.097708308896 0.384440797241 -0.03) (0.0981095459379 0.385249888738 -0.03) (0.0985107829799 0.386058980235 -0.03) (0.0989120200218 0.386868071732 -0.03) (0.0993132570638 0.387677163229 -0.03) (0.0997144941057 0.388486254726 -0.03) (0.100115731148 0.389295346223 -0.03) (0.10051696819 0.39010443772 -0.03) (0.100918205232 0.390913529217 -0.03) (0.101319442273 0.391722620714 -0.03) (0.101720679315 0.392531712211 -0.03) (0.102121916357 0.393340803708 -0.03) (0.102523153399 0.394149895205 -0.03) (0.102924390441 0.394958986702 -0.03) (0.103325627483 0.395768078199 -0.03) (0.103726864525 0.396577169696 -0.03) (0.104128101567 0.397386261194 -0.03) (0.104529338609 0.398195352691 -0.03) (0.104930575651 0.399004444188 -0.03) (0.105331812693 0.399813535685 -0.03) (0.105733049735 0.400622627182 -0.03) (0.106134286777 0.401431718679 -0.03) (0.106535523819 0.402240810176 -0.03) (0.106936760861 0.403049901673 -0.03) (0.107337997903 0.40385899317 -0.03) (0.107739234945 0.404668084667 -0.03) (0.108140471986 0.405477176164 -0.03) (0.108541709028 0.406286267661 -0.03) (0.10894294607 0.407095359158 -0.03) (0.109344183112 0.407904450655 -0.03) (0.109745420154 0.408713542152 -0.03) (0.110146657196 0.409522633649 -0.03) (0.110547894238 0.410331725146 -0.03) (0.11094913128 0.411140816643 -0.03) (0.111350368322 0.41194990814 -0.03) (0.111751605364 0.412758999638 -0.03) (0.112152842406 0.413568091135 -0.03) (0.112554079448 0.414377182632 -0.03) (0.11295531649 0.415186274129 -0.03) (0.113356553532 0.415995365626 -0.03) (0.113757790574 0.416804457123 -0.03))
    polyLine 38 42 ((0.0948996496024 0.378777156761 0) (0.0953008866443 0.379586248258 0) (0.0957021236863 0.380395339755 0) (0.0961033607282 0.381204431252 0) (0.0965045977702 0.382013522749 0) (0.0969058348121 0.382822614247 0) (0.097307071854 0.383631705744 0) (0.097708308896 0.384440797241 0) (0.0981095459379 0.385249888738 0) (0.0985107829799 0.386058980235 0) (0.0989120200218 0.386868071732 0) (0.0993132570638 0.387677163229 0) (0.0997144941057 0.388486254726 0) (0.100115731148 0.389295346223 0) (0.10051696819 0.39010443772 0) (0.100918205232 0.390913529217 0) (0.101319442273 0.391722620714 0) (0.101720679315 0.392531712211 0) (0.102121916357 0.393340803708 0) (0.102523153399 0.394149895205 0) (0.102924390441 0.394958986702 0) (0.103325627483 0.395768078199 0) (0.103726864525 0.396577169696 0) (0.104128101567 0.397386261194 0) (0.104529338609 0.398195352691 0) (0.104930575651 0.399004444188 0) (0.105331812693 0.399813535685 0) (0.105733049735 0.400622627182 0) (0.106134286777 0.401431718679 0) (0.106535523819 0.402240810176 0) (0.106936760861 0.403049901673 0) (0.107337997903 0.40385899317 0) (0.107739234945 0.404668084667 0) (0.108140471986 0.405477176164 0) (0.108541709028 0.406286267661 0) (0.10894294607 0.407095359158 0) (0.109344183112 0.407904450655 0) (0.109745420154 0.408713542152 0) (0.110146657196 0.409522633649 0) (0.110547894238 0.410331725146 0) (0.11094913128 0.411140816643 0) (0.111350368322 0.41194990814 0) (0.111751605364 0.412758999638 0) (0.112152842406 0.413568091135 0) (0.112554079448 0.414377182632 0) (0.11295531649 0.415186274129 0) (0.113356553532 0.415995365626 0) (0.113757790574 0.416804457123 0))
    polyLine 37 41 ((-0.0836933866838 0.750283917218 -0.03) (-0.0820383216099 0.753038045872 -0.03) (-0.0803735557711 0.755798281766 -0.03) (-0.0786990291901 0.75856465869 -0.03) (-0.0770146813917 0.761337210637 -0.03) (-0.0753204513983 0.764115971802 -0.03) (-0.0736162777244 0.766900976582 -0.03) (-0.0719020983725 0.769692259585 -0.03) (-0.0701778508275 0.772489855622 -0.03) (-0.0684434720522 0.775293799716 -0.03) (-0.0666988984821 0.778104127101 -0.03) (-0.0649440660202 0.780920873227 -0.03) (-0.0631789100321 0.783744073754 -0.03) (-0.0614033653402 0.786573764564 -0.03) (-0.0596173662193 0.789409981757 -0.03) (-0.0578208463906 0.792252761651 -0.03) (-0.0560137390163 0.795102140791 -0.03) (-0.0541959766947 0.797958155944 -0.03) (-0.0523674914539 0.800820844105 -0.03) (-0.0505282147468 0.803690242498 -0.03) (-0.0486780774452 0.806566388578 -0.03) (-0.0468170098342 0.809449320032 -0.03) (-0.0449449416059 0.812339074782 -0.03))
    polyLine 39 43 ((-0.0836933866838 0.750283917218 0) (-0.0820383216099 0.753038045872 0) (-0.0803735557711 0.755798281766 0) (-0.0786990291901 0.75856465869 0) (-0.0770146813917 0.761337210637 0) (-0.0753204513983 0.764115971802 0) (-0.0736162777244 0.766900976582 0) (-0.0719020983725 0.769692259585 0) (-0.0701778508275 0.772489855622 0) (-0.0684434720522 0.775293799716 0) (-0.0666988984821 0.778104127101 0) (-0.0649440660202 0.780920873227 0) (-0.0631789100321 0.783744073754 0) (-0.0614033653402 0.786573764564 0) (-0.0596173662193 0.789409981757 0) (-0.0578208463906 0.792252761651 0) (-0.0560137390163 0.795102140791 0) (-0.0541959766947 0.797958155944 0) (-0.0523674914539 0.800820844105 0) (-0.0505282147468 0.803690242498 0) (-0.0486780774452 0.806566388578 0) (-0.0468170098342 0.809449320032 0) (-0.0449449416059 0.812339074782 0))
    polyLine 40 44 ((0.114159027616 0.41761354862 -0.03) (0.114560264658 0.418422640117 -0.03) (0.1149615017 0.419231731614 -0.03) (0.115362738741 0.420040823111 -0.03) (0.115763975783 0.420849914608 -0.03) (0.116165212825 0.421659006105 -0.03) (0.116566449867 0.422468097602 -0.03) (0.116967686909 0.423277189099 -0.03) (0.117368923951 0.424086280596 -0.03) (0.117770160993 0.424895372093 -0.03) (0.118171398035 0.42570446359 -0.03) (0.118572635077 0.426513555087 -0.03) (0.118973872119 0.427322646585 -0.03) (0.119375109161 0.428131738082 -0.03) (0.119776346203 0.428940829579 -0.03) (0.120177583245 0.429749921076 -0.03) (0.120578820287 0.430559012573 -0.03) (0.120980057329 0.43136810407 -0.03) (0.121381294371 0.432177195567 -0.03) (0.121782531413 0.432986287064 -0.03) (0.122183768454 0.433795378561 -0.03) (0.122585005496 0.434604470058 -0.03) (0.122986242538 0.435413561555 -0.03) (0.12338747958 0.436222653052 -0.03) (0.123788716622 0.437031744549 -0.03) (0.124189953664 0.437840836046 -0.03) (0.124591190706 0.438649927543 -0.03) (0.124992427748 0.43945901904 -0.03) (0.12539366479 0.440268110537 -0.03) (0.125794901832 0.441077202034 -0.03) (0.126196138874 0.441886293531 -0.03) (0.126597375916 0.442695385029 -0.03) (0.126998612958 0.443504476526 -0.03) (0.12739985 0.444313568023 -0.03) (0.127801087042 0.44512265952 -0.03) (0.128202324084 0.445931751017 -0.03) (0.128603561126 0.446740842514 -0.03) (0.129004798168 0.447549934011 -0.03) (0.129406035209 0.448359025508 -0.03) (0.129807272251 0.449168117005 -0.03) (0.130208509293 0.449977208502 -0.03) (0.130609746335 0.450786299999 -0.03) (0.131010983377 0.451595391496 -0.03) (0.131412220419 0.452404482993 -0.03) (0.131813457461 0.45321357449 -0.03) (0.132214694503 0.454022665987 -0.03) (0.132615931545 0.454831757484 -0.03) (0.133017168587 0.455640848981 -0.03) (0.133418405629 0.456449940478 -0.03))
    polyLine 42 46 ((0.114159027616 0.41761354862 0) (0.114560264658 0.418422640117 0) (0.1149615017 0.419231731614 0) (0.115362738741 0.420040823111 0) (0.115763975783 0.420849914608 0) (0.116165212825 0.421659006105 0) (0.116566449867 0.422468097602 0) (0.116967686909 0.423277189099 0) (0.117368923951 0.424086280596 0) (0.117770160993 0.424895372093 0) (0.118171398035 0.42570446359 0) (0.118572635077 0.426513555087 0) (0.118973872119 0.427322646585 0) (0.119375109161 0.428131738082 0) (0.119776346203 0.428940829579 0) (0.120177583245 0.429749921076 0) (0.120578820287 0.430559012573 0) (0.120980057329 0.43136810407 0) (0.121381294371 0.432177195567 0) (0.121782531413 0.432986287064 0) (0.122183768454 0.433795378561 0) (0.122585005496 0.434604470058 0) (0.122986242538 0.435413561555 0) (0.12338747958 0.436222653052 0) (0.123788716622 0.437031744549 0) (0.124189953664 0.437840836046 0) (0.124591190706 0.438649927543 0) (0.124992427748 0.43945901904 0) (0.12539366479 0.440268110537 0) (0.125794901832 0.441077202034 0) (0.126196138874 0.441886293531 0) (0.126597375916 0.442695385029 0) (0.126998612958 0.443504476526 0) (0.12739985 0.444313568023 0) (0.127801087042 0.44512265952 0) (0.128202324084 0.445931751017 0) (0.128603561126 0.446740842514 0) (0.129004798168 0.447549934011 0) (0.129406035209 0.448359025508 0) (0.129807272251 0.449168117005 0) (0.130208509293 0.449977208502 0) (0.130609746335 0.450786299999 0) (0.131010983377 0.451595391496 0) (0.131412220419 0.452404482993 0) (0.131813457461 0.45321357449 0) (0.132214694503 0.454022665987 0) (0.132615931545 0.454831757484 0) (0.133017168587 0.455640848981 0) (0.133418405629 0.456449940478 0))
    polyLine 41 45 ((-0.0413996101744 0.817784011191 -0.03) (-0.0397287837755 0.820337674017 -0.03) (-0.0380492735377 0.822896705736 -0.03) (-0.0363610299723 0.825461132762 -0.03) (-0.0346640032186 0.828030981657 -0.03) (-0.0329581430406 0.830606279128 -0.03) (-0.0312433988238 0.833187052034 -0.03) (-0.0295197195717 0.835773327383 -0.03) (-0.0277870539027 0.838365132334 -0.03) (-0.0260453500464 0.840962494198 -0.03) (-0.0242945558402 0.843565440441 -0.03) (-0.0225346187261 0.846173998683 -0.03) (-0.0207654857468 0.848788196701 -0.03) (-0.0189871035425 0.851408062429 -0.03) (-0.0171994183471 0.854033623958 -0.03) (-0.0154023759846 0.856664909541 -0.03) (-0.0135959218654 0.859301947592 -0.03) (-0.0117800009828 0.861944766686 -0.03) (-0.00995455790892 0.864593395564 -0.03) (-0.00811953679126 0.867247863128 -0.03) (-0.0062748813486 0.869908198452 -0.03) (-0.0044205348673 0.872574430772 -0.03) (-0.0025564401973 0.875246589497 -0.03))
    polyLine 43 47 ((-0.0413996101744 0.817784011191 0) (-0.0397287837755 0.820337674017 0) (-0.0380492735377 0.822896705736 0) (-0.0363610299723 0.825461132762 0) (-0.0346640032186 0.828030981657 0) (-0.0329581430406 0.830606279128 0) (-0.0312433988238 0.833187052034 0) (-0.0295197195717 0.835773327383 0) (-0.0277870539027 0.838365132334 0) (-0.0260453500464 0.840962494198 0) (-0.0242945558402 0.843565440441 0) (-0.0225346187261 0.846173998683 0) (-0.0207654857468 0.848788196701 0) (-0.0189871035425 0.851408062429 0) (-0.0171994183471 0.854033623958 0) (-0.0154023759846 0.856664909541 0) (-0.0135959218654 0.859301947592 0) (-0.0117800009828 0.861944766686 0) (-0.00995455790892 0.864593395564 0) (-0.00811953679126 0.867247863128 0) (-0.0062748813486 0.869908198452 0) (-0.0044205348673 0.872574430772 0) (-0.0025564401973 0.875246589497 0))
    polyLine 44 48 ((0.133819642671 0.457259031976 -0.03) (0.134220879713 0.458068123473 -0.03) (0.134622116755 0.45887721497 -0.03) (0.135023353797 0.459686306467 -0.03) (0.135424590839 0.460495397964 -0.03) (0.135825827881 0.461304489461 -0.03) (0.136227064922 0.462113580958 -0.03) (0.136628301964 0.462922672455 -0.03) (0.137029539006 0.463731763952 -0.03) (0.137430776048 0.464540855449 -0.03) (0.13783201309 0.465349946946 -0.03) (0.138233250132 0.466159038443 -0.03) (0.138634487174 0.46696812994 -0.03) (0.139035724216 0.467777221437 -0.03) (0.139436961258 0.468586312934 -0.03) (0.1398381983 0.469395404431 -0.03) (0.140239435342 0.470204495928 -0.03) (0.140640672384 0.471013587425 -0.03) (0.141041909426 0.471822678922 -0.03) (0.141443146468 0.47263177042 -0.03) (0.14184438351 0.473440861917 -0.03) (0.142245620552 0.474249953414 -0.03) (0.142646857594 0.475059044911 -0.03) (0.143048094635 0.475868136408 -0.03) (0.143449331677 0.476677227905 -0.03) (0.143850568719 0.477486319402 -0.03) (0.144251805761 0.478295410899 -0.03) (0.144653042803 0.479104502396 -0.03) (0.145054279845 0.479913593893 -0.03) (0.145455516887 0.48072268539 -0.03) (0.145856753929 0.481531776887 -0.03) (0.146257990971 0.482340868384 -0.03) (0.146659228013 0.483149959881 -0.03) (0.147060465055 0.483959051378 -0.03) (0.147461702097 0.484768142875 -0.03) (0.147862939139 0.485577234372 -0.03) (0.148264176181 0.486386325869 -0.03) (0.148665413223 0.487195417367 -0.03) (0.149066650265 0.488004508864 -0.03) (0.149467887307 0.488813600361 -0.03) (0.149869124349 0.489622691858 -0.03) (0.15027036139 0.490431783355 -0.03) (0.150671598432 0.491240874852 -0.03) (0.151072835474 0.492049966349 -0.03) (0.151474072516 0.492859057846 -0.03) (0.151875309558 0.493668149343 -0.03) (0.1522765466 0.49447724084 -0.03) (0.152677783642 0.495286332337 -0.03))
    polyLine 46 50 ((0.133819642671 0.457259031976 0) (0.134220879713 0.458068123473 0) (0.134622116755 0.45887721497 0) (0.135023353797 0.459686306467 0) (0.135424590839 0.460495397964 0) (0.135825827881 0.461304489461 0) (0.136227064922 0.462113580958 0) (0.136628301964 0.462922672455 0) (0.137029539006 0.463731763952 0) (0.137430776048 0.464540855449 0) (0.13783201309 0.465349946946 0) (0.138233250132 0.466159038443 0) (0.138634487174 0.46696812994 0) (0.139035724216 0.467777221437 0) (0.139436961258 0.468586312934 0) (0.1398381983 0.469395404431 0) (0.140239435342 0.470204495928 0) (0.140640672384 0.471013587425 0) (0.141041909426 0.471822678922 0) (0.141443146468 0.47263177042 0) (0.14184438351 0.473440861917 0) (0.142245620552 0.474249953414 0) (0.142646857594 0.475059044911 0) (0.143048094635 0.475868136408 0) (0.143449331677 0.476677227905 0) (0.143850568719 0.477486319402 0) (0.144251805761 0.478295410899 0) (0.144653042803 0.479104502396 0) (0.145054279845 0.479913593893 0) (0.145455516887 0.48072268539 0) (0.145856753929 0.481531776887 0) (0.146257990971 0.482340868384 0) (0.146659228013 0.483149959881 0) (0.147060465055 0.483959051378 0) (0.147461702097 0.484768142875 0) (0.147862939139 0.485577234372 0) (0.148264176181 0.486386325869 0) (0.148665413223 0.487195417367 0) (0.149066650265 0.488004508864 0) (0.149467887307 0.488813600361 0) (0.149869124349 0.489622691858 0) (0.15027036139 0.490431783355 0) (0.150671598432 0.491240874852 0) (0.151072835474 0.492049966349 0) (0.151474072516 0.492859057846 0) (0.151875309558 0.493668149343 0) (0.1522765466 0.49447724084 0) (0.152677783642 0.495286332337 0))
    polyLine 45 49 ((0.000969289967314 0.880278766881 -0.03) (0.00262874844514 0.882637455224 -0.03) (0.00429587540405 0.885000789526 -0.03) (0.00597071083251 0.887368790182 -0.03) (0.00765329499084 0.889741477692 -0.03) (0.00934366841338 0.89211887266 -0.03) (0.0110418719107 0.894500995798 -0.03) (0.0127479465718 0.896887867924 -0.03) (0.0144619337663 0.899279509963 -0.03) (0.0161838751469 0.90167594295 -0.03) (0.0179138126515 0.904077188028 -0.03) (0.0196517885053 0.906483266451 -0.03) (0.0213978452238 0.908894199583 -0.03) (0.0231520256142 0.9113100089 -0.03) (0.0249143727788 0.913730715991 -0.03) (0.0266849301166 0.916156342556 -0.03) (0.0284637413259 0.918586910412 -0.03) (0.0302508504072 0.921022441489 -0.03) (0.032046301665 0.923462957833 -0.03) (0.0338501397108 0.925908481607 -0.03) (0.0356624094653 0.92835903509 -0.03) (0.0374831561611 0.930814640681 -0.03) (0.0393124253453 0.933275320898 -0.03))
    polyLine 47 51 ((0.000969289967314 0.880278766881 0) (0.00262874844514 0.882637455224 0) (0.00429587540405 0.885000789526 0) (0.00597071083251 0.887368790182 0) (0.00765329499084 0.889741477692 0) (0.00934366841338 0.89211887266 0) (0.0110418719107 0.894500995798 0) (0.0127479465718 0.896887867924 0) (0.0144619337663 0.899279509963 0) (0.0161838751469 0.90167594295 0) (0.0179138126515 0.904077188028 0) (0.0196517885053 0.906483266451 0) (0.0213978452238 0.908894199583 0) (0.0231520256142 0.9113100089 0) (0.0249143727788 0.913730715991 0) (0.0266849301166 0.916156342556 0) (0.0284637413259 0.918586910412 0) (0.0302508504072 0.921022441489 0) (0.032046301665 0.923462957833 0) (0.0338501397108 0.925908481607 0) (0.0356624094653 0.92835903509 0) (0.0374831561611 0.930814640681 0) (0.0393124253453 0.933275320898 0))
    polyLine 48 52 ((0.153079020684 0.496095423834 -0.03) (0.153480257726 0.496904515331 -0.03) (0.153881494768 0.497713606828 -0.03) (0.15428273181 0.498522698325 -0.03) (0.154683968852 0.499331789822 -0.03) (0.155085205894 0.500140881319 -0.03) (0.155486442936 0.500949972816 -0.03) (0.155887679978 0.501759064313 -0.03) (0.15628891702 0.502568155811 -0.03) (0.156690154062 0.503377247308 -0.03) (0.157091391103 0.504186338805 -0.03) (0.157492628145 0.504995430302 -0.03) (0.157893865187 0.505804521799 -0.03) (0.158295102229 0.506613613296 -0.03) (0.158696339271 0.507422704793 -0.03) (0.159097576313 0.50823179629 -0.03) (0.159498813355 0.509040887787 -0.03) (0.159900050397 0.509849979284 -0.03) (0.160301287439 0.510659070781 -0.03) (0.160702524481 0.511468162278 -0.03) (0.161103761523 0.512277253775 -0.03) (0.161504998565 0.513086345272 -0.03) (0.161906235607 0.513895436769 -0.03) (0.162307472649 0.514704528266 -0.03) (0.162708709691 0.515513619763 -0.03) (0.163109946733 0.51632271126 -0.03) (0.163511183775 0.517131802758 -0.03) (0.163912420817 0.517940894255 -0.03) (0.164313657858 0.518749985752 -0.03) (0.1647148949 0.519559077249 -0.03) (0.165116131942 0.520368168746 -0.03) (0.165517368984 0.521177260243 -0.03) (0.165918606026 0.52198635174 -0.03) (0.166319843068 0.522795443237 -0.03) (0.16672108011 0.523604534734 -0.03) (0.167122317152 0.524413626231 -0.03) (0.167523554194 0.525222717728 -0.03) (0.167924791236 0.526031809225 -0.03) (0.168326028278 0.526840900722 -0.03) (0.16872726532 0.527649992219 -0.03) (0.169128502362 0.528459083716 -0.03) (0.169529739404 0.529268175213 -0.03) (0.169930976446 0.53007726671 -0.03) (0.170332213488 0.530886358207 -0.03) (0.17073345053 0.531695449704 -0.03) (0.171134687571 0.532504541202 -0.03) (0.171535924613 0.533313632699 -0.03) (0.171938952343 0.534118732756 -0.03) (0.172348009237 0.534920786315 -0.03))
    polyLine 50 54 ((0.153079020684 0.496095423834 0) (0.153480257726 0.496904515331 0) (0.153881494768 0.497713606828 0) (0.15428273181 0.498522698325 0) (0.154683968852 0.499331789822 0) (0.155085205894 0.500140881319 0) (0.155486442936 0.500949972816 0) (0.155887679978 0.501759064313 0) (0.15628891702 0.502568155811 0) (0.156690154062 0.503377247308 0) (0.157091391103 0.504186338805 0) (0.157492628145 0.504995430302 0) (0.157893865187 0.505804521799 0) (0.158295102229 0.506613613296 0) (0.158696339271 0.507422704793 0) (0.159097576313 0.50823179629 0) (0.159498813355 0.509040887787 0) (0.159900050397 0.509849979284 0) (0.160301287439 0.510659070781 0) (0.160702524481 0.511468162278 0) (0.161103761523 0.512277253775 0) (0.161504998565 0.513086345272 0) (0.161906235607 0.513895436769 0) (0.162307472649 0.514704528266 0) (0.162708709691 0.515513619763 0) (0.163109946733 0.51632271126 0) (0.163511183775 0.517131802758 0) (0.163912420817 0.517940894255 0) (0.164313657858 0.518749985752 0) (0.1647148949 0.519559077249 0) (0.165116131942 0.520368168746 0) (0.165517368984 0.521177260243 0) (0.165918606026 0.52198635174 0) (0.166319843068 0.522795443237 0) (0.16672108011 0.523604534734 0) (0.167122317152 0.524413626231 0) (0.167523554194 0.525222717728 0) (0.167924791236 0.526031809225 0) (0.168326028278 0.526840900722 0) (0.16872726532 0.527649992219 0) (0.169128502362 0.528459083716 0) (0.169529739404 0.529268175213 0) (0.169930976446 0.53007726671 0) (0.170332213488 0.530886358207 0) (0.17073345053 0.531695449704 0) (0.171134687571 0.532504541202 0) (0.171535924613 0.533313632699 0) (0.171938952343 0.534118732756 0) (0.172348009237 0.534920786315 0))
    polyLine 49 53 ((0.0427724070133 0.93791217262 -0.03) (0.0444012351297 0.940087216241 -0.03) (0.0460367789712 0.942266244834 -0.03) (0.0476790704727 0.944449274065 -0.03) (0.0493281417654 0.946636319678 -0.03) (0.0509840251786 0.948827397488 -0.03) (0.0526467532406 0.951022523388 -0.03) (0.0543163586807 0.953221713342 -0.03) (0.0559928744303 0.955424983395 -0.03) (0.0576763336245 0.957632349665 -0.03) (0.0593667696036 0.959843828347 -0.03) (0.0610642159146 0.962059435716 -0.03) (0.0627687063127 0.964279188122 -0.03) (0.0644802747631 0.966503101994 -0.03) (0.0661989554419 0.968731193841 -0.03) (0.0679247827385 0.970963480251 -0.03) (0.0696577912563 0.973199977891 -0.03) (0.0713980158153 0.975440703509 -0.03) (0.0731454914526 0.977685673935 -0.03) (0.0749002534249 0.979934906078 -0.03) (0.0766623372098 0.982188416932 -0.03) (0.0784317785072 0.984446223571 -0.03) (0.0802086132414 0.986708343153 -0.03))
    polyLine 51 55 ((0.0427724070133 0.93791217262 0) (0.0444012351297 0.940087216241 0) (0.0460367789712 0.942266244834 0) (0.0476790704727 0.944449274065 0) (0.0493281417654 0.946636319678 0) (0.0509840251786 0.948827397488 0) (0.0526467532406 0.951022523388 0) (0.0543163586807 0.953221713342 0) (0.0559928744303 0.955424983395 0) (0.0576763336245 0.957632349665 0) (0.0593667696036 0.959843828347 0) (0.0610642159146 0.962059435716 0) (0.0627687063127 0.964279188122 0) (0.0644802747631 0.966503101994 0) (0.0661989554419 0.968731193841 0) (0.0679247827385 0.970963480251 0) (0.0696577912563 0.973199977891 0) (0.0713980158153 0.975440703509 0) (0.0731454914526 0.977685673935 0) (0.0749002534249 0.979934906078 0) (0.0766623372098 0.982188416932 0) (0.0784317785072 0.984446223571 0) (0.0802086132414 0.986708343153 0))
    polyLine 52 56 ((0.17276307227 0.535719748224 -0.03) (0.173184118075 0.536515573509 -0.03) (0.173611122952 0.537308217369 -0.03) (0.174044062863 0.538097635184 -0.03) (0.174482913436 0.538883782516 -0.03) (0.174927649967 0.539666615111 -0.03) (0.175378247421 0.5404460889 -0.03) (0.175834680432 0.541222160005 -0.03) (0.176296923307 0.541994784738 -0.03) (0.176764950024 0.542763919607 -0.03) (0.177238734237 0.543529521313 -0.03) (0.177718249275 0.54429154676 -0.03) (0.178203468145 0.545049953051 -0.03) (0.178694363532 0.545804697493 -0.03) (0.179190907804 0.546555737598 -0.03) (0.179693073006 0.54730303109 -0.03) (0.180200830872 0.5480465359 -0.03) (0.180714152819 0.548786210175 -0.03) (0.181233009949 0.549522012276 -0.03) (0.181757373055 0.550253900783 -0.03) (0.182287212619 0.550981834496 -0.03) (0.182822498815 0.551705772437 -0.03) (0.18336320151 0.552425673853 -0.03) (0.183909290266 0.55314149822 -0.03) (0.184460734342 0.553853205241 -0.03) (0.185017502697 0.554560754853 -0.03) (0.185579563987 0.555264107225 -0.03) (0.186146886573 0.555963222764 -0.03) (0.186719438519 0.556658062115 -0.03) (0.187297187594 0.557348586162 -0.03) (0.187880101274 0.558034756035 -0.03) (0.188468146747 0.558716533107 -0.03) (0.189061290909 0.559393878999 -0.03) (0.18965950037 0.56006675558 -0.03) (0.190262741456 0.560735124974 -0.03) (0.190870980208 0.561398949554 -0.03) (0.191484182387 0.562058191954 -0.03) (0.192102313473 0.562712815062 -0.03) (0.192725338671 0.563362782027 -0.03) (0.193353222909 0.564008056262 -0.03) (0.193985930841 0.564648601441 -0.03) (0.19462342685 0.565284381506 -0.03) (0.19526567505 0.565915360668 -0.03) (0.195912639287 0.566541503408 -0.03) (0.196564283141 0.567162774477 -0.03) (0.19722056993 0.567779138902 -0.03) (0.197881462708 0.568390561987 -0.03) (0.198546924273 0.568997009313 -0.03))
    polyLine 54 58 ((0.17276307227 0.535719748224 0) (0.173184118075 0.536515573509 0) (0.173611122952 0.537308217369 0) (0.174044062863 0.538097635184 0) (0.174482913436 0.538883782516 0) (0.174927649967 0.539666615111 0) (0.175378247421 0.5404460889 0) (0.175834680432 0.541222160005 0) (0.176296923307 0.541994784738 0) (0.176764950024 0.542763919607 0) (0.177238734237 0.543529521313 0) (0.177718249275 0.54429154676 0) (0.178203468145 0.545049953051 0) (0.178694363532 0.545804697493 0) (0.179190907804 0.546555737598 0) (0.179693073006 0.54730303109 0) (0.180200830872 0.5480465359 0) (0.180714152819 0.548786210175 0) (0.181233009949 0.549522012276 0) (0.181757373055 0.550253900783 0) (0.182287212619 0.550981834496 0) (0.182822498815 0.551705772437 0) (0.18336320151 0.552425673853 0) (0.183909290266 0.55314149822 0) (0.184460734342 0.553853205241 0) (0.185017502697 0.554560754853 0) (0.185579563987 0.555264107225 0) (0.186146886573 0.555963222764 0) (0.186719438519 0.556658062115 0) (0.187297187594 0.557348586162 0) (0.187880101274 0.558034756035 0) (0.188468146747 0.558716533107 0) (0.189061290909 0.559393878999 0) (0.18965950037 0.56006675558 0) (0.190262741456 0.560735124974 0) (0.190870980208 0.561398949554 0) (0.191484182387 0.562058191954 0) (0.192102313473 0.562712815062 0) (0.192725338671 0.563362782027 0) (0.193353222909 0.564008056262 0) (0.193985930841 0.564648601441 0) (0.19462342685 0.565284381506 0) (0.19526567505 0.565915360668 0) (0.195912639287 0.566541503408 0) (0.196564283141 0.567162774477 0) (0.19722056993 0.567779138902 0) (0.197881462708 0.568390561987 0) (0.198546924273 0.568997009313 0))
    polyLine 53 57 ((0.0839525096331 0.991458122529 -0.03) (0.0859211168839 0.993946673369 -0.03) (0.0878987475242 0.996440468335 -0.03) (0.0898854500966 0.99893953044 -0.03) (0.0918812734794 1.00144388283 -0.03) (0.09388626689 1.00395354875 -0.03) (0.0959004798872 1.00646855161 -0.03) (0.0979239623741 1.00898891492 -0.03) (0.099956764601 1.01151466232 -0.03) (0.101998937168 1.01404581758 -0.03) (0.10405053103 1.01658240461 -0.03) (0.106111597495 1.01912444743 -0.03) (0.108182188231 1.02167197021 -0.03) (0.11026235527 1.02422499724 -0.03) (0.112352151006 1.02678355295 -0.03) (0.114451628202 1.0293476619 -0.03) (0.116560839992 1.03191734879 -0.03) (0.118679839886 1.03449263844 -0.03) (0.120808681768 1.03707355584 -0.03) (0.122947419906 1.03966012609 -0.03) (0.125096108949 1.04225237444 -0.03) (0.127254803933 1.04485032626 -0.03) (0.129423560287 1.0474540071 -0.03))
    polyLine 55 59 ((0.0839525096331 0.991458122529 0) (0.0859211168839 0.993946673369 0) (0.0878987475242 0.996440468335 0) (0.0898854500966 0.99893953044 0) (0.0918812734794 1.00144388283 0) (0.09388626689 1.00395354875 0) (0.0959004798872 1.00646855161 0) (0.0979239623741 1.00898891492 0) (0.099956764601 1.01151466232 0) (0.101998937168 1.01404581758 0) (0.10405053103 1.01658240461 0) (0.106111597495 1.01912444743 0) (0.108182188231 1.02167197021 0) (0.11026235527 1.02422499724 0) (0.112352151006 1.02678355295 0) (0.114451628202 1.0293476619 0) (0.116560839992 1.03191734879 0) (0.118679839886 1.03449263844 0) (0.120808681768 1.03707355584 0) (0.122947419906 1.03966012609 0) (0.125096108949 1.04225237444 0) (0.127254803933 1.04485032626 0) (0.129423560287 1.0474540071 0))
    polyLine 56 60 ((0.199216917164 0.569598446741 -0.03) (0.199891403665 0.570194840414 -0.03) (0.200570345807 0.57078615676 -0.03) (0.201253705371 0.571372362493 -0.03) (0.201941443888 0.571953424611 -0.03) (0.202633522643 0.572529310407 -0.03) (0.203329902678 0.573099987462 -0.03) (0.204030544791 0.57366542365 -0.03) (0.204735409541 0.574225587142 -0.03) (0.205444457249 0.574780446404 -0.03) (0.206157648001 0.575329970203 -0.03) (0.20687494165 0.575874127602 -0.03) (0.207596297816 0.576412887971 -0.03) (0.208321675892 0.576946220982 -0.03) (0.209051035046 0.57747409661 -0.03) (0.209784334218 0.577996485141 -0.03) (0.21052153213 0.578513357167 -0.03) (0.211262587283 0.579024683593 -0.03) (0.212007457961 0.579530435635 -0.03) (0.212756102232 0.580030584821 -0.03) (0.213508477953 0.580525102999 -0.03) (0.214264542771 0.581013962328 -0.03) (0.215024254125 0.581497135292 -0.03) (0.215787569249 0.581974594689 -0.03) (0.216554445172 0.582446313642 -0.03) (0.217324838727 0.582912265598 -0.03) (0.218098706544 0.583372424326 -0.03) (0.218876005061 0.583826763923 -0.03) (0.219656690521 0.584275258812 -0.03) (0.220440718978 0.584717883747 -0.03) (0.221228046295 0.58515461381 -0.03) (0.222018628153 0.585585424418 -0.03) (0.222812420047 0.586010291318 -0.03) (0.223609377292 0.586429190594 -0.03) (0.224409455025 0.586842098664 -0.03) (0.225212608208 0.587248992285 -0.03) (0.226018791628 0.587649848552 -0.03) (0.226827959904 0.588044644898 -0.03) (0.227640067484 0.588433359101 -0.03) (0.228455068654 0.588815969277 -0.03) (0.229272917534 0.58919245389 -0.03) (0.230093568085 0.589562791744 -0.03) (0.23091697411 0.589926961994 -0.03) (0.231743089258 0.590284944139 -0.03) (0.232571867024 0.590636718027 -0.03) (0.233403260754 0.590982263855 -0.03) (0.234237223646 0.591321562172 -0.03) (0.235073708755 0.591654593878 -0.03) (0.235912668991 0.591981340226 -0.03))
    polyLine 58 62 ((0.199216917164 0.569598446741 0) (0.199891403665 0.570194840414 0) (0.200570345807 0.57078615676 0) (0.201253705371 0.571372362493 0) (0.201941443888 0.571953424611 0) (0.202633522643 0.572529310407 0) (0.203329902678 0.573099987462 0) (0.204030544791 0.57366542365 0) (0.204735409541 0.574225587142 0) (0.205444457249 0.574780446404 0) (0.206157648001 0.575329970203 0) (0.20687494165 0.575874127602 0) (0.207596297816 0.576412887971 0) (0.208321675892 0.576946220982 0) (0.209051035046 0.57747409661 0) (0.209784334218 0.577996485141 0) (0.21052153213 0.578513357167 0) (0.211262587283 0.579024683593 0) (0.212007457961 0.579530435635 0) (0.212756102232 0.580030584821 0) (0.213508477953 0.580525102999 0) (0.214264542771 0.581013962328 0) (0.215024254125 0.581497135292 0) (0.215787569249 0.581974594689 0) (0.216554445172 0.582446313642 0) (0.217324838727 0.582912265598 0) (0.218098706544 0.583372424326 0) (0.218876005061 0.583826763923 0) (0.219656690521 0.584275258812 0) (0.220440718978 0.584717883747 0) (0.221228046295 0.58515461381 0) (0.222018628153 0.585585424418 0) (0.222812420047 0.586010291318 0) (0.223609377292 0.586429190594 0) (0.224409455025 0.586842098664 0) (0.225212608208 0.587248992285 0) (0.226018791628 0.587649848552 0) (0.226827959904 0.588044644898 0) (0.227640067484 0.588433359101 0) (0.228455068654 0.588815969277 0) (0.229272917534 0.58919245389 0) (0.230093568085 0.589562791744 0) (0.23091697411 0.589926961994 0) (0.231743089258 0.590284944139 0) (0.232571867024 0.590636718027 0) (0.233403260754 0.590982263855 0) (0.234237223646 0.591321562172 0) (0.235073708755 0.591654593878 0) (0.235912668991 0.591981340226 0))
    polyLine 57 61 ((0.134182263188 1.05314484803 -0.03) (0.136776303323 1.05623431778 -0.03) (0.139384647634 1.05933189461 -0.03) (0.142007390304 1.06243762155 -0.03) (0.14464462631 1.0655515419 -0.03) (0.147296451433 1.06867369925 -0.03) (0.149962962262 1.07180413749 -0.03) (0.152644256207 1.0749429008 -0.03) (0.155340431503 1.07809003365 -0.03) (0.158051587223 1.08124558082 -0.03) (0.160777823282 1.08440958736 -0.03) (0.163519240447 1.08758209867 -0.03) (0.166275940348 1.09076316042 -0.03) (0.169048025484 1.0939528186 -0.03) (0.171835599233 1.09715111952 -0.03) (0.17463876586 1.10035810979 -0.03) (0.17745763053 1.10357383635 -0.03) (0.180292299311 1.10679834645 -0.03) (0.18314287919 1.11003168767 -0.03) (0.186009478076 1.11327390792 -0.03) (0.188892204816 1.11652505542 -0.03) (0.191791169199 1.11978517875 -0.03) (0.19470648197 1.1230543268 -0.03))
    polyLine 59 63 ((0.134182263188 1.05314484803 0) (0.136776303323 1.05623431778 0) (0.139384647634 1.05933189461 0) (0.142007390304 1.06243762155 0) (0.14464462631 1.0655515419 0) (0.147296451433 1.06867369925 0) (0.149962962262 1.07180413749 0) (0.152644256207 1.0749429008 0) (0.155340431503 1.07809003365 0) (0.158051587223 1.08124558082 0) (0.160777823282 1.08440958736 0) (0.163519240447 1.08758209867 0) (0.166275940348 1.09076316042 0) (0.169048025484 1.0939528186 0) (0.171835599233 1.09715111952 0) (0.17463876586 1.10035810979 0) (0.17745763053 1.10357383635 0) (0.180292299311 1.10679834645 0) (0.18314287919 1.11003168767 0) (0.186009478076 1.11327390792 0) (0.188892204816 1.11652505542 0) (0.191791169199 1.11978517875 0) (0.19470648197 1.1230543268 0))
    polyLine 60 64 ((0.236754057127 0.592301782821 -0.03) (0.2375978258 0.592615903626 -0.03) (0.238443927512 0.592923684958 -0.03) (0.239292314631 0.59322510949 -0.03) (0.240142939402 0.593520160255 -0.03) (0.240995753938 0.593808820643 -0.03) (0.241850710234 0.594091074405 -0.03) (0.24270776016 0.594366905652 -0.03) (0.243566855472 0.594636298857 -0.03) (0.244427947808 0.594899238854 -0.03) (0.245290988695 0.595155710843 -0.03) (0.24615592955 0.595405700385 -0.03) (0.247022721683 0.595649193408 -0.03) (0.247891316299 0.595886176205 -0.03) (0.248761664504 0.596116635435 -0.03) (0.249633717301 0.596340558126 -0.03) (0.250507425602 0.596557931672 -0.03) (0.251382740223 0.596768743836 -0.03) (0.252259611889 0.596972982752 -0.03) (0.253137991239 0.597170636922 -0.03) (0.254017828827 0.597361695219 -0.03) (0.254899075123 0.597546146888 -0.03) (0.255781680521 0.597723981547 -0.03) (0.256665595335 0.597895189184 -0.03) (0.257550769808 0.598059760161 -0.03) (0.25843715411 0.598217685214 -0.03) (0.259324698344 0.598368955454 -0.03) (0.260213352549 0.598513562364 -0.03) (0.261103066698 0.598651497805 -0.03) (0.261993790708 0.598782754012 -0.03) (0.262885474437 0.598907323595 -0.03) (0.26377806769 0.599025199542 -0.03) (0.264671520219 0.599136375219 -0.03) (0.265565781731 0.599240844366 -0.03) (0.266460801884 0.599338601103 -0.03) (0.267356530295 0.599429639926 -0.03) (0.268252916541 0.599513955711 -0.03) (0.269149910162 0.599591543711 -0.03) (0.270047460663 0.599662399559 -0.03) (0.270945517519 0.599726519267 -0.03) (0.271844030176 0.599783899223 -0.03) (0.272742948053 0.5998345362 -0.03) (0.273642220548 0.599878427345 -0.03) (0.274541797039 0.599915570188 -0.03) (0.275441626885 0.599945962639 -0.03) (0.276341659434 0.599969602986 -0.03) (0.277241844018 0.599986489899 -0.03) (0.278142129964 0.599996622427 -0.03))
    polyLine 62 66 ((0.236754057127 0.592301782821 0) (0.2375978258 0.592615903626 0) (0.238443927512 0.592923684958 0) (0.239292314631 0.59322510949 0) (0.240142939402 0.593520160255 0) (0.240995753938 0.593808820643 0) (0.241850710234 0.594091074405 0) (0.24270776016 0.594366905652 0) (0.243566855472 0.594636298857 0) (0.244427947808 0.594899238854 0) (0.245290988695 0.595155710843 0) (0.24615592955 0.595405700385 0) (0.247022721683 0.595649193408 0) (0.247891316299 0.595886176205 0) (0.248761664504 0.596116635435 0) (0.249633717301 0.596340558126 0) (0.250507425602 0.596557931672 0) (0.251382740223 0.596768743836 0) (0.252259611889 0.596972982752 0) (0.253137991239 0.597170636922 0) (0.254017828827 0.597361695219 0) (0.254899075123 0.597546146888 0) (0.255781680521 0.597723981547 0) (0.256665595335 0.597895189184 0) (0.257550769808 0.598059760161 0) (0.25843715411 0.598217685214 0) (0.259324698344 0.598368955454 0) (0.260213352549 0.598513562364 0) (0.261103066698 0.598651497805 0) (0.261993790708 0.598782754012 0) (0.262885474437 0.598907323595 0) (0.26377806769 0.599025199542 0) (0.264671520219 0.599136375219 0) (0.265565781731 0.599240844366 0) (0.266460801884 0.599338601103 0) (0.267356530295 0.599429639926 0) (0.268252916541 0.599513955711 0) (0.269149910162 0.599591543711 0) (0.270047460663 0.599662399559 0) (0.270945517519 0.599726519267 0) (0.271844030176 0.599783899223 0) (0.272742948053 0.5998345362 0) (0.273642220548 0.599878427345 0) (0.274541797039 0.599915570188 0) (0.275441626885 0.599945962639 0) (0.276341659434 0.599969602986 0) (0.277241844018 0.599986489899 0) (0.278142129964 0.599996622427 0))
    polyLine 61 65 ((0.200797268433 1.1298544259 -0.03) (0.203975439907 1.13338683409 -0.03) (0.207172910343 1.13692983522 -0.03) (0.210389822153 1.14048349161 -0.03) (0.213626319091 1.14404786603 -0.03) (0.216882546267 1.14762302172 -0.03) (0.220158650159 1.15120902241 -0.03) (0.223454778636 1.15480593228 -0.03) (0.226771080969 1.15841381603 -0.03) (0.230107707845 1.16203273883 -0.03) (0.23346481139 1.16566276636 -0.03) (0.236842545177 1.16930396479 -0.03) (0.240241064251 1.17295640079 -0.03) (0.243660525139 1.17662014155 -0.03) (0.247101085872 1.18029525477 -0.03) (0.250562905999 1.18398180868 -0.03) (0.254046146606 1.18767987202 -0.03) (0.257550970333 1.19138951407 -0.03) (0.261077541394 1.19511080465 -0.03) (0.264626025594 1.19884381411 -0.03) (0.268196590346 1.20258861336 -0.03) (0.271789404693 1.20634527386 -0.03) (0.275404639323 1.21011386762 -0.03))
    polyLine 63 67 ((0.200797268433 1.1298544259 0) (0.203975439907 1.13338683409 0) (0.207172910343 1.13692983522 0) (0.210389822153 1.14048349161 0) (0.213626319091 1.14404786603 0) (0.216882546267 1.14762302172 0) (0.220158650159 1.15120902241 0) (0.223454778636 1.15480593228 0) (0.226771080969 1.15841381603 0) (0.230107707845 1.16203273883 0) (0.23346481139 1.16566276636 0) (0.236842545177 1.16930396479 0) (0.240241064251 1.17295640079 0) (0.243660525139 1.17662014155 0) (0.247101085872 1.18029525477 0) (0.250562905999 1.18398180868 0) (0.254046146606 1.18767987202 0) (0.257550970333 1.19138951407 0) (0.261077541394 1.19511080465 0) (0.264626025594 1.19884381411 0) (0.268196590346 1.20258861336 0) (0.271789404693 1.20634527386 0) (0.275404639323 1.21011386762 0))
);

boundary
(
    body_fore
    {
        type wall;
        faces
        (
            (0 2 6 4)
            (4 6 10 8)
            (8 10 14 12)
            (12 14 18 16)
            (16 18 22 20)
            (20 22 26 24)
            (24 26 30 28)
            (28 30 34 32)
            (32 34 38 36)
            (36 38 42 40)
            (40 42 46 44)
            (44 46 50 48)
            (48 50 54 52)
            (52 54 58 56)
            (56 58 62 60)
            (60 62 66 64)
        );
    }
    freestream
    {
        type patch;
        faces
        (
            (1 5 7 3)
            (5 9 11 7)
            (9 13 15 11)
            (13 17 19 15)
            (17 21 23 19)
            (21 25 27 23)
            (25 29 31 27)
            (29 33 35 31)
            (33 37 39 35)
            (37 41 43 39)
            (41 45 47 43)
            (45 49 51 47)
            (49 53 55 51)
            (53 57 59 55)
            (57 61 63 59)
            (61 65 67 63)
        );
    }
    outlet
    {
        type patch;
        faces
        (
            (64 66 67 65)
        );
    }
    axis
    {
        type patch;
        faces
        (
            (0 1 3 2)
        );
    }
    front
    {
        type patch;
        faces
        (
            (2 6 7 3)
            (6 10 11 7)
            (10 14 15 11)
            (14 18 19 15)
            (18 22 23 19)
            (22 26 27 23)
            (26 30 31 27)
            (30 34 35 31)
            (34 38 39 35)
            (38 42 43 39)
            (42 46 47 43)
            (46 50 51 47)
            (50 54 55 51)
            (54 58 59 55)
            (58 62 63 59)
            (62 66 67 63)
        );
    }
    back
    {
        type patch;
        faces
        (
            (0 1 5 4)
            (4 5 9 8)
            (8 9 13 12)
            (12 13 17 16)
            (16 17 21 20)
            (20 21 25 24)
            (24 25 29 28)
            (28 29 33 32)
            (32 33 37 36)
            (36 37 41 40)
            (40 41 45 44)
            (44 45 49 48)
            (48 49 53 52)
            (52 53 57 56)
            (56 57 61 60)
            (60 61 65 64)
        );
    }
);
