FoamFile
{
    version     2.0;
    format      ascii;
    class       dictionary;
    object      blockMeshDict;
}
// Generated by aether.cfd - do not edit by hand. Regenerate from the run config.

scale 1;

vertices
(
    (0 0 -0.03)
    (-0.240505409295 7.48400077955e-17 -0.03)
    (0 0 0)
    (-0.240505409295 7.48400077955e-17 0)
    (0.00183341717864 0.0464085269972 -0.03)
    (-0.237502561149 0.0765276881487 -0.03)
    (0.00183341717864 0.0464085269972 0)
    (-0.237502561149 0.0765276881487 0)
    (0.00732199856173 0.0925278039325 -0.03)
    (-0.228784814733 0.152663197983 -0.03)
    (0.00732199856173 0.0925278039325 0)
    (-0.228784814733 0.152663197983 0)
    (0.0164315371066 0.138070402723 -0.03)
    (-0.21505959195 0.228313345385 -0.03)
    (0.0164315371066 0.138070402723 0)
    (-0.21505959195 0.228313345385 0)
    (0.0291052595223 0.182752489245 -0.03)
    (-0.197112680603 0.303810651681 -0.03)
    (0.0291052595223 0.182752489245 0)
    (-0.197112680603 0.303810651681 0)
    (0.0452641800796 0.226295592183 -0.03)
    (-0.175545371527 0.37988073716 -0.03)
    (0.0452641800796 0.226295592183 0)
    (-0.175545371527 0.37988073716 0)
    (0.0648077215584 0.268428272427 -0.03)
    (-0.15066444746 0.457566470418 -0.03)
    (0.0648077215584 0.268428272427 0)
    (-0.15066444746 0.457566470418 0)
    (0.0876140293663 0.308887940545 -0.03)
    (-0.122466851523 0.538189916551 -0.03)
    (0.0876140293663 0.308887940545 0)
    (-0.122466851523 0.538189916551 0)
    (0.113540876397 0.34742247901 -0.03)
    (-0.0906474536244 0.623378286717 -0.03)
    (0.113540876397 0.34742247901 0)
    (-0.0906474536244 0.623378286717 0)
    (0.142016881695 0.384124788403 -0.03)
    (-0.0547465060016 0.714763861203 -0.03)
    (0.142016881695 0.384124788403 0)
    (-0.0547465060016 0.714763861203 0)
    (0.170805249006 0.420586603316 -0.03)
    (-0.0150776294245 0.811868554644 -0.03)
    (0.170805249006 0.420586603316 0)
    (-0.0150776294245 0.811868554644 0)
    (0.199593616316 0.45704841823 -0.03)
    (0.0282921862383 0.914859622764 -0.03)
    (0.199593616316 0.45704841823 0)
    (0.0282921862383 0.914859622764 0)
    (0.228381983626 0.493510233143 -0.03)
    (0.0754402539115 1.02419684791 -0.03)
    (0.228381983626 0.493510233143 0)
    (0.0754402539115 1.02419684791 0)
    (0.257170350936 0.529972048057 -0.03)
    (0.126505439565 1.14041977547 -0.03)
    (0.257170350936 0.529972048057 0)
    (0.126505439565 1.14041977547 0)
    (0.286705834446 0.565790278182 -0.03)
    (0.182781057478 1.26658846511 -0.03)
    (0.286705834446 0.565790278182 0)
    (0.182781057478 1.26658846511 0)
    (0.325304731671 0.591118616161 -0.03)
    (0.260380501673 1.43822172413 -0.03)
    (0.325304731671 0.591118616161 0)
    (0.260380501673 1.43822172413 0)
    (0.370609630957 0.6 -0.03)
    (0.370609630957 1.67885355015 -0.03)
    (0.370609630957 0.6 0)
    (0.370609630957 1.67885355015 0)
);

blocks
(
    hex (0 4 5 1 2 6 7 3) (4 48 1) simpleGrading (1 4 1)
    hex (4 8 9 5 6 10 11 7) (4 48 1) simpleGrading (1 4 1)
    hex (8 12 13 9 10 14 15 11) (4 48 1) simpleGrading (1 4 1)
    hex (12 16 17 13 14 18 19 15) (4 48 1) simpleGrading (1 4 1)
    hex (16 20 21 17 18 22 23 19) (4 48 1) simpleGrading (1 4 1)
    hex (20 24 25 21 22 26 27 23) (4 48 1) simpleGrading (1 4 1)
    hex (24 28 29 25 26 30 31 27) (4 48 1) simpleGrading (1 4 1)
    hex (28 32 33 29 30 34 35 31) (4 48 1) simpleGrading (1 4 1)
    hex (32 36 37 33 34 38 39 35) (4 48 1) simpleGrading (1 4 1)
    hex (36 40 41 37 38 42 43 39) (4 48 1) simpleGrading (1 4 1)
    hex (40 44 45 41 42 46 47 43) (4 48 1) simpleGrading (1 4 1)
    hex (44 48 49 45 46 50 51 47) (4 48 1) simpleGrading (1 4 1)
    hex (48 52 53 49 50 54 55 51) (4 48 1) simpleGrading (1 4 1)
    hex (52 56 57 53 54 58 59 55) (4 48 1) simpleGrading (1 4 1)
    hex (56 60 61 57 58 62 63 59) (4 48 1) simpleGrading (1 4 1)
    hex (60 64 65 61 62 66 67 63) (4 48 1) simpleGrading (1 4 1)
);

edges
(
    polyLine 0 4 ((6.57580473632e-07 0.000879613437946 -0.03) (2.63032042454e-06 0.00175922490952 -0.03) (5.91821544257e-06 0.00263883244835 -0.03) (1.05212581778e-05 0.00351843408809 -0.03) (1.643943834e-05 0.00439802786238 -0.03) (2.36727426992e-05 0.0052776118049 -0.03) (3.22211550853e-05 0.00615718394934 -0.03) (4.20846563885e-05 0.00703674232942 -0.03) (5.32632245588e-05 0.00791628497889 -0.03) (6.57568346067e-05 0.00879580993154 -0.03) (7.95654586027e-05 0.00967531522119 -0.03) (9.46890656777e-05 0.0105547988817 -0.03) (0.000111127622023 0.011434258947 -0.03) (0.00012888109089 0.0123136934511 -0.03) (0.000147949432592 0.013193100428 -0.03) (0.0001683326045 0.0140724779117 -0.03) (0.000190030561049 0.0149518239365 -0.03) (0.000213043253732 0.0158311365366 -0.03) (0.000237370631105 0.0167104137462 -0.03) (0.000263012638785 0.0175896535997 -0.03) (0.000289969219448 0.0184688541317 -0.03) (0.000318240312834 0.0193480133766 -0.03) (0.000347825855742 0.0202271293691 -0.03) (0.000378725782034 0.0211062001439 -0.03) (0.000410940022633 0.021985223736 -0.03) (0.000444468505525 0.0228641981801 -0.03) (0.000479311155757 0.0237431215114 -0.03) (0.000515467895438 0.0246219917651 -0.03) (0.00055293864374 0.0255008069764 -0.03) (0.000591723316897 0.0263795651808 -0.03) (0.000631821828206 0.0272582644138 -0.03) (0.000673234088028 0.028136902711 -0.03) (0.000715960003785 0.0290154781083 -0.03) (0.000759999479963 0.0298939886416 -0.03) (0.000805352418114 0.0307724323471 -0.03) (0.000852018716849 0.0316508072609 -0.03) (0.000899998271848 0.0325291114194 -0.03) (0.000949290975852 0.0334073428593 -0.03) (0.000999896718666 0.0342854996172 -0.03) (0.00105181538716 0.03516357973 -0.03) (0.00110504686528 0.0360415812347 -0.03) (0.00115959103401 0.0369195021687 -0.03) (0.00121544777144 0.0377973405693 -0.03) (0.00127261695268 0.038675094474 -0.03) (0.00133109844993 0.0395527619208 -0.03) (0.00139089213247 0.0404303409475 -0.03) (0.00145199786663 0.0413078295924 -0.03) (0.0015144155158 0.0421852258938 -0.03) (0.00157814494044 0.0430625278903 -0.03) (0.00164318599809 0.0439397336207 -0.03) (0.00170953854336 0.044816841124 -0.03) (0.00177720242791 0.0456938484395 -0.03))
    polyLine 2 6 ((6.57580473632e-07 0.000879613437946 0) (2.63032042454e-06 0.00175922490952 0) (5.91821544257e-06 0.00263883244835 0) (1.05212581778e-05 0.00351843408809 0) (1.643943834e-05 0.00439802786238 0) (2.36727426992e-05 0.0052776118049 0) (3.22211550853e-05 0.00615718394934 0) (4.20846563885e-05 0.00703674232942 0) (5.32632245588e-05 0.00791628497889 0) (6.57568346067e-05 0.00879580993154 0) (7.95654586027e-05 0.00967531522119 0) (9.46890656777e-05 0.0105547988817 0) (0.000111127622023 0.011434258947 0) (0.00012888109089 0.0123136934511 0) (0.000147949432592 0.013193100428 0) (0.0001683326045 0.0140724779117 0) (0.000190030561049 0.0149518239365 0) (0.000213043253732 0.0158311365366 0) (0.000237370631105 0.0167104137462 0) (0.000263012638785 0.0175896535997 0) (0.000289969219448 0.0184688541317 0) (0.000318240312834 0.0193480133766 0) (0.000347825855742 0.0202271293691 0) (0.000378725782034 0.0211062001439 0) (0.000410940022633 0.021985223736 0) (0.000444468505525 0.0228641981801 0) (0.000479311155757 0.0237431215114 0) (0.000515467895438 0.0246219917651 0) (0.00055293864374 0.0255008069764 0) (0.000591723316897 0.0263795651808 0) (0.000631821828206 0.0272582644138 0) (0.000673234088028 0.028136902711 0) (0.000715960003785 0.0290154781083 0) (0.000759999479963 0.0298939886416 0) (0.000805352418114 0.0307724323471 0) (0.000852018716849 0.0316508072609 0) (0.000899998271848 0.0325291114194 0) (0.000949290975852 0.0334073428593 0) (0.000999896718666 0.0342854996172 0) (0.00105181538716 0.03516357973 0) (0.00110504686528 0.0360415812347 0) (0.00115959103401 0.0369195021687 0) (0.00121544777144 0.0377973405693 0) (0.00127261695268 0.038675094474 0) (0.00133109844993 0.0395527619208 0) (0.00139089213247 0.0404303409475 0) (0.00145199786663 0.0413078295924 0) (0.0015144155158 0.0421852258938 0) (0.00157814494044 0.0430625278903 0) (0.00164318599809 0.0439397336207 0) (0.00170953854336 0.044816841124 0) (0.00177720242791 0.0456938484395 0))
    polyLine 1 5 ((-0.24050016403 0.00318764378309 -0.03) (-0.24048442892 0.00637529687347 -0.03) (-0.240458206018 0.00956296862212 -0.03) (-0.240421498742 0.0127506684673 -0.03) (-0.240374311874 0.0159384059783 -0.03) (-0.240316651547 0.0191261908983 -0.03) (-0.240248525242 0.0223140331883 -0.03) (-0.240169941778 0.0255019430694 -0.03) (-0.240080911297 0.0286899310658 -0.03) (-0.239981445252 0.0318780080472 -0.03) (-0.239871556393 0.0350661852705 -0.03) (-0.23975125875 0.0382544744211 -0.03) (-0.239620567611 0.0414428876548 -0.03) (-0.239479499508 0.0446314376371 -0.03) (-0.239328072188 0.0478201375843 -0.03) (-0.239166304597 0.0510090013022 -0.03) (-0.238994216849 0.054198043225 -0.03) (-0.238811830205 0.0573872784537 -0.03) (-0.238619167042 0.0605767227928 -0.03) (-0.238416250827 0.0637663927879 -0.03) (-0.238203106084 0.066956305761 -0.03) (-0.237979758365 0.0701464798456 -0.03) (-0.237746234217 0.0733369340218 -0.03))
    polyLine 3 7 ((-0.24050016403 0.00318764378309 0) (-0.24048442892 0.00637529687347 0) (-0.240458206018 0.00956296862212 0) (-0.240421498742 0.0127506684673 0) (-0.240374311874 0.0159384059783 0) (-0.240316651547 0.0191261908983 0) (-0.240248525242 0.0223140331883 0) (-0.240169941778 0.0255019430694 0) (-0.240080911297 0.0286899310658 0) (-0.239981445252 0.0318780080472 0) (-0.239871556393 0.0350661852705 0) (-0.23975125875 0.0382544744211 0) (-0.239620567611 0.0414428876548 0) (-0.239479499508 0.0446314376371 0) (-0.239328072188 0.0478201375843 0) (-0.239166304597 0.0510090013022 0) (-0.238994216849 0.054198043225 0) (-0.238811830205 0.0573872784537 0) (-0.238619167042 0.0605767227928 0) (-0.238416250827 0.0637663927879 0) (-0.238203106084 0.066956305761 0) (-0.237979758365 0.0701464798456 0) (-0.237746234217 0.0733369340218 0))
    polyLine 4 8 ((0.00184617750047 0.0465707536065 -0.03) (0.00191646360687 0.0474475546648 -0.03) (0.00198806058996 0.0483242496543 -0.03) (0.0020609682897 0.0492008366152 -0.03) (0.0021351865431 0.0500773135878 -0.03) (0.00221071518425 0.0509536786128 -0.03) (0.0022875540443 0.051829929731 -0.03) (0.00236570295148 0.0527060649836 -0.03) (0.00244516173108 0.0535820824121 -0.03) (0.00252593020549 0.0544579800581 -0.03) (0.00260800819414 0.0553337559634 -0.03) (0.00269139551354 0.0562094081704 -0.03) (0.00277609197729 0.0570849347215 -0.03) (0.00286209739604 0.0579603336594 -0.03) (0.00294941157753 0.0588356030273 -0.03) (0.00303803432658 0.0597107408684 -0.03) (0.00312796544505 0.0605857452265 -0.03) (0.00321920473193 0.0614606141453 -0.03) (0.00331175198323 0.0623353456692 -0.03) (0.00340560699207 0.0632099378427 -0.03) (0.00350076954863 0.0640843887106 -0.03) (0.00359723944019 0.0649586963182 -0.03) (0.00369501645108 0.0658328587109 -0.03) (0.00379410036273 0.0667068739345 -0.03) (0.00389449095363 0.0675807400351 -0.03) (0.00399618799935 0.0684544550594 -0.03) (0.00409919127257 0.0693280170539 -0.03) (0.004203500543 0.070201424066 -0.03) (0.00430911557748 0.0710746741431 -0.03) (0.00441603613989 0.071947765333 -0.03) (0.00452426199122 0.072820695684 -0.03) (0.00463379288953 0.0736934632447 -0.03) (0.00474462858996 0.0745660660639 -0.03) (0.00485676884474 0.075438502191 -0.03) (0.00497021340318 0.0763107696757 -0.03) (0.00508496201168 0.0771828665679 -0.03) (0.00520101441371 0.0780547909182 -0.03) (0.00531837034985 0.0789265407773 -0.03) (0.00543702955774 0.0797981141965 -0.03) (0.00555699177212 0.0806695092273 -0.03) (0.00567825672481 0.0815407239218 -0.03) (0.00580082414473 0.0824117563323 -0.03) (0.00592469375789 0.0832826045117 -0.03) (0.00604986528736 0.0841532665132 -0.03) (0.00617633845333 0.0850237403905 -0.03) (0.00630411297307 0.0858940241975 -0.03) (0.00643318856094 0.0867641159887 -0.03) (0.00656356492839 0.0876340138192 -0.03) (0.00669524178396 0.0885037157442 -0.03) (0.0068282188333 0.0893732198195 -0.03) (0.00696249577913 0.0902425241013 -0.03) (0.00709807232128 0.0911116266464 -0.03) (0.00723494815666 0.0919805255118 -0.03))
    polyLine 6 10 ((0.00184617750047 0.0465707536065 0) (0.00191646360687 0.0474475546648 0) (0.00198806058996 0.0483242496543 0) (0.0020609682897 0.0492008366152 0) (0.0021351865431 0.0500773135878 0) (0.00221071518425 0.0509536786128 0) (0.0022875540443 0.051829929731 0) (0.00236570295148 0.0527060649836 0) (0.00244516173108 0.0535820824121 0) (0.00252593020549 0.0544579800581 0) (0.00260800819414 0.0553337559634 0) (0.00269139551354 0.0562094081704 0) (0.00277609197729 0.0570849347215 0) (0.00286209739604 0.0579603336594 0) (0.00294941157753 0.0588356030273 0) (0.00303803432658 0.0597107408684 0) (0.00312796544505 0.0605857452265 0) (0.00321920473193 0.0614606141453 0) (0.00331175198323 0.0623353456692 0) (0.00340560699207 0.0632099378427 0) (0.00350076954863 0.0640843887106 0) (0.00359723944019 0.0649586963182 0) (0.00369501645108 0.0658328587109 0) (0.00379410036273 0.0667068739345 0) (0.00389449095363 0.0675807400351 0) (0.00399618799935 0.0684544550594 0) (0.00409919127257 0.0693280170539 0) (0.004203500543 0.070201424066 0) (0.00430911557748 0.0710746741431 0) (0.00441603613989 0.071947765333 0) (0.00452426199122 0.072820695684 0) (0.00463379288953 0.0736934632447 0) (0.00474462858996 0.0745660660639 0) (0.00485676884474 0.075438502191 0) (0.00497021340318 0.0763107696757 0) (0.00508496201168 0.0771828665679 0) (0.00520101441371 0.0780547909182 0) (0.00531837034985 0.0789265407773 0) (0.00543702955774 0.0797981141965 0) (0.00555699177212 0.0806695092273 0) (0.00567825672481 0.0815407239218 0) (0.00580082414473 0.0824117563323 0) (0.00592469375789 0.0832826045117 0) (0.00604986528736 0.0841532665132 0) (0.00617633845333 0.0850237403905 0) (0.00630411297307 0.0858940241975 0) (0.00643318856094 0.0867641159887 0) (0.00656356492839 0.0876340138192 0) (0.00669524178396 0.0885037157442 0) (0.0068282188333 0.0893732198195 0) (0.00696249577913 0.0902425241013 0) (0.00709807232128 0.0911116266464 0) (0.00723494815666 0.0919805255118 0))
    polyLine 5 9 ((-0.237250793483 0.0796937824051 -0.03) (-0.236989091794 0.0828602135875 -0.03) (-0.236717485555 0.0860270038466 -0.03) (-0.236436005027 0.089194176307 -0.03) (-0.236144681231 0.0923617550948 -0.03) (-0.23584354591 0.0955297653649 -0.03) (-0.235532631486 0.0986982333279 -0.03) (-0.235211971028 0.101867186275 -0.03) (-0.23488159821 0.105036652601 -0.03) (-0.234541547274 0.108206661834 -0.03) (-0.234191852986 0.11137724465 -0.03) (-0.233832550605 0.1145484329 -0.03) (-0.233463675833 0.117720259631 -0.03) (-0.233085264784 0.120892759105 -0.03) (-0.232697353936 0.124065966819 -0.03) (-0.232299980097 0.127239919523 -0.03) (-0.231893180361 0.13041465524 -0.03) (-0.231476992069 0.133590213279 -0.03) (-0.231051452767 0.136766634257 -0.03) (-0.230616600172 0.139943960108 -0.03) (-0.230172472123 0.143122234104 -0.03) (-0.229719106548 0.146301500864 -0.03) (-0.229256541423 0.149481806371 -0.03))
    polyLine 7 11 ((-0.237250793483 0.0796937824051 0) (-0.236989091794 0.0828602135875 0) (-0.236717485555 0.0860270038466 0) (-0.236436005027 0.089194176307 0) (-0.236144681231 0.0923617550948 0) (-0.23584354591 0.0955297653649 0) (-0.235532631486 0.0986982333279 0) (-0.235211971028 0.101867186275 0) (-0.23488159821 0.105036652601 0) (-0.234541547274 0.108206661834 0) (-0.234191852986 0.11137724465 0) (-0.233832550605 0.1145484329 0) (-0.233463675833 0.117720259631 0) (-0.233085264784 0.120892759105 0) (-0.232697353936 0.124065966819 0) (-0.232299980097 0.127239919523 0) (-0.231893180361 0.13041465524 0) (-0.231476992069 0.133590213279 0) (-0.231051452767 0.136766634257 0) (-0.230616600172 0.139943960108 0) (-0.230172472123 0.143122234104 0) (-0.229719106548 0.146301500864 0) (-0.229256541423 0.149481806371 0))
    polyLine 8 12 ((0.0073731229793 0.0928492187552 -0.03) (0.0075125964803 0.0937177044345 -0.03) (0.00765336834786 0.0945859806082 -0.03) (0.00779543826731 0.0954540453354 -0.03) (0.00793880592103 0.0963218966755 -0.03) (0.00808347098853 0.0971895326884 -0.03) (0.00822943314641 0.0980569514345 -0.03) (0.00837669206837 0.0989241509747 -0.03) (0.00852524742523 0.0997911293704 -0.03) (0.00867509888487 0.100657884683 -0.03) (0.00882624611232 0.101524414976 -0.03) (0.00897868876968 0.102390718312 -0.03) (0.00913242651616 0.103256792753 -0.03) (0.00928745900809 0.104122636364 -0.03) (0.00944378589889 0.10498824721 -0.03) (0.0096014068391 0.105853623354 -0.03) (0.00976032147635 0.106718762864 -0.03) (0.00992052945539 0.107583663804 -0.03) (0.0100820304181 0.108448324241 -0.03) (0.0102448240034 0.109312742242 -0.03) (0.0104089098473 0.110176915876 -0.03) (0.0105742875832 0.111040843209 -0.03) (0.0107409568412 0.111904522311 -0.03) (0.0109089172488 0.112767951251 -0.03) (0.0110781684306 0.113631128098 -0.03) (0.011248710008 0.114494050924 -0.03) (0.0114205416 0.115356717798 -0.03) (0.0115936628223 0.116219126794 -0.03) (0.011768073288 0.117081275981 -0.03) (0.0119437726072 0.117943163435 -0.03) (0.0121207603871 0.118804787226 -0.03) (0.012299036232 0.11966614543 -0.03) (0.0124785997434 0.120527236121 -0.03) (0.0126594505199 0.121388057374 -0.03) (0.0128415881572 0.122248607264 -0.03) (0.0130250122482 0.123108883868 -0.03) (0.0132097223827 0.123968885263 -0.03) (0.0133957181479 0.124828609526 -0.03) (0.0135829991279 0.125688054735 -0.03) (0.0137715649042 0.126547218969 -0.03) (0.0139614150552 0.127406100307 -0.03) (0.0141525491564 0.128264696829 -0.03) (0.0143449667806 0.129123006616 -0.03) (0.0145386674976 0.129981027749 -0.03) (0.0147336508744 0.13083875831 -0.03) (0.0149299164752 0.131696196382 -0.03) (0.0151274638612 0.132553340047 -0.03) (0.0153262925907 0.13341018739 -0.03) (0.0155264022193 0.134266736495 -0.03) (0.0157277922997 0.135122985447 -0.03) (0.0159304623815 0.135978932332 -0.03) (0.0161344120119 0.136834575237 -0.03) (0.0163396407348 0.137689912249 -0.03))
    polyLine 10 14 ((0.0073731229793 0.0928492187552 0) (0.0075125964803 0.0937177044345 0) (0.00765336834786 0.0945859806082 0) (0.00779543826731 0.0954540453354 0) (0.00793880592103 0.0963218966755 0) (0.00808347098853 0.0971895326884 0) (0.00822943314641 0.0980569514345 0) (0.00837669206837 0.0989241509747 0) (0.00852524742523 0.0997911293704 0) (0.00867509888487 0.100657884683 0) (0.00882624611232 0.101524414976 0) (0.00897868876968 0.102390718312 0) (0.00913242651616 0.103256792753 0) (0.00928745900809 0.104122636364 0) (0.00944378589889 0.10498824721 0) (0.0096014068391 0.105853623354 0) (0.00976032147635 0.106718762864 0) (0.00992052945539 0.107583663804 0) (0.0100820304181 0.108448324241 0) (0.0102448240034 0.109312742242 0) (0.0104089098473 0.110176915876 0) (0.0105742875832 0.111040843209 0) (0.0107409568412 0.111904522311 0) (0.0109089172488 0.112767951251 0) (0.0110781684306 0.113631128098 0) (0.011248710008 0.114494050924 0) (0.0114205416 0.115356717798 0) (0.0115936628223 0.116219126794 0) (0.011768073288 0.117081275981 0) (0.0119437726072 0.117943163435 0) (0.0121207603871 0.118804787226 0) (0.012299036232 0.11966614543 0) (0.0124785997434 0.120527236121 0) (0.0126594505199 0.121388057374 0) (0.0128415881572 0.122248607264 0) (0.0130250122482 0.123108883868 0) (0.0132097223827 0.123968885263 0) (0.0133957181479 0.124828609526 0) (0.0135829991279 0.125688054735 0) (0.0137715649042 0.126547218969 0) (0.0139614150552 0.127406100307 0) (0.0141525491564 0.128264696829 0) (0.0143449667806 0.129123006616 0) (0.0145386674976 0.129981027749 0) (0.0147336508744 0.13083875831 0) (0.0149299164752 0.131696196382 0) (0.0151274638612 0.132553340047 0) (0.0153262925907 0.13341018739 0) (0.0155264022193 0.134266736495 0) (0.0157277922997 0.135122985447 0) (0.0159304623815 0.135978932332 0) (0.0161344120119 0.136834575237 0) (0.0163396407348 0.137689912249 0))
    polyLine 9 13 ((-0.228311343902 0.155797325243 -0.03) (-0.227829060985 0.158932600982 -0.03) (-0.227338002067 0.162069074407 -0.03) (-0.226838203098 0.16520679606 -0.03) (-0.226329699859 0.168345817828 -0.03) (-0.225812527931 0.171486192948 -0.03) (-0.225286722655 0.174627976022 -0.03) (-0.224752319106 0.177771223019 -0.03) (-0.224209352055 0.180915991283 -0.03) (-0.223657855942 0.184062339542 -0.03) (-0.223097864839 0.187210327914 -0.03) (-0.222529412425 0.190360017912 -0.03) (-0.221952531951 0.193511472451 -0.03) (-0.221367256215 0.196664755854 -0.03) (-0.220773617525 0.199819933857 -0.03) (-0.220171647681 0.202977073614 -0.03) (-0.219561377938 0.206136243703 -0.03) (-0.218942838982 0.209297514132 -0.03) (-0.218316060906 0.212460956339 -0.03) (-0.217681073179 0.215626643202 -0.03) (-0.217037904621 0.218794649044 -0.03) (-0.216386583383 0.221965049632 -0.03) (-0.215727136915 0.225137922186 -0.03))
    polyLine 11 15 ((-0.228311343902 0.155797325243 0) (-0.227829060985 0.158932600982 0) (-0.227338002067 0.162069074407 0) (-0.226838203098 0.16520679606 0) (-0.226329699859 0.168345817828 0) (-0.225812527931 0.171486192948 0) (-0.225286722655 0.174627976022 0) (-0.224752319106 0.177771223019 0) (-0.224209352055 0.180915991283 0) (-0.223657855942 0.184062339542 0) (-0.223097864839 0.187210327914 0) (-0.222529412425 0.190360017912 0) (-0.221952531951 0.193511472451 0) (-0.221367256215 0.196664755854 0) (-0.220773617525 0.199819933857 0) (-0.220171647681 0.202977073614 0) (-0.219561377938 0.206136243703 0) (-0.218942838982 0.209297514132 0) (-0.218316060906 0.212460956339 0) (-0.217681073179 0.215626643202 0) (-0.217037904621 0.218794649044 0) (-0.216386583383 0.221965049632 0) (-0.215727136915 0.225137922186 0))
    polyLine 12 16 ((0.0165461480914 0.138544941456 -0.03) (0.0167539336202 0.139399660946 -0.03) (0.0169629968565 0.140254068809 -0.03) (0.0171733373331 0.141108163134 -0.03) (0.0173849545797 0.141961942012 -0.03) (0.0175978481232 0.142815403536 -0.03) (0.0178120174878 0.143668545796 -0.03) (0.0180274621947 0.144521366885 -0.03) (0.0182441817622 0.145373864898 -0.03) (0.0184621757058 0.146226037928 -0.03) (0.0186814435383 0.147077884071 -0.03) (0.0189019847694 0.147929401421 -0.03) (0.0191237989061 0.148780588076 -0.03) (0.0193468854527 0.149631442132 -0.03) (0.0195712439103 0.150481961688 -0.03) (0.0197968737774 0.151332144842 -0.03) (0.0200237745496 0.152181989694 -0.03) (0.0202519457198 0.153031494344 -0.03) (0.0204813867777 0.153880656892 -0.03) (0.0207120972105 0.154729475441 -0.03) (0.0209440765025 0.155577948093 -0.03) (0.021177324135 0.156426072951 -0.03) (0.0214118395867 0.157273848119 -0.03) (0.0216476223332 0.158121271702 -0.03) (0.0218846718475 0.158968341805 -0.03) (0.0221229875996 0.159815056536 -0.03) (0.0223625690569 0.160661414001 -0.03) (0.0226034156837 0.161507412307 -0.03) (0.0228455269415 0.162353049565 -0.03) (0.0230889022893 0.163198323883 -0.03) (0.0233335411828 0.164043233372 -0.03) (0.0235794430753 0.164887776143 -0.03) (0.023826607417 0.165731950308 -0.03) (0.0240750336553 0.16657575398 -0.03) (0.0243247212349 0.167419185272 -0.03) (0.0245756695977 0.1682622423 -0.03) (0.0248278781826 0.169104923178 -0.03) (0.0250813464259 0.169947226023 -0.03) (0.0253360737609 0.170789148951 -0.03) (0.0255920596181 0.171630690081 -0.03) (0.0258493034253 0.172471847531 -0.03) (0.0261078046075 0.173312619422 -0.03) (0.0263675625867 0.174153003872 -0.03) (0.0266285767823 0.174992999005 -0.03) (0.0268908466107 0.175832602941 -0.03) (0.0271543714858 0.176671813804 -0.03) (0.0274191508183 0.177510629718 -0.03) (0.0276851840163 0.178349048808 -0.03) (0.0279524704852 0.179187069199 -0.03) (0.0282210096274 0.180024689019 -0.03) (0.0284908008427 0.180861906393 -0.03) (0.0287618435277 0.181698719452 -0.03) (0.0290341370768 0.182535126324 -0.03))
    polyLine 14 18 ((0.0165461480914 0.138544941456 0) (0.0167539336202 0.139399660946 0) (0.0169629968565 0.140254068809 0) (0.0171733373331 0.141108163134 0) (0.0173849545797 0.141961942012 0) (0.0175978481232 0.142815403536 0) (0.0178120174878 0.143668545796 0) (0.0180274621947 0.144521366885 0) (0.0182441817622 0.145373864898 0) (0.0184621757058 0.146226037928 0) (0.0186814435383 0.147077884071 0) (0.0189019847694 0.147929401421 0) (0.0191237989061 0.148780588076 0) (0.0193468854527 0.149631442132 0) (0.0195712439103 0.150481961688 0) (0.0197968737774 0.151332144842 0) (0.0200237745496 0.152181989694 0) (0.0202519457198 0.153031494344 0) (0.0204813867777 0.153880656892 0) (0.0207120972105 0.154729475441 0) (0.0209440765025 0.155577948093 0) (0.021177324135 0.156426072951 0) (0.0214118395867 0.157273848119 0) (0.0216476223332 0.158121271702 0) (0.0218846718475 0.158968341805 0) (0.0221229875996 0.159815056536 0) (0.0223625690569 0.160661414001 0) (0.0226034156837 0.161507412307 0) (0.0228455269415 0.162353049565 0) (0.0230889022893 0.163198323883 0) (0.0233335411828 0.164043233372 0) (0.0235794430753 0.164887776143 0) (0.023826607417 0.165731950308 0) (0.0240750336553 0.16657575398 0) (0.0243247212349 0.167419185272 0) (0.0245756695977 0.1682622423 0) (0.0248278781826 0.169104923178 0) (0.0250813464259 0.169947226023 0) (0.0253360737609 0.170789148951 0) (0.0255920596181 0.171630690081 0) (0.0258493034253 0.172471847531 0) (0.0261078046075 0.173312619422 0) (0.0263675625867 0.174153003872 0) (0.0266285767823 0.174992999005 0) (0.0268908466107 0.175832602941 0) (0.0271543714858 0.176671813804 0) (0.0274191508183 0.177510629718 0) (0.0276851840163 0.178349048808 0) (0.0279524704852 0.179187069199 0) (0.0282210096274 0.180024689019 0) (0.0284908008427 0.180861906393 0) (0.0287618435277 0.181698719452 0) (0.0290341370768 0.182535126324 0))
    polyLine 13 17 ((-0.214398791137 0.23142207836 -0.03) (-0.213730289607 0.234533405011 -0.03) (-0.213054110253 0.237647403051 -0.03) (-0.212370275224 0.240764151545 -0.03) (-0.211678805909 0.243883730912 -0.03) (-0.210979722919 0.247006222934 -0.03) (-0.210273046067 0.250131710754 -0.03) (-0.209558794352 0.253260278888 -0.03) (-0.208836985941 0.256392013223 -0.03) (-0.208107638152 0.259527001029 -0.03) (-0.20737076744 0.26266533096 -0.03) (-0.206626389377 0.265807093061 -0.03) (-0.20587451864 0.268952378776 -0.03) (-0.205115168995 0.27210128095 -0.03) (-0.204348353281 0.275253893839 -0.03) (-0.203574083397 0.278410313117 -0.03) (-0.202792370285 0.281570635881 -0.03) (-0.202003223921 0.284734960659 -0.03) (-0.201206653297 0.287903387419 -0.03) (-0.20040266641 0.291076017578 -0.03) (-0.199591270248 0.294252954007 -0.03) (-0.198772470778 0.297434301045 -0.03) (-0.197946272934 0.300620164504 -0.03))
    polyLine 15 19 ((-0.214398791137 0.23142207836 0) (-0.213730289607 0.234533405011 0) (-0.213054110253 0.237647403051 0) (-0.212370275224 0.240764151545 0) (-0.211678805909 0.243883730912 0) (-0.210979722919 0.247006222934 0) (-0.210273046067 0.250131710754 0) (-0.209558794352 0.253260278888 0) (-0.208836985941 0.256392013223 0) (-0.208107638152 0.259527001029 0) (-0.20737076744 0.26266533096 0) (-0.206626389377 0.265807093061 0) (-0.20587451864 0.268952378776 0) (-0.205115168995 0.27210128095 0) (-0.204348353281 0.275253893839 0) (-0.203574083397 0.278410313117 0) (-0.202792370285 0.281570635881 0) (-0.202003223921 0.284734960659 0) (-0.201206653297 0.287903387419 0) (-0.20040266641 0.291076017578 0) (-0.199591270248 0.294252954007 0) (-0.198772470778 0.297434301045 0) (-0.197946272934 0.300620164504 0))
    polyLine 16 20 ((0.0293076808811 0.18337112514 -0.03) (0.0295824743292 0.18420671403 -0.03) (0.0298585168067 0.185041891127 -0.03) (0.0301358076966 0.185876654564 -0.03) (0.0304143463789 0.186711002474 -0.03) (0.0306941322311 0.187544932992 -0.03) (0.0309751646276 0.188378444255 -0.03) (0.0312574429402 0.189211534398 -0.03) (0.0315409665378 0.19004420156 -0.03) (0.0318257347868 0.190876443879 -0.03) (0.0321117470503 0.191708259494 -0.03) (0.0323990026892 0.192539646546 -0.03) (0.0326875010611 0.193370603177 -0.03) (0.0329772415212 0.194201127528 -0.03) (0.0332682234218 0.195031217744 -0.03) (0.0335604461124 0.195860871968 -0.03) (0.0338539089397 0.196690088346 -0.03) (0.0341486112476 0.197518865024 -0.03) (0.0344445523774 0.19834720015 -0.03) (0.0347417316675 0.199175091871 -0.03) (0.0350401484536 0.200002538337 -0.03) (0.0353398020685 0.200829537699 -0.03) (0.0356406918424 0.201656088106 -0.03) (0.0359428171026 0.202482187713 -0.03) (0.0362461771738 0.203307834671 -0.03) (0.0365507713777 0.204133027136 -0.03) (0.0368565990335 0.204957763262 -0.03) (0.0371636594574 0.205782041206 -0.03) (0.0374719519631 0.206605859125 -0.03) (0.0377814758613 0.207429215177 -0.03) (0.0380922304602 0.208252107522 -0.03) (0.038404215065 0.209074534321 -0.03) (0.0387174289782 0.209896493734 -0.03) (0.0390318714998 0.210717983925 -0.03) (0.0393475419267 0.211539003056 -0.03) (0.0396644395534 0.212359549293 -0.03) (0.0399825636712 0.213179620801 -0.03) (0.0403019135692 0.213999215747 -0.03) (0.0406224885334 0.214818332299 -0.03) (0.0409442878471 0.215636968625 -0.03) (0.041267310791 0.216455122895 -0.03) (0.0415915566429 0.217272793281 -0.03) (0.041917024678 0.218089977955 -0.03) (0.0422437141687 0.218906675089 -0.03) (0.0425716243848 0.219722882858 -0.03) (0.0429007545931 0.220538599438 -0.03) (0.0432311040578 0.221353823005 -0.03) (0.0435626720406 0.222168551736 -0.03) (0.0438954578002 0.222982783811 -0.03) (0.0442294605926 0.223796517408 -0.03) (0.0445646796712 0.224609750709 -0.03) (0.0449011142865 0.225422481896 -0.03) (0.0452387636866 0.226234709152 -0.03))
    polyLine 18 22 ((0.0293076808811 0.18337112514 0) (0.0295824743292 0.18420671403 0) (0.0298585168067 0.185041891127 0) (0.0301358076966 0.185876654564 0) (0.0304143463789 0.186711002474 0) (0.0306941322311 0.187544932992 0) (0.0309751646276 0.188378444255 0) (0.0312574429402 0.189211534398 0) (0.0315409665378 0.19004420156 0) (0.0318257347868 0.190876443879 0) (0.0321117470503 0.191708259494 0) (0.0323990026892 0.192539646546 0) (0.0326875010611 0.193370603177 0) (0.0329772415212 0.194201127528 0) (0.0332682234218 0.195031217744 0) (0.0335604461124 0.195860871968 0) (0.0338539089397 0.196690088346 0) (0.0341486112476 0.197518865024 0) (0.0344445523774 0.19834720015 0) (0.0347417316675 0.199175091871 0) (0.0350401484536 0.200002538337 0) (0.0353398020685 0.200829537699 0) (0.0356406918424 0.201656088106 0) (0.0359428171026 0.202482187713 0) (0.0362461771738 0.203307834671 0) (0.0365507713777 0.204133027136 0) (0.0368565990335 0.204957763262 0) (0.0371636594574 0.205782041206 0) (0.0374719519631 0.206605859125 0) (0.0377814758613 0.207429215177 0) (0.0380922304602 0.208252107522 0) (0.038404215065 0.209074534321 0) (0.0387174289782 0.209896493734 0) (0.0390318714998 0.210717983925 0) (0.0393475419267 0.211539003056 0) (0.0396644395534 0.212359549293 0) (0.0399825636712 0.213179620801 0) (0.0403019135692 0.213999215747 0) (0.0406224885334 0.214818332299 0) (0.0409442878471 0.215636968625 0) (0.041267310791 0.216455122895 0) (0.0415915566429 0.217272793281 0) (0.041917024678 0.218089977955 0) (0.0422437141687 0.218906675089 0) (0.0425716243848 0.219722882858 0) (0.0429007545931 0.220538599438 0) (0.0432311040578 0.221353823005 0) (0.0435626720406 0.222168551736 0) (0.0438954578002 0.222982783811 0) (0.0442294605926 0.223796517408 0) (0.0445646796712 0.224609750709 0) (0.0449011142865 0.225422481896 0) (0.0452387636866 0.226234709152 0))
    polyLine 17 21 ((-0.19629482957 0.306918290425 -0.03) (-0.195469987882 0.31003050744 -0.03) (-0.194638156205 0.313147405544 -0.03) (-0.193799334223 0.316269088925 -0.03) (-0.192953520634 0.319395663149 -0.03) (-0.192100713137 0.322527235169 -0.03) (-0.191240908425 0.32566391334 -0.03) (-0.190374102172 0.328805807432 -0.03) (-0.189500289025 0.331953028637 -0.03) (-0.188619462598 0.335105689587 -0.03) (-0.187731615453 0.338263904364 -0.03) (-0.186836739101 0.341427788518 -0.03) (-0.185934823986 0.344597459076 -0.03) (-0.185025859477 0.347773034562 -0.03) (-0.184109833861 0.35095463501 -0.03) (-0.183186734328 0.35414238198 -0.03) (-0.182256546968 0.357336398575 -0.03) (-0.181319256755 0.360536809458 -0.03) (-0.180374847544 0.363743740871 -0.03) (-0.179423302053 0.366957320652 -0.03) (-0.178464601863 0.370177678254 -0.03) (-0.177498727398 0.373404944764 -0.03) (-0.176525657922 0.376639252927 -0.03))
    polyLine 19 23 ((-0.19629482957 0.306918290425 0) (-0.195469987882 0.31003050744 0) (-0.194638156205 0.313147405544 0) (-0.193799334223 0.316269088925 0) (-0.192953520634 0.319395663149 0) (-0.192100713137 0.322527235169 0) (-0.191240908425 0.32566391334 0) (-0.190374102172 0.328805807432 0) (-0.189500289025 0.331953028637 0) (-0.188619462598 0.335105689587 0) (-0.187731615453 0.338263904364 0) (-0.186836739101 0.341427788518 0) (-0.185934823986 0.344597459076 0) (-0.185025859477 0.347773034562 0) (-0.184109833861 0.35095463501 0) (-0.183186734328 0.35414238198 0) (-0.182256546968 0.357336398575 0) (-0.181319256755 0.360536809458 0) (-0.180374847544 0.363743740871 0) (-0.179423302053 0.366957320652 0) (-0.178464601863 0.370177678254 0) (-0.177498727398 0.373404944764 0) (-0.176525657922 0.376639252927 0))
    polyLine 20 24 ((0.0455776271165 0.227046430661 -0.03) (0.0459177038188 0.227857644609 -0.03) (0.0462589930332 0.228668349182 -0.03) (0.0466014939968 0.229478542568 -0.03) (0.0469452059439 0.230288222955 -0.03) (0.0472901281061 0.231097388535 -0.03) (0.0476362597124 0.231906037497 -0.03) (0.0479835999889 0.232714168034 -0.03) (0.0483321481593 0.233521778339 -0.03) (0.0486819034443 0.234328866608 -0.03) (0.0490328650621 0.235135431035 -0.03) (0.0493850322281 0.235941469818 -0.03) (0.049738404155 0.236746981155 -0.03) (0.0500929800528 0.237551963245 -0.03) (0.0504487591289 0.238356414289 -0.03) (0.050805740588 0.239160332488 -0.03) (0.051163923632 0.239963716045 -0.03) (0.0515233074602 0.240766563164 -0.03) (0.0518838912693 0.24156887205 -0.03) (0.0522456742531 0.24237064091 -0.03) (0.0526086556028 0.243171867952 -0.03) (0.052972834507 0.243972551384 -0.03) (0.0533382101517 0.244772689417 -0.03) (0.0537047817199 0.245572280261 -0.03) (0.0540725483923 0.246371322129 -0.03) (0.0544415093467 0.247169813235 -0.03) (0.0548116637583 0.247967751794 -0.03) (0.0551830107995 0.248765136023 -0.03) (0.0555555496404 0.249561964138 -0.03) (0.0559292794479 0.250358234358 -0.03) (0.0563041993868 0.251153944903 -0.03) (0.0566803086188 0.251949093995 -0.03) (0.0570576063031 0.252743679856 -0.03) (0.0574360915964 0.253537700709 -0.03) (0.0578157636525 0.25433115478 -0.03) (0.0581966216226 0.255124040294 -0.03) (0.0585786646554 0.25591635548 -0.03) (0.0589618918967 0.256708098566 -0.03) (0.05934630249 0.257499267782 -0.03) (0.0597318955758 0.25828986136 -0.03) (0.0601186702921 0.259079877531 -0.03) (0.0605066257743 0.259869314531 -0.03) (0.0608957611552 0.260658170594 -0.03) (0.0612860755648 0.261446443957 -0.03) (0.0616775681306 0.262234132857 -0.03) (0.0620702379775 0.263021235534 -0.03) (0.0624640842274 0.263807750228 -0.03) (0.0628591060002 0.264593675181 -0.03) (0.0632553024126 0.265379008636 -0.03) (0.063652672579 0.266163748837 -0.03) (0.0640512156111 0.26694789403 -0.03) (0.0644509306179 0.267731442463 -0.03))
    polyLine 22 26 ((0.0455776271165 0.227046430661 0) (0.0459177038188 0.227857644609 0) (0.0462589930332 0.228668349182 0) (0.0466014939968 0.229478542568 0) (0.0469452059439 0.230288222955 0) (0.0472901281061 0.231097388535 0) (0.0476362597124 0.231906037497 0) (0.0479835999889 0.232714168034 0) (0.0483321481593 0.233521778339 0) (0.0486819034443 0.234328866608 0) (0.0490328650621 0.235135431035 0) (0.0493850322281 0.235941469818 0) (0.049738404155 0.236746981155 0) (0.0500929800528 0.237551963245 0) (0.0504487591289 0.238356414289 0) (0.050805740588 0.239160332488 0) (0.051163923632 0.239963716045 0) (0.0515233074602 0.240766563164 0) (0.0518838912693 0.24156887205 0) (0.0522456742531 0.24237064091 0) (0.0526086556028 0.243171867952 0) (0.052972834507 0.243972551384 0) (0.0533382101517 0.244772689417 0) (0.0537047817199 0.245572280261 0) (0.0540725483923 0.246371322129 0) (0.0544415093467 0.247169813235 0) (0.0548116637583 0.247967751794 0) (0.0551830107995 0.248765136023 0) (0.0555555496404 0.249561964138 0) (0.0559292794479 0.250358234358 0) (0.0563041993868 0.251153944903 0) (0.0566803086188 0.251949093995 0) (0.0570576063031 0.252743679856 0) (0.0574360915964 0.253537700709 0) (0.0578157636525 0.25433115478 0) (0.0581966216226 0.255124040294 0) (0.0585786646554 0.25591635548 0) (0.0589618918967 0.256708098566 0) (0.05934630249 0.257499267782 0) (0.0597318955758 0.25828986136 0) (0.0601186702921 0.259079877531 0) (0.0605066257743 0.259869314531 0) (0.0608957611552 0.260658170594 0) (0.0612860755648 0.261446443957 0) (0.0616775681306 0.262234132857 0) (0.0620702379775 0.263021235534 0) (0.0624640842274 0.263807750228 0) (0.0628591060002 0.264593675181 0) (0.0632553024126 0.265379008636 0) (0.063652672579 0.266163748837 0) (0.0640512156111 0.26694789403 0) (0.0644509306179 0.267731442463 0))
    polyLine 21 25 ((-0.17458939866 0.383025981534 -0.03) (-0.173626617455 0.386178204936 -0.03) (-0.172657004832 0.389337533959 -0.03) (-0.171680536645 0.392504096742 -0.03) (-0.170697187673 0.395678022999 -0.03) (-0.169706931608 0.398859444035 -0.03) (-0.168709741045 0.402048492767 -0.03) (-0.167705587476 0.405245303752 -0.03) (-0.166694441277 0.408450013204 -0.03) (-0.165676271698 0.411662759022 -0.03) (-0.16465104685 0.414883680812 -0.03) (-0.1636187337 0.418112919914 -0.03) (-0.162579298055 0.421350619424 -0.03) (-0.161532704552 0.424596924226 -0.03) (-0.16047891665 0.427851981014 -0.03) (-0.15941789661 0.431115938324 -0.03) (-0.158349605492 0.43438894656 -0.03) (-0.157274003137 0.437671158023 -0.03) (-0.156191048155 0.440962726943 -0.03) (-0.155100697916 0.444263809511 -0.03) (-0.154002908529 0.447574563906 -0.03) (-0.152897634835 0.450895150332 -0.03) (-0.151784830393 0.454225731052 -0.03))
    polyLine 23 27 ((-0.17458939866 0.383025981534 0) (-0.173626617455 0.386178204936 0) (-0.172657004832 0.389337533959 0) (-0.171680536645 0.392504096742 0) (-0.170697187673 0.395678022999 0) (-0.169706931608 0.398859444035 0) (-0.168709741045 0.402048492767 0) (-0.167705587476 0.405245303752 0) (-0.166694441277 0.408450013204 0) (-0.165676271698 0.411662759022 0) (-0.16465104685 0.414883680812 0) (-0.1636187337 0.418112919914 0) (-0.162579298055 0.421350619424 0) (-0.161532704552 0.424596924226 0) (-0.16047891665 0.427851981014 0) (-0.15941789661 0.431115938324 0) (-0.158349605492 0.43438894656 0) (-0.157274003137 0.437671158023 0) (-0.156191048155 0.440962726943 0) (-0.155100697916 0.444263809511 0) (-0.154002908529 0.447574563906 0) (-0.152897634835 0.450895150332 0) (-0.151784830393 0.454225731052 0))
    polyLine 24 28 ((0.0648518167059 0.268514392383 -0.03) (0.0652538729788 0.26929674204 -0.03) (0.065657098538 0.270078489685 -0.03) (0.0660614924819 0.270859633571 -0.03) (0.0664670539066 0.271640171952 -0.03) (0.0668737819054 0.272420103082 -0.03) (0.0672816755691 0.273199425218 -0.03) (0.0676907339858 0.273978136618 -0.03) (0.0681009562412 0.274756235541 -0.03) (0.068512341418 0.275533720247 -0.03) (0.0689248885968 0.276310588999 -0.03) (0.0693385968553 0.27708684006 -0.03) (0.0697534652685 0.277862471694 -0.03) (0.0701694929091 0.278637482169 -0.03) (0.0705866788471 0.27941186975 -0.03) (0.0710050221497 0.280185632707 -0.03) (0.0714245218819 0.28095876931 -0.03) (0.0718451771059 0.281731277831 -0.03) (0.0722669868811 0.282503156543 -0.03) (0.0726899502648 0.283274403721 -0.03) (0.0731140663114 0.284045017639 -0.03) (0.0735393340727 0.284814996577 -0.03) (0.0739657525981 0.285584338811 -0.03) (0.0743933209343 0.286353042623 -0.03) (0.0748220381255 0.287121106294 -0.03) (0.0752519032133 0.287888528107 -0.03) (0.0756829152367 0.288655306346 -0.03) (0.0761150732323 0.289421439298 -0.03) (0.0765483762338 0.290186925249 -0.03) (0.0769828232728 0.290951762488 -0.03) (0.0774184133779 0.291715949307 -0.03) (0.0778551455754 0.292479483995 -0.03) (0.078293018889 0.293242364847 -0.03) (0.0787320323399 0.294004590156 -0.03) (0.0791721849466 0.29476615822 -0.03) (0.0796134757251 0.295527067335 -0.03) (0.080055903689 0.2962873158 -0.03) (0.0804994678492 0.297046901917 -0.03) (0.0809441672141 0.297805823986 -0.03) (0.0813900007897 0.298564080312 -0.03) (0.0818369675791 0.299321669199 -0.03) (0.0822850665834 0.300078588954 -0.03) (0.0827342968006 0.300834837884 -0.03) (0.0831846572267 0.301590414299 -0.03) (0.0836361468547 0.30234531651 -0.03) (0.0840887646754 0.30309954283 -0.03) (0.084542509677 0.303853091572 -0.03) (0.0849973808451 0.304605961051 -0.03) (0.0854533771629 0.305358149585 -0.03) (0.085910497611 0.306109655492 -0.03) (0.0863687411674 0.306860477093 -0.03) (0.0868281068079 0.307610612708 -0.03) (0.0872885935054 0.308360060661 -0.03))
    polyLine 26 30 ((0.0648518167059 0.268514392383 0) (0.0652538729788 0.26929674204 0) (0.065657098538 0.270078489685 0) (0.0660614924819 0.270859633571 0) (0.0664670539066 0.271640171952 0) (0.0668737819054 0.272420103082 0) (0.0672816755691 0.273199425218 0) (0.0676907339858 0.273978136618 0) (0.0681009562412 0.274756235541 0) (0.068512341418 0.275533720247 0) (0.0689248885968 0.276310588999 0) (0.0693385968553 0.27708684006 0) (0.0697534652685 0.277862471694 0) (0.0701694929091 0.278637482169 0) (0.0705866788471 0.27941186975 0) (0.0710050221497 0.280185632707 0) (0.0714245218819 0.28095876931 0) (0.0718451771059 0.281731277831 0) (0.0722669868811 0.282503156543 0) (0.0726899502648 0.283274403721 0) (0.0731140663114 0.284045017639 0) (0.0735393340727 0.284814996577 0) (0.0739657525981 0.285584338811 0) (0.0743933209343 0.286353042623 0) (0.0748220381255 0.287121106294 0) (0.0752519032133 0.287888528107 0) (0.0756829152367 0.288655306346 0) (0.0761150732323 0.289421439298 0) (0.0765483762338 0.290186925249 0) (0.0769828232728 0.290951762488 0) (0.0774184133779 0.291715949307 0) (0.0778551455754 0.292479483995 0) (0.078293018889 0.293242364847 0) (0.0787320323399 0.294004590156 0) (0.0791721849466 0.29476615822 0) (0.0796134757251 0.295527067335 0) (0.080055903689 0.2962873158 0) (0.0804994678492 0.297046901917 0) (0.0809441672141 0.297805823986 0) (0.0813900007897 0.298564080312 0) (0.0818369675791 0.299321669199 0) (0.0822850665834 0.300078588954 0) (0.0827342968006 0.300834837884 0) (0.0831846572267 0.301590414299 0) (0.0836361468547 0.30234531651 0) (0.0840887646754 0.30309954283 0) (0.084542509677 0.303853091572 0) (0.0849973808451 0.304605961051 0) (0.0854533771629 0.305358149585 0) (0.085910497611 0.306109655492 0) (0.0863687411674 0.306860477093 0) (0.0868281068079 0.307610612708 0) (0.0872885935054 0.308360060661 0))
    polyLine 25 29 ((-0.149576191255 0.460799642749 -0.03) (-0.14848078874 0.464042578991 -0.03) (-0.14737819351 0.467295432499 -0.03) (-0.146268357988 0.470558358568 -0.03) (-0.145151233403 0.473831514463 -0.03) (-0.144026769777 0.477115059449 -0.03) (-0.142894915914 0.480409154831 -0.03) (-0.141755619383 0.483713963983 -0.03) (-0.140608826502 0.487029652387 -0.03) (-0.139454482326 0.490356387672 -0.03) (-0.138292530627 0.493694339644 -0.03) (-0.137122913879 0.497043680332 -0.03) (-0.135945573243 0.500404584024 -0.03) (-0.134760448546 0.503777227305 -0.03) (-0.133567478269 0.507161789105 -0.03) (-0.132366599521 0.510558450733 -0.03) (-0.13115774803 0.513967395927 -0.03) (-0.129940858114 0.517388810895 -0.03) (-0.128715862669 0.520822884361 -0.03) (-0.127482693146 0.52426980761 -0.03) (-0.126241279528 0.527729774539 -0.03) (-0.124991550314 0.531202981703 -0.03) (-0.123733432493 0.534689628365 -0.03))
    polyLine 27 31 ((-0.149576191255 0.460799642749 0) (-0.14848078874 0.464042578991 0) (-0.14737819351 0.467295432499 0) (-0.146268357988 0.470558358568 0) (-0.145151233403 0.473831514463 0) (-0.144026769777 0.477115059449 0) (-0.142894915914 0.480409154831 0) (-0.141755619383 0.483713963983 0) (-0.140608826502 0.487029652387 0) (-0.139454482326 0.490356387672 0) (-0.138292530627 0.493694339644 0) (-0.137122913879 0.497043680332 0) (-0.135945573243 0.500404584024 0) (-0.134760448546 0.503777227305 0) (-0.133567478269 0.507161789105 0) (-0.132366599521 0.510558450733 0) (-0.13115774803 0.513967395927 0) (-0.129940858114 0.517388810895 0) (-0.128715862669 0.520822884361 0) (-0.127482693146 0.52426980761 0) (-0.126241279528 0.527729774539 0) (-0.124991550314 0.531202981703 0) (-0.123733432493 0.534689628365 0))
    polyLine 28 32 ((0.0877502002306 0.309108819276 -0.03) (0.0882129259515 0.30985688688 -0.03) (0.0886767696338 0.3106042618 -0.03) (0.0891417302404 0.311350942365 -0.03) (0.0896078067321 0.312096926907 -0.03) (0.0900749980668 0.312842213757 -0.03) (0.0905433032002 0.31358680125 -0.03) (0.0910127210853 0.314330687721 -0.03) (0.0914832506729 0.315073871507 -0.03) (0.091954890911 0.315816350947 -0.03) (0.0924276407452 0.316558124381 -0.03) (0.0929014991188 0.31729919015 -0.03) (0.0933764649725 0.318039546598 -0.03) (0.0938525372444 0.318779192071 -0.03) (0.0943297148702 0.319518124913 -0.03) (0.0948079967834 0.320256343474 -0.03) (0.0952873819146 0.320993846104 -0.03) (0.0957678691923 0.321730631153 -0.03) (0.0962494575422 0.322466696975 -0.03) (0.0967321458878 0.323202041924 -0.03) (0.09721593315 0.323936664356 -0.03) (0.0977008182474 0.324670562628 -0.03) (0.098186800096 0.325403735102 -0.03) (0.0986738776093 0.326136180136 -0.03) (0.0991620496986 0.326867896095 -0.03) (0.0996513152724 0.327598881341 -0.03) (0.100141673237 0.328329134242 -0.03) (0.100633122496 0.329058653164 -0.03) (0.101125661952 0.329787436478 -0.03) (0.101619290502 0.330515482552 -0.03) (0.102114007044 0.331242789761 -0.03) (0.102609810471 0.331969356478 -0.03) (0.103106699676 0.332695181079 -0.03) (0.103604673547 0.333420261941 -0.03) (0.104103730971 0.334144597443 -0.03) (0.104603870832 0.334868185967 -0.03) (0.105105092013 0.335591025894 -0.03) (0.105607393393 0.336313115609 -0.03) (0.106110773849 0.337034453498 -0.03) (0.106615232255 0.337755037947 -0.03) (0.107120767485 0.338474867346 -0.03) (0.107627378408 0.339193940087 -0.03) (0.108135063891 0.33991225456 -0.03) (0.108643822799 0.340629809161 -0.03) (0.109153653996 0.341346602286 -0.03) (0.109664556341 0.342062632332 -0.03) (0.110176528692 0.342777897698 -0.03) (0.110689569905 0.343492396786 -0.03) (0.111203678833 0.344206127997 -0.03) (0.111718854327 0.344919089738 -0.03) (0.112235095234 0.345631280413 -0.03) (0.112752400402 0.346342698431 -0.03) (0.113270768673 0.347053342202 -0.03))
    polyLine 30 34 ((0.0877502002306 0.309108819276 0) (0.0882129259515 0.30985688688 0) (0.0886767696338 0.3106042618 0) (0.0891417302404 0.311350942365 0) (0.0896078067321 0.312096926907 0) (0.0900749980668 0.312842213757 0) (0.0905433032002 0.31358680125 0) (0.0910127210853 0.314330687721 0) (0.0914832506729 0.315073871507 0) (0.091954890911 0.315816350947 0) (0.0924276407452 0.316558124381 0) (0.0929014991188 0.31729919015 0) (0.0933764649725 0.318039546598 0) (0.0938525372444 0.318779192071 0) (0.0943297148702 0.319518124913 0) (0.0948079967834 0.320256343474 0) (0.0952873819146 0.320993846104 0) (0.0957678691923 0.321730631153 0) (0.0962494575422 0.322466696975 0) (0.0967321458878 0.323202041924 0) (0.09721593315 0.323936664356 0) (0.0977008182474 0.324670562628 0) (0.098186800096 0.325403735102 0) (0.0986738776093 0.326136180136 0) (0.0991620496986 0.326867896095 0) (0.0996513152724 0.327598881341 0) (0.100141673237 0.328329134242 0) (0.100633122496 0.329058653164 0) (0.101125661952 0.329787436478 0) (0.101619290502 0.330515482552 0) (0.102114007044 0.331242789761 0) (0.102609810471 0.331969356478 0) (0.103106699676 0.332695181079 0) (0.103604673547 0.333420261941 0) (0.104103730971 0.334144597443 0) (0.104603870832 0.334868185967 0) (0.105105092013 0.335591025894 0) (0.105607393393 0.336313115609 0) (0.106110773849 0.337034453498 0) (0.106615232255 0.337755037947 0) (0.107120767485 0.338474867346 0) (0.107627378408 0.339193940087 0) (0.108135063891 0.33991225456 0) (0.108643822799 0.340629809161 0) (0.109153653996 0.341346602286 0) (0.109664556341 0.342062632332 0) (0.110176528692 0.342777897698 0) (0.110689569905 0.343492396786 0) (0.111203678833 0.344206127997 0) (0.111718854327 0.344919089738 0) (0.112235095234 0.345631280413 0) (0.112752400402 0.346342698431 0) (0.113270768673 0.347053342202 0))
    polyLine 29 33 ((-0.121239465355 0.541572673739 -0.03) (-0.120004096056 0.544968448483 -0.03) (-0.118760672978 0.54837742855 -0.03) (-0.117509124079 0.551799804257 -0.03) (-0.1162493759 0.555235768527 -0.03) (-0.114981353545 0.558685516929 -0.03) (-0.113704980658 0.562149247731 -0.03) (-0.112420179399 0.565627161955 -0.03) (-0.111126870425 0.569119463422 -0.03) (-0.109824972862 0.57262635881 -0.03) (-0.10851440428 0.576148057708 -0.03) (-0.107195080672 0.579684772671 -0.03) (-0.105866916428 0.58323671928 -0.03) (-0.104529824303 0.586804116195 -0.03) (-0.103183715396 0.590387185221 -0.03) (-0.10182849912 0.593986151369 -0.03) (-0.100464083174 0.597601242913 -0.03) (-0.0990903735129 0.601232691462 -0.03) (-0.097707274318 0.604880732022 -0.03) (-0.0963146879671 0.608545603064 -0.03) (-0.0949125150022 0.612227546596 -0.03) (-0.0935006540972 0.615926808229 -0.03) (-0.0920790020253 0.619643637255 -0.03))
    polyLine 31 35 ((-0.121239465355 0.541572673739 0) (-0.120004096056 0.544968448483 0) (-0.118760672978 0.54837742855 0) (-0.117509124079 0.551799804257 0) (-0.1162493759 0.555235768527 0) (-0.114981353545 0.558685516929 0) (-0.113704980658 0.562149247731 0) (-0.112420179399 0.565627161955 0) (-0.111126870425 0.569119463422 0) (-0.109824972862 0.57262635881 0) (-0.10851440428 0.576148057708 0) (-0.107195080672 0.579684772671 0) (-0.105866916428 0.58323671928 0) (-0.104529824303 0.586804116195 0) (-0.103183715396 0.590387185221 0) (-0.10182849912 0.593986151369 0) (-0.100464083174 0.597601242913 0) (-0.0990903735129 0.601232691462 0) (-0.097707274318 0.604880732022 0) (-0.0963146879671 0.608545603064 0) (-0.0949125150022 0.612227546596 0) (-0.0935006540972 0.615926808229 0) (-0.0920790020253 0.619643637255 0))
    polyLine 32 36 ((0.113790198888 0.347763210136 -0.03) (0.114310689887 0.348472300647 -0.03) (0.114832240506 0.349180612149 -0.03) (0.115354849578 0.34988814306 -0.03) (0.115878515937 0.350594891798 -0.03) (0.11640323841 0.351300856782 -0.03) (0.116929015826 0.352006036434 -0.03) (0.117455847008 0.352710429178 -0.03) (0.117983730779 0.35341403344 -0.03) (0.118512665958 0.354116847646 -0.03) (0.119042651364 0.354818870225 -0.03) (0.119573685812 0.355520099609 -0.03) (0.120105768114 0.356220534228 -0.03) (0.120638897081 0.356920172518 -0.03) (0.121173071522 0.357619012915 -0.03) (0.121708290241 0.358317053856 -0.03) (0.122244552043 0.35901429378 -0.03) (0.122781855729 0.35971073113 -0.03) (0.123320200098 0.360406364347 -0.03) (0.123859583945 0.361101191878 -0.03) (0.124400006066 0.361795212169 -0.03) (0.124941465252 0.362488423668 -0.03) (0.125483960293 0.363180824825 -0.03) (0.126027489977 0.363872414094 -0.03) (0.126572053087 0.364563189927 -0.03) (0.127116980607 0.365253366142 -0.03) (0.127661908127 0.365943542357 -0.03) (0.128206835648 0.366633718572 -0.03) (0.128751763168 0.367323894787 -0.03) (0.129296690689 0.368014071002 -0.03) (0.129841618209 0.368704247218 -0.03) (0.130386545729 0.369394423433 -0.03) (0.13093147325 0.370084599648 -0.03) (0.13147640077 0.370774775863 -0.03) (0.13202132829 0.371464952078 -0.03) (0.132566255811 0.372155128293 -0.03) (0.133111183331 0.372845304508 -0.03) (0.133656110852 0.373535480723 -0.03) (0.134201038372 0.374225656938 -0.03) (0.134745965892 0.374915833153 -0.03) (0.135290893413 0.375606009369 -0.03) (0.135835820933 0.376296185584 -0.03) (0.136380748453 0.376986361799 -0.03) (0.136925675974 0.377676538014 -0.03) (0.137470603494 0.378366714229 -0.03) (0.138015531014 0.379056890444 -0.03) (0.138560458535 0.379747066659 -0.03) (0.139105386055 0.380437242874 -0.03) (0.139650313576 0.381127419089 -0.03) (0.140195241096 0.381817595304 -0.03) (0.140740168616 0.38250777152 -0.03) (0.141285096137 0.383197947735 -0.03) (0.141830023657 0.38388812395 -0.03))
    polyLine 34 38 ((0.113790198888 0.347763210136 0) (0.114310689887 0.348472300647 0) (0.114832240506 0.349180612149 0) (0.115354849578 0.34988814306 0) (0.115878515937 0.350594891798 0) (0.11640323841 0.351300856782 0) (0.116929015826 0.352006036434 0) (0.117455847008 0.352710429178 0) (0.117983730779 0.35341403344 0) (0.118512665958 0.354116847646 0) (0.119042651364 0.354818870225 0) (0.119573685812 0.355520099609 0) (0.120105768114 0.356220534228 0) (0.120638897081 0.356920172518 0) (0.121173071522 0.357619012915 0) (0.121708290241 0.358317053856 0) (0.122244552043 0.35901429378 0) (0.122781855729 0.35971073113 0) (0.123320200098 0.360406364347 0) (0.123859583945 0.361101191878 0) (0.124400006066 0.361795212169 0) (0.124941465252 0.362488423668 0) (0.125483960293 0.363180824825 0) (0.126027489977 0.363872414094 0) (0.126572053087 0.364563189927 0) (0.127116980607 0.365253366142 0) (0.127661908127 0.365943542357 0) (0.128206835648 0.366633718572 0) (0.128751763168 0.367323894787 0) (0.129296690689 0.368014071002 0) (0.129841618209 0.368704247218 0) (0.130386545729 0.369394423433 0) (0.13093147325 0.370084599648 0) (0.13147640077 0.370774775863 0) (0.13202132829 0.371464952078 0) (0.132566255811 0.372155128293 0) (0.133111183331 0.372845304508 0) (0.133656110852 0.373535480723 0) (0.134201038372 0.374225656938 0) (0.134745965892 0.374915833153 0) (0.135290893413 0.375606009369 0) (0.135835820933 0.376296185584 0) (0.136380748453 0.376986361799 0) (0.136925675974 0.377676538014 0) (0.137470603494 0.378366714229 0) (0.138015531014 0.379056890444 0) (0.138560458535 0.379747066659 0) (0.139105386055 0.380437242874 0) (0.139650313576 0.381127419089 0) (0.140195241096 0.381817595304 0) (0.140740168616 0.38250777152 0) (0.141285096137 0.383197947735 0) (0.141830023657 0.38388812395 0))
    polyLine 33 37 ((-0.0892672299084 0.626971522695 -0.03) (-0.0878777372806 0.630581564379 -0.03) (-0.0864788782276 0.634208644044 -0.03) (-0.0850705534895 0.637852997378 -0.03) (-0.0836526620289 0.641514863554 -0.03) (-0.0822251009987 0.645194485301 -0.03) (-0.0807877657103 0.648892108969 -0.03) (-0.0793405495991 0.652607984608 -0.03) (-0.077883344191 0.65634236604 -0.03) (-0.0764160390666 0.660095510931 -0.03) (-0.0749385218256 0.663867680878 -0.03) (-0.0734506780495 0.66765914148 -0.03) (-0.0719523912637 0.671470162425 -0.03) (-0.0704435428984 0.675301017575 -0.03) (-0.0689240122492 0.679151985046 -0.03) (-0.0673936764356 0.683023347302 -0.03) (-0.0658524103592 0.686915391245 -0.03) (-0.0643000866606 0.690828408304 -0.03) (-0.0627365756752 0.69476269453 -0.03) (-0.0611617453877 0.6987185507 -0.03) (-0.0595754613859 0.702696282409 -0.03) (-0.0579775868125 0.706696200175 -0.03) (-0.0563679823162 0.710718619545 -0.03))
    polyLine 35 39 ((-0.0892672299084 0.626971522695 0) (-0.0878777372806 0.630581564379 0) (-0.0864788782276 0.634208644044 0) (-0.0850705534895 0.637852997378 0) (-0.0836526620289 0.641514863554 0) (-0.0822251009987 0.645194485301 0) (-0.0807877657103 0.648892108969 0) (-0.0793405495991 0.652607984608 0) (-0.077883344191 0.65634236604 0) (-0.0764160390666 0.660095510931 0) (-0.0749385218256 0.663867680878 0) (-0.0734506780495 0.66765914148 0) (-0.0719523912637 0.671470162425 0) (-0.0704435428984 0.675301017575 0) (-0.0689240122492 0.679151985046 0) (-0.0673936764356 0.683023347302 0) (-0.0658524103592 0.686915391245 0) (-0.0643000866606 0.690828408304 0) (-0.0627365756752 0.69476269453 0) (-0.0611617453877 0.6987185507 0) (-0.0595754613859 0.702696282409 0) (-0.0579775868125 0.706696200175 0) (-0.0563679823162 0.710718619545 0))
    polyLine 36 40 ((0.142374951177 0.384578300165 -0.03) (0.142919878698 0.38526847638 -0.03) (0.143464806218 0.385958652595 -0.03) (0.144009733739 0.38664882881 -0.03) (0.144554661259 0.387339005025 -0.03) (0.145099588779 0.38802918124 -0.03) (0.1456445163 0.388719357455 -0.03) (0.14618944382 0.389409533671 -0.03) (0.14673437134 0.390099709886 -0.03) (0.147279298861 0.390789886101 -0.03) (0.147824226381 0.391480062316 -0.03) (0.148369153902 0.392170238531 -0.03) (0.148914081422 0.392860414746 -0.03) (0.149459008942 0.393550590961 -0.03) (0.150003936463 0.394240767176 -0.03) (0.150548863983 0.394930943391 -0.03) (0.151093791503 0.395621119606 -0.03) (0.151638719024 0.396311295822 -0.03) (0.152183646544 0.397001472037 -0.03) (0.152728574064 0.397691648252 -0.03) (0.153273501585 0.398381824467 -0.03) (0.153818429105 0.399072000682 -0.03) (0.154363356626 0.399762176897 -0.03) (0.154908284146 0.400452353112 -0.03) (0.155453211666 0.401142529327 -0.03) (0.155998139187 0.401832705542 -0.03) (0.156543066707 0.402522881757 -0.03) (0.157087994227 0.403213057973 -0.03) (0.157632921748 0.403903234188 -0.03) (0.158177849268 0.404593410403 -0.03) (0.158722776789 0.405283586618 -0.03) (0.159267704309 0.405973762833 -0.03) (0.159812631829 0.406663939048 -0.03) (0.16035755935 0.407354115263 -0.03) (0.16090248687 0.408044291478 -0.03) (0.16144741439 0.408734467693 -0.03) (0.161992341911 0.409424643908 -0.03) (0.162537269431 0.410114820124 -0.03) (0.163082196952 0.410804996339 -0.03) (0.163627124472 0.411495172554 -0.03) (0.164172051992 0.412185348769 -0.03) (0.164716979513 0.412875524984 -0.03) (0.165261907033 0.413565701199 -0.03) (0.165806834553 0.414255877414 -0.03) (0.166351762074 0.414946053629 -0.03) (0.166896689594 0.415636229844 -0.03) (0.167441617114 0.416326406059 -0.03) (0.167986544635 0.417016582275 -0.03) (0.168531472155 0.41770675849 -0.03) (0.169076399676 0.418396934705 -0.03) (0.169621327196 0.41908711092 -0.03) (0.170166254716 0.419777287135 -0.03) (0.170711182237 0.42046746335 -0.03))
    polyLine 38 42 ((0.142374951177 0.384578300165 0) (0.142919878698 0.38526847638 0) (0.143464806218 0.385958652595 0) (0.144009733739 0.38664882881 0) (0.144554661259 0.387339005025 0) (0.145099588779 0.38802918124 0) (0.1456445163 0.388719357455 0) (0.14618944382 0.389409533671 0) (0.14673437134 0.390099709886 0) (0.147279298861 0.390789886101 0) (0.147824226381 0.391480062316 0) (0.148369153902 0.392170238531 0) (0.148914081422 0.392860414746 0) (0.149459008942 0.393550590961 0) (0.150003936463 0.394240767176 0) (0.150548863983 0.394930943391 0) (0.151093791503 0.395621119606 0) (0.151638719024 0.396311295822 0) (0.152183646544 0.397001472037 0) (0.152728574064 0.397691648252 0) (0.153273501585 0.398381824467 0) (0.153818429105 0.399072000682 0) (0.154363356626 0.399762176897 0) (0.154908284146 0.400452353112 0) (0.155453211666 0.401142529327 0) (0.155998139187 0.401832705542 0) (0.156543066707 0.402522881757 0) (0.157087994227 0.403213057973 0) (0.157632921748 0.403903234188 0) (0.158177849268 0.404593410403 0) (0.158722776789 0.405283586618 0) (0.159267704309 0.405973762833 0) (0.159812631829 0.406663939048 0) (0.16035755935 0.407354115263 0) (0.16090248687 0.408044291478 0) (0.16144741439 0.408734467693 0) (0.161992341911 0.409424643908 0) (0.162537269431 0.410114820124 0) (0.163082196952 0.410804996339 0) (0.163627124472 0.411495172554 0) (0.164172051992 0.412185348769 0) (0.164716979513 0.412875524984 0) (0.165261907033 0.413565701199 0) (0.165806834553 0.414255877414 0) (0.166351762074 0.414946053629 0) (0.166896689594 0.415636229844 0) (0.167441617114 0.416326406059 0) (0.167986544635 0.417016582275 0) (0.168531472155 0.41770675849 0) (0.169076399676 0.418396934705 0) (0.169621327196 0.41908711092 0) (0.170166254716 0.419777287135 0) (0.170711182237 0.42046746335 0))
    polyLine 37 41 ((-0.0532259718606 0.718551133998 -0.03) (-0.0516949018511 0.722358741693 -0.03) (-0.0501531752508 0.726186955653 -0.03) (-0.0486006692698 0.730036051437 -0.03) (-0.0470372590102 0.73390630888 -0.03) (-0.0454628174255 0.737798012184 -0.03) (-0.0438772152784 0.741711450004 -0.03) (-0.042280321098 0.745646915539 -0.03) (-0.0406720011353 0.74960470663 -0.03) (-0.0390521193185 0.753585125853 -0.03) (-0.0374205372061 0.757588480617 -0.03) (-0.0357771139395 0.761615083267 -0.03) (-0.0341217061944 0.765665251189 -0.03) (-0.0324541681306 0.769739306911 -0.03) (-0.0307743513407 0.773837578215 -0.03) (-0.0290821047975 0.77796039825 -0.03) (-0.0273772748 0.782108105645 -0.03) (-0.0256597049179 0.786281044624 -0.03) (-0.0239292359348 0.790479565131 -0.03) (-0.0221857057899 0.794704022949 -0.03) (-0.0204289495182 0.798954779831 -0.03) (-0.0186587991888 0.803232203625 -0.03) (-0.016875083842 0.807536668414 -0.03))
    polyLine 39 43 ((-0.0532259718606 0.718551133998 0) (-0.0516949018511 0.722358741693 0) (-0.0501531752508 0.726186955653 0) (-0.0486006692698 0.730036051437 0) (-0.0470372590102 0.73390630888 0) (-0.0454628174255 0.737798012184 0) (-0.0438772152784 0.741711450004 0) (-0.042280321098 0.745646915539 0) (-0.0406720011353 0.74960470663 0) (-0.0390521193185 0.753585125853 0) (-0.0374205372061 0.757588480617 0) (-0.0357771139395 0.761615083267 0) (-0.0341217061944 0.765665251189 0) (-0.0324541681306 0.769739306911 0) (-0.0307743513407 0.773837578215 0) (-0.0290821047975 0.77796039825 0) (-0.0273772748 0.782108105645 0) (-0.0256597049179 0.786281044624 0) (-0.0239292359348 0.790479565131 0) (-0.0221857057899 0.794704022949 0) (-0.0204289495182 0.798954779831 0) (-0.0186587991888 0.803232203625 0) (-0.016875083842 0.807536668414 0))
    polyLine 40 44 ((0.171256109757 0.421157639565 -0.03) (0.171801037277 0.42184781578 -0.03) (0.172345964798 0.422537991995 -0.03) (0.172890892318 0.42322816821 -0.03) (0.173435819839 0.423918344426 -0.03) (0.173980747359 0.424608520641 -0.03) (0.174525674879 0.425298696856 -0.03) (0.1750706024 0.425988873071 -0.03) (0.17561552992 0.426679049286 -0.03) (0.17616045744 0.427369225501 -0.03) (0.176705384961 0.428059401716 -0.03) (0.177250312481 0.428749577931 -0.03) (0.177795240002 0.429439754146 -0.03) (0.178340167522 0.430129930361 -0.03) (0.178885095042 0.430820106577 -0.03) (0.179430022563 0.431510282792 -0.03) (0.179974950083 0.432200459007 -0.03) (0.180519877603 0.432890635222 -0.03) (0.181064805124 0.433580811437 -0.03) (0.181609732644 0.434270987652 -0.03) (0.182154660164 0.434961163867 -0.03) (0.182699587685 0.435651340082 -0.03) (0.183244515205 0.436341516297 -0.03) (0.183789442726 0.437031692512 -0.03) (0.184334370246 0.437721868728 -0.03) (0.184879297766 0.438412044943 -0.03) (0.185424225287 0.439102221158 -0.03) (0.185969152807 0.439792397373 -0.03) (0.186514080327 0.440482573588 -0.03) (0.187059007848 0.441172749803 -0.03) (0.187603935368 0.441862926018 -0.03) (0.188148862889 0.442553102233 -0.03) (0.188693790409 0.443243278448 -0.03) (0.189238717929 0.443933454663 -0.03) (0.18978364545 0.444623630879 -0.03) (0.19032857297 0.445313807094 -0.03) (0.19087350049 0.446003983309 -0.03) (0.191418428011 0.446694159524 -0.03) (0.191963355531 0.447384335739 -0.03) (0.192508283052 0.448074511954 -0.03) (0.193053210572 0.448764688169 -0.03) (0.193598138092 0.449454864384 -0.03) (0.194143065613 0.450145040599 -0.03) (0.194687993133 0.450835216814 -0.03) (0.195232920653 0.45152539303 -0.03) (0.195777848174 0.452215569245 -0.03) (0.196322775694 0.45290574546 -0.03) (0.196867703215 0.453595921675 -0.03) (0.197412630735 0.45428609789 -0.03) (0.197957558255 0.454976274105 -0.03) (0.198502485776 0.45566645032 -0.03) (0.199047413296 0.456356626535 -0.03) (0.199592340816 0.45704680275 -0.03))
    polyLine 42 46 ((0.171256109757 0.421157639565 0) (0.171801037277 0.42184781578 0) (0.172345964798 0.422537991995 0) (0.172890892318 0.42322816821 0) (0.173435819839 0.423918344426 0) (0.173980747359 0.424608520641 0) (0.174525674879 0.425298696856 0) (0.1750706024 0.425988873071 0) (0.17561552992 0.426679049286 0) (0.17616045744 0.427369225501 0) (0.176705384961 0.428059401716 0) (0.177250312481 0.428749577931 0) (0.177795240002 0.429439754146 0) (0.178340167522 0.430129930361 0) (0.178885095042 0.430820106577 0) (0.179430022563 0.431510282792 0) (0.179974950083 0.432200459007 0) (0.180519877603 0.432890635222 0) (0.181064805124 0.433580811437 0) (0.181609732644 0.434270987652 0) (0.182154660164 0.434961163867 0) (0.182699587685 0.435651340082 0) (0.183244515205 0.436341516297 0) (0.183789442726 0.437031692512 0) (0.184334370246 0.437721868728 0) (0.184879297766 0.438412044943 0) (0.185424225287 0.439102221158 0) (0.185969152807 0.439792397373 0) (0.186514080327 0.440482573588 0) (0.187059007848 0.441172749803 0) (0.187603935368 0.441862926018 0) (0.188148862889 0.442553102233 0) (0.188693790409 0.443243278448 0) (0.189238717929 0.443933454663 0) (0.18978364545 0.444623630879 0) (0.19032857297 0.445313807094 0) (0.19087350049 0.446003983309 0) (0.191418428011 0.446694159524 0) (0.191963355531 0.447384335739 0) (0.192508283052 0.448074511954 0) (0.193053210572 0.448764688169 0) (0.193598138092 0.449454864384 0) (0.194143065613 0.450145040599 0) (0.194687993133 0.450835216814 0) (0.195232920653 0.45152539303 0) (0.195777848174 0.452215569245 0) (0.196322775694 0.45290574546 0) (0.196867703215 0.453595921675 0) (0.197412630735 0.45428609789 0) (0.197957558255 0.454976274105 0) (0.198502485776 0.45566645032 0) (0.199047413296 0.456356626535 0) (0.199592340816 0.45704680275 0))
    polyLine 41 45 ((-0.0134193688939 0.815859956593 -0.03) (-0.0117492992102 0.819874981704 -0.03) (-0.0100672795849 0.823913936824 -0.03) (-0.00837316686798 0.827977133672 -0.03) (-0.00666681550001 0.832064888935 -0.03) (-0.0049480774639 0.836177524379 -0.03) (-0.00321680223506 0.840315366946 -0.03) (-0.00147283673044 0.844478748865 -0.03) (0.000283974743807 0.848668007762 -0.03) (0.00205379054586 0.852883486771 -0.03) (0.00383677175325 0.857125534653 -0.03) (0.0056330822192 0.861394505914 -0.03) (0.00744288863039 0.865690760924 -0.03) (0.00926636056633 0.870014666044 -0.03) (0.0111036705601 0.874366593755 -0.03) (0.0129549941606 0.878746922787 -0.03) (0.014820509997 0.883156038255 -0.03) (0.0167003998439 0.887594331798 -0.03) (0.018594848689 0.892062201717 -0.03) (0.0205040448021 0.896560053127 -0.03) (0.0224281798064 0.901088298101 -0.03) (0.0243674487509 0.905647355822 -0.03) (0.0263220501857 0.910237652748 -0.03))
    polyLine 43 47 ((-0.0134193688939 0.815859956593 0) (-0.0117492992102 0.819874981704 0) (-0.0100672795849 0.823913936824 0) (-0.00837316686798 0.827977133672 0) (-0.00666681550001 0.832064888935 0) (-0.0049480774639 0.836177524379 0) (-0.00321680223506 0.840315366946 0) (-0.00147283673044 0.844478748865 0) (0.000283974743807 0.848668007762 0) (0.00205379054586 0.852883486771 0) (0.00383677175325 0.857125534653 0) (0.0056330822192 0.861394505914 0) (0.00744288863039 0.865690760924 0) (0.00926636056633 0.870014666044 0) (0.0111036705601 0.874366593755 0) (0.0129549941606 0.878746922787 0) (0.014820509997 0.883156038255 0) (0.0167003998439 0.887594331798 0) (0.018594848689 0.892062201717 0) (0.0205040448021 0.896560053127 0) (0.0224281798064 0.901088298101 0) (0.0243674487509 0.905647355822 0) (0.0263220501857 0.910237652748 0))
    polyLine 44 48 ((0.200137268337 0.457736978965 -0.03) (0.200682195857 0.458427155181 -0.03) (0.201227123377 0.459117331396 -0.03) (0.201772050898 0.459807507611 -0.03) (0.202316978418 0.460497683826 -0.03) (0.202861905939 0.461187860041 -0.03) (0.203406833459 0.461878036256 -0.03) (0.203951760979 0.462568212471 -0.03) (0.2044966885 0.463258388686 -0.03) (0.20504161602 0.463948564901 -0.03) (0.20558654354 0.464638741116 -0.03) (0.206131471061 0.465328917332 -0.03) (0.206676398581 0.466019093547 -0.03) (0.207221326102 0.466709269762 -0.03) (0.207766253622 0.467399445977 -0.03) (0.208311181142 0.468089622192 -0.03) (0.208856108663 0.468779798407 -0.03) (0.209401036183 0.469469974622 -0.03) (0.209945963703 0.470160150837 -0.03) (0.210490891224 0.470850327052 -0.03) (0.211035818744 0.471540503267 -0.03) (0.211580746265 0.472230679482 -0.03) (0.212125673785 0.472920855698 -0.03) (0.212670601305 0.473611031913 -0.03) (0.213215528826 0.474301208128 -0.03) (0.213760456346 0.474991384343 -0.03) (0.214305383866 0.475681560558 -0.03) (0.214850311387 0.476371736773 -0.03) (0.215395238907 0.477061912988 -0.03) (0.215940166427 0.477752089203 -0.03) (0.216485093948 0.478442265418 -0.03) (0.217030021468 0.479132441633 -0.03) (0.217574948989 0.479822617849 -0.03) (0.218119876509 0.480512794064 -0.03) (0.218664804029 0.481202970279 -0.03) (0.21920973155 0.481893146494 -0.03) (0.21975465907 0.482583322709 -0.03) (0.22029958659 0.483273498924 -0.03) (0.220844514111 0.483963675139 -0.03) (0.221389441631 0.484653851354 -0.03) (0.221934369152 0.485344027569 -0.03) (0.222479296672 0.486034203784 -0.03) (0.223024224192 0.48672438 -0.03) (0.223569151713 0.487414556215 -0.03) (0.224114079233 0.48810473243 -0.03) (0.224659006753 0.488794908645 -0.03) (0.225203934274 0.48948508486 -0.03) (0.225748861794 0.490175261075 -0.03) (0.226293789315 0.49086543729 -0.03) (0.226838716835 0.491555613505 -0.03) (0.227383644355 0.49224578972 -0.03) (0.227928571876 0.492935965935 -0.03))
    polyLine 46 50 ((0.200137268337 0.457736978965 0) (0.200682195857 0.458427155181 0) (0.201227123377 0.459117331396 0) (0.201772050898 0.459807507611 0) (0.202316978418 0.460497683826 0) (0.202861905939 0.461187860041 0) (0.203406833459 0.461878036256 0) (0.203951760979 0.462568212471 0) (0.2044966885 0.463258388686 0) (0.20504161602 0.463948564901 0) (0.20558654354 0.464638741116 0) (0.206131471061 0.465328917332 0) (0.206676398581 0.466019093547 0) (0.207221326102 0.466709269762 0) (0.207766253622 0.467399445977 0) (0.208311181142 0.468089622192 0) (0.208856108663 0.468779798407 0) (0.209401036183 0.469469974622 0) (0.209945963703 0.470160150837 0) (0.210490891224 0.470850327052 0) (0.211035818744 0.471540503267 0) (0.211580746265 0.472230679482 0) (0.212125673785 0.472920855698 0) (0.212670601305 0.473611031913 0) (0.213215528826 0.474301208128 0) (0.213760456346 0.474991384343 0) (0.214305383866 0.475681560558 0) (0.214850311387 0.476371736773 0) (0.215395238907 0.477061912988 0) (0.215940166427 0.477752089203 0) (0.216485093948 0.478442265418 0) (0.217030021468 0.479132441633 0) (0.217574948989 0.479822617849 0) (0.218119876509 0.480512794064 0) (0.218664804029 0.481202970279 0) (0.21920973155 0.481893146494 0) (0.21975465907 0.482583322709 0) (0.22029958659 0.483273498924 0) (0.220844514111 0.483963675139 0) (0.221389441631 0.484653851354 0) (0.221934369152 0.485344027569 0) (0.222479296672 0.486034203784 0) (0.223024224192 0.48672438 0) (0.223569151713 0.487414556215 0) (0.224114079233 0.48810473243 0) (0.224659006753 0.488794908645 0) (0.225203934274 0.48948508486 0) (0.225748861794 0.490175261075 0) (0.226293789315 0.49086543729 0) (0.226838716835 0.491555613505 0) (0.227383644355 0.49224578972 0) (0.227928571876 0.492935965935 0))
    polyLine 45 49 ((0.030091546733 0.919076793621 -0.03) (0.0319039952881 0.923320683782 -0.03) (0.0337296903764 0.927591632882 -0.03) (0.0355687930966 0.931889986014 -0.03) (0.0374214672265 0.936216093842 -0.03) (0.0392878792777 0.940570312718 -0.03) (0.0411681985516 0.944953004796 -0.03) (0.0430625971971 0.949364538156 -0.03) (0.0449712502692 0.953805286926 -0.03) (0.0468943357895 0.958275631408 -0.03) (0.0488320348081 0.962775958211 -0.03) (0.0507845314671 0.96730666038 -0.03) (0.0527520130657 0.971868137537 -0.03) (0.0547346701271 0.976460796016 -0.03) (0.0567326964665 0.981085049014 -0.03) (0.0587462892619 0.98574131673 -0.03) (0.0607756491259 0.990430026523 -0.03) (0.0628209801798 0.995151613064 -0.03) (0.0648824901293 0.999906518493 -0.03) (0.0669603903425 1.00469519259 -0.03) (0.0690548959296 1.00951809293 -0.03) (0.0711662258255 1.01437568507 -0.03) (0.0732946028733 1.01926844272 -0.03))
    polyLine 47 51 ((0.030091546733 0.919076793621 0) (0.0319039952881 0.923320683782 0) (0.0337296903764 0.927591632882 0) (0.0355687930966 0.931889986014 0) (0.0374214672265 0.936216093842 0) (0.0392878792777 0.940570312718 0) (0.0411681985516 0.944953004796 0) (0.0430625971971 0.949364538156 0) (0.0449712502692 0.953805286926 0) (0.0468943357895 0.958275631408 0) (0.0488320348081 0.962775958211 0) (0.0507845314671 0.96730666038 0) (0.0527520130657 0.971868137537 0) (0.0547346701271 0.976460796016 0) (0.0567326964665 0.981085049014 0) (0.0587462892619 0.98574131673 0) (0.0607756491259 0.990430026523 0) (0.0628209801798 0.995151613064 0) (0.0648824901293 0.999906518493 0) (0.0669603903425 1.00469519259 0) (0.0690548959296 1.00951809293 0) (0.0711662258255 1.01437568507 0) (0.0732946028733 1.01926844272 0))
    polyLine 48 52 ((0.228473499396 0.493626142151 -0.03) (0.229018426916 0.494316318366 -0.03) (0.229563354437 0.495006494581 -0.03) (0.230108281957 0.495696670796 -0.03) (0.230653209477 0.496386847011 -0.03) (0.231198136998 0.497077023226 -0.03) (0.231743064518 0.497767199441 -0.03) (0.232287992039 0.498457375656 -0.03) (0.232832919559 0.499147551871 -0.03) (0.233377847079 0.499837728086 -0.03) (0.2339227746 0.500527904302 -0.03) (0.23446770212 0.501218080517 -0.03) (0.23501262964 0.501908256732 -0.03) (0.235557557161 0.502598432947 -0.03) (0.236102484681 0.503288609162 -0.03) (0.236647412202 0.503978785377 -0.03) (0.237192339722 0.504668961592 -0.03) (0.237737267242 0.505359137807 -0.03) (0.238282194763 0.506049314022 -0.03) (0.238827122283 0.506739490237 -0.03) (0.239372049803 0.507429666453 -0.03) (0.239916977324 0.508119842668 -0.03) (0.240461904844 0.508810018883 -0.03) (0.241006832365 0.509500195098 -0.03) (0.241551759885 0.510190371313 -0.03) (0.242096687405 0.510880547528 -0.03) (0.242641614926 0.511570723743 -0.03) (0.243186542446 0.512260899958 -0.03) (0.243731469966 0.512951076173 -0.03) (0.244276397487 0.513641252388 -0.03) (0.244821325007 0.514331428604 -0.03) (0.245366252527 0.515021604819 -0.03) (0.245911180048 0.515711781034 -0.03) (0.246456107568 0.516401957249 -0.03) (0.247001035089 0.517092133464 -0.03) (0.247545962609 0.517782309679 -0.03) (0.248090890129 0.518472485894 -0.03) (0.24863581765 0.519162662109 -0.03) (0.24918074517 0.519852838324 -0.03) (0.24972567269 0.520543014539 -0.03) (0.250270600211 0.521233190755 -0.03) (0.250815527731 0.52192336697 -0.03) (0.251360455252 0.522613543185 -0.03) (0.251905382772 0.5233037194 -0.03) (0.252450310292 0.523993895615 -0.03) (0.252995237813 0.52468407183 -0.03) (0.253540165333 0.525374248045 -0.03) (0.254085092853 0.52606442426 -0.03) (0.254630020374 0.526754600475 -0.03) (0.255174947894 0.52744477669 -0.03) (0.255719875415 0.528134952906 -0.03) (0.256264802935 0.528825129121 -0.03) (0.256809730455 0.529515305336 -0.03))
    polyLine 50 54 ((0.228473499396 0.493626142151 0) (0.229018426916 0.494316318366 0) (0.229563354437 0.495006494581 0) (0.230108281957 0.495696670796 0) (0.230653209477 0.496386847011 0) (0.231198136998 0.497077023226 0) (0.231743064518 0.497767199441 0) (0.232287992039 0.498457375656 0) (0.232832919559 0.499147551871 0) (0.233377847079 0.499837728086 0) (0.2339227746 0.500527904302 0) (0.23446770212 0.501218080517 0) (0.23501262964 0.501908256732 0) (0.235557557161 0.502598432947 0) (0.236102484681 0.503288609162 0) (0.236647412202 0.503978785377 0) (0.237192339722 0.504668961592 0) (0.237737267242 0.505359137807 0) (0.238282194763 0.506049314022 0) (0.238827122283 0.506739490237 0) (0.239372049803 0.507429666453 0) (0.239916977324 0.508119842668 0) (0.240461904844 0.508810018883 0) (0.241006832365 0.509500195098 0) (0.241551759885 0.510190371313 0) (0.242096687405 0.510880547528 0) (0.242641614926 0.511570723743 0) (0.243186542446 0.512260899958 0) (0.243731469966 0.512951076173 0) (0.244276397487 0.513641252388 0) (0.244821325007 0.514331428604 0) (0.245366252527 0.515021604819 0) (0.245911180048 0.515711781034 0) (0.246456107568 0.516401957249 0) (0.247001035089 0.517092133464 0) (0.247545962609 0.517782309679 0) (0.248090890129 0.518472485894 0) (0.24863581765 0.519162662109 0) (0.24918074517 0.519852838324 0) (0.24972567269 0.520543014539 0) (0.250270600211 0.521233190755 0) (0.250815527731 0.52192336697 0) (0.251360455252 0.522613543185 0) (0.251905382772 0.5233037194 0) (0.252450310292 0.523993895615 0) (0.252995237813 0.52468407183 0) (0.253540165333 0.525374248045 0) (0.254085092853 0.52606442426 0) (0.254630020374 0.526754600475 0) (0.255174947894 0.52744477669 0) (0.255719875415 0.528134952906 0) (0.256264802935 0.528825129121 0) (0.256809730455 0.529515305336 0))
    polyLine 49 53 ((0.0773867963527 1.02866443556 -0.03) (0.0793476962902 1.03316167376 -0.03) (0.0813231278826 1.03768893228 -0.03) (0.0833132681426 1.04224658681 -0.03) (0.0853182969948 1.04683501915 -0.03) (0.0873383973355 1.05145461729 -0.03) (0.089373755093 1.05610577554 -0.03) (0.0914245592908 1.06078889469 -0.03) (0.0934910021112 1.06550438211 -0.03) (0.0955732789608 1.0702526519 -0.03) (0.0976715885382 1.07503412504 -0.03) (0.0997861329026 1.07984922952 -0.03) (0.101917117545 1.08469840051 -0.03) (0.104064751459 1.08958208048 -0.03) (0.106229247219 1.09450071938 -0.03) (0.108410821052 1.09945477479 -0.03) (0.110609692918 1.10444471211 -0.03) (0.112826086591 1.10947100466 -0.03) (0.115060229741 1.11453413394 -0.03) (0.117312354015 1.11963458974 -0.03) (0.11958269513 1.12477287037 -0.03) (0.121871492958 1.12994948278 -0.03) (0.124178991616 1.13516494284 -0.03))
    polyLine 51 55 ((0.0773867963527 1.02866443556 0) (0.0793476962902 1.03316167376 0) (0.0813231278826 1.03768893228 0) (0.0833132681426 1.04224658681 0) (0.0853182969948 1.04683501915 0) (0.0873383973355 1.05145461729 0) (0.089373755093 1.05610577554 0) (0.0914245592908 1.06078889469 0) (0.0934910021112 1.06550438211 0) (0.0955732789608 1.0702526519 0) (0.0976715885382 1.07503412504 0) (0.0997861329026 1.07984922952 0) (0.101917117545 1.08469840051 0) (0.104064751459 1.08958208048 0) (0.106229247219 1.09450071938 0) (0.108410821052 1.09945477479 0) (0.110609692918 1.10444471211 0) (0.112826086591 1.10947100466 0) (0.115060229741 1.11453413394 0) (0.117312354015 1.11963458974 0) (0.11958269513 1.12477287037 0) (0.121871492958 1.12994948278 0) (0.124178991616 1.13516494284 0))
    polyLine 52 56 ((0.257354657976 0.530205481551 -0.03) (0.257899585496 0.530895657766 -0.03) (0.258444513016 0.531585833981 -0.03) (0.258989440537 0.532276010196 -0.03) (0.259534368057 0.532966186411 -0.03) (0.260079295577 0.533656362626 -0.03) (0.260624223098 0.534346538841 -0.03) (0.261169150618 0.535036715057 -0.03) (0.261714078139 0.535726891272 -0.03) (0.262259005659 0.536417067487 -0.03) (0.262803933179 0.537107243702 -0.03) (0.2633488607 0.537797419917 -0.03) (0.26389378822 0.538487596132 -0.03) (0.26443871574 0.539177772347 -0.03) (0.264983643261 0.539867948562 -0.03) (0.265528570781 0.540558124777 -0.03) (0.266073498302 0.541248300992 -0.03) (0.266618425822 0.541938477208 -0.03) (0.267163353342 0.542628653423 -0.03) (0.267708280863 0.543318829638 -0.03) (0.268253208383 0.544009005853 -0.03) (0.268798135903 0.544699182068 -0.03) (0.269343063424 0.545389358283 -0.03) (0.269887990944 0.546079534498 -0.03) (0.270432918465 0.546769710713 -0.03) (0.270977845985 0.547459886928 -0.03) (0.271522773505 0.548150063143 -0.03) (0.272067701026 0.548840239359 -0.03) (0.272612628546 0.549530415574 -0.03) (0.273157556066 0.550220591789 -0.03) (0.273702483587 0.550910768004 -0.03) (0.274247411107 0.551600944219 -0.03) (0.274792338627 0.552291120434 -0.03) (0.275337266148 0.552981296649 -0.03) (0.275882193668 0.553671472864 -0.03) (0.276427121189 0.554361649079 -0.03) (0.276970808146 0.555045125509 -0.03) (0.277519454941 0.555724626968 -0.03) (0.278073032513 0.556400117464 -0.03) (0.278631511539 0.557071561217 -0.03) (0.27919486244 0.557738922664 -0.03) (0.279763055374 0.558402166456 -0.03) (0.280336060247 0.559061257461 -0.03) (0.280913846708 0.55971616077 -0.03) (0.281496384152 0.560366841694 -0.03) (0.282083641723 0.561013265767 -0.03) (0.282675588317 0.56165539875 -0.03) (0.283272192579 0.562293206631 -0.03) (0.283873422908 0.562926655626 -0.03) (0.284479247458 0.563555712183 -0.03) (0.285089634141 0.564180342982 -0.03) (0.285704550625 0.564800514939 -0.03) (0.28632396434 0.565416195203 -0.03))
    polyLine 54 58 ((0.257354657976 0.530205481551 0) (0.257899585496 0.530895657766 0) (0.258444513016 0.531585833981 0) (0.258989440537 0.532276010196 0) (0.259534368057 0.532966186411 0) (0.260079295577 0.533656362626 0) (0.260624223098 0.534346538841 0) (0.261169150618 0.535036715057 0) (0.261714078139 0.535726891272 0) (0.262259005659 0.536417067487 0) (0.262803933179 0.537107243702 0) (0.2633488607 0.537797419917 0) (0.26389378822 0.538487596132 0) (0.26443871574 0.539177772347 0) (0.264983643261 0.539867948562 0) (0.265528570781 0.540558124777 0) (0.266073498302 0.541248300992 0) (0.266618425822 0.541938477208 0) (0.267163353342 0.542628653423 0) (0.267708280863 0.543318829638 0) (0.268253208383 0.544009005853 0) (0.268798135903 0.544699182068 0) (0.269343063424 0.545389358283 0) (0.269887990944 0.546079534498 0) (0.270432918465 0.546769710713 0) (0.270977845985 0.547459886928 0) (0.271522773505 0.548150063143 0) (0.272067701026 0.548840239359 0) (0.272612628546 0.549530415574 0) (0.273157556066 0.550220591789 0) (0.273702483587 0.550910768004 0) (0.274247411107 0.551600944219 0) (0.274792338627 0.552291120434 0) (0.275337266148 0.552981296649 0) (0.275882193668 0.553671472864 0) (0.276427121189 0.554361649079 0) (0.276970808146 0.555045125509 0) (0.277519454941 0.555724626968 0) (0.278073032513 0.556400117464 0) (0.278631511539 0.557071561217 0) (0.27919486244 0.557738922664 0) (0.279763055374 0.558402166456 0) (0.280336060247 0.559061257461 0) (0.280913846708 0.55971616077 0) (0.281496384152 0.560366841694 0) (0.282083641723 0.561013265767 0) (0.282675588317 0.56165539875 0) (0.283272192579 0.562293206631 0) (0.283873422908 0.562926655626 0) (0.284479247458 0.563555712183 0) (0.285089634141 0.564180342982 0) (0.285704550625 0.564800514939 0) (0.28632396434 0.565416195203 0))
    polyLine 53 57 ((0.128645683329 1.14525099734 -0.03) (0.130802120573 1.15011587973 -0.03) (0.132974950119 1.15501484249 -0.03) (0.13516437407 1.15994831229 -0.03) (0.137370597872 1.1649167228 -0.03) (0.139593830389 1.16992051484 -0.03) (0.14183428397 1.1749601365 -0.03) (0.144092174521 1.18003604333 -0.03) (0.146367721584 1.18514869845 -0.03) (0.14866114841 1.19029857275 -0.03) (0.150972682035 1.19548614503 -0.03) (0.153302553365 1.20071190219 -0.03) (0.155650997259 1.20597633938 -0.03) (0.158018252605 1.21127996018 -0.03) (0.160404562419 1.21662327679 -0.03) (0.162810173922 1.22200681023 -0.03) (0.165235338639 1.22743109049 -0.03) (0.167680312491 1.23289665676 -0.03) (0.170145355888 1.23840405762 -0.03) (0.172630733832 1.24395385127 -0.03) (0.175136716015 1.24954660567 -0.03) (0.177663576923 1.25518289886 -0.03) (0.180211595944 1.26086331909 -0.03))
    polyLine 55 59 ((0.128645683329 1.14525099734 0) (0.130802120573 1.15011587973 0) (0.132974950119 1.15501484249 0) (0.13516437407 1.15994831229 0) (0.137370597872 1.1649167228 0) (0.139593830389 1.16992051484 0) (0.14183428397 1.1749601365 0) (0.144092174521 1.18003604333 0) (0.146367721584 1.18514869845 0) (0.14866114841 1.19029857275 0) (0.150972682035 1.19548614503 0) (0.153302553365 1.20071190219 0) (0.155650997259 1.20597633938 0) (0.158018252605 1.21127996018 0) (0.160404562419 1.21662327679 0) (0.162810173922 1.22200681023 0) (0.165235338639 1.22743109049 0) (0.167680312491 1.23289665676 0) (0.170145355888 1.23840405762 0) (0.172630733832 1.24395385127 0) (0.175136716015 1.24954660567 0) (0.177663576923 1.25518289886 0) (0.180211595944 1.26086331909 0))
    polyLine 56 60 ((0.286947842476 0.566027351164 -0.03) (0.287576151989 0.56663395045 -0.03) (0.288208859598 0.567235960931 -0.03) (0.28884593179 0.56783335072 -0.03) (0.289487334821 0.568426088174 -0.03) (0.290133034718 0.569014141898 -0.03) (0.290782997278 0.569597480743 -0.03) (0.291437188074 0.570176073812 -0.03) (0.292095572457 0.570749890457 -0.03) (0.292758115553 0.571318900285 -0.03) (0.293424782267 0.571883073157 -0.03) (0.294095537289 0.57244237919 -0.03) (0.29477034509 0.572996788758 -0.03) (0.295449169928 0.573546272496 -0.03) (0.296131975845 0.574090801299 -0.03) (0.296818726676 0.574630346324 -0.03) (0.297509386044 0.575164878993 -0.03) (0.298203917368 0.575694370993 -0.03) (0.298902283859 0.576218794278 -0.03) (0.299604448527 0.57673812107 -0.03) (0.30031037418 0.577252323862 -0.03) (0.301020023425 0.577761375418 -0.03) (0.301733358675 0.578265248774 -0.03) (0.302450342146 0.578763917241 -0.03) (0.303170935861 0.579257354406 -0.03) (0.303895101651 0.579745534133 -0.03) (0.30462280116 0.580228430564 -0.03) (0.305353995842 0.580706018121 -0.03) (0.306088646968 0.581178271507 -0.03) (0.306826715625 0.581645165708 -0.03) (0.30756816272 0.582106675994 -0.03) (0.308312948979 0.58256277792 -0.03) (0.309061034953 0.583013447326 -0.03) (0.309812381017 0.583458660342 -0.03) (0.310566947374 0.583898393386 -0.03) (0.311324694057 0.584332623167 -0.03) (0.31208558093 0.584761326683 -0.03) (0.312849567689 0.585184481229 -0.03) (0.313616613869 0.585602064389 -0.03) (0.31438667884 0.586014054046 -0.03) (0.315159721815 0.586420428378 -0.03) (0.315935701846 0.58682116586 -0.03) (0.316714577832 0.587216245265 -0.03) (0.317496308517 0.587605645667 -0.03) (0.318280852495 0.587989346441 -0.03) (0.319068168211 0.588367327263 -0.03) (0.319858213962 0.588739568111 -0.03) (0.320650947901 0.58910604927 -0.03) (0.321446328039 0.589466751328 -0.03) (0.322244312246 0.589821655178 -0.03) (0.323044858255 0.590170742023 -0.03) (0.323847923663 0.590513993372 -0.03) (0.324653465933 0.590851391044 -0.03))
    polyLine 58 62 ((0.286947842476 0.566027351164 0) (0.287576151989 0.56663395045 0) (0.288208859598 0.567235960931 0) (0.28884593179 0.56783335072 0) (0.289487334821 0.568426088174 0) (0.290133034718 0.569014141898 0) (0.290782997278 0.569597480743 0) (0.291437188074 0.570176073812 0) (0.292095572457 0.570749890457 0) (0.292758115553 0.571318900285 0) (0.293424782267 0.571883073157 0) (0.294095537289 0.57244237919 0) (0.29477034509 0.572996788758 0) (0.295449169928 0.573546272496 0) (0.296131975845 0.574090801299 0) (0.296818726676 0.574630346324 0) (0.297509386044 0.575164878993 0) (0.298203917368 0.575694370993 0) (0.298902283859 0.576218794278 0) (0.299604448527 0.57673812107 0) (0.30031037418 0.577252323862 0) (0.301020023425 0.577761375418 0) (0.301733358675 0.578265248774 0) (0.302450342146 0.578763917241 0) (0.303170935861 0.579257354406 0) (0.303895101651 0.579745534133 0) (0.30462280116 0.580228430564 0) (0.305353995842 0.580706018121 0) (0.306088646968 0.581178271507 0) (0.306826715625 0.581645165708 0) (0.30756816272 0.582106675994 0) (0.308312948979 0.58256277792 0) (0.309061034953 0.583013447326 0) (0.309812381017 0.583458660342 0) (0.310566947374 0.583898393386 0) (0.311324694057 0.584332623167 0) (0.31208558093 0.584761326683 0) (0.312849567689 0.585184481229 0) (0.313616613869 0.585602064389 0) (0.31438667884 0.586014054046 0) (0.315159721815 0.586420428378 0) (0.315935701846 0.58682116586 0) (0.316714577832 0.587216245265 0) (0.317496308517 0.587605645667 0) (0.318280852495 0.587989346441 0) (0.319068168211 0.588367327263 0) (0.319858213962 0.588739568111 0) (0.320650947901 0.58910604927 0) (0.321446328039 0.589466751328 0) (0.322244312246 0.589821655178 0) (0.323044858255 0.590170742023 0) (0.323847923663 0.590513993372 0) (0.324653465933 0.590851391044 0))
    polyLine 57 61 ((0.185662067311 1.27300416434 -0.03) (0.188570322151 1.27947670701 -0.03) (0.191506235169 1.28600696266 -0.03) (0.194470227935 1.29259581839 -0.03) (0.197462730635 1.2992441793 -0.03) (0.200484182289 1.30595296899 -0.03) (0.203535030978 1.31272313001 -0.03) (0.206615734082 1.31955562435 -0.03) (0.209726758515 1.32645143395 -0.03) (0.212868580982 1.33341156123 -0.03) (0.216041688231 1.34043702961 -0.03) (0.219246577319 1.34752888408 -0.03) (0.222483755889 1.35468819178 -0.03) (0.225753742446 1.36191604254 -0.03) (0.229057066657 1.36921354959 -0.03) (0.232394269645 1.37658185008 -0.03) (0.235765904303 1.3840221058 -0.03) (0.239172535615 1.39153550385 -0.03) (0.242614740987 1.39912325728 -0.03) (0.246093110591 1.40678660587 -0.03) (0.249608247716 1.41452681684 -0.03) (0.253160769137 1.42234518561 -0.03) (0.256751305492 1.43024303663 -0.03))
    polyLine 59 63 ((0.185662067311 1.27300416434 0) (0.188570322151 1.27947670701 0) (0.191506235169 1.28600696266 0) (0.194470227935 1.29259581839 0) (0.197462730635 1.2992441793 0) (0.200484182289 1.30595296899 0) (0.203535030978 1.31272313001 0) (0.206615734082 1.31955562435 0) (0.209726758515 1.32645143395 0) (0.212868580982 1.33341156123 0) (0.216041688231 1.34043702961 0) (0.219246577319 1.34752888408 0) (0.222483755889 1.35468819178 0) (0.225753742446 1.36191604254 0) (0.229057066657 1.36921354959 0) (0.232394269645 1.37658185008 0) (0.235765904303 1.3840221058 0) (0.239172535615 1.39153550385 0) (0.242614740987 1.39912325728 0) (0.246093110591 1.40678660587 0) (0.249608247716 1.41452681684 0) (0.253160769137 1.42234518561 0) (0.256751305492 1.43024303663 0))
    polyLine 60 64 ((0.325461442397 0.591182917167 -0.03) (0.32627181026 0.591508554182 -0.03) (0.327084526596 0.591828284841 -0.03) (0.32789954836 0.592142092207 -0.03) (0.32871683238 0.592449959659 -0.03) (0.329536335367 0.592751870891 -0.03) (0.330358013914 0.59304780991 -0.03) (0.331181824499 0.593337761042 -0.03) (0.332007723485 0.593621708927 -0.03) (0.332835667128 0.593899638527 -0.03) (0.333665611572 0.59417153512 -0.03) (0.334497512858 0.594437384304 -0.03) (0.335331326921 0.594697171998 -0.03) (0.336167009597 0.594950884441 -0.03) (0.33700451662 0.595198508195 -0.03) (0.337843803631 0.595440030144 -0.03) (0.338684826173 0.595675437495 -0.03) (0.339527539701 0.595904717778 -0.03) (0.340371899577 0.59612785885 -0.03) (0.341217861077 0.59634484889 -0.03) (0.342065379393 0.596555676407 -0.03) (0.342914409634 0.596760330232 -0.03) (0.343764906828 0.596958799526 -0.03) (0.344616825927 0.597151073775 -0.03) (0.345470121806 0.597337142797 -0.03) (0.346324749268 0.597516996734 -0.03) (0.347180663046 0.597690626061 -0.03) (0.348037817803 0.597858021581 -0.03) (0.348896168138 0.598019174427 -0.03) (0.349755668586 0.598174076063 -0.03) (0.350616273622 0.598322718286 -0.03) (0.351477937661 0.59846509322 -0.03) (0.352340615063 0.598601193326 -0.03) (0.353204260133 0.598731011393 -0.03) (0.354068827126 0.598854540547 -0.03) (0.354934270249 0.598971774244 -0.03) (0.35580054366 0.599082706274 -0.03) (0.356667601474 0.599187330761 -0.03) (0.357535397767 0.599285642164 -0.03) (0.358403886573 0.599377635276 -0.03) (0.359273021889 0.599463305223 -0.03) (0.36014275768 0.599542647469 -0.03) (0.361013047877 0.59961565781 -0.03) (0.361883846384 0.599682332379 -0.03) (0.362755107076 0.599742667644 -0.03) (0.363626783805 0.599796660411 -0.03) (0.364498830399 0.599844307819 -0.03) (0.365371200669 0.599885607343 -0.03) (0.366243848406 0.599920556798 -0.03) (0.367116727389 0.599949154331 -0.03) (0.367989791383 0.599971398427 -0.03) (0.368862994144 0.599987287909 -0.03) (0.369736289421 0.599996821935 -0.03))
    polyLine 62 66 ((0.325461442397 0.591182917167 0) (0.32627181026 0.591508554182 0) (0.327084526596 0.591828284841 0) (0.32789954836 0.592142092207 0) (0.32871683238 0.592449959659 0) (0.329536335367 0.592751870891 0) (0.330358013914 0.59304780991 0) (0.331181824499 0.593337761042 0) (0.332007723485 0.593621708927 0) (0.332835667128 0.593899638527 0) (0.333665611572 0.59417153512 0) (0.334497512858 0.594437384304 0) (0.335331326921 0.594697171998 0) (0.336167009597 0.594950884441 0) (0.33700451662 0.595198508195 0) (0.337843803631 0.595440030144 0) (0.338684826173 0.595675437495 0) (0.339527539701 0.595904717778 0) (0.340371899577 0.59612785885 0) (0.341217861077 0.59634484889 0) (0.342065379393 0.596555676407 0) (0.342914409634 0.596760330232 0) (0.343764906828 0.596958799526 0) (0.344616825927 0.597151073775 0) (0.345470121806 0.597337142797 0) (0.346324749268 0.597516996734 0) (0.347180663046 0.597690626061 0) (0.348037817803 0.597858021581 0) (0.348896168138 0.598019174427 0) (0.349755668586 0.598174076063 0) (0.350616273622 0.598322718286 0) (0.351477937661 0.59846509322 0) (0.352340615063 0.598601193326 0) (0.353204260133 0.598731011393 0) (0.354068827126 0.598854540547 0) (0.354934270249 0.598971774244 0) (0.35580054366 0.599082706274 0) (0.356667601474 0.599187330761 0) (0.357535397767 0.599285642164 0) (0.358403886573 0.599377635276 0) (0.359273021889 0.599463305223 0) (0.36014275768 0.599542647469 0) (0.361013047877 0.59961565781 0) (0.361883846384 0.599682332379 0) (0.362755107076 0.599742667644 0) (0.363626783805 0.599796660411 0) (0.364498830399 0.599844307819 0) (0.365371200669 0.599885607343 0) (0.366243848406 0.599920556798 0) (0.367116727389 0.599949154331 0) (0.367989791383 0.599971398427 0) (0.368862994144 0.599987287909 0) (0.369736289421 0.599996821935 0))
    polyLine 61 65 ((0.26434974941 1.44694325235 -0.03) (0.268365841057 1.45576274392 -0.03) (0.27242965206 1.46468203676 -0.03) (0.276542079795 1.47370301471 -0.03) (0.280704044261 1.4828276089 -0.03) (0.284916488796 1.49205779932 -0.03) (0.289180380819 1.50139561633 -0.03) (0.293496712602 1.51084314228 -0.03) (0.297866502076 1.52040251321 -0.03) (0.30229079366 1.53007592059 -0.03) (0.306770659131 1.53986561311 -0.03) (0.311307198522 1.54977389858 -0.03) (0.31590154106 1.55980314592 -0.03) (0.320554846137 1.56995578712 -0.03) (0.325268304327 1.58023431944 -0.03) (0.330043138437 1.59064130758 -0.03) (0.334880604604 1.60117938595 -0.03) (0.339781993442 1.61185126113 -0.03) (0.344748631224 1.62265971428 -0.03) (0.349781881129 1.63360760379 -0.03) (0.354883144526 1.64469786797 -0.03) (0.360053862327 1.65593352784 -0.03) (0.365295516384 1.66731769009 -0.03))
    polyLine 63 67 ((0.26434974941 1.44694325235 0) (0.268365841057 1.45576274392 0) (0.27242965206 1.46468203676 0) (0.276542079795 1.47370301471 0) (0.280704044261 1.4828276089 0) (0.284916488796 1.49205779932 0) (0.289180380819 1.50139561633 0) (0.293496712602 1.51084314228 0) (0.297866502076 1.52040251321 0) (0.30229079366 1.53007592059 0) (0.306770659131 1.53986561311 0) (0.311307198522 1.54977389858 0) (0.31590154106 1.55980314592 0) (0.320554846137 1.56995578712 0) (0.325268304327 1.58023431944 0) (0.330043138437 1.59064130758 0) (0.334880604604 1.60117938595 0) (0.339781993442 1.61185126113 0) (0.344748631224 1.62265971428 0) (0.349781881129 1.63360760379 0) (0.354883144526 1.64469786797 0) (0.360053862327 1.65593352784 0) (0.365295516384 1.66731769009 0))
);

boundary
(
    body_fore
    {
        type wall;
        faces
        (
            (0 2 6 4)
            (4 6 10 8)
            (8 10 14 12)
            (12 14 18 16)
            (16 18 22 20)
            (20 22 26 24)
            (24 26 30 28)
            (28 30 34 32)
            (32 34 38 36)
            (36 38 42 40)
            (40 42 46 44)
            (44 46 50 48)
            (48 50 54 52)
            (52 54 58 56)
            (56 58 62 60)
            (60 62 66 64)
        );
    }
    freestream
    {
        type patch;
        faces
        (
            (1 5 7 3)
            (5 9 11 7)
            (9 13 15 11)
            (13 17 19 15)
            (17 21 23 19)
            (21 25 27 23)
            (25 29 31 27)
            (29 33 35 31)
            (33 37 39 35)
            (37 41 43 39)
            (41 45 47 43)
            (45 49 51 47)
            (49 53 55 51)
            (53 57 59 55)
            (57 61 63 59)
            (61 65 67 63)
        );
    }
    outlet
    {
        type patch;
        faces
        (
            (64 66 67 65)
        );
    }
    axis
    {
        type patch;
        faces
        (
            (0 1 3 2)
        );
    }
    front
    {
        type patch;
        faces
        (
            (2 6 7 3)
            (6 10 11 7)
            (10 14 15 11)
            (14 18 19 15)
            (18 22 23 19)
            (22 26 27 23)
            (26 30 31 27)
            (30 34 35 31)
            (34 38 39 35)
            (38 42 43 39)
            (42 46 47 43)
            (46 50 51 47)
            (50 54 55 51)
            (54 58 59 55)
            (58 62 63 59)
            (62 66 67 63)
        );
    }
    back
    {
        type patch;
        faces
        (
            (0 1 5 4)
            (4 5 9 8)
            (8 9 13 12)
            (12 13 17 16)
            (16 17 21 20)
            (20 21 25 24)
            (24 25 29 28)
            (28 29 33 32)
            (32 33 37 36)
            (36 37 41 40)
            (40 41 45 44)
            (44 45 49 48)
            (48 49 53 52)
            (52 53 57 56)
            (56 57 61 60)
            (60 61 65 64)
        );
    }
);
