FoamFile
{
    version     2.0;
    format      ascii;
    class       dictionary;
    object      blockMeshDict;
}
// Generated by aether.cfd - do not edit by hand. Regenerate from the run config.

scale 1;

vertices
(
    (0 0 -0.03)
    (-0.262119480129 6.86693180451e-17 -0.03)
    (0 0 0)
    (-0.262119480129 6.86693180451e-17 0)
    (0.00118898286819 0.0443904425176 -0.03)
    (-0.258840841208 0.0832004586205 -0.03)
    (0.00118898286819 0.0443904425176 0)
    (-0.258840841208 0.0832004586205 0)
    (0.00475206418301 0.088653626545 -0.03)
    (-0.249184948675 0.165264067874 -0.03)
    (0.00475206418301 0.088653626545 0)
    (-0.249184948675 0.165264067874 0)
    (0.0106794328996 0.132662617824 -0.03)
    (-0.233643576974 0.245234024956 -0.03)
    (0.0106794328996 0.132662617824 0)
    (-0.233643576974 0.245234024956 0)
    (0.0189537452872 0.17629128636 -0.03)
    (-0.212900107493 0.322449641912 -0.03)
    (0.0189537452872 0.17629128636 0)
    (-0.212900107493 0.322449641912 0)
    (0.0295515734851 0.219414493697 -0.03)
    (-0.187691315108 0.396575208184 -0.03)
    (0.0295515734851 0.219414493697 0)
    (-0.187691315108 0.396575208184 0)
    (0.0424422930626 0.261908661309 -0.03)
    (-0.158697683626 0.467557932075 -0.03)
    (0.0424422930626 0.261908661309 0)
    (-0.158697683626 0.467557932075 0)
    (0.0575891320394 0.303651902879 -0.03)
    (-0.126479694711 0.535554232115 -0.03)
    (0.0575891320394 0.303651902879 0)
    (-0.126479694711 0.535554232115 0)
    (0.0749485308351 0.344524585538 -0.03)
    (-0.0914555601252 0.600853042007 -0.03)
    (0.0749485308351 0.344524585538 0)
    (-0.0914555601252 0.600853042007 0)
    (0.0944708013258 0.384409493599 -0.03)
    (-0.0539048231667 0.663814637897 -0.03)
    (0.0944708013258 0.384409493599 0)
    (-0.0539048231667 0.663814637897 0)
    (0.116099940243 0.423192289521 -0.03)
    (-0.0139847721316 0.7248273565 -0.03)
    (0.116099940243 0.423192289521 0)
    (-0.0139847721316 0.7248273565 0)
    (0.139773921596 0.460761792383 -0.03)
    (0.028250111664 0.784281111723 -0.03)
    (0.139773921596 0.460761792383 0)
    (0.028250111664 0.784281111723 0)
    (0.164891611719 0.497387900098 -0.03)
    (0.0722838944962 0.84186279826 -0.03)
    (0.164891611719 0.497387900098 0)
    (0.0722838944962 0.84186279826 0)
    (0.190075141936 0.533969128612 -0.03)
    (0.116488574887 0.8960063592 -0.03)
    (0.190075141936 0.533969128612 0)
    (0.116488574887 0.8960063592 0)
    (0.217676664857 0.568599750962 -0.03)
    (0.163373011808 0.950120984498 -0.03)
    (0.217676664857 0.568599750962 0)
    (0.163373011808 0.950120984498 0)
    (0.255203473827 0.591874384223 -0.03)
    (0.224099503768 1.01601494379 -0.03)
    (0.255203473827 0.591874384223 0)
    (0.224099503768 1.01601494379 0)
    (0.298608054478 0.6 -0.03)
    (0.298608054478 1.09155451164 -0.03)
    (0.298608054478 0.6 0)
    (0.298608054478 1.09155451164 0)
);

blocks
(
    hex (0 4 5 1 2 6 7 3) (4 48 1) simpleGrading (1 4 1)
    hex (4 8 9 5 6 10 11 7) (4 48 1) simpleGrading (1 4 1)
    hex (8 12 13 9 10 14 15 11) (4 48 1) simpleGrading (1 4 1)
    hex (12 16 17 13 14 18 19 15) (4 48 1) simpleGrading (1 4 1)
    hex (16 20 21 17 18 22 23 19) (4 48 1) simpleGrading (1 4 1)
    hex (20 24 25 21 22 26 27 23) (4 48 1) simpleGrading (1 4 1)
    hex (24 28 29 25 26 30 31 27) (4 48 1) simpleGrading (1 4 1)
    hex (28 32 33 29 30 34 35 31) (4 48 1) simpleGrading (1 4 1)
    hex (32 36 37 33 34 38 39 35) (4 48 1) simpleGrading (1 4 1)
    hex (36 40 41 37 38 42 43 39) (4 48 1) simpleGrading (1 4 1)
    hex (40 44 45 41 42 46 47 43) (4 48 1) simpleGrading (1 4 1)
    hex (44 48 49 45 46 50 51 47) (4 48 1) simpleGrading (1 4 1)
    hex (48 52 53 49 50 54 55 51) (4 48 1) simpleGrading (1 4 1)
    hex (52 56 57 53 54 58 59 55) (4 48 1) simpleGrading (1 4 1)
    hex (56 60 61 57 58 62 63 59) (4 48 1) simpleGrading (1 4 1)
    hex (60 64 65 61 62 66 67 63) (4 48 1) simpleGrading (1 4 1)
);

edges
(
    polyLine 0 4 ((4.85851664318e-07 0.000897700169815 -0.03) (1.94340608788e-06 0.00179539928782 -0.03) (4.37266156308e-06 0.00269309630222 -0.03) (7.77361524343e-06 0.0035907901612 -0.03) (1.21462631444e-05 0.00448847981297 -0.03) (1.74906001424e-05 0.00538616420572 -0.03) (2.38066199759e-05 0.00628384228768 -0.03) (3.10943152445e-05 0.00718151300706 -0.03) (3.93536774094e-05 0.0080791753121 -0.03) (4.85846967935e-05 0.00897682815101 -0.03) (5.8787362581e-05 0.00987447047207 -0.03) (6.99616628178e-05 0.0107721012235 -0.03) (8.21075844114e-05 0.0116697193536 -0.03) (9.52251131305e-05 0.0125673238107 -0.03) (0.000109314233606 0.0134649135431 -0.03) (0.00012437492933 0.014362487499 -0.03) (0.000140407182657 0.0152600446269 -0.03) (0.000157410974801 0.0161575838751 -0.03) (0.000175386285841 0.0170551041919 -0.03) (0.000194333094715 0.0179526045258 -0.03) (0.000214251379223 0.0188500838252 -0.03) (0.000235141116028 0.0197475410386 -0.03) (0.000257002280655 0.0206449751144 -0.03) (0.000279834847489 0.0215423850011 -0.03) (0.000303638789778 0.0224397696474 -0.03) (0.000328414079631 0.0233371280016 -0.03) (0.000354160688021 0.0242344590125 -0.03) (0.00038087858478 0.0251317616286 -0.03) (0.000408567738605 0.0260290347987 -0.03) (0.000437228117053 0.0269262774713 -0.03) (0.000466859686542 0.0278234885953 -0.03) (0.000497462412356 0.0287206671194 -0.03) (0.000529036258637 0.0296178119925 -0.03) (0.000561581188392 0.0305149221632 -0.03) (0.000595097163489 0.0314119965806 -0.03) (0.000629584144658 0.0323090341936 -0.03) (0.000665042091492 0.0332060339511 -0.03) (0.000701470962446 0.0341029948021 -0.03) (0.000738870714837 0.0349999156958 -0.03) (0.000777241304845 0.0358967955811 -0.03) (0.000816582687513 0.0367936334073 -0.03) (0.000856894816746 0.0376904281236 -0.03) (0.00089817764531 0.0385871786793 -0.03) (0.000940431124838 0.0394838840235 -0.03) (0.00098365520582 0.0403805431057 -0.03) (0.00102784983761 0.0412771548754 -0.03) (0.00107301496844 0.0421737182819 -0.03) (0.00111915054537 0.0430702322748 -0.03) (0.00116625651436 0.0439666958037 -0.03))
    polyLine 2 6 ((4.85851664318e-07 0.000897700169815 0) (1.94340608788e-06 0.00179539928782 0) (4.37266156308e-06 0.00269309630222 0) (7.77361524343e-06 0.0035907901612 0) (1.21462631444e-05 0.00448847981297 0) (1.74906001424e-05 0.00538616420572 0) (2.38066199759e-05 0.00628384228768 0) (3.10943152445e-05 0.00718151300706 0) (3.93536774094e-05 0.0080791753121 0) (4.85846967935e-05 0.00897682815101 0) (5.8787362581e-05 0.00987447047207 0) (6.99616628178e-05 0.0107721012235 0) (8.21075844114e-05 0.0116697193536 0) (9.52251131305e-05 0.0125673238107 0) (0.000109314233606 0.0134649135431 0) (0.00012437492933 0.014362487499 0) (0.000140407182657 0.0152600446269 0) (0.000157410974801 0.0161575838751 0) (0.000175386285841 0.0170551041919 0) (0.000194333094715 0.0179526045258 0) (0.000214251379223 0.0188500838252 0) (0.000235141116028 0.0197475410386 0) (0.000257002280655 0.0206449751144 0) (0.000279834847489 0.0215423850011 0) (0.000303638789778 0.0224397696474 0) (0.000328414079631 0.0233371280016 0) (0.000354160688021 0.0242344590125 0) (0.00038087858478 0.0251317616286 0) (0.000408567738605 0.0260290347987 0) (0.000437228117053 0.0269262774713 0) (0.000466859686542 0.0278234885953 0) (0.000497462412356 0.0287206671194 0) (0.000529036258637 0.0296178119925 0) (0.000561581188392 0.0305149221632 0) (0.000595097163489 0.0314119965806 0) (0.000629584144658 0.0323090341936 0) (0.000665042091492 0.0332060339511 0) (0.000701470962446 0.0341029948021 0) (0.000738870714837 0.0349999156958 0) (0.000777241304845 0.0358967955811 0) (0.000816582687513 0.0367936334073 0) (0.000856894816746 0.0376904281236 0) (0.00089817764531 0.0385871786793 0) (0.000940431124838 0.0394838840235 0) (0.00098365520582 0.0403805431057 0) (0.00102784983761 0.0412771548754 0) (0.00107301496844 0.0421737182819 0) (0.00111915054537 0.0430702322748 0) (0.00116625651436 0.0439666958037 0))
    polyLine 1 5 ((-0.262113804746 0.00346153176979 -0.03) (-0.26209677825 0.00692311716021 -0.03) (-0.262068399599 0.0103848097975 -0.03) (-0.262028667057 0.0138466633191 -0.03) (-0.261977578192 0.0173087313792 -0.03) (-0.261915129877 0.0207710676545 -0.03) (-0.261841318291 0.0242337258494 -0.03) (-0.261756138912 0.0276967597023 -0.03) (-0.261659586523 0.0311602229905 -0.03) (-0.261551655209 0.0346241695362 -0.03) (-0.261432338352 0.0380886532121 -0.03) (-0.261301628637 0.041553727947 -0.03) (-0.261159518043 0.0450194477312 -0.03) (-0.261005997846 0.0484858666225 -0.03) (-0.260841058616 0.0519530387517 -0.03) (-0.260664690217 0.0554210183282 -0.03) (-0.2604768818 0.0588898596457 -0.03) (-0.260277621808 0.0623596170879 -0.03) (-0.260066897968 0.0658303451342 -0.03) (-0.25984469729 0.0693020983652 -0.03) (-0.259611006067 0.0727749314689 -0.03) (-0.25936580987 0.0762488992459 -0.03) (-0.259109093543 0.0797240566152 -0.03))
    polyLine 3 7 ((-0.262113804746 0.00346153176979 0) (-0.26209677825 0.00692311716021 0) (-0.262068399599 0.0103848097975 0) (-0.262028667057 0.0138466633191 0) (-0.261977578192 0.0173087313792 0) (-0.261915129877 0.0207710676545 0) (-0.261841318291 0.0242337258494 0) (-0.261756138912 0.0276967597023 0) (-0.261659586523 0.0311602229905 0) (-0.261551655209 0.0346241695362 0) (-0.261432338352 0.0380886532121 0) (-0.261301628637 0.041553727947 0) (-0.261159518043 0.0450194477312 0) (-0.261005997846 0.0484858666225 0) (-0.260841058616 0.0519530387517 0) (-0.260664690217 0.0554210183282 0) (-0.2604768818 0.0588898596457 0) (-0.260277621808 0.0623596170879 0) (-0.260066897968 0.0658303451342 0) (-0.25984469729 0.0693020983652 0) (-0.259611006067 0.0727749314689 0) (-0.25936580987 0.0762488992459 0) (-0.259109093543 0.0797240566152 0))
    polyLine 4 8 ((0.00121433282021 0.0448631078182 -0.03) (0.0012633794066 0.045759467268 -0.03) (0.00131339621605 0.0466557731029 -0.03) (0.00136438318997 0.0475520242728 -0.03) (0.00141634026861 0.0484482197274 -0.03) (0.0014692673911 0.0493443584168 -0.03) (0.00152316449542 0.050240439291 -0.03) (0.00157803151843 0.0511364613001 -0.03) (0.00163386839584 0.0520324233942 -0.03) (0.00169067506223 0.0529283245235 -0.03) (0.00174845145103 0.0538241636385 -0.03) (0.00180719749456 0.0547199396893 -0.03) (0.00186691312398 0.0556156516266 -0.03) (0.00192759826932 0.0565112984007 -0.03) (0.00198925285949 0.0574068789624 -0.03) (0.00205187682225 0.0583023922623 -0.03) (0.00211547008421 0.0591978372511 -0.03) (0.00218003257087 0.0600932128797 -0.03) (0.00224556420659 0.0609885180989 -0.03) (0.00231206491458 0.0618837518599 -0.03) (0.00237953461692 0.0627789131136 -0.03) (0.00244797323457 0.0636740008113 -0.03) (0.00251738068733 0.0645690139042 -0.03) (0.00258775689389 0.0654639513436 -0.03) (0.00265910177178 0.066358812081 -0.03) (0.00273141523742 0.0672535950679 -0.03) (0.00280469720608 0.0681482992559 -0.03) (0.00287894759188 0.0690429235967 -0.03) (0.00295416630785 0.0699374670421 -0.03) (0.00303035326584 0.070831928544 -0.03) (0.00310750837659 0.0717263070544 -0.03) (0.0031856315497 0.0726206015253 -0.03) (0.00326472269364 0.073514810909 -0.03) (0.00334478171573 0.0744089341578 -0.03) (0.00342580852218 0.0753029702239 -0.03) (0.00350780301804 0.07619691806 -0.03) (0.00359076510726 0.0770907766185 -0.03) (0.00367469469261 0.0779845448522 -0.03) (0.00375959167577 0.078878221714 -0.03) (0.00384545595727 0.0797718061566 -0.03) (0.0039322874365 0.0806652971331 -0.03) (0.00402008601172 0.0815586935967 -0.03) (0.00410885158006 0.0824519945006 -0.03) (0.00419858403751 0.083345198798 -0.03) (0.00428928327895 0.0842383054426 -0.03) (0.00438094919811 0.0851313133878 -0.03) (0.00447358168757 0.0860242215873 -0.03) (0.0045671806388 0.086917028995 -0.03) (0.00466174594215 0.0878097345648 -0.03))
    polyLine 6 10 ((0.00121433282021 0.0448631078182 0) (0.0012633794066 0.045759467268 0) (0.00131339621605 0.0466557731029 0) (0.00136438318997 0.0475520242728 0) (0.00141634026861 0.0484482197274 0) (0.0014692673911 0.0493443584168 0) (0.00152316449542 0.050240439291 0) (0.00157803151843 0.0511364613001 0) (0.00163386839584 0.0520324233942 0) (0.00169067506223 0.0529283245235 0) (0.00174845145103 0.0538241636385 0) (0.00180719749456 0.0547199396893 0) (0.00186691312398 0.0556156516266 0) (0.00192759826932 0.0565112984007 0) (0.00198925285949 0.0574068789624 0) (0.00205187682225 0.0583023922623 0) (0.00211547008421 0.0591978372511 0) (0.00218003257087 0.0600932128797 0) (0.00224556420659 0.0609885180989 0) (0.00231206491458 0.0618837518599 0) (0.00237953461692 0.0627789131136 0) (0.00244797323457 0.0636740008113 0) (0.00251738068733 0.0645690139042 0) (0.00258775689389 0.0654639513436 0) (0.00265910177178 0.066358812081 0) (0.00273141523742 0.0672535950679 0) (0.00280469720608 0.0681482992559 0) (0.00287894759188 0.0690429235967 0) (0.00295416630785 0.0699374670421 0) (0.00303035326584 0.070831928544 0) (0.00310750837659 0.0717263070544 0) (0.0031856315497 0.0726206015253 0) (0.00326472269364 0.073514810909 0) (0.00334478171573 0.0744089341578 0) (0.00342580852218 0.0753029702239 0) (0.00350780301804 0.07619691806 0) (0.00359076510726 0.0770907766185 0) (0.00367469469261 0.0779845448522 0) (0.00375959167577 0.078878221714 0) (0.00384545595727 0.0797718061566 0) (0.0039322874365 0.0806652971331 0) (0.00402008601172 0.0815586935967 0) (0.00410885158006 0.0824519945006 0) (0.00419858403751 0.083345198798 0) (0.00428928327895 0.0842383054426 0) (0.00438094919811 0.0851313133878 0) (0.00447358168757 0.0860242215873 0) (0.0045671806388 0.086917028995 0) (0.00466174594215 0.0878097345648 0))
    polyLine 5 9 ((-0.258567413253 0.0866004554976 -0.03) (-0.258282926875 0.0900017464413 -0.03) (-0.257987365199 0.0934043832643 -0.03) (-0.257680710675 0.0968084179137 -0.03) (-0.257362945073 0.100213902476 -0.03) (-0.25703404948 0.103620889184 -0.03) (-0.256694004296 0.107029430418 -0.03) (-0.256342789231 0.110439578717 -0.03) (-0.255980383302 0.113851386778 -0.03) (-0.255606764827 0.117264907465 -0.03) (-0.255221911422 0.120680193814 -0.03) (-0.254825799996 0.124097299037 -0.03) (-0.254418406749 0.127516276528 -0.03) (-0.253999707167 0.130937179869 -0.03) (-0.253569676013 0.134360062834 -0.03) (-0.25312828733 0.137784979396 -0.03) (-0.252675514427 0.14121198373 -0.03) (-0.252211329884 0.144641130224 -0.03) (-0.251735705537 0.148072473477 -0.03) (-0.251248612482 0.15150606831 -0.03) (-0.250750021061 0.15494196977 -0.03) (-0.250239900863 0.158380233133 -0.03) (-0.249718220714 0.161820913915 -0.03))
    polyLine 7 11 ((-0.258567413253 0.0866004554976 0) (-0.258282926875 0.0900017464413 0) (-0.257987365199 0.0934043832643 0) (-0.257680710675 0.0968084179137 0) (-0.257362945073 0.100213902476 0) (-0.25703404948 0.103620889184 0) (-0.256694004296 0.107029430418 0) (-0.256342789231 0.110439578717 0) (-0.255980383302 0.113851386778 0) (-0.255606764827 0.117264907465 0) (-0.255221911422 0.120680193814 0) (-0.254825799996 0.124097299037 0) (-0.254418406749 0.127516276528 0) (-0.253999707167 0.130937179869 0) (-0.253569676013 0.134360062834 0) (-0.25312828733 0.137784979396 0) (-0.252675514427 0.14121198373 0) (-0.252211329884 0.144641130224 0) (-0.251735705537 0.148072473477 0) (-0.251248612482 0.15150606831 0) (-0.250750021061 0.15494196977 0) (-0.250239900863 0.158380233133 0) (-0.249718220714 0.161820913915 0))
    polyLine 8 12 ((0.0047572774868 0.0887023372508 -0.03) (0.00485377516083 0.089594836007 -0.03) (0.00495123885118 0.0904872297878 -0.03) (0.00504966844365 0.0913795175476 -0.03) (0.0051490638229 0.0922716982409 -0.03) (0.0052494248725 0.0931637708224 -0.03) (0.00535075147483 0.0940557342468 -0.03) (0.00545304351119 0.0949475874692 -0.03) (0.00555630086173 0.0958393294445 -0.03) (0.00566052340545 0.0967309591279 -0.03) (0.00576571102024 0.0976224754747 -0.03) (0.00587186358286 0.0985138774404 -0.03) (0.00597898096893 0.0994051639805 -0.03) (0.00608706305295 0.100296334051 -0.03) (0.00619610970828 0.101187386607 -0.03) (0.00630612080716 0.102078320605 -0.03) (0.00641709622068 0.102969135001 -0.03) (0.00652903581882 0.103859828752 -0.03) (0.00664193947043 0.104750400813 -0.03) (0.00675580704322 0.105640850142 -0.03) (0.00687063840377 0.106531175694 -0.03) (0.00698643341754 0.107421376428 -0.03) (0.00710319194886 0.108311451299 -0.03) (0.00722091386093 0.109201399265 -0.03) (0.0073395990158 0.110091219283 -0.03) (0.00745924727443 0.110980910311 -0.03) (0.00757985849663 0.111870471306 -0.03) (0.00770143254108 0.112759901226 -0.03) (0.00782396926533 0.113649199029 -0.03) (0.00794746852581 0.114538363673 -0.03) (0.00807193017783 0.115427394116 -0.03) (0.00819735407555 0.116316289316 -0.03) (0.00832374007202 0.117205048232 -0.03) (0.00845108801916 0.118093669822 -0.03) (0.00857939776775 0.118982153046 -0.03) (0.00870866916747 0.119870496863 -0.03) (0.00883890206685 0.120758700231 -0.03) (0.00897009631329 0.12164676211 -0.03) (0.00910225175308 0.122534681459 -0.03) (0.00923536823139 0.123422457238 -0.03) (0.00936944559223 0.124310088407 -0.03) (0.00950448367853 0.125197573926 -0.03) (0.00964048233205 0.126084912755 -0.03) (0.00977744139345 0.126972103854 -0.03) (0.00991536070226 0.127859146184 -0.03) (0.0100542400969 0.128746038705 -0.03) (0.0101940794146 0.129632780379 -0.03) (0.0103348784916 0.130519370166 -0.03) (0.0104766371629 0.131405807028 -0.03) (0.0106193552623 0.132292089926 -0.03))
    polyLine 10 14 ((0.0047572774868 0.0887023372508 0) (0.00485377516083 0.089594836007 0) (0.00495123885118 0.0904872297878 0) (0.00504966844365 0.0913795175476 0) (0.0051490638229 0.0922716982409 0) (0.0052494248725 0.0931637708224 0) (0.00535075147483 0.0940557342468 0) (0.00545304351119 0.0949475874692 0) (0.00555630086173 0.0958393294445 0) (0.00566052340545 0.0967309591279 0) (0.00576571102024 0.0976224754747 0) (0.00587186358286 0.0985138774404 0) (0.00597898096893 0.0994051639805 0) (0.00608706305295 0.100296334051 0) (0.00619610970828 0.101187386607 0) (0.00630612080716 0.102078320605 0) (0.00641709622068 0.102969135001 0) (0.00652903581882 0.103859828752 0) (0.00664193947043 0.104750400813 0) (0.00675580704322 0.105640850142 0) (0.00687063840377 0.106531175694 0) (0.00698643341754 0.107421376428 0) (0.00710319194886 0.108311451299 0) (0.00722091386093 0.109201399265 0) (0.0073395990158 0.110091219283 0) (0.00745924727443 0.110980910311 0) (0.00757985849663 0.111870471306 0) (0.00770143254108 0.112759901226 0) (0.00782396926533 0.113649199029 0) (0.00794746852581 0.114538363673 0) (0.00807193017783 0.115427394116 0) (0.00819735407555 0.116316289316 0) (0.00832374007202 0.117205048232 0) (0.00845108801916 0.118093669822 0) (0.00857939776775 0.118982153046 0) (0.00870866916747 0.119870496863 0) (0.00883890206685 0.120758700231 0) (0.00897009631329 0.12164676211 0) (0.00910225175308 0.122534681459 0) (0.00923536823139 0.123422457238 0) (0.00936944559223 0.124310088407 0) (0.00950448367853 0.125197573926 0) (0.00964048233205 0.126084912755 0) (0.00977744139345 0.126972103854 0) (0.00991536070226 0.127859146184 0) (0.0100542400969 0.128746038705 0) (0.0101940794146 0.129632780379 0) (0.0103348784916 0.130519370166 0) (0.0104766371629 0.131405807028 0) (0.0106193552623 0.132292089926 0))
    polyLine 9 13 ((-0.248663233093 0.168564597937 -0.03) (-0.248130821923 0.171867498095 -0.03) (-0.247587685081 0.175172818009 -0.03) (-0.247033791817 0.178480607566 -0.03) (-0.246469110708 0.181790916876 -0.03) (-0.245893609655 0.185103796285 -0.03) (-0.245307255875 0.188419296375 -0.03) (-0.244710015898 0.191737467971 -0.03) (-0.244101855557 0.195058362144 -0.03) (-0.243482739989 0.198382030216 -0.03) (-0.24285263362 0.201708523768 -0.03) (-0.242211500166 0.205037894641 -0.03) (-0.241559302624 0.208370194942 -0.03) (-0.240896003264 0.211705477049 -0.03) (-0.240221563626 0.215043793618 -0.03) (-0.239535944509 0.218385197586 -0.03) (-0.238839105968 0.221729742176 -0.03) (-0.238131007305 0.225077480901 -0.03) (-0.237411607061 0.228428467574 -0.03) (-0.236680863011 0.231782756307 -0.03) (-0.235938732155 0.23514040152 -0.03) (-0.235185170712 0.238501457945 -0.03) (-0.234420134108 0.241865980633 -0.03))
    polyLine 11 15 ((-0.248663233093 0.168564597937 0) (-0.248130821923 0.171867498095 0) (-0.247587685081 0.175172818009 0) (-0.247033791817 0.178480607566 0) (-0.246469110708 0.181790916876 0) (-0.245893609655 0.185103796285 0) (-0.245307255875 0.188419296375 0) (-0.244710015898 0.191737467971 0) (-0.244101855557 0.195058362144 0) (-0.243482739989 0.198382030216 0) (-0.24285263362 0.201708523768 0) (-0.242211500166 0.205037894641 0) (-0.241559302624 0.208370194942 0) (-0.240896003264 0.211705477049 0) (-0.240221563626 0.215043793618 0) (-0.239535944509 0.218385197586 0) (-0.238839105968 0.221729742176 0) (-0.238131007305 0.225077480901 0) (-0.237411607061 0.228428467574 0) (-0.236680863011 0.231782756307 0) (-0.235938732155 0.23514040152 0) (-0.235185170712 0.238501457945 0) (-0.234420134108 0.241865980633 0))
    polyLine 12 16 ((0.0107630326227 0.133178217822 -0.03) (0.0109076690757 0.134064189676 -0.03) (0.0110532644519 0.134950004452 -0.03) (0.0111998185807 0.135835661112 -0.03) (0.0113473312903 0.136721158617 -0.03) (0.011495802408 0.13760649593 -0.03) (0.0116452317597 0.138491672014 -0.03) (0.0117956191704 0.139376685832 -0.03) (0.0119469644638 0.140261536346 -0.03) (0.0120992674627 0.141146222521 -0.03) (0.0122525279887 0.142030743319 -0.03) (0.012406745862 0.142915097704 -0.03) (0.0125619209021 0.14379928464 -0.03) (0.0127180529271 0.144683303091 -0.03) (0.0128751417541 0.145567152021 -0.03) (0.013033187199 0.146450830395 -0.03) (0.0131921890767 0.147334337177 -0.03) (0.0133521472009 0.148217671332 -0.03) (0.0135130613841 0.149100831825 -0.03) (0.0136749314378 0.149983817622 -0.03) (0.0138377571723 0.150866627687 -0.03) (0.014001538397 0.151749260986 -0.03) (0.0141662749197 0.152631716486 -0.03) (0.0143319665477 0.153513993152 -0.03) (0.0144986130867 0.15439608995 -0.03) (0.0146662143414 0.155278005848 -0.03) (0.0148347701155 0.156159739811 -0.03) (0.0150042802115 0.157041290807 -0.03) (0.0151747444308 0.157922657803 -0.03) (0.0153461625737 0.158803839765 -0.03) (0.0155185344393 0.159684835663 -0.03) (0.0156918598256 0.160565644462 -0.03) (0.0158661385297 0.161446265132 -0.03) (0.0160413703472 0.16232669664 -0.03) (0.0162175550728 0.163206937956 -0.03) (0.0163946925002 0.164086988047 -0.03) (0.0165727824218 0.164966845882 -0.03) (0.0167518246289 0.165846510432 -0.03) (0.0169318189118 0.166725980664 -0.03) (0.0171127650595 0.167605255548 -0.03) (0.0172946628601 0.168484334055 -0.03) (0.0174775121004 0.169363215154 -0.03) (0.0176613125662 0.170241897816 -0.03) (0.0178460640421 0.17112038101 -0.03) (0.0180317663116 0.171998663708 -0.03) (0.0182184191573 0.172876744881 -0.03) (0.0184060223603 0.1737546235 -0.03) (0.0185945757009 0.174632298536 -0.03) (0.0187840789582 0.175509768961 -0.03))
    polyLine 14 18 ((0.0107630326227 0.133178217822 0) (0.0109076690757 0.134064189676 0) (0.0110532644519 0.134950004452 0) (0.0111998185807 0.135835661112 0) (0.0113473312903 0.136721158617 0) (0.011495802408 0.13760649593 0) (0.0116452317597 0.138491672014 0) (0.0117956191704 0.139376685832 0) (0.0119469644638 0.140261536346 0) (0.0120992674627 0.141146222521 0) (0.0122525279887 0.142030743319 0) (0.012406745862 0.142915097704 0) (0.0125619209021 0.14379928464 0) (0.0127180529271 0.144683303091 0) (0.0128751417541 0.145567152021 0) (0.013033187199 0.146450830395 0) (0.0131921890767 0.147334337177 0) (0.0133521472009 0.148217671332 0) (0.0135130613841 0.149100831825 0) (0.0136749314378 0.149983817622 0) (0.0138377571723 0.150866627687 0) (0.014001538397 0.151749260986 0) (0.0141662749197 0.152631716486 0) (0.0143319665477 0.153513993152 0) (0.0144986130867 0.15439608995 0) (0.0146662143414 0.155278005848 0) (0.0148347701155 0.156159739811 0) (0.0150042802115 0.157041290807 0) (0.0151747444308 0.157922657803 0) (0.0153461625737 0.158803839765 0) (0.0155185344393 0.159684835663 0) (0.0156918598256 0.160565644462 0) (0.0158661385297 0.161446265132 0) (0.0160413703472 0.16232669664 0) (0.0162175550728 0.163206937956 0) (0.0163946925002 0.164086988047 0) (0.0165727824218 0.164966845882 0) (0.0167518246289 0.165846510432 0) (0.0169318189118 0.166725980664 0) (0.0171127650595 0.167605255548 0) (0.0172946628601 0.168484334055 0) (0.0174775121004 0.169363215154 0) (0.0176613125662 0.170241897816 0) (0.0178460640421 0.17112038101 0) (0.0180317663116 0.171998663708 0) (0.0182184191573 0.172876744881 0) (0.0184060223603 0.1737546235 0) (0.0185945757009 0.174632298536 0) (0.0187840789582 0.175509768961 0))
    polyLine 13 17 ((-0.232901434193 0.248410193405 -0.03) (-0.232148986985 0.251589583491 -0.03) (-0.231386195435 0.254772242318 -0.03) (-0.230613018977 0.257958217264 -0.03) (-0.229829416381 0.261147555983 -0.03) (-0.229035345755 0.264340306407 -0.03) (-0.22823076453 0.26753651675 -0.03) (-0.227415629459 0.270736235517 -0.03) (-0.226589896607 0.273939511501 -0.03) (-0.225753521345 0.277146393794 -0.03) (-0.224906458343 0.280356931788 -0.03) (-0.224048661564 0.283571175178 -0.03) (-0.223180084252 0.286789173971 -0.03) (-0.222300678932 0.290010978486 -0.03) (-0.221410397395 0.293236639359 -0.03) (-0.220509190694 0.296466207552 -0.03) (-0.219597009137 0.299699734351 -0.03) (-0.218673802276 0.302937271375 -0.03) (-0.2177395189 0.306178870581 -0.03) (-0.216794107028 0.309424584264 -0.03) (-0.215837513899 0.312674465067 -0.03) (-0.214869685965 0.315928565984 -0.03) (-0.21389056888 0.319186940362 -0.03))
    polyLine 15 19 ((-0.232901434193 0.248410193405 0) (-0.232148986985 0.251589583491 0) (-0.231386195435 0.254772242318 0) (-0.230613018977 0.257958217264 0) (-0.229829416381 0.261147555983 0) (-0.229035345755 0.264340306407 0) (-0.22823076453 0.26753651675 0) (-0.227415629459 0.270736235517 0) (-0.226589896607 0.273939511501 0) (-0.225753521345 0.277146393794 0) (-0.224906458343 0.280356931788 0) (-0.224048661564 0.283571175178 0) (-0.223180084252 0.286789173971 0) (-0.222300678932 0.290010978486 0) (-0.221410397395 0.293236639359 0) (-0.220509190694 0.296466207552 0) (-0.219597009137 0.299699734351 0) (-0.218673802276 0.302937271375 0) (-0.2177395189 0.306178870581 0) (-0.216794107028 0.309424584264 0) (-0.215837513899 0.312674465067 0) (-0.214869685965 0.315928565984 0) (-0.21389056888 0.319186940362 0))
    polyLine 16 20 ((0.0189745319101 0.176387033746 -0.03) (0.0191659343334 0.177264091865 -0.03) (0.019358286004 0.178140942289 -0.03) (0.0195515866964 0.17901758399 -0.03) (0.0197458361842 0.179894015943 -0.03) (0.0199410342397 0.180770237119 -0.03) (0.0201371806343 0.181646246493 -0.03) (0.0203342751382 0.182522043038 -0.03) (0.0205323175203 0.183397625727 -0.03) (0.0207313075487 0.184272993535 -0.03) (0.0209312449902 0.185148145436 -0.03) (0.0211321296105 0.186023080406 -0.03) (0.0213339611744 0.186897797417 -0.03) (0.0215367394452 0.187772295447 -0.03) (0.0217404641855 0.18864657347 -0.03) (0.0219451351565 0.189520630461 -0.03) (0.0221507521184 0.190394465398 -0.03) (0.0223573148303 0.191268077255 -0.03) (0.0225648230501 0.192141465009 -0.03) (0.0227732765348 0.193014627638 -0.03) (0.0229826750402 0.193887564117 -0.03) (0.0231930183207 0.194760273424 -0.03) (0.0234043061301 0.195632754537 -0.03) (0.0236165382207 0.196505006434 -0.03) (0.023829714344 0.197377028091 -0.03) (0.02404383425 0.198248818489 -0.03) (0.0242588976879 0.199120376604 -0.03) (0.0244749044058 0.199991701417 -0.03) (0.0246918541506 0.200862791905 -0.03) (0.024909746668 0.201733647049 -0.03) (0.0251285817028 0.202604265828 -0.03) (0.0253483589986 0.203474647222 -0.03) (0.0255690782979 0.204344790212 -0.03) (0.0257907393419 0.205214693777 -0.03) (0.0260133418712 0.206084356898 -0.03) (0.0262368856247 0.206953778557 -0.03) (0.0264613703407 0.207822957735 -0.03) (0.026686795756 0.208691893413 -0.03) (0.0269131616066 0.209560584574 -0.03) (0.0271404676272 0.210429030199 -0.03) (0.0273687135516 0.211297229271 -0.03) (0.0275978991122 0.212165180773 -0.03) (0.0278280240406 0.213032883688 -0.03) (0.028059088067 0.213900336999 -0.03) (0.0282910909209 0.21476753969 -0.03) (0.0285240323303 0.215634490744 -0.03) (0.0287579120224 0.216501189146 -0.03) (0.028992729723 0.217367633881 -0.03) (0.0292284851572 0.218233823933 -0.03) (0.0294651780485 0.219099758288 -0.03))
    polyLine 18 22 ((0.0189745319101 0.176387033746 0) (0.0191659343334 0.177264091865 0) (0.019358286004 0.178140942289 0) (0.0195515866964 0.17901758399 0) (0.0197458361842 0.179894015943 0) (0.0199410342397 0.180770237119 0) (0.0201371806343 0.181646246493 0) (0.0203342751382 0.182522043038 0) (0.0205323175203 0.183397625727 0) (0.0207313075487 0.184272993535 0) (0.0209312449902 0.185148145436 0) (0.0211321296105 0.186023080406 0) (0.0213339611744 0.186897797417 0) (0.0215367394452 0.187772295447 0) (0.0217404641855 0.18864657347 0) (0.0219451351565 0.189520630461 0) (0.0221507521184 0.190394465398 0) (0.0223573148303 0.191268077255 0) (0.0225648230501 0.192141465009 0) (0.0227732765348 0.193014627638 0) (0.0229826750402 0.193887564117 0) (0.0231930183207 0.194760273424 0) (0.0234043061301 0.195632754537 0) (0.0236165382207 0.196505006434 0) (0.023829714344 0.197377028091 0) (0.02404383425 0.198248818489 0) (0.0242588976879 0.199120376604 0) (0.0244749044058 0.199991701417 0) (0.0246918541506 0.200862791905 0) (0.024909746668 0.201733647049 0) (0.0251285817028 0.202604265828 0) (0.0253483589986 0.203474647222 0) (0.0255690782979 0.204344790212 0) (0.0257907393419 0.205214693777 0) (0.0260133418712 0.206084356898 0) (0.0262368856247 0.206953778557 0) (0.0264613703407 0.207822957735 0) (0.026686795756 0.208691893413 0) (0.0269131616066 0.209560584574 0) (0.0271404676272 0.210429030199 0) (0.0273687135516 0.211297229271 0) (0.0275978991122 0.212165180773 0) (0.0278280240406 0.213032883688 0) (0.028059088067 0.213900336999 0) (0.0282910909209 0.21476753969 0) (0.0285240323303 0.215634490744 0) (0.0287579120224 0.216501189146 0) (0.028992729723 0.217367633881 0) (0.0292284851572 0.218233823933 0) (0.0294651780485 0.219099758288 0))
    polyLine 17 21 ((-0.211968034976 0.325490201677 -0.03) (-0.211026041583 0.328534600437 -0.03) (-0.210074080929 0.331582882355 -0.03) (-0.209112105999 0.334635091879 -0.03) (-0.208140069137 0.337691273747 -0.03) (-0.207157922045 0.340751472986 -0.03) (-0.206165615773 0.343815734921 -0.03) (-0.205163100712 0.346884105177 -0.03) (-0.204150326586 0.349956629678 -0.03) (-0.203127242447 0.353033354658 -0.03) (-0.202093796667 0.356114326661 -0.03) (-0.20104993693 0.359199592545 -0.03) (-0.199995610222 0.362289199485 -0.03) (-0.19893076283 0.365383194979 -0.03) (-0.197855340327 0.368481626852 -0.03) (-0.196769287568 0.371584543257 -0.03) (-0.195672548681 0.374691992682 -0.03) (-0.194565067058 0.377804023952 -0.03) (-0.193446785349 0.380920686235 -0.03) (-0.192317645451 0.384042029045 -0.03) (-0.1911775885 0.387168102246 -0.03) (-0.190026554864 0.390298956058 -0.03) (-0.188864484133 0.393434641056 -0.03))
    polyLine 19 23 ((-0.211968034976 0.325490201677 0) (-0.211026041583 0.328534600437 0) (-0.210074080929 0.331582882355 0) (-0.209112105999 0.334635091879 0) (-0.208140069137 0.337691273747 0) (-0.207157922045 0.340751472986 0) (-0.206165615773 0.343815734921 0) (-0.205163100712 0.346884105177 0) (-0.204150326586 0.349956629678 0) (-0.203127242447 0.353033354658 0) (-0.202093796667 0.356114326661 0) (-0.20104993693 0.359199592545 0) (-0.199995610222 0.362289199485 0) (-0.19893076283 0.365383194979 0) (-0.197855340327 0.368481626852 0) (-0.196769287568 0.371584543257 0) (-0.195672548681 0.374691992682 0) (-0.194565067058 0.377804023952 0) (-0.193446785349 0.380920686235 0) (-0.192317645451 0.384042029045 0) (-0.1911775885 0.387168102246 0) (-0.190026554864 0.390298956058 0) (-0.188864484133 0.393434641056 0))
    polyLine 20 24 ((0.0297028081198 0.21996543593 -0.03) (0.0299413750926 0.220830855845 -0.03) (0.0301808786873 0.221696017021 -0.03) (0.0304213186234 0.222560918442 -0.03) (0.0306626946192 0.223425559095 -0.03) (0.0309050063917 0.224289937968 -0.03) (0.0311482536572 0.225154054047 -0.03) (0.0313924361306 0.226017906321 -0.03) (0.0316375535258 0.226881493777 -0.03) (0.0318836055556 0.227744815402 -0.03) (0.0321305919317 0.228607870187 -0.03) (0.0323785123648 0.229470657119 -0.03) (0.0326273665643 0.230333175187 -0.03) (0.0328771542387 0.231195423381 -0.03) (0.0331278750953 0.232057400692 -0.03) (0.0333795288404 0.232919106107 -0.03) (0.0336321151791 0.233780538619 -0.03) (0.0338856338154 0.234641697218 -0.03) (0.0341400844523 0.235502580894 -0.03) (0.0343954667917 0.23636318864 -0.03) (0.0346517805344 0.237223519446 -0.03) (0.03490902538 0.238083572305 -0.03) (0.0351672010271 0.238943346209 -0.03) (0.0354263071733 0.239802840151 -0.03) (0.0356863435149 0.240662053123 -0.03) (0.0359473097473 0.24152098412 -0.03) (0.0362092055647 0.242379632134 -0.03) (0.0364720306602 0.243237996159 -0.03) (0.036735784726 0.24409607519 -0.03) (0.0370004674529 0.244953868222 -0.03) (0.0372660785309 0.245811374249 -0.03) (0.0375326176488 0.246668592266 -0.03) (0.0378000844942 0.24752552127 -0.03) (0.0380684787538 0.248382160256 -0.03) (0.0383378001131 0.24923850822 -0.03) (0.0386080482565 0.25009456416 -0.03) (0.0388792228674 0.250950327072 -0.03) (0.0391513236282 0.251805795953 -0.03) (0.0394243502198 0.252660969802 -0.03) (0.0396983023226 0.253515847616 -0.03) (0.0399731796154 0.254370428393 -0.03) (0.0402489817763 0.255224711132 -0.03) (0.0405257084821 0.256078694833 -0.03) (0.0408033594085 0.256932378495 -0.03) (0.0410819342302 0.257785761117 -0.03) (0.0413614326208 0.258638841699 -0.03) (0.041641854253 0.259491619243 -0.03) (0.041923198798 0.260344092749 -0.03) (0.0422054659262 0.261196261218 -0.03))
    polyLine 22 26 ((0.0297028081198 0.21996543593 0) (0.0299413750926 0.220830855845 0) (0.0301808786873 0.221696017021 0) (0.0304213186234 0.222560918442 0) (0.0306626946192 0.223425559095 0) (0.0309050063917 0.224289937968 0) (0.0311482536572 0.225154054047 0) (0.0313924361306 0.226017906321 0) (0.0316375535258 0.226881493777 0) (0.0318836055556 0.227744815402 0) (0.0321305919317 0.228607870187 0) (0.0323785123648 0.229470657119 0) (0.0326273665643 0.230333175187 0) (0.0328771542387 0.231195423381 0) (0.0331278750953 0.232057400692 0) (0.0333795288404 0.232919106107 0) (0.0336321151791 0.233780538619 0) (0.0338856338154 0.234641697218 0) (0.0341400844523 0.235502580894 0) (0.0343954667917 0.23636318864 0) (0.0346517805344 0.237223519446 0) (0.03490902538 0.238083572305 0) (0.0351672010271 0.238943346209 0) (0.0354263071733 0.239802840151 0) (0.0356863435149 0.240662053123 0) (0.0359473097473 0.24152098412 0) (0.0362092055647 0.242379632134 0) (0.0364720306602 0.243237996159 0) (0.036735784726 0.24409607519 0) (0.0370004674529 0.244953868222 0) (0.0372660785309 0.245811374249 0) (0.0375326176488 0.246668592266 0) (0.0378000844942 0.24752552127 0) (0.0380684787538 0.248382160256 0) (0.0383378001131 0.24923850822 0) (0.0386080482565 0.25009456416 0) (0.0388792228674 0.250950327072 0) (0.0391513236282 0.251805795953 0) (0.0394243502198 0.252660969802 0) (0.0396983023226 0.253515847616 0) (0.0399731796154 0.254370428393 0) (0.0402489817763 0.255224711132 0) (0.0405257084821 0.256078694833 0) (0.0408033594085 0.256932378495 0) (0.0410819342302 0.257785761117 0) (0.0413614326208 0.258638841699 0) (0.041641854253 0.259491619243 0) (0.041923198798 0.260344092749 0) (0.0422054659262 0.261196261218 0))
    polyLine 21 25 ((-0.186597807049 0.399480367303 -0.03) (-0.185494728417 0.402389775968 -0.03) (-0.18438202916 0.405303475166 -0.03) (-0.183259658627 0.408221506159 -0.03) (-0.182127565559 0.41114391049 -0.03) (-0.180985698088 0.414070729983 -0.03) (-0.179834003725 0.417002006749 -0.03) (-0.178672429358 0.41993778319 -0.03) (-0.17750092124 0.422878101997 -0.03) (-0.176319424987 0.425823006159 -0.03) (-0.175127885567 0.428772538963 -0.03) (-0.173926247295 0.431726743999 -0.03) (-0.172714453827 0.43468566516 -0.03) (-0.171492448147 0.43764934665 -0.03) (-0.170260172566 0.440617832985 -0.03) (-0.169017568712 0.443591168996 -0.03) (-0.167764577521 0.446569399832 -0.03) (-0.16650113923 0.449552570967 -0.03) (-0.165227193371 0.4525407282 -0.03) (-0.163942678759 0.455533917659 -0.03) (-0.162647533487 0.458532185806 -0.03) (-0.161341694917 0.461535579441 -0.03) (-0.160025099672 0.464544145702 -0.03))
    polyLine 23 27 ((-0.186597807049 0.399480367303 0) (-0.185494728417 0.402389775968 0) (-0.18438202916 0.405303475166 0) (-0.183259658627 0.408221506159 0) (-0.182127565559 0.41114391049 0) (-0.180985698088 0.414070729983 0) (-0.179834003725 0.417002006749 0) (-0.178672429358 0.41993778319 0) (-0.17750092124 0.422878101997 0) (-0.176319424987 0.425823006159 0) (-0.175127885567 0.428772538963 0) (-0.173926247295 0.431726743999 0) (-0.172714453827 0.43468566516 0) (-0.171492448147 0.43764934665 0) (-0.170260172566 0.440617832985 0) (-0.169017568712 0.443591168996 0) (-0.167764577521 0.446569399832 0) (-0.16650113923 0.449552570967 0) (-0.165227193371 0.4525407282 0) (-0.163942678759 0.455533917659 0) (-0.162647533487 0.458532185806 0) (-0.161341694917 0.461535579441 0) (-0.160025099672 0.464544145702 0))
    polyLine 24 28 ((0.042488655307 0.262048123651 -0.03) (0.0427727666085 0.262899679051 -0.03) (0.0430577994978 0.26375092642 -0.03) (0.0433437536411 0.26460186476 -0.03) (0.0436306287031 0.265452493075 -0.03) (0.0439184243479 0.266302810367 -0.03) (0.0442071402381 0.267152815641 -0.03) (0.0444967760356 0.268002507901 -0.03) (0.044787331401 0.26885188615 -0.03) (0.0450788059938 0.269700949394 -0.03) (0.0453711994725 0.270549696639 -0.03) (0.0456645114946 0.271398126888 -0.03) (0.0459587417163 0.272246239149 -0.03) (0.046253889793 0.273094032428 -0.03) (0.0465499553788 0.273941505732 -0.03) (0.0468469381268 0.274788658066 -0.03) (0.0471448376891 0.27563548844 -0.03) (0.0474436537166 0.27648199586 -0.03) (0.0477433858592 0.277328179336 -0.03) (0.0480440337657 0.278174037874 -0.03) (0.0483455970839 0.279019570485 -0.03) (0.0486480754604 0.279864776178 -0.03) (0.0489514685409 0.280709653961 -0.03) (0.0492557759698 0.281554202847 -0.03) (0.0495609973906 0.282398421844 -0.03) (0.0498671324457 0.283242309964 -0.03) (0.0501741807764 0.284085866218 -0.03) (0.0504821420229 0.284929089617 -0.03) (0.0507910158244 0.285771979175 -0.03) (0.051100801819 0.286614533902 -0.03) (0.0514114996438 0.287456752812 -0.03) (0.0517231089347 0.288298634918 -0.03) (0.0520356293266 0.289140179234 -0.03) (0.0523490604534 0.289981384774 -0.03) (0.0526634019477 0.290822250551 -0.03) (0.0529786534413 0.291662775582 -0.03) (0.0532948145649 0.29250295888 -0.03) (0.0536118849479 0.293342799462 -0.03) (0.053929864219 0.294182296343 -0.03) (0.0542487520054 0.295021448541 -0.03) (0.0545685479337 0.295860255071 -0.03) (0.054889251629 0.296698714951 -0.03) (0.0552108627157 0.297536827199 -0.03) (0.0555333808169 0.298374590833 -0.03) (0.0558568055548 0.29921200487 -0.03) (0.0561811365503 0.30004906833 -0.03) (0.0565063734235 0.300885780232 -0.03) (0.0568325157933 0.301722139596 -0.03) (0.0571595632776 0.302558145442 -0.03) (0.0574875154932 0.30339379679 -0.03))
    polyLine 26 30 ((0.042488655307 0.262048123651 0) (0.0427727666085 0.262899679051 0) (0.0430577994978 0.26375092642 0) (0.0433437536411 0.26460186476 0) (0.0436306287031 0.265452493075 0) (0.0439184243479 0.266302810367 0) (0.0442071402381 0.267152815641 0) (0.0444967760356 0.268002507901 0) (0.044787331401 0.26885188615 0) (0.0450788059938 0.269700949394 0) (0.0453711994725 0.270549696639 0) (0.0456645114946 0.271398126888 0) (0.0459587417163 0.272246239149 0) (0.046253889793 0.273094032428 0) (0.0465499553788 0.273941505732 0) (0.0468469381268 0.274788658066 0) (0.0471448376891 0.27563548844 0) (0.0474436537166 0.27648199586 0) (0.0477433858592 0.277328179336 0) (0.0480440337657 0.278174037874 0) (0.0483455970839 0.279019570485 0) (0.0486480754604 0.279864776178 0) (0.0489514685409 0.280709653961 0) (0.0492557759698 0.281554202847 0) (0.0495609973906 0.282398421844 0) (0.0498671324457 0.283242309964 0) (0.0501741807764 0.284085866218 0) (0.0504821420229 0.284929089617 0) (0.0507910158244 0.285771979175 0) (0.051100801819 0.286614533902 0) (0.0514114996438 0.287456752812 0) (0.0517231089347 0.288298634918 0) (0.0520356293266 0.289140179234 0) (0.0523490604534 0.289981384774 0) (0.0526634019477 0.290822250551 0) (0.0529786534413 0.291662775582 0) (0.0532948145649 0.29250295888 0) (0.0536118849479 0.293342799462 0) (0.053929864219 0.294182296343 0) (0.0542487520054 0.295021448541 0) (0.0545685479337 0.295860255071 0) (0.054889251629 0.296698714951 0) (0.0552108627157 0.297536827199 0) (0.0555333808169 0.298374590833 0) (0.0558568055548 0.29921200487 0) (0.0561811365503 0.30004906833 0) (0.0565063734235 0.300885780232 0) (0.0568325157933 0.301722139596 0) (0.0571595632776 0.302558145442 0) (0.0574875154932 0.30339379679 0))
    polyLine 25 29 ((-0.157466492371 0.470336067537 -0.03) (-0.156226031035 0.473118701893 -0.03) (-0.154976247924 0.47590587294 -0.03) (-0.153717090782 0.478697618734 -0.03) (-0.152448506786 0.481493977588 -0.03) (-0.151170442544 0.484294988081 -0.03) (-0.149882844079 0.487100689057 -0.03) (-0.148585656832 0.489911119627 -0.03) (-0.147278825652 0.492726319174 -0.03) (-0.14596229479 0.495546327356 -0.03) (-0.14463600789 0.498371184104 -0.03) (-0.143299907987 0.501200929631 -0.03) (-0.141953937497 0.504035604433 -0.03) (-0.140598038211 0.506875249289 -0.03) (-0.139232151289 0.509719905266 -0.03) (-0.13785621725 0.512569613724 -0.03) (-0.136470175969 0.515424416315 -0.03) (-0.135073966669 0.518284354988 -0.03) (-0.13366752791 0.521149471993 -0.03) (-0.132250797585 0.524019809882 -0.03) (-0.130823712913 0.526895411515 -0.03) (-0.12938621043 0.529776320059 -0.03) (-0.12793822598 0.532662578993 -0.03))
    polyLine 27 31 ((-0.157466492371 0.470336067537 0) (-0.156226031035 0.473118701893 0) (-0.154976247924 0.47590587294 0) (-0.153717090782 0.478697618734 0) (-0.152448506786 0.481493977588 0) (-0.151170442544 0.484294988081 0) (-0.149882844079 0.487100689057 0) (-0.148585656832 0.489911119627 0) (-0.147278825652 0.492726319174 0) (-0.14596229479 0.495546327356 0) (-0.14463600789 0.498371184104 0) (-0.143299907987 0.501200929631 0) (-0.141953937497 0.504035604433 0) (-0.140598038211 0.506875249289 0) (-0.139232151289 0.509719905266 0) (-0.13785621725 0.512569613724 0) (-0.136470175969 0.515424416315 0) (-0.135073966669 0.518284354988 0) (-0.13366752791 0.521149471993 0) (-0.132250797585 0.524019809882 0) (-0.130823712913 0.526895411515 0) (-0.12938621043 0.529776320059 0) (-0.12793822598 0.532662578993 0))
    polyLine 28 32 ((0.0578163720558 0.304229092661 -0.03) (0.0581461325801 0.305064032076 -0.03) (0.0584767966798 0.305898614058 -0.03) (0.0588083639674 0.306732837628 -0.03) (0.0591408340545 0.307566701809 -0.03) (0.0594742065514 0.308400205623 -0.03) (0.0598084810676 0.309233348095 -0.03) (0.0601436572115 0.310066128249 -0.03) (0.0604797345903 0.310898545107 -0.03) (0.0608167128102 0.311730597696 -0.03) (0.0611545914765 0.31256228504 -0.03) (0.0614933701932 0.313393606164 -0.03) (0.0618330485634 0.314224560095 -0.03) (0.0621736261891 0.31505514586 -0.03) (0.0625151026713 0.315885362484 -0.03) (0.0628574776099 0.316715208995 -0.03) (0.0632007506036 0.317544684421 -0.03) (0.0635449212504 0.31837378779 -0.03) (0.063889989147 0.319202518131 -0.03) (0.064235953889 0.320030874473 -0.03) (0.0645828150712 0.320858855844 -0.03) (0.064930572287 0.321686461275 -0.03) (0.0652792251291 0.322513689796 -0.03) (0.0656287731889 0.323340540439 -0.03) (0.0659792160569 0.324167012233 -0.03) (0.0663305533224 0.324993104212 -0.03) (0.0666827845739 0.325818815406 -0.03) (0.0670359093986 0.326644144849 -0.03) (0.0673899273829 0.327469091573 -0.03) (0.0677448381118 0.328293654612 -0.03) (0.0681006411695 0.329117833 -0.03) (0.0684573361393 0.329941625771 -0.03) (0.0688149226031 0.33076503196 -0.03) (0.0691734001419 0.331588050602 -0.03) (0.0695327683358 0.332410680733 -0.03) (0.0698930267638 0.333232921389 -0.03) (0.0702541750036 0.334054771606 -0.03) (0.0706162126321 0.334876230422 -0.03) (0.0709791392252 0.335697296874 -0.03) (0.0713429543577 0.336517970001 -0.03) (0.0717076576031 0.33733824884 -0.03) (0.0720732485344 0.33815813243 -0.03) (0.072439726723 0.338977619811 -0.03) (0.0728070917397 0.339796710023 -0.03) (0.0731753431539 0.340615402106 -0.03) (0.0735444805342 0.341433695101 -0.03) (0.0739145034481 0.342251588049 -0.03) (0.0742854114621 0.343069079992 -0.03) (0.0746572041416 0.343886169971 -0.03))
    polyLine 30 34 ((0.0578163720558 0.304229092661 0) (0.0581461325801 0.305064032076 0) (0.0584767966798 0.305898614058 0) (0.0588083639674 0.306732837628 0) (0.0591408340545 0.307566701809 0) (0.0594742065514 0.308400205623 0) (0.0598084810676 0.309233348095 0) (0.0601436572115 0.310066128249 0) (0.0604797345903 0.310898545107 0) (0.0608167128102 0.311730597696 0) (0.0611545914765 0.31256228504 0) (0.0614933701932 0.313393606164 0) (0.0618330485634 0.314224560095 0) (0.0621736261891 0.31505514586 0) (0.0625151026713 0.315885362484 0) (0.0628574776099 0.316715208995 0) (0.0632007506036 0.317544684421 0) (0.0635449212504 0.31837378779 0) (0.063889989147 0.319202518131 0) (0.064235953889 0.320030874473 0) (0.0645828150712 0.320858855844 0) (0.064930572287 0.321686461275 0) (0.0652792251291 0.322513689796 0) (0.0656287731889 0.323340540439 0) (0.0659792160569 0.324167012233 0) (0.0663305533224 0.324993104212 0) (0.0666827845739 0.325818815406 0) (0.0670359093986 0.326644144849 0) (0.0673899273829 0.327469091573 0) (0.0677448381118 0.328293654612 0) (0.0681006411695 0.329117833 0) (0.0684573361393 0.329941625771 0) (0.0688149226031 0.33076503196 0) (0.0691734001419 0.331588050602 0) (0.0695327683358 0.332410680733 0) (0.0698930267638 0.333232921389 0) (0.0702541750036 0.334054771606 0) (0.0706162126321 0.334876230422 0) (0.0709791392252 0.335697296874 0) (0.0713429543577 0.336517970001 0) (0.0717076576031 0.33733824884 0) (0.0720732485344 0.33815813243 0) (0.072439726723 0.338977619811 0) (0.0728070917397 0.339796710023 0) (0.0731753431539 0.340615402106 0) (0.0735444805342 0.341433695101 0) (0.0739145034481 0.342251588049 0) (0.0742854114621 0.343069079992 0) (0.0746572041416 0.343886169971 0))
    polyLine 29 33 ((-0.125128823548 0.538218668574 -0.03) (-0.123768923154 0.540887740205 -0.03) (-0.122399941469 0.543561481807 -0.03) (-0.121021825908 0.546239928414 -0.03) (-0.119634523364 0.548923115295 -0.03) (-0.118237980192 0.551611077961 -0.03) (-0.116832142213 0.554303852165 -0.03) (-0.1154169547 0.557001473901 -0.03) (-0.113992362378 0.559703979413 -0.03) (-0.112558309416 0.562411405192 -0.03) (-0.11111473942 0.565123787979 -0.03) (-0.109661595431 0.567841164771 -0.03) (-0.108198819912 0.570563572819 -0.03) (-0.106726354751 0.573291049634 -0.03) (-0.105244141245 0.576023632986 -0.03) (-0.103752120102 0.578761360911 -0.03) (-0.102250231429 0.581504271708 -0.03) (-0.100738414728 0.584252403946 -0.03) (-0.0992166088908 0.587005796466 -0.03) (-0.097684752188 0.589764488382 -0.03) (-0.0961427822661 0.592528519083 -0.03) (-0.0945906361393 0.59529792824 -0.03) (-0.0930282501827 0.598072755803 -0.03))
    polyLine 31 35 ((-0.125128823548 0.538218668574 0) (-0.123768923154 0.540887740205 0) (-0.122399941469 0.543561481807 0) (-0.121021825908 0.546239928414 0) (-0.119634523364 0.548923115295 0) (-0.118237980192 0.551611077961 0) (-0.116832142213 0.554303852165 0) (-0.1154169547 0.557001473901 0) (-0.113992362378 0.559703979413 0) (-0.112558309416 0.562411405192 0) (-0.11111473942 0.565123787979 0) (-0.109661595431 0.567841164771 0) (-0.108198819912 0.570563572819 0) (-0.106726354751 0.573291049634 0) (-0.105244141245 0.576023632986 0) (-0.103752120102 0.578761360911 0) (-0.102250231429 0.581504271708 0) (-0.100738414728 0.584252403946 0) (-0.0992166088908 0.587005796466 0) (-0.097684752188 0.589764488382 0) (-0.0961427822661 0.592528519083 0) (-0.0945906361393 0.59529792824 0) (-0.0930282501827 0.598072755803 0))
    polyLine 32 36 ((0.0750298810509 0.34470285703 -0.03) (0.0754034417534 0.345519140212 -0.03) (0.0757778858115 0.346335018559 -0.03) (0.0761532127863 0.347150491117 -0.03) (0.0765294222381 0.34796555693 -0.03) (0.0769065137262 0.348780215043 -0.03) (0.0772844868087 0.349594464501 -0.03) (0.0776633410428 0.35040830435 -0.03) (0.0780430759845 0.351221733637 -0.03) (0.078423691189 0.352034751409 -0.03) (0.0788051862102 0.352847356713 -0.03) (0.0791875606013 0.353659548596 -0.03) (0.0795708139141 0.354471326108 -0.03) (0.0799549456997 0.355282688298 -0.03) (0.0803399555079 0.356093634214 -0.03) (0.0807258428877 0.356904162906 -0.03) (0.0811126073869 0.357714273425 -0.03) (0.0815002485524 0.358523964822 -0.03) (0.0818887659299 0.359333236147 -0.03) (0.0822781590644 0.360142086453 -0.03) (0.0826684274994 0.360950514792 -0.03) (0.0830595707778 0.361758520217 -0.03) (0.0834515884413 0.362566101781 -0.03) (0.0838444800306 0.363373258538 -0.03) (0.0842382450852 0.364179989542 -0.03) (0.0846328831439 0.364986293848 -0.03) (0.0850283937443 0.365792170511 -0.03) (0.085424776423 0.366597618587 -0.03) (0.0858220307155 0.367402637132 -0.03) (0.0862201561564 0.368207225203 -0.03) (0.0866191522791 0.369011381857 -0.03) (0.0870190186164 0.369815106153 -0.03) (0.0874197546995 0.370618397148 -0.03) (0.087821360059 0.371421253901 -0.03) (0.0882238342243 0.372223675472 -0.03) (0.0886271767239 0.37302566092 -0.03) (0.0890313870852 0.373827209306 -0.03) (0.0894364648346 0.37462831969 -0.03) (0.0898424094975 0.375428991134 -0.03) (0.0902492205982 0.3762292227 -0.03) (0.09065689766 0.377029013451 -0.03) (0.0910654402054 0.377828362448 -0.03) (0.0914748477557 0.378627268756 -0.03) (0.0918851198311 0.379425731438 -0.03) (0.0922962559509 0.380223749559 -0.03) (0.0927082556336 0.381021322185 -0.03) (0.0931211183962 0.381818448379 -0.03) (0.0935348437551 0.382615127209 -0.03) (0.0939494312255 0.383411357742 -0.03) (0.0943648803217 0.384207139043 -0.03))
    polyLine 34 38 ((0.0750298810509 0.34470285703 0) (0.0754034417534 0.345519140212 0) (0.0757778858115 0.346335018559 0) (0.0761532127863 0.347150491117 0) (0.0765294222381 0.34796555693 0) (0.0769065137262 0.348780215043 0) (0.0772844868087 0.349594464501 0) (0.0776633410428 0.35040830435 0) (0.0780430759845 0.351221733637 0) (0.078423691189 0.352034751409 0) (0.0788051862102 0.352847356713 0) (0.0791875606013 0.353659548596 0) (0.0795708139141 0.354471326108 0) (0.0799549456997 0.355282688298 0) (0.0803399555079 0.356093634214 0) (0.0807258428877 0.356904162906 0) (0.0811126073869 0.357714273425 0) (0.0815002485524 0.358523964822 0) (0.0818887659299 0.359333236147 0) (0.0822781590644 0.360142086453 0) (0.0826684274994 0.360950514792 0) (0.0830595707778 0.361758520217 0) (0.0834515884413 0.362566101781 0) (0.0838444800306 0.363373258538 0) (0.0842382450852 0.364179989542 0) (0.0846328831439 0.364986293848 0) (0.0850283937443 0.365792170511 0) (0.085424776423 0.366597618587 0) (0.0858220307155 0.367402637132 0) (0.0862201561564 0.368207225203 0) (0.0866191522791 0.369011381857 0) (0.0870190186164 0.369815106153 0) (0.0874197546995 0.370618397148 0) (0.087821360059 0.371421253901 0) (0.0882238342243 0.372223675472 0) (0.0886271767239 0.37302566092 0) (0.0890313870852 0.373827209306 0) (0.0894364648346 0.37462831969 0) (0.0898424094975 0.375428991134 0) (0.0902492205982 0.3762292227 0) (0.09065689766 0.377029013451 0) (0.0910654402054 0.377828362448 0) (0.0914748477557 0.378627268756 0) (0.0918851198311 0.379425731438 0) (0.0922962559509 0.380223749559 0) (0.0927082556336 0.381021322185 0) (0.0931211183962 0.381818448379 0) (0.0935348437551 0.382615127209 0) (0.0939494312255 0.383411357742 0) (0.0943648803217 0.384207139043 0))
    polyLine 33 37 ((-0.0899973536837 0.603419581659 -0.03) (-0.0885302934656 0.60599082159 -0.03) (-0.087054327712 0.608566793925 -0.03) (-0.0855694041783 0.611147531002 -0.03) (-0.0840754701296 0.613733065373 -0.03) (-0.0825724723349 0.616323429809 -0.03) (-0.0810603570627 0.618918657296 -0.03) (-0.0795390700755 0.621518781043 -0.03) (-0.0780085566248 0.624123834482 -0.03) (-0.0764687614458 0.626733851268 -0.03) (-0.0749196287517 0.629348865285 -0.03) (-0.0733611022289 0.631968910644 -0.03) (-0.0717931250311 0.634594021688 -0.03) (-0.0702156397739 0.637224232991 -0.03) (-0.0686285885291 0.639859579365 -0.03) (-0.0670319128193 0.642500095858 -0.03) (-0.0654255536116 0.645145817758 -0.03) (-0.0638094513124 0.647796780592 -0.03) (-0.0621835457612 0.650453020135 -0.03) (-0.0605477762247 0.653114572406 -0.03) (-0.0589020813904 0.655781473672 -0.03) (-0.0572463993613 0.658453760453 -0.03) (-0.0555806676487 0.661131469518 -0.03))
    polyLine 35 39 ((-0.0899973536837 0.603419581659 0) (-0.0885302934656 0.60599082159 0) (-0.087054327712 0.608566793925 0) (-0.0855694041783 0.611147531002 0) (-0.0840754701296 0.613733065373 0) (-0.0825724723349 0.616323429809 0) (-0.0810603570627 0.618918657296 0) (-0.0795390700755 0.621518781043 0) (-0.0780085566248 0.624123834482 0) (-0.0764687614458 0.626733851268 0) (-0.0749196287517 0.629348865285 0) (-0.0733611022289 0.631968910644 0) (-0.0717931250311 0.634594021688 0) (-0.0702156397739 0.637224232991 0) (-0.0686285885291 0.639859579365 0) (-0.0670319128193 0.642500095858 0) (-0.0654255536116 0.645145817758 0) (-0.0638094513124 0.647796780592 0) (-0.0621835457612 0.650453020135 0) (-0.0605477762247 0.653114572406 0) (-0.0589020813904 0.655781473672 0) (-0.0572463993613 0.658453760453 0) (-0.0555806676487 0.661131469518 0))
    polyLine 36 40 ((0.0947811905569 0.385002470181 -0.03) (0.0951983614433 0.385797350224 -0.03) (0.0956163924921 0.38659177824 -0.03) (0.0960352832136 0.387385753299 -0.03) (0.096455033117 0.38817927447 -0.03) (0.0968756417103 0.388972340825 -0.03) (0.0972971085009 0.389764951432 -0.03) (0.0977194329949 0.390557105365 -0.03) (0.0981426146975 0.391348801694 -0.03) (0.0985666531128 0.392140039492 -0.03) (0.098991547744 0.392930817832 -0.03) (0.0994172980934 0.393721135788 -0.03) (0.0998439036619 0.394510992433 -0.03) (0.10027136395 0.395300386842 -0.03) (0.100699678456 0.39608931809 -0.03) (0.10112884668 0.396877785253 -0.03) (0.101558868117 0.397665787407 -0.03) (0.101989742264 0.398453323629 -0.03) (0.102421468616 0.399240392995 -0.03) (0.102854046668 0.400026994584 -0.03) (0.103287475912 0.400813127475 -0.03) (0.103721755841 0.401598790745 -0.03) (0.104156885946 0.402383983475 -0.03) (0.104592865717 0.403168704744 -0.03) (0.105029694643 0.403952953633 -0.03) (0.105467372212 0.404736729224 -0.03) (0.105905897912 0.405520030597 -0.03) (0.106345271228 0.406302856836 -0.03) (0.106785491647 0.407085207022 -0.03) (0.107226558652 0.407867080239 -0.03) (0.107668471726 0.408648475572 -0.03) (0.108111230352 0.409429392104 -0.03) (0.10855483401 0.410209828921 -0.03) (0.108999282182 0.410989785108 -0.03) (0.109444574346 0.411769259751 -0.03) (0.109890709981 0.412548251938 -0.03) (0.110337688563 0.413326760754 -0.03) (0.11078550957 0.414104785289 -0.03) (0.111234172476 0.414882324631 -0.03) (0.111683676756 0.415659377868 -0.03) (0.112134021883 0.41643594409 -0.03) (0.112585207329 0.417212022388 -0.03) (0.113037232567 0.417987611851 -0.03) (0.113490097065 0.418762711572 -0.03) (0.113943800294 0.419537320641 -0.03) (0.114398341722 0.420311438152 -0.03) (0.114853720817 0.421085063198 -0.03) (0.115309937044 0.421858194872 -0.03) (0.11576698987 0.422630832268 -0.03))
    polyLine 38 42 ((0.0947811905569 0.385002470181 0) (0.0951983614433 0.385797350224 0) (0.0956163924921 0.38659177824 0) (0.0960352832136 0.387385753299 0) (0.096455033117 0.38817927447 0) (0.0968756417103 0.388972340825 0) (0.0972971085009 0.389764951432 0) (0.0977194329949 0.390557105365 0) (0.0981426146975 0.391348801694 0) (0.0985666531128 0.392140039492 0) (0.098991547744 0.392930817832 0) (0.0994172980934 0.393721135788 0) (0.0998439036619 0.394510992433 0) (0.10027136395 0.395300386842 0) (0.100699678456 0.39608931809 0) (0.10112884668 0.396877785253 0) (0.101558868117 0.397665787407 0) (0.101989742264 0.398453323629 0) (0.102421468616 0.399240392995 0) (0.102854046668 0.400026994584 0) (0.103287475912 0.400813127475 0) (0.103721755841 0.401598790745 0) (0.104156885946 0.402383983475 0) (0.104592865717 0.403168704744 0) (0.105029694643 0.403952953633 0) (0.105467372212 0.404736729224 0) (0.105905897912 0.405520030597 0) (0.106345271228 0.406302856836 0) (0.106785491647 0.407085207022 0) (0.107226558652 0.407867080239 0) (0.107668471726 0.408648475572 0) (0.108111230352 0.409429392104 0) (0.10855483401 0.410209828921 0) (0.108999282182 0.410989785108 0) (0.109444574346 0.411769259751 0) (0.109890709981 0.412548251938 0) (0.110337688563 0.413326760754 0) (0.11078550957 0.414104785289 0) (0.111234172476 0.414882324631 0) (0.111683676756 0.415659377868 0) (0.112134021883 0.41643594409 0) (0.112585207329 0.417212022388 0) (0.113037232567 0.417987611851 0) (0.113490097065 0.418762711572 0) (0.113943800294 0.419537320641 0) (0.114398341722 0.420311438152 0) (0.114853720817 0.421085063198 0) (0.115309937044 0.421858194872 0) (0.11576698987 0.422630832268 0))
    polyLine 37 41 ((-0.0523466063732 0.666299872467 -0.03) (-0.050779642692 0.668789833708 -0.03) (-0.0492038808983 0.671284551462 -0.03) (-0.0476192693128 0.673784055765 -0.03) (-0.0460257557976 0.676288376846 -0.03) (-0.0444232877507 0.678797545133 -0.03) (-0.0428118121023 0.681311591251 -0.03) (-0.0411912753098 0.683830546026 -0.03) (-0.0395616233529 0.686354440484 -0.03) (-0.0379228017291 0.688883305857 -0.03) (-0.0362747554486 0.691417173581 -0.03) (-0.0346174290299 0.693956075298 -0.03) (-0.032950766494 0.696500042863 -0.03) (-0.0312747113605 0.699049108336 -0.03) (-0.0295892066414 0.701603303996 -0.03) (-0.0278941948368 0.704162662331 -0.03) (-0.0261896179293 0.706727216049 -0.03) (-0.024475417379 0.709296998075 -0.03) (-0.0227515341179 0.711872041554 -0.03) (-0.0210179085448 0.714452379853 -0.03) (-0.0192744805194 0.717038046565 -0.03) (-0.0175211893576 0.719629075508 -0.03) (-0.0157579738249 0.722225500727 -0.03))
    polyLine 39 43 ((-0.0523466063732 0.666299872467 0) (-0.050779642692 0.668789833708 0) (-0.0492038808983 0.671284551462 0) (-0.0476192693128 0.673784055765 0) (-0.0460257557976 0.676288376846 0) (-0.0444232877507 0.678797545133 0) (-0.0428118121023 0.681311591251 0) (-0.0411912753098 0.683830546026 0) (-0.0395616233529 0.686354440484 0) (-0.0379228017291 0.688883305857 0) (-0.0362747554486 0.691417173581 0) (-0.0346174290299 0.693956075298 0) (-0.032950766494 0.696500042863 0) (-0.0312747113605 0.699049108336 0) (-0.0295892066414 0.701603303996 0) (-0.0278941948368 0.704162662331 0) (-0.0261896179293 0.706727216049 0) (-0.024475417379 0.709296998075 0) (-0.0227515341179 0.711872041554 0) (-0.0210179085448 0.714452379853 0) (-0.0192744805194 0.717038046565 0) (-0.0175211893576 0.719629075508 0) (-0.0157579738249 0.722225500727 0))
    polyLine 40 44 ((0.116224878759 0.42340297448 -0.03) (0.116683603174 0.424174620605 -0.03) (0.117143162577 0.424945769738 -0.03) (0.117603556432 0.425716420976 -0.03) (0.118064784197 0.426486573415 -0.03) (0.118526845333 0.427256226153 -0.03) (0.118989739298 0.428025378289 -0.03) (0.119453465549 0.428794028921 -0.03) (0.119918023545 0.429562177149 -0.03) (0.120383412739 0.430329822073 -0.03) (0.120849632588 0.431096962792 -0.03) (0.121316682544 0.43186359841 -0.03) (0.12178456206 0.432629728026 -0.03) (0.122253270589 0.433395350744 -0.03) (0.122722807581 0.434160465666 -0.03) (0.123193172485 0.434925071896 -0.03) (0.123664364752 0.435689168539 -0.03) (0.124136383828 0.436452754698 -0.03) (0.124609229161 0.437215829479 -0.03) (0.125082900197 0.437978391989 -0.03) (0.12555739638 0.438740441333 -0.03) (0.126032717155 0.439501976619 -0.03) (0.126508861965 0.440262996955 -0.03) (0.126985830251 0.441023501448 -0.03) (0.127463621456 0.441783489208 -0.03) (0.127942235019 0.442542959345 -0.03) (0.12842167038 0.443301910968 -0.03) (0.128901926976 0.444060343188 -0.03) (0.129383004245 0.444818255117 -0.03) (0.129864901624 0.445575645866 -0.03) (0.130347618547 0.446332514549 -0.03) (0.13083115445 0.447088860278 -0.03) (0.131315508765 0.447844682167 -0.03) (0.131800680925 0.448599979331 -0.03) (0.132286670362 0.449354750885 -0.03) (0.132773476507 0.450108995943 -0.03) (0.133261098788 0.450862713624 -0.03) (0.133749536634 0.451615903043 -0.03) (0.134238789474 0.452368563318 -0.03) (0.134728856734 0.453120693567 -0.03) (0.13521973784 0.453872292909 -0.03) (0.135711432216 0.454623360463 -0.03) (0.136203939287 0.45537389535 -0.03) (0.136697258476 0.45612389669 -0.03) (0.137191389204 0.456873363603 -0.03) (0.137686330892 0.457622295213 -0.03) (0.138182082961 0.458370690641 -0.03) (0.13867864483 0.459118549011 -0.03) (0.139176015917 0.459865869446 -0.03) (0.139674195639 0.460612651071 -0.03))
    polyLine 42 46 ((0.116224878759 0.42340297448 0) (0.116683603174 0.424174620605 0) (0.117143162577 0.424945769738 0) (0.117603556432 0.425716420976 0) (0.118064784197 0.426486573415 0) (0.118526845333 0.427256226153 0) (0.118989739298 0.428025378289 0) (0.119453465549 0.428794028921 0) (0.119918023545 0.429562177149 0) (0.120383412739 0.430329822073 0) (0.120849632588 0.431096962792 0) (0.121316682544 0.43186359841 0) (0.12178456206 0.432629728026 0) (0.122253270589 0.433395350744 0) (0.122722807581 0.434160465666 0) (0.123193172485 0.434925071896 0) (0.123664364752 0.435689168539 0) (0.124136383828 0.436452754698 0) (0.124609229161 0.437215829479 0) (0.125082900197 0.437978391989 0) (0.12555739638 0.438740441333 0) (0.126032717155 0.439501976619 0) (0.126508861965 0.440262996955 0) (0.126985830251 0.441023501448 0) (0.127463621456 0.441783489208 0) (0.127942235019 0.442542959345 0) (0.12842167038 0.443301910968 0) (0.128901926976 0.444060343188 0) (0.129383004245 0.444818255117 0) (0.129864901624 0.445575645866 0) (0.130347618547 0.446332514549 0) (0.13083115445 0.447088860278 0) (0.131315508765 0.447844682167 0) (0.131800680925 0.448599979331 0) (0.132286670362 0.449354750885 0) (0.132773476507 0.450108995943 0) (0.133261098788 0.450862713624 0) (0.133749536634 0.451615903043 0) (0.134238789474 0.452368563318 0) (0.134728856734 0.453120693567 0) (0.13521973784 0.453872292909 0) (0.135711432216 0.454623360463 0) (0.136203939287 0.45537389535 0) (0.136697258476 0.45612389669 0) (0.137191389204 0.456873363603 0) (0.137686330892 0.457622295213 0) (0.138182082961 0.458370690641 0) (0.13867864483 0.459118549011 0) (0.139176015917 0.459865869446 0) (0.139674195639 0.460612651071 0))
    polyLine 41 45 ((-0.0123296324305 0.727247672865 -0.03) (-0.0106657823192 0.729672726965 -0.03) (-0.00899317104955 0.732102546763 -0.03) (-0.00731174744428 0.734537160404 -0.03) (-0.00562145989265 0.736976596208 -0.03) (-0.00392225634635 0.739420882676 -0.03) (-0.00221408431522 0.741870048491 -0.03) (-0.000496890863016 0.744324122519 -0.03) (0.00122937739691 0.746783133809 -0.03) (0.00296477430599 0.749247111597 -0.03) (0.00470935416489 0.751716085308 -0.03) (0.00646317173794 0.754190084554 -0.03) (0.00822628225771 0.75666913914 -0.03) (0.00999874142951 0.75915327906 -0.03) (0.0117806054361 0.761642534505 -0.03) (0.0135719309424 0.764136935862 -0.03) (0.0153727751 0.766636513713 -0.03) (0.0171831955524 0.76914129884 -0.03) (0.0190032504393 0.771651322227 -0.03) (0.0208329984021 0.774166615058 -0.03) (0.0226724985882 0.776687208724 -0.03) (0.0245218106566 0.77921313482 -0.03) (0.0263809947829 0.781744425149 -0.03))
    polyLine 43 47 ((-0.0123296324305 0.727247672865 0) (-0.0106657823192 0.729672726965 0) (-0.00899317104955 0.732102546763 0) (-0.00731174744428 0.734537160404 0) (-0.00562145989265 0.736976596208 0) (-0.00392225634635 0.739420882676 0) (-0.00221408431522 0.741870048491 0) (-0.000496890863016 0.744324122519 0) (0.00122937739691 0.746783133809 0) (0.00296477430599 0.749247111597 0) (0.00470935416489 0.751716085308 0) (0.00646317173794 0.754190084554 0) (0.00822628225771 0.75666913914 0) (0.00999874142951 0.75915327906 0) (0.0117806054361 0.761642534505 0) (0.0135719309424 0.764136935862 0) (0.0153727751 0.766636513713 0) (0.0171831955524 0.76914129884 0) (0.0190032504393 0.771651322227 0) (0.0208329984021 0.774166615058 0) (0.0226724985882 0.776687208724 0) (0.0245218106566 0.77921313482 0) (0.0263809947829 0.781744425149 0))
    polyLine 44 48 ((0.140173183413 0.461358893011 -0.03) (0.140672978654 0.462104594391 -0.03) (0.141173580775 0.462849754338 -0.03) (0.141674989192 0.463594371979 -0.03) (0.142177203316 0.464338446441 -0.03) (0.142680222558 0.465081976852 -0.03) (0.14318404633 0.465824962341 -0.03) (0.143688674041 0.466567402039 -0.03) (0.1441941051 0.467309295074 -0.03) (0.144700338915 0.468050640577 -0.03) (0.145207374892 0.468791437681 -0.03) (0.145715212438 0.469531685517 -0.03) (0.146223850957 0.470271383217 -0.03) (0.146728964154 0.471005103276 -0.03) (0.147234077351 0.471738823335 -0.03) (0.147739190548 0.472472543394 -0.03) (0.148244303744 0.473206263453 -0.03) (0.148749416941 0.473939983512 -0.03) (0.149254530138 0.474673703571 -0.03) (0.149759643335 0.47540742363 -0.03) (0.150264756532 0.476141143689 -0.03) (0.150769869728 0.476874863748 -0.03) (0.151274982925 0.477608583807 -0.03) (0.151780096122 0.478342303866 -0.03) (0.152285209319 0.479076023925 -0.03) (0.152790322516 0.479809743984 -0.03) (0.153295435713 0.480543464043 -0.03) (0.153800548909 0.481277184103 -0.03) (0.154305662106 0.482010904162 -0.03) (0.154810775303 0.482744624221 -0.03) (0.1553158885 0.48347834428 -0.03) (0.155821001697 0.484212064339 -0.03) (0.156326114893 0.484945784398 -0.03) (0.15683122809 0.485679504457 -0.03) (0.157336341287 0.486413224516 -0.03) (0.157841454484 0.487146944575 -0.03) (0.158346567681 0.487880664634 -0.03) (0.158851680877 0.488614384693 -0.03) (0.159356794074 0.489348104752 -0.03) (0.159861907271 0.490081824811 -0.03) (0.160367020468 0.49081554487 -0.03) (0.160872133665 0.491549264929 -0.03) (0.161377246861 0.492282984988 -0.03) (0.161882360058 0.493016705047 -0.03) (0.162387473255 0.493750425106 -0.03) (0.162892586452 0.494484145165 -0.03) (0.163397699649 0.495217865224 -0.03) (0.163902812845 0.495951585284 -0.03) (0.164407926042 0.496685305343 -0.03))
    polyLine 46 50 ((0.140173183413 0.461358893011 0) (0.140672978654 0.462104594391 0) (0.141173580775 0.462849754338 0) (0.141674989192 0.463594371979 0) (0.142177203316 0.464338446441 0) (0.142680222558 0.465081976852 0) (0.14318404633 0.465824962341 0) (0.143688674041 0.466567402039 0) (0.1441941051 0.467309295074 0) (0.144700338915 0.468050640577 0) (0.145207374892 0.468791437681 0) (0.145715212438 0.469531685517 0) (0.146223850957 0.470271383217 0) (0.146728964154 0.471005103276 0) (0.147234077351 0.471738823335 0) (0.147739190548 0.472472543394 0) (0.148244303744 0.473206263453 0) (0.148749416941 0.473939983512 0) (0.149254530138 0.474673703571 0) (0.149759643335 0.47540742363 0) (0.150264756532 0.476141143689 0) (0.150769869728 0.476874863748 0) (0.151274982925 0.477608583807 0) (0.151780096122 0.478342303866 0) (0.152285209319 0.479076023925 0) (0.152790322516 0.479809743984 0) (0.153295435713 0.480543464043 0) (0.153800548909 0.481277184103 0) (0.154305662106 0.482010904162 0) (0.154810775303 0.482744624221 0) (0.1553158885 0.48347834428 0) (0.155821001697 0.484212064339 0) (0.156326114893 0.484945784398 0) (0.15683122809 0.485679504457 0) (0.157336341287 0.486413224516 0) (0.157841454484 0.487146944575 0) (0.158346567681 0.487880664634 0) (0.158851680877 0.488614384693 0) (0.159356794074 0.489348104752 0) (0.159861907271 0.490081824811 0) (0.160367020468 0.49081554487 0) (0.160872133665 0.491549264929 0) (0.161377246861 0.492282984988 0) (0.161882360058 0.493016705047 0) (0.162387473255 0.493750425106 0) (0.162892586452 0.494484145165 0) (0.163397699649 0.495217865224 0) (0.163902812845 0.495951585284 0) (0.164407926042 0.496685305343 0))
    polyLine 45 49 ((0.0299823008906 0.786624759087 -0.03) (0.0317230343161 0.788973046572 -0.03) (0.0334723607159 0.791325999752 -0.03) (0.035230329257 0.793683644356 -0.03) (0.0369969895017 0.79604600627 -0.03) (0.0387723914111 0.79841311154 -0.03) (0.0405565853491 0.800784986372 -0.03) (0.0423496220859 0.803161657134 -0.03) (0.0441515528018 0.805543150355 -0.03) (0.0459624290913 0.80792949273 -0.03) (0.0477823029666 0.810320711119 -0.03) (0.0496112268617 0.812716832548 -0.03) (0.0514492536363 0.815117884213 -0.03) (0.0532964365799 0.817523893477 -0.03) (0.0551528294158 0.819934887877 -0.03) (0.0570184863052 0.822350895119 -0.03) (0.0588934618511 0.824771943084 -0.03) (0.0607778111029 0.82719805983 -0.03) (0.0626715895604 0.829629273588 -0.03) (0.064574853178 0.83206561277 -0.03) (0.0664876583692 0.834507105965 -0.03) (0.0684100620108 0.836953781946 -0.03) (0.0703421214475 0.839405669665 -0.03))
    polyLine 47 51 ((0.0299823008906 0.786624759087 0) (0.0317230343161 0.788973046572 0) (0.0334723607159 0.791325999752 0) (0.035230329257 0.793683644356 0) (0.0369969895017 0.79604600627 0) (0.0387723914111 0.79841311154 0) (0.0405565853491 0.800784986372 0) (0.0423496220859 0.803161657134 0) (0.0441515528018 0.805543150355 0) (0.0459624290913 0.80792949273 0) (0.0477823029666 0.810320711119 0) (0.0496112268617 0.812716832548 0) (0.0514492536363 0.815117884213 0) (0.0532964365799 0.817523893477 0) (0.0551528294158 0.819934887877 0) (0.0570184863052 0.822350895119 0) (0.0588934618511 0.824771943084 0) (0.0607778111029 0.82719805983 0) (0.0626715895604 0.829629273588 0) (0.064574853178 0.83206561277 0) (0.0664876583692 0.834507105965 0) (0.0684100620108 0.836953781946 0) (0.0703421214475 0.839405669665 0))
    polyLine 48 52 ((0.164913039239 0.497419025402 -0.03) (0.165418152436 0.498152745461 -0.03) (0.165923265633 0.49888646552 -0.03) (0.166428378829 0.499620185579 -0.03) (0.166933492026 0.500353905638 -0.03) (0.167438605223 0.501087625697 -0.03) (0.16794371842 0.501821345756 -0.03) (0.168448831617 0.502555065815 -0.03) (0.168953944814 0.503288785874 -0.03) (0.16945905801 0.504022505933 -0.03) (0.169964171207 0.504756225992 -0.03) (0.170469284404 0.505489946051 -0.03) (0.170974397601 0.50622366611 -0.03) (0.171479510798 0.506957386169 -0.03) (0.171984623994 0.507691106228 -0.03) (0.172489737191 0.508424826287 -0.03) (0.172994850388 0.509158546346 -0.03) (0.173499963585 0.509892266405 -0.03) (0.174005076782 0.510625986464 -0.03) (0.174510189978 0.511359706524 -0.03) (0.175015303175 0.512093426583 -0.03) (0.175520416372 0.512827146642 -0.03) (0.176025529569 0.513560866701 -0.03) (0.176530642766 0.51429458676 -0.03) (0.177035755962 0.515028306819 -0.03) (0.177540869159 0.515762026878 -0.03) (0.178045982356 0.516495746937 -0.03) (0.178551095553 0.517229466996 -0.03) (0.17905620875 0.517963187055 -0.03) (0.179561321946 0.518696907114 -0.03) (0.180066435143 0.519430627173 -0.03) (0.18057154834 0.520164347232 -0.03) (0.181076661537 0.520898067291 -0.03) (0.181581774734 0.52163178735 -0.03) (0.18208688793 0.522365507409 -0.03) (0.182592001127 0.523099227468 -0.03) (0.183097114324 0.523832947527 -0.03) (0.183602227521 0.524566667586 -0.03) (0.184107340718 0.525300387645 -0.03) (0.184612453914 0.526034107705 -0.03) (0.185117567111 0.526767827764 -0.03) (0.185622680308 0.527501547823 -0.03) (0.186127793505 0.528235267882 -0.03) (0.186632906702 0.528968987941 -0.03) (0.187138019899 0.529702708 -0.03) (0.187643133095 0.530436428059 -0.03) (0.188148246292 0.531170148118 -0.03) (0.188653359489 0.531903868177 -0.03) (0.189158472686 0.532637588236 -0.03) (0.189663585883 0.533371308295 -0.03))
    polyLine 50 54 ((0.164913039239 0.497419025402 0) (0.165418152436 0.498152745461 0) (0.165923265633 0.49888646552 0) (0.166428378829 0.499620185579 0) (0.166933492026 0.500353905638 0) (0.167438605223 0.501087625697 0) (0.16794371842 0.501821345756 0) (0.168448831617 0.502555065815 0) (0.168953944814 0.503288785874 0) (0.16945905801 0.504022505933 0) (0.169964171207 0.504756225992 0) (0.170469284404 0.505489946051 0) (0.170974397601 0.50622366611 0) (0.171479510798 0.506957386169 0) (0.171984623994 0.507691106228 0) (0.172489737191 0.508424826287 0) (0.172994850388 0.509158546346 0) (0.173499963585 0.509892266405 0) (0.174005076782 0.510625986464 0) (0.174510189978 0.511359706524 0) (0.175015303175 0.512093426583 0) (0.175520416372 0.512827146642 0) (0.176025529569 0.513560866701 0) (0.176530642766 0.51429458676 0) (0.177035755962 0.515028306819 0) (0.177540869159 0.515762026878 0) (0.178045982356 0.516495746937 0) (0.178551095553 0.517229466996 0) (0.17905620875 0.517963187055 0) (0.179561321946 0.518696907114 0) (0.180066435143 0.519430627173 0) (0.18057154834 0.520164347232 0) (0.181076661537 0.520898067291 0) (0.181581774734 0.52163178735 0) (0.18208688793 0.522365507409 0) (0.182592001127 0.523099227468 0) (0.183097114324 0.523832947527 0) (0.183602227521 0.524566667586 0) (0.184107340718 0.525300387645 0) (0.184612453914 0.526034107705 0) (0.185117567111 0.526767827764 0) (0.185622680308 0.527501547823 0) (0.186127793505 0.528235267882 0) (0.186632906702 0.528968987941 0) (0.187138019899 0.529702708 0) (0.187643133095 0.530436428059 0) (0.188148246292 0.531170148118 0) (0.188653359489 0.531903868177 0) (0.189158472686 0.532637588236 0) (0.189663585883 0.533371308295 0))
    polyLine 49 53 ((0.0740313872132 0.844068061426 -0.03) (0.075786761499 0.846277573722 -0.03) (0.0775500598801 0.848491356467 -0.03) (0.0793213251983 0.850709431101 -0.03) (0.0811006006134 0.852931819186 -0.03) (0.0828879296056 0.85515854241 -0.03) (0.0846833559788 0.857389622585 -0.03) (0.0864869238627 0.859625081649 -0.03) (0.0882986777163 0.861864941666 -0.03) (0.0901186623305 0.864109224828 -0.03) (0.0919469228309 0.866357953457 -0.03) (0.0937835046808 0.868611150003 -0.03) (0.0956284536843 0.870868837046 -0.03) (0.0974818159888 0.873131037299 -0.03) (0.0993436380887 0.875397773607 -0.03) (0.101213966828 0.877669068949 -0.03) (0.103092849403 0.879944946437 -0.03) (0.104980333367 0.882225429321 -0.03) (0.106876466631 0.884510540986 -0.03) (0.108781297468 0.886800304955 -0.03) (0.110694874519 0.889094744889 -0.03) (0.11261724679 0.891393884589 -0.03) (0.114548463661 0.893697747998 -0.03))
    polyLine 51 55 ((0.0740313872132 0.844068061426 0) (0.075786761499 0.846277573722 0) (0.0775500598801 0.848491356467 0) (0.0793213251983 0.850709431101 0) (0.0811006006134 0.852931819186 0) (0.0828879296056 0.85515854241 0) (0.0846833559788 0.857389622585 0) (0.0864869238627 0.859625081649 0) (0.0882986777163 0.861864941666 0) (0.0901186623305 0.864109224828 0) (0.0919469228309 0.866357953457 0) (0.0937835046808 0.868611150003 0) (0.0956284536843 0.870868837046 0) (0.0974818159888 0.873131037299 0) (0.0993436380887 0.875397773607 0) (0.101213966828 0.877669068949 0) (0.103092849403 0.879944946437 0) (0.104980333367 0.882225429321 0) (0.106876466631 0.884510540986 0) (0.108781297468 0.886800304955 0) (0.110694874519 0.889094744889 0) (0.11261724679 0.891393884589 0) (0.114548463661 0.893697747998 0))
    polyLine 52 56 ((0.190168699079 0.534105028354 -0.03) (0.190673812276 0.534838748413 -0.03) (0.191178925473 0.535572468472 -0.03) (0.19168403867 0.536306188531 -0.03) (0.192189151867 0.53703990859 -0.03) (0.192694265063 0.537773628649 -0.03) (0.19319937826 0.538507348708 -0.03) (0.193704491457 0.539241068767 -0.03) (0.194209604654 0.539974788826 -0.03) (0.194714717851 0.540708508886 -0.03) (0.195219831047 0.541442228945 -0.03) (0.195724944244 0.542175949004 -0.03) (0.196230057441 0.542909669063 -0.03) (0.196735170638 0.543643389122 -0.03) (0.197240283835 0.544377109181 -0.03) (0.197745397031 0.54511082924 -0.03) (0.198250510228 0.545844549299 -0.03) (0.198755623425 0.546578269358 -0.03) (0.199260736622 0.547311989417 -0.03) (0.199765849819 0.548045709476 -0.03) (0.200275200259 0.548779719257 -0.03) (0.2007900014 0.549509916501 -0.03) (0.201310224705 0.550236260731 -0.03) (0.201835841339 0.550958711687 -0.03) (0.202366822166 0.551677229321 -0.03) (0.202903137753 0.552391773806 -0.03) (0.203444758372 0.553102305533 -0.03) (0.203991653999 0.553808785117 -0.03) (0.20454379432 0.554511173396 -0.03) (0.205101148729 0.555209431438 -0.03) (0.205663686331 0.555903520536 -0.03) (0.206231375944 0.556593402216 -0.03) (0.2068041861 0.557279038237 -0.03) (0.207382085048 0.557960390595 -0.03) (0.207965040755 0.55863742152 -0.03) (0.208553020906 0.559310093484 -0.03) (0.209145992909 0.5599783692 -0.03) (0.209743923895 0.560642211625 -0.03) (0.21034678072 0.561301583961 -0.03) (0.210954529967 0.561956449659 -0.03) (0.211567137947 0.562606772419 -0.03) (0.212184570704 0.563252516192 -0.03) (0.212806794011 0.563893645185 -0.03) (0.21343377338 0.564530123858 -0.03) (0.214065474054 0.565161916931 -0.03) (0.214701861019 0.565788989383 -0.03) (0.215342898999 0.566411306454 -0.03) (0.215988552461 0.56702883365 -0.03) (0.216638785614 0.567641536739 -0.03) (0.217293562417 0.568249381759 -0.03))
    polyLine 54 58 ((0.190168699079 0.534105028354 0) (0.190673812276 0.534838748413 0) (0.191178925473 0.535572468472 0) (0.19168403867 0.536306188531 0) (0.192189151867 0.53703990859 0) (0.192694265063 0.537773628649 0) (0.19319937826 0.538507348708 0) (0.193704491457 0.539241068767 0) (0.194209604654 0.539974788826 0) (0.194714717851 0.540708508886 0) (0.195219831047 0.541442228945 0) (0.195724944244 0.542175949004 0) (0.196230057441 0.542909669063 0) (0.196735170638 0.543643389122 0) (0.197240283835 0.544377109181 0) (0.197745397031 0.54511082924 0) (0.198250510228 0.545844549299 0) (0.198755623425 0.546578269358 0) (0.199260736622 0.547311989417 0) (0.199765849819 0.548045709476 0) (0.200275200259 0.548779719257 0) (0.2007900014 0.549509916501 0) (0.201310224705 0.550236260731 0) (0.201835841339 0.550958711687 0) (0.202366822166 0.551677229321 0) (0.202903137753 0.552391773806 0) (0.203444758372 0.553102305533 0) (0.203991653999 0.553808785117 0) (0.20454379432 0.554511173396 0) (0.205101148729 0.555209431438 0) (0.205663686331 0.555903520536 0) (0.206231375944 0.556593402216 0) (0.2068041861 0.557279038237 0) (0.207382085048 0.557960390595 0) (0.207965040755 0.55863742152 0) (0.208553020906 0.559310093484 0) (0.209145992909 0.5599783692 0) (0.209743923895 0.560642211625 0) (0.21034678072 0.561301583961 0) (0.210954529967 0.561956449659 0) (0.211567137947 0.562606772419 0) (0.212184570704 0.563252516192 0) (0.212806794011 0.563893645185 0) (0.21343377338 0.564530123858 0) (0.214065474054 0.565161916931 0) (0.214701861019 0.565788989383 0) (0.215342898999 0.566411306454 0) (0.215988552461 0.56702883365 0) (0.216638785614 0.567641536739 0) (0.217293562417 0.568249381759 0))
    polyLine 53 57 ((0.118344457245 0.898209285887 -0.03) (0.120208494757 0.900416561246 -0.03) (0.122080731359 0.902628206442 -0.03) (0.123961211304 0.904844242757 -0.03) (0.125849979169 0.907064691597 -0.03) (0.127747079855 0.909289574489 -0.03) (0.129652558591 0.911518913082 -0.03) (0.131566460935 0.913752729151 -0.03) (0.133488832782 0.915991044594 -0.03) (0.135419720359 0.918233881434 -0.03) (0.137359170235 0.920481261822 -0.03) (0.139307229319 0.922733208037 -0.03) (0.141263944867 0.924989742484 -0.03) (0.143229364481 0.9272508877 -0.03) (0.145203536116 0.92951666635 -0.03) (0.147186508078 0.931787101233 -0.03) (0.149178329034 0.934062215279 -0.03) (0.151179048007 0.93634203155 -0.03) (0.153188714387 0.938626573243 -0.03) (0.155207377928 0.940915863693 -0.03) (0.157235088754 0.943209926367 -0.03) (0.159271897364 0.945508784873 -0.03) (0.161317854631 0.947812462956 -0.03))
    polyLine 55 59 ((0.118344457245 0.898209285887 0) (0.120208494757 0.900416561246 0) (0.122080731359 0.902628206442 0) (0.123961211304 0.904844242757 0) (0.125849979169 0.907064691597 0) (0.127747079855 0.909289574489 0) (0.129652558591 0.911518913082 0) (0.131566460935 0.913752729151 0) (0.133488832782 0.915991044594 0) (0.135419720359 0.918233881434 0) (0.137359170235 0.920481261822 0) (0.139307229319 0.922733208037 0) (0.141263944867 0.924989742484 0) (0.143229364481 0.9272508877 0) (0.145203536116 0.92951666635 0) (0.147186508078 0.931787101233 0) (0.149178329034 0.934062215279 0) (0.151179048007 0.93634203155 0) (0.153188714387 0.938626573243 0) (0.155207377928 0.940915863693 0) (0.157235088754 0.943209926367 0) (0.159271897364 0.945508784873 0) (0.161317854631 0.947812462956 0))
    polyLine 56 60 ((0.217952846573 0.568852335016 -0.03) (0.218616601538 0.569450363088 -0.03) (0.21928479052 0.570043432826 -0.03) (0.21995737648 0.570631511355 -0.03) (0.220634322136 0.571214566077 -0.03) (0.221315589963 0.571792564673 -0.03) (0.222001142199 0.572365475103 -0.03) (0.222690940842 0.572933265611 -0.03) (0.223384947656 0.573495904724 -0.03) (0.224083124172 0.574053361253 -0.03) (0.224785431689 0.574605604298 -0.03) (0.225491831277 0.575152603248 -0.03) (0.22620228378 0.575694327782 -0.03) (0.226916749816 0.576230747872 -0.03) (0.227635189782 0.576761833782 -0.03) (0.228357563854 0.577287556075 -0.03) (0.22908383199 0.57780788561 -0.03) (0.229813953932 0.578322793543 -0.03) (0.230547889208 0.578832251333 -0.03) (0.231285597136 0.579336230739 -0.03) (0.232027036824 0.579834703827 -0.03) (0.232772167172 0.580327642964 -0.03) (0.233520946878 0.580815020827 -0.03) (0.234273334436 0.5812968104 -0.03) (0.23502928814 0.581772984976 -0.03) (0.235788766086 0.582243518161 -0.03) (0.236551726176 0.582708383873 -0.03) (0.237318126119 0.583167556343 -0.03) (0.238087923431 0.583621010119 -0.03) (0.238861075443 0.584068720066 -0.03) (0.239637539297 0.584510661366 -0.03) (0.240417271953 0.584946809523 -0.03) (0.241200230189 0.58537714036 -0.03) (0.241986370606 0.585801630023 -0.03) (0.242775649627 0.586220254983 -0.03) (0.243568023501 0.586632992034 -0.03) (0.244363448306 0.587039818298 -0.03) (0.24516187995 0.587440711224 -0.03) (0.245963274176 0.587835648591 -0.03) (0.246767586562 0.588224608506 -0.03) (0.247574772523 0.588607569409 -0.03) (0.248384787317 0.588984510072 -0.03) (0.249197586043 0.589355409601 -0.03) (0.250013123647 0.589720247436 -0.03) (0.250831354922 0.590079003355 -0.03) (0.251652234514 0.59043165747 -0.03) (0.25247571692 0.590778190234 -0.03) (0.253301756494 0.591118582438 -0.03) (0.254130307446 0.591452815213 -0.03) (0.25496132385 0.591780870034 -0.03))
    polyLine 58 62 ((0.217952846573 0.568852335016 0) (0.218616601538 0.569450363088 0) (0.21928479052 0.570043432826 0) (0.21995737648 0.570631511355 0) (0.220634322136 0.571214566077 0) (0.221315589963 0.571792564673 0) (0.222001142199 0.572365475103 0) (0.222690940842 0.572933265611 0) (0.223384947656 0.573495904724 0) (0.224083124172 0.574053361253 0) (0.224785431689 0.574605604298 0) (0.225491831277 0.575152603248 0) (0.22620228378 0.575694327782 0) (0.226916749816 0.576230747872 0) (0.227635189782 0.576761833782 0) (0.228357563854 0.577287556075 0) (0.22908383199 0.57780788561 0) (0.229813953932 0.578322793543 0) (0.230547889208 0.578832251333 0) (0.231285597136 0.579336230739 0) (0.232027036824 0.579834703827 0) (0.232772167172 0.580327642964 0) (0.233520946878 0.580815020827 0) (0.234273334436 0.5812968104 0) (0.23502928814 0.581772984976 0) (0.235788766086 0.582243518161 0) (0.236551726176 0.582708383873 0) (0.237318126119 0.583167556343 0) (0.238087923431 0.583621010119 0) (0.238861075443 0.584068720066 0) (0.239637539297 0.584510661366 0) (0.240417271953 0.584946809523 0) (0.241200230189 0.58537714036 0) (0.241986370606 0.585801630023 0) (0.242775649627 0.586220254983 0) (0.243568023501 0.586632992034 0) (0.244363448306 0.587039818298 0) (0.24516187995 0.587440711224 0) (0.245963274176 0.587835648591 0) (0.246767586562 0.588224608506 0) (0.247574772523 0.588607569409 0) (0.248384787317 0.588984510072 0) (0.249197586043 0.589355409601 0) (0.250013123647 0.589720247436 0) (0.250831354922 0.590079003355 0) (0.251652234514 0.59043165747 0) (0.25247571692 0.590778190234 0) (0.253301756494 0.591118582438 0) (0.254130307446 0.591452815213 0) (0.25496132385 0.591780870034 0))
    polyLine 57 61 ((0.165753848559 0.952788477869 -0.03) (0.168147061641 0.955462477839 -0.03) (0.170552731503 0.958143021707 -0.03) (0.172970939293 0.960830147029 -0.03) (0.175401766858 0.963523891616 -0.03) (0.177845296761 0.966224293536 -0.03) (0.180301612278 0.968931391122 -0.03) (0.182770797412 0.971645222969 -0.03) (0.1852529369 0.974365827936 -0.03) (0.187748116216 0.977093245153 -0.03) (0.190256421584 0.979827514019 -0.03) (0.192777939984 0.982568674207 -0.03) (0.195312759158 0.985316765664 -0.03) (0.197860967618 0.988071828616 -0.03) (0.200422654658 0.99083390357 -0.03) (0.202997910359 0.993603031314 -0.03) (0.205586825595 0.996379252923 -0.03) (0.208189492046 0.999162609759 -0.03) (0.210806002205 1.00195314348 -0.03) (0.213436449383 1.00475089602 -0.03) (0.216080927724 1.00755590963 -0.03) (0.218739532208 1.01036822685 -0.03) (0.221412358661 1.01318789052 -0.03))
    polyLine 59 63 ((0.165753848559 0.952788477869 0) (0.168147061641 0.955462477839 0) (0.170552731503 0.958143021707 0) (0.172970939293 0.960830147029 0) (0.175401766858 0.963523891616 0) (0.177845296761 0.966224293536 0) (0.180301612278 0.968931391122 0) (0.182770797412 0.971645222969 0) (0.1852529369 0.974365827936 0) (0.187748116216 0.977093245153 0) (0.190256421584 0.979827514019 0) (0.192777939984 0.982568674207 0) (0.195312759158 0.985316765664 0) (0.197860967618 0.988071828616 0) (0.200422654658 0.99083390357 0) (0.202997910359 0.993603031314 0) (0.205586825595 0.996379252923 0) (0.208189492046 0.999162609759 0) (0.210806002205 1.00195314348 0) (0.213436449383 1.00475089602 0) (0.216080927724 1.00755590963 0) (0.218739532208 1.01036822685 0) (0.221412358661 1.01318789052 0))
    polyLine 60 64 ((0.255794759642 0.592102728715 -0.03) (0.256630568623 0.592418373415 -0.03) (0.257468704463 0.592727786638 -0.03) (0.258309120704 0.593030951233 -0.03) (0.25915177076 0.593327850395 -0.03) (0.259996607922 0.593618467667 -0.03) (0.260843585361 0.593902786938 -0.03) (0.261692656126 0.59418079245 -0.03) (0.262543773154 0.594452468792 -0.03) (0.263396889265 0.594717800904 -0.03) (0.264251957171 0.59497677408 -0.03) (0.265108929474 0.595229373963 -0.03) (0.265967758671 0.595475586553 -0.03) (0.266828397157 0.5957153982 -0.03) (0.267690797225 0.595948795612 -0.03) (0.268554911071 0.596175765852 -0.03) (0.269420690797 0.596396296339 -0.03) (0.270288088412 0.596610374847 -0.03) (0.271157055834 0.596817989511 -0.03) (0.272027544896 0.597019128822 -0.03) (0.272899507345 0.597213781631 -0.03) (0.273772894849 0.597401937148 -0.03) (0.274647658993 0.597583584944 -0.03) (0.275523751289 0.597758714948 -0.03) (0.276401123173 0.597927317455 -0.03) (0.277279726013 0.598089383117 -0.03) (0.278159511107 0.598244902951 -0.03) (0.279040429686 0.598393868338 -0.03) (0.27992243292 0.598536271019 -0.03) (0.28080547192 0.5986721031 -0.03) (0.281689497737 0.598801357054 -0.03) (0.282574461368 0.598924025714 -0.03) (0.28346031376 0.599040102281 -0.03) (0.284347005808 0.599149580322 -0.03) (0.285234488362 0.599252453767 -0.03) (0.286122712228 0.599348716914 -0.03) (0.28701162817 0.599438364427 -0.03) (0.287901186916 0.599521391336 -0.03) (0.288791339155 0.599597793041 -0.03) (0.289682035546 0.599667565305 -0.03) (0.290573226716 0.599730704261 -0.03) (0.291464863265 0.599787206409 -0.03) (0.29235689577 0.599837068617 -0.03) (0.293249274784 0.599880288122 -0.03) (0.29414195084 0.599916862527 -0.03) (0.295034874458 0.599946789805 -0.03) (0.295927996142 0.599970068298 -0.03) (0.296821266384 0.599986696714 -0.03) (0.297714635669 0.599996674132 -0.03))
    polyLine 62 66 ((0.255794759642 0.592102728715 0) (0.256630568623 0.592418373415 0) (0.257468704463 0.592727786638 0) (0.258309120704 0.593030951233 0) (0.25915177076 0.593327850395 0) (0.259996607922 0.593618467667 0) (0.260843585361 0.593902786938 0) (0.261692656126 0.59418079245 0) (0.262543773154 0.594452468792 0) (0.263396889265 0.594717800904 0) (0.264251957171 0.59497677408 0) (0.265108929474 0.595229373963 0) (0.265967758671 0.595475586553 0) (0.266828397157 0.5957153982 0) (0.267690797225 0.595948795612 0) (0.268554911071 0.596175765852 0) (0.269420690797 0.596396296339 0) (0.270288088412 0.596610374847 0) (0.271157055834 0.596817989511 0) (0.272027544896 0.597019128822 0) (0.272899507345 0.597213781631 0) (0.273772894849 0.597401937148 0) (0.274647658993 0.597583584944 0) (0.275523751289 0.597758714948 0) (0.276401123173 0.597927317455 0) (0.277279726013 0.598089383117 0) (0.278159511107 0.598244902951 0) (0.279040429686 0.598393868338 0) (0.27992243292 0.598536271019 0) (0.28080547192 0.5986721031 0) (0.281689497737 0.598801357054 0) (0.282574461368 0.598924025714 0) (0.28346031376 0.599040102281 0) (0.284347005808 0.599149580322 0) (0.285234488362 0.599252453767 0) (0.286122712228 0.599348716914 0) (0.28701162817 0.599438364427 0) (0.287901186916 0.599521391336 0) (0.288791339155 0.599597793041 0) (0.289682035546 0.599667565305 0) (0.290573226716 0.599730704261 0) (0.291464863265 0.599787206409 0) (0.29235689577 0.599837068617 0) (0.293249274784 0.599880288122 0) (0.29414195084 0.599916862527 0) (0.295034874458 0.599946789805 0) (0.295927996142 0.599970068298 0) (0.296821266384 0.599986696714 0) (0.297714635669 0.599996674132 0))
    polyLine 61 65 ((0.227000594822 1.01905847159 -0.03) (0.229918425497 1.02211062174 -0.03) (0.232853118815 1.02517144885 -0.03) (0.235804798989 1.02824100791 -0.03) (0.238773591432 1.03131935437 -0.03) (0.241759622772 1.03440654408 -0.03) (0.244763020871 1.03750263333 -0.03) (0.247783914828 1.04060767886 -0.03) (0.250822435007 1.04372173783 -0.03) (0.25387871304 1.04684486786 -0.03) (0.256952881849 1.04997712702 -0.03) (0.260045075657 1.05311857381 -0.03) (0.263155430006 1.05626926722 -0.03) (0.266284081769 1.05942926668 -0.03) (0.26943116917 1.06259863211 -0.03) (0.272596831796 1.06577742388 -0.03) (0.275781210614 1.06896570285 -0.03) (0.278984447989 1.07216353036 -0.03) (0.282206687697 1.07537096822 -0.03) (0.285448074945 1.07858807878 -0.03) (0.288708756388 1.08181492482 -0.03) (0.291988880142 1.08505156968 -0.03) (0.295288595806 1.08829807717 -0.03))
    polyLine 63 67 ((0.227000594822 1.01905847159 0) (0.229918425497 1.02211062174 0) (0.232853118815 1.02517144885 0) (0.235804798989 1.02824100791 0) (0.238773591432 1.03131935437 0) (0.241759622772 1.03440654408 0) (0.244763020871 1.03750263333 0) (0.247783914828 1.04060767886 0) (0.250822435007 1.04372173783 0) (0.25387871304 1.04684486786 0) (0.256952881849 1.04997712702 0) (0.260045075657 1.05311857381 0) (0.263155430006 1.05626926722 0) (0.266284081769 1.05942926668 0) (0.26943116917 1.06259863211 0) (0.272596831796 1.06577742388 0) (0.275781210614 1.06896570285 0) (0.278984447989 1.07216353036 0) (0.282206687697 1.07537096822 0) (0.285448074945 1.07858807878 0) (0.288708756388 1.08181492482 0) (0.291988880142 1.08505156968 0) (0.295288595806 1.08829807717 0))
);

boundary
(
    body_fore
    {
        type wall;
        faces
        (
            (0 2 6 4)
            (4 6 10 8)
            (8 10 14 12)
            (12 14 18 16)
            (16 18 22 20)
            (20 22 26 24)
            (24 26 30 28)
            (28 30 34 32)
            (32 34 38 36)
            (36 38 42 40)
            (40 42 46 44)
            (44 46 50 48)
            (48 50 54 52)
            (52 54 58 56)
            (56 58 62 60)
            (60 62 66 64)
        );
    }
    freestream
    {
        type patch;
        faces
        (
            (1 5 7 3)
            (5 9 11 7)
            (9 13 15 11)
            (13 17 19 15)
            (17 21 23 19)
            (21 25 27 23)
            (25 29 31 27)
            (29 33 35 31)
            (33 37 39 35)
            (37 41 43 39)
            (41 45 47 43)
            (45 49 51 47)
            (49 53 55 51)
            (53 57 59 55)
            (57 61 63 59)
            (61 65 67 63)
        );
    }
    outlet
    {
        type patch;
        faces
        (
            (64 66 67 65)
        );
    }
    axis
    {
        type patch;
        faces
        (
            (0 1 3 2)
        );
    }
    front
    {
        type patch;
        faces
        (
            (2 6 7 3)
            (6 10 11 7)
            (10 14 15 11)
            (14 18 19 15)
            (18 22 23 19)
            (22 26 27 23)
            (26 30 31 27)
            (30 34 35 31)
            (34 38 39 35)
            (38 42 43 39)
            (42 46 47 43)
            (46 50 51 47)
            (50 54 55 51)
            (54 58 59 55)
            (58 62 63 59)
            (62 66 67 63)
        );
    }
    back
    {
        type patch;
        faces
        (
            (0 1 5 4)
            (4 5 9 8)
            (8 9 13 12)
            (12 13 17 16)
            (16 17 21 20)
            (20 21 25 24)
            (24 25 29 28)
            (28 29 33 32)
            (32 33 37 36)
            (36 37 41 40)
            (40 41 45 44)
            (44 45 49 48)
            (48 49 53 52)
            (52 53 57 56)
            (56 57 61 60)
            (60 61 65 64)
        );
    }
);
