FoamFile
{
    version     2.0;
    format      ascii;
    class       dictionary;
    object      blockMeshDict;
}
// Generated by aether.cfd - do not edit by hand. Regenerate from the run config.

scale 1;

vertices
(
    (0 0 -0.03)
    (-0.264961797912 6.81990624999e-17 -0.03)
    (0 0 0)
    (-0.264961797912 6.81990624999e-17 0)
    (0.00114186610398 0.0442167995622 -0.03)
    (-0.261641834334 0.0841758636846 -0.03)
    (0.00114186610398 0.0442167995622 0)
    (-0.261641834334 0.0841758636846 0)
    (0.00456425638572 0.0883157363234 -0.03)
    (-0.251875719508 0.167128246579 -0.03)
    (0.00456425638572 0.0883157363234 0)
    (-0.251875719508 0.167128246579 0)
    (0.0102580486849 0.132179270092 -0.03)
    (-0.236191438819 0.247831531338 -0.03)
    (0.0102580486849 0.132179270092 0)
    (-0.236191438819 0.247831531338 0)
    (0.0182080668536 0.175690488106 -0.03)
    (-0.215319149953 0.325583989421 -0.03)
    (0.0182080668536 0.175690488106 0)
    (-0.215319149953 0.325583989421 0)
    (0.0283931212044 0.218733416631 -0.03)
    (-0.190041402299 0.400035137031 -0.03)
    (0.0283931212044 0.218733416631 0)
    (-0.190041402299 0.400035137031 0)
    (0.0407861047384 0.261193317338 -0.03)
    (-0.161076398934 0.47113677166 -0.03)
    (0.0407861047384 0.261193317338 0)
    (-0.161076398934 0.47113677166 0)
    (0.0553540595613 0.302956983844 -0.03)
    (-0.129012866827 0.539059765041 -0.03)
    (0.0553540595613 0.302956983844 0)
    (-0.129012866827 0.539059765041 0)
    (0.0720580377269 0.343913131748 -0.03)
    (-0.0942893683871 0.604110691059 -0.03)
    (0.0720580377269 0.343913131748 0)
    (-0.0942893683871 0.604110691059 0)
    (0.0908535167115 0.383952597617 -0.03)
    (-0.0572008614776 0.666666155583 -0.03)
    (0.0908535167115 0.383952597617 0)
    (-0.0572008614776 0.666666155583 0)
    (0.111690399497 0.422968661264 -0.03)
    (-0.0179178011361 0.727127579504 -0.03)
    (0.111690399497 0.422968661264 0)
    (-0.0179178011361 0.727127579504 0)
    (0.134513148093 0.460857330182 -0.03)
    (0.0234921048609 0.785893838432 -0.03)
    (0.134513148093 0.460857330182 0)
    (0.0234921048609 0.785893838432 0)
    (0.159035214753 0.497672947204 -0.03)
    (0.066811357653 0.843049676896 -0.03)
    (0.159035214753 0.497672947204 0)
    (0.066811357653 0.843049676896 0)
    (0.183805008153 0.534324294458 -0.03)
    (0.110423199965 0.896971284354 -0.03)
    (0.183805008153 0.534324294458 0)
    (0.110423199965 0.896971284354 0)
    (0.211253138646 0.56883610924 -0.03)
    (0.157017214384 0.951262426525 -0.03)
    (0.211253138646 0.56883610924 0)
    (0.157017214384 0.951262426525 0)
    (0.248684677473 0.591937510177 -0.03)
    (0.217590127658 1.01759775192 -0.03)
    (0.248684677473 0.591937510177 0)
    (0.217590127658 1.01759775192 0)
    (0.291925808762 0.6 -0.03)
    (0.291925808762 1.09363107589 -0.03)
    (0.291925808762 0.6 0)
    (0.291925808762 1.09363107589 0)
);

blocks
(
    hex (0 4 5 1 2 6 7 3) (4 48 1) simpleGrading (1 4 1)
    hex (4 8 9 5 6 10 11 7) (4 48 1) simpleGrading (1 4 1)
    hex (8 12 13 9 10 14 15 11) (4 48 1) simpleGrading (1 4 1)
    hex (12 16 17 13 14 18 19 15) (4 48 1) simpleGrading (1 4 1)
    hex (16 20 21 17 18 22 23 19) (4 48 1) simpleGrading (1 4 1)
    hex (20 24 25 21 22 26 27 23) (4 48 1) simpleGrading (1 4 1)
    hex (24 28 29 25 26 30 31 27) (4 48 1) simpleGrading (1 4 1)
    hex (28 32 33 29 30 34 35 31) (4 48 1) simpleGrading (1 4 1)
    hex (32 36 37 33 34 38 39 35) (4 48 1) simpleGrading (1 4 1)
    hex (36 40 41 37 38 42 43 39) (4 48 1) simpleGrading (1 4 1)
    hex (40 44 45 41 42 46 47 43) (4 48 1) simpleGrading (1 4 1)
    hex (44 48 49 45 46 50 51 47) (4 48 1) simpleGrading (1 4 1)
    hex (48 52 53 49 50 54 55 51) (4 48 1) simpleGrading (1 4 1)
    hex (52 56 57 53 54 58 59 55) (4 48 1) simpleGrading (1 4 1)
    hex (56 60 61 57 58 62 63 59) (4 48 1) simpleGrading (1 4 1)
    hex (60 64 65 61 62 66 67 63) (4 48 1) simpleGrading (1 4 1)
);

edges
(
    polyLine 0 4 ((4.72295948621e-07 0.000899589631123 -0.03) (1.88918327382e-06 0.0017991782704 -0.03) (4.25066041331e-06 0.00269876492599 -0.03) (7.55672476347e-06 0.00359834860605 -0.03) (1.18073726792e-05 0.00449792831873 -0.03) (1.7002599474e-05 0.00539750307222 -0.03) (2.31423994197e-05 0.00629707187467 -0.03) (3.0226765747e-05 0.00719663373426 -0.03) (3.82556906449e-05 0.00809618765919 -0.03) (4.72291652612e-05 0.00899573265764 -0.03) (5.71471797021e-05 0.00989526773782 -0.03) (6.80097230325e-05 0.0107947919079 -0.03) (7.98167832758e-05 0.0116943041762 -0.03) (9.25683474142e-05 0.012593803551 -0.03) (0.000106264401388 0.0134932890403 -0.03) (0.000120904930097 0.0143927596526 -0.03) (0.0001364899174 0.0152922143962 -0.03) (0.000153019346112 0.0161916522792 -0.03) (0.00017049319801 0.0170910723101 -0.03) (0.000188911453827 0.0179904734972 -0.03) (0.000208274093257 0.0188898548489 -0.03) (0.00022858109495 0.0197892153734 -0.03) (0.000249832436518 0.0206885540794 -0.03) (0.00027202809453 0.021587869975 -0.03) (0.000295168044514 0.022487162069 -0.03) (0.000319252260957 0.0233864293696 -0.03) (0.000344280717304 0.0242856708855 -0.03) (0.000370253385961 0.0251848856251 -0.03) (0.000397170238292 0.0260840725971 -0.03) (0.000425031244618 0.02698323081 -0.03) (0.000453836374222 0.0278823592724 -0.03) (0.000483585595345 0.0287814569931 -0.03) (0.000514278875187 0.0296805229807 -0.03) (0.000545916179906 0.030579556244 -0.03) (0.000578497474621 0.0314785557916 -0.03) (0.000612022723409 0.0323775206325 -0.03) (0.000646491889306 0.0332764497755 -0.03) (0.00068190493431 0.0341753422294 -0.03) (0.000718261819375 0.0350741970032 -0.03) (0.000755562504415 0.0359730131059 -0.03) (0.000793806948305 0.0368717895464 -0.03) (0.000832995108878 0.0377705253338 -0.03) (0.000873126942927 0.0386692194772 -0.03) (0.000914202406205 0.0395678709857 -0.03) (0.000956221453424 0.0404664788686 -0.03) (0.000999184038255 0.0413650421351 -0.03) (0.00104309011333 0.0422635597943 -0.03) (0.00108793963024 0.0431620308558 -0.03) (0.00113373253954 0.0440604543289 -0.03))
    polyLine 2 6 ((4.72295948621e-07 0.000899589631123 0) (1.88918327382e-06 0.0017991782704 0) (4.25066041331e-06 0.00269876492599 0) (7.55672476347e-06 0.00359834860605 0) (1.18073726792e-05 0.00449792831873 0) (1.7002599474e-05 0.00539750307222 0) (2.31423994197e-05 0.00629707187467 0) (3.0226765747e-05 0.00719663373426 0) (3.82556906449e-05 0.00809618765919 0) (4.72291652612e-05 0.00899573265764 0) (5.71471797021e-05 0.00989526773782 0) (6.80097230325e-05 0.0107947919079 0) (7.98167832758e-05 0.0116943041762 0) (9.25683474142e-05 0.012593803551 0) (0.000106264401388 0.0134932890403 0) (0.000120904930097 0.0143927596526 0) (0.0001364899174 0.0152922143962 0) (0.000153019346112 0.0161916522792 0) (0.00017049319801 0.0170910723101 0) (0.000188911453827 0.0179904734972 0) (0.000208274093257 0.0188898548489 0) (0.00022858109495 0.0197892153734 0) (0.000249832436518 0.0206885540794 0) (0.00027202809453 0.021587869975 0) (0.000295168044514 0.022487162069 0) (0.000319252260957 0.0233864293696 0) (0.000344280717304 0.0242856708855 0) (0.000370253385961 0.0251848856251 0) (0.000397170238292 0.0260840725971 0) (0.000425031244618 0.02698323081 0) (0.000453836374222 0.0278823592724 0) (0.000483585595345 0.0287814569931 0) (0.000514278875187 0.0296805229807 0) (0.000545916179906 0.030579556244 0) (0.000578497474621 0.0314785557916 0) (0.000612022723409 0.0323775206325 0) (0.000646491889306 0.0332764497755 0) (0.00068190493431 0.0341753422294 0) (0.000718261819375 0.0350741970032 0) (0.000755562504415 0.0359730131059 0) (0.000793806948305 0.0368717895464 0) (0.000832995108878 0.0377705253338 0) (0.000873126942927 0.0386692194772 0) (0.000914202406205 0.0395678709857 0) (0.000956221453424 0.0404664788686 0) (0.000999184038255 0.0413650421351 0) (0.00104309011333 0.0422635597943 0) (0.00108793963024 0.0431620308558 0) (0.00113373253954 0.0440604543289 0))
    polyLine 1 5 ((-0.264956052847 0.00350154887774 -0.03) (-0.264938817262 0.00700315788627 -0.03) (-0.264910089986 0.0105048871623 -0.03) (-0.264869869068 0.0140067968543 -0.03) (-0.264818151777 0.0175089471286 -0.03) (-0.264754934599 0.0210113981752 -0.03) (-0.264680213239 0.0245142102135 -0.03) (-0.264593982618 0.0280174434986 -0.03) (-0.264496236875 0.0315211583271 -0.03) (-0.264386969363 0.0350254150427 -0.03) (-0.264266172648 0.0385302740427 -0.03) (-0.264133838509 0.0420357957837 -0.03) (-0.263989957937 0.0455420407873 -0.03) (-0.26383452113 0.0490490696466 -0.03) (-0.263667517495 0.0525569430316 -0.03) (-0.263488935644 0.0560657216959 -0.03) (-0.263298763391 0.0595754664818 -0.03) (-0.263096987752 0.0630862383272 -0.03) (-0.262883594941 0.0665980982711 -0.03) (-0.262658570368 0.0701111074599 -0.03) (-0.262421898635 0.0736253271532 -0.03) (-0.262173563534 0.07714081873 -0.03) (-0.261913548046 0.080657643695 -0.03))
    polyLine 3 7 ((-0.264956052847 0.00350154887774 0) (-0.264938817262 0.00700315788627 0) (-0.264910089986 0.0105048871623 0) (-0.264869869068 0.0140067968543 0) (-0.264818151777 0.0175089471286 0) (-0.264754934599 0.0210113981752 0) (-0.264680213239 0.0245142102135 0) (-0.264593982618 0.0280174434986 0) (-0.264496236875 0.0315211583271 0) (-0.264386969363 0.0350254150427 0) (-0.264266172648 0.0385302740427 0) (-0.264133838509 0.0420357957837 0) (-0.263989957937 0.0455420407873 0) (-0.26383452113 0.0490490696466 0) (-0.263667517495 0.0525569430316 0) (-0.263488935644 0.0560657216959 0) (-0.263298763391 0.0595754664818 0) (-0.263096987752 0.0630862383272 0) (-0.262883594941 0.0665980982711 0) (-0.262658570368 0.0701111074599 0) (-0.262421898635 0.0736253271532 0) (-0.262173563534 0.07714081873 0) (-0.261913548046 0.080657643695 0))
    polyLine 4 8 ((0.00118046879073 0.044958829223 -0.03) (0.00122814833229 0.0458571545476 -0.03) (0.00127677111165 0.0467554293122 -0.03) (0.0013263370752 0.0476536525265 -0.03) (0.00137684616829 0.0485518232002 -0.03) (0.00142829833524 0.0494499403429 -0.03) (0.0014806935193 0.0503480029644 -0.03) (0.00153403166272 0.0512460100746 -0.03) (0.00158831270669 0.0521439606833 -0.03) (0.00164353659135 0.0530418538006 -0.03) (0.00169970325583 0.0539396884364 -0.03) (0.00175681263819 0.0548374636009 -0.03) (0.00181486467546 0.0557351783042 -0.03) (0.00187385930365 0.0566328315564 -0.03) (0.00193379645771 0.057530422368 -0.03) (0.00199467607156 0.0584279497493 -0.03) (0.00205649807806 0.0593254127106 -0.03) (0.00211926240907 0.0602228102626 -0.03) (0.00218296899537 0.0611201414157 -0.03) (0.00224761776673 0.0620174051806 -0.03) (0.00231320865187 0.0629146005681 -0.03) (0.00237974157848 0.0638117265889 -0.03) (0.00244721647319 0.0647087822538 -0.03) (0.00251563326161 0.065605766574 -0.03) (0.00258499186831 0.0665026785603 -0.03) (0.00265529221682 0.0673995172238 -0.03) (0.00272653422962 0.0682962815759 -0.03) (0.00279871782818 0.0691929706277 -0.03) (0.00287184293289 0.0700895833905 -0.03) (0.00294590946315 0.0709861188759 -0.03) (0.00302091733728 0.0718825760954 -0.03) (0.00309686647259 0.0727789540605 -0.03) (0.00317375678533 0.073675251783 -0.03) (0.00325158819074 0.0745714682746 -0.03) (0.003330360603 0.0754676025472 -0.03) (0.00341007393525 0.0763636536128 -0.03) (0.00349072809962 0.0772596204834 -0.03) (0.00357232300717 0.0781555021712 -0.03) (0.00365485856794 0.0790512976884 -0.03) (0.00373833469094 0.0799470060474 -0.03) (0.00382275128412 0.0808426262606 -0.03) (0.00390810825442 0.0817381573405 -0.03) (0.00399440550771 0.0826335982998 -0.03) (0.00408164294886 0.0835289481512 -0.03) (0.00416982048168 0.0844242059075 -0.03) (0.00425893800895 0.0853193705816 -0.03) (0.00434899543241 0.0862144411866 -0.03) (0.00443999265277 0.0871094167357 -0.03) (0.0045319295697 0.088004296242 -0.03))
    polyLine 6 10 ((0.00118046879073 0.044958829223 0) (0.00122814833229 0.0458571545476 0) (0.00127677111165 0.0467554293122 0) (0.0013263370752 0.0476536525265 0) (0.00137684616829 0.0485518232002 0) (0.00142829833524 0.0494499403429 0) (0.0014806935193 0.0503480029644 0) (0.00153403166272 0.0512460100746 0) (0.00158831270669 0.0521439606833 0) (0.00164353659135 0.0530418538006 0) (0.00169970325583 0.0539396884364 0) (0.00175681263819 0.0548374636009 0) (0.00181486467546 0.0557351783042 0) (0.00187385930365 0.0566328315564 0) (0.00193379645771 0.057530422368 0) (0.00199467607156 0.0584279497493 0) (0.00205649807806 0.0593254127106 0) (0.00211926240907 0.0602228102626 0) (0.00218296899537 0.0611201414157 0) (0.00224761776673 0.0620174051806 0) (0.00231320865187 0.0629146005681 0) (0.00237974157848 0.0638117265889 0) (0.00244721647319 0.0647087822538 0) (0.00251563326161 0.065605766574 0) (0.00258499186831 0.0665026785603 0) (0.00265529221682 0.0673995172238 0) (0.00272653422962 0.0682962815759 0) (0.00279871782818 0.0691929706277 0) (0.00287184293289 0.0700895833905 0) (0.00294590946315 0.0709861188759 0) (0.00302091733728 0.0718825760954 0) (0.00309686647259 0.0727789540605 0) (0.00317375678533 0.073675251783 0) (0.00325158819074 0.0745714682746 0) (0.003330360603 0.0754676025472 0) (0.00341007393525 0.0763636536128 0) (0.00349072809962 0.0772596204834 0) (0.00357232300717 0.0781555021712 0) (0.00365485856794 0.0790512976884 0) (0.00373833469094 0.0799470060474 0) (0.00382275128412 0.0808426262606 0) (0.00390810825442 0.0817381573405 0) (0.00399440550771 0.0826335982998 0) (0.00408164294886 0.0835289481512 0) (0.00416982048168 0.0844242059075 0) (0.00425893800895 0.0853193705816 0) (0.00434899543241 0.0862144411866 0) (0.00443999265277 0.0871094167357 0) (0.0045319295697 0.088004296242 0))
    polyLine 5 9 ((-0.261365375589 0.0876106592389 -0.03) (-0.261077740076 0.0910468997325 -0.03) (-0.260778908951 0.094484642846 -0.03) (-0.260468862615 0.0979239464017 -0.03) (-0.260147580714 0.101364868369 -0.03) (-0.259815042131 0.104807466869 -0.03) (-0.259471224987 0.108251800182 -0.03) (-0.259116106633 0.111697926751 -0.03) (-0.258749663649 0.11514590519 -0.03) (-0.258371871836 0.118595794284 -0.03) (-0.257982706217 0.122047653004 -0.03) (-0.257582141025 0.125501540502 -0.03) (-0.257170149707 0.128957516125 -0.03) (-0.256746704912 0.132415639416 -0.03) (-0.256311778489 0.135875970123 -0.03) (-0.255865341482 0.139338568201 -0.03) (-0.255407364123 0.142803493822 -0.03) (-0.254937815831 0.146270807378 -0.03) (-0.2544566652 0.149740569486 -0.03) (-0.253963879997 0.153212840998 -0.03) (-0.253459427155 0.156687683004 -0.03) (-0.25294327277 0.160165156837 -0.03) (-0.252415382089 0.163645324082 -0.03))
    polyLine 7 11 ((-0.261365375589 0.0876106592389 0) (-0.261077740076 0.0910468997325 0) (-0.260778908951 0.094484642846 0) (-0.260468862615 0.0979239464017 0) (-0.260147580714 0.101364868369 0) (-0.259815042131 0.104807466869 0) (-0.259471224987 0.108251800182 0) (-0.259116106633 0.111697926751 0) (-0.258749663649 0.11514590519 0) (-0.258371871836 0.118595794284 0) (-0.257982706217 0.122047653004 0) (-0.257582141025 0.125501540502 0) (-0.257170149707 0.128957516125 0) (-0.256746704912 0.132415639416 0) (-0.256311778489 0.135875970123 0) (-0.255865341482 0.139338568201 0) (-0.255407364123 0.142803493822 0) (-0.254937815831 0.146270807378 0) (-0.2544566652 0.149740569486 0) (-0.253963879997 0.153212840998 0) (-0.253459427155 0.156687683004 0) (-0.25294327277 0.160165156837 0) (-0.252415382089 0.163645324082 0))
    polyLine 8 12 ((0.00462480608184 0.0888990787189 -0.03) (0.00471862208678 0.0897937631799 -0.03) (0.00481337748108 0.0906883486385 -0.03) (0.00490907216028 0.0915828341084 -0.03) (0.00500570601887 0.0924772186033 -0.03) (0.0051032789503 0.0933715011373 -0.03) (0.00520179084699 0.0942656807242 -0.03) (0.00530124160033 0.0951597563783 -0.03) (0.00540163110067 0.0960537271136 -0.03) (0.00550295923732 0.0969475919447 -0.03) (0.00560522589856 0.0978413498859 -0.03) (0.00570843097165 0.0987349999519 -0.03) (0.00581257434278 0.0996285411573 -0.03) (0.00591765589714 0.100521972517 -0.03) (0.00602367551887 0.101415293046 -0.03) (0.00613063309107 0.102308501759 -0.03) (0.00623852849583 0.103201597672 -0.03) (0.00634736161417 0.104094579799 -0.03) (0.00645713232611 0.104987447157 -0.03) (0.00656784051062 0.10588019876 -0.03) (0.00667948604563 0.106772833625 -0.03) (0.00679206880806 0.107665350767 -0.03) (0.00690558867376 0.108557749202 -0.03) (0.00702004551759 0.109450027947 -0.03) (0.00713543921334 0.110342186018 -0.03) (0.00725176963379 0.11123422243 -0.03) (0.00736903665068 0.1121261362 -0.03) (0.00748724013472 0.113017926346 -0.03) (0.00760637995557 0.113909591883 -0.03) (0.00772645598188 0.11480113183 -0.03) (0.00784746808127 0.115692545201 -0.03) (0.0079694161203 0.116583831016 -0.03) (0.00809229996453 0.117474988291 -0.03) (0.00821611947846 0.118366016043 -0.03) (0.00834087452559 0.11925691329 -0.03) (0.00846656496836 0.120147679051 -0.03) (0.00859319066819 0.121038312342 -0.03) (0.00872075148547 0.121928812182 -0.03) (0.00884924727956 0.12281917759 -0.03) (0.00897867790878 0.123709407582 -0.03) (0.00910904323043 0.124599501179 -0.03) (0.00924034310078 0.125489457398 -0.03) (0.00937257737506 0.126379275258 -0.03) (0.00950574590747 0.127268953778 -0.03) (0.0096398485512 0.128158491978 -0.03) (0.00977488515837 0.129047888876 -0.03) (0.00991085558012 0.129937143491 -0.03) (0.0100477596665 0.130826254845 -0.03) (0.0101855972666 0.131715221955 -0.03))
    polyLine 10 14 ((0.00462480608184 0.0888990787189 0) (0.00471862208678 0.0897937631799 0) (0.00481337748108 0.0906883486385 0) (0.00490907216028 0.0915828341084 0) (0.00500570601887 0.0924772186033 0) (0.0051032789503 0.0933715011373 0) (0.00520179084699 0.0942656807242 0) (0.00530124160033 0.0951597563783 0) (0.00540163110067 0.0960537271136 0) (0.00550295923732 0.0969475919447 0) (0.00560522589856 0.0978413498859 0) (0.00570843097165 0.0987349999519 0) (0.00581257434278 0.0996285411573 0) (0.00591765589714 0.100521972517 0) (0.00602367551887 0.101415293046 0) (0.00613063309107 0.102308501759 0) (0.00623852849583 0.103201597672 0) (0.00634736161417 0.104094579799 0) (0.00645713232611 0.104987447157 0) (0.00656784051062 0.10588019876 0) (0.00667948604563 0.106772833625 0) (0.00679206880806 0.107665350767 0) (0.00690558867376 0.108557749202 0) (0.00702004551759 0.109450027947 0) (0.00713543921334 0.110342186018 0) (0.00725176963379 0.11123422243 0) (0.00736903665068 0.1121261362 0) (0.00748724013472 0.113017926346 0) (0.00760637995557 0.113909591883 0) (0.00772645598188 0.11480113183 0) (0.00784746808127 0.115692545201 0) (0.0079694161203 0.116583831016 0) (0.00809229996453 0.117474988291 0) (0.00821611947846 0.118366016043 0) (0.00834087452559 0.11925691329 0) (0.00846656496836 0.120147679051 0) (0.00859319066819 0.121038312342 0) (0.00872075148547 0.121928812182 0) (0.00884924727956 0.12281917759 0) (0.00897867790878 0.123709407582 0) (0.00910904323043 0.124599501179 0) (0.00924034310078 0.125489457398 0) (0.00937257737506 0.126379275258 0) (0.00950574590747 0.127268953778 0) (0.0096398485512 0.128158491978 0) (0.00977488515837 0.129047888876 0) (0.00991085558012 0.129937143491 0) (0.0100477596665 0.130826254845 0) (0.0101855972666 0.131715221955 0))
    polyLine 9 13 ((-0.251349486063 0.170456020619 -0.03) (-0.250812457403 0.17378641681 -0.03) (-0.250264600336 0.177119489652 -0.03) (-0.249705880943 0.180455293872 -0.03) (-0.249136264569 0.18379388444 -0.03) (-0.248555715815 0.187135316566 -0.03) (-0.247964198536 0.19047964571 -0.03) (-0.247361675833 0.193826927583 -0.03) (-0.246748110044 0.197177218157 -0.03) (-0.246123462743 0.200530573664 -0.03) (-0.24548769473 0.203887050607 -0.03) (-0.244840766024 0.207246705762 -0.03) (-0.244182635859 0.210609596183 -0.03) (-0.243513262673 0.21397577921 -0.03) (-0.242832604104 0.217345312471 -0.03) (-0.242140616981 0.22071825389 -0.03) (-0.241437257319 0.224094661689 -0.03) (-0.240722480307 0.227474594399 -0.03) (-0.239996240305 0.23085811086 -0.03) (-0.239258490833 0.234245270229 -0.03) (-0.238509184563 0.237636131987 -0.03) (-0.237748273314 0.24103075594 -0.03) (-0.236975708038 0.24442920223 -0.03))
    polyLine 11 15 ((-0.251349486063 0.170456020619 0) (-0.250812457403 0.17378641681 0) (-0.250264600336 0.177119489652 0) (-0.249705880943 0.180455293872 0) (-0.249136264569 0.18379388444 0) (-0.248555715815 0.187135316566 0) (-0.247964198536 0.19047964571 0) (-0.247361675833 0.193826927583 0) (-0.246748110044 0.197177218157 0) (-0.246123462743 0.200530573664 0) (-0.24548769473 0.203887050607 0) (-0.244840766024 0.207246705762 0) (-0.244182635859 0.210609596183 0) (-0.243513262673 0.21397577921 0) (-0.242832604104 0.217345312471 0) (-0.242140616981 0.22071825389 0) (-0.241437257319 0.224094661689 0) (-0.240722480307 0.227474594399 0) (-0.239996240305 0.23085811086 0) (-0.239258490833 0.234245270229 0) (-0.238509184563 0.237636131987 0) (-0.237748273314 0.24103075594 0) (-0.236975708038 0.24442920223 0))
    polyLine 12 16 ((0.0103243682285 0.132604043843 -0.03) (0.0104640723991 0.133492719527 -0.03) (0.0106047096244 0.134381248029 -0.03) (0.0107462797493 0.135269628368 -0.03) (0.0108887826178 0.136157859566 -0.03) (0.0110322180727 0.137045940642 -0.03) (0.0111765859559 0.137933870617 -0.03) (0.0113218861083 0.138821648514 -0.03) (0.0114681183695 0.139709273352 -0.03) (0.0116152825785 0.140596744153 -0.03) (0.0117633785729 0.141484059939 -0.03) (0.0119124061894 0.142371219731 -0.03) (0.0120623652638 0.143258222552 -0.03) (0.0122132556307 0.144145067422 -0.03) (0.0123650771237 0.145031753366 -0.03) (0.0125178295754 0.145918279404 -0.03) (0.0126715128175 0.146804644559 -0.03) (0.0128261266805 0.147690847854 -0.03) (0.0129816709939 0.148576888313 -0.03) (0.0131381455862 0.149462764957 -0.03) (0.0132955502849 0.150348476811 -0.03) (0.0134538849164 0.151234022898 -0.03) (0.0136131493062 0.152119402242 -0.03) (0.0137733432788 0.153004613865 -0.03) (0.0139344666573 0.153889656793 -0.03) (0.0140965192643 0.15477453005 -0.03) (0.014259500921 0.155659232659 -0.03) (0.0144234114478 0.156543763646 -0.03) (0.0145882506639 0.157428122035 -0.03) (0.0147540183875 0.158312306851 -0.03) (0.014920714436 0.15919631712 -0.03) (0.0150883386255 0.160080151866 -0.03) (0.0152568907712 0.160963810115 -0.03) (0.0154263706873 0.161847290894 -0.03) (0.0155967781868 0.162730593227 -0.03) (0.015768113082 0.163613716141 -0.03) (0.015940375184 0.164496658662 -0.03) (0.0161135643027 0.165379419817 -0.03) (0.0162876802472 0.166261998632 -0.03) (0.0164627228256 0.167144394135 -0.03) (0.0166386918449 0.168026605352 -0.03) (0.0168155871111 0.168908631311 -0.03) (0.0169934084291 0.169790471039 -0.03) (0.0171721556028 0.170672123565 -0.03) (0.0173518284352 0.171553587915 -0.03) (0.0175324267283 0.172434863118 -0.03) (0.0177139502827 0.173315948203 -0.03) (0.0178963988986 0.174196842198 -0.03) (0.0180797723746 0.175077544131 -0.03))
    polyLine 14 18 ((0.0103243682285 0.132604043843 0) (0.0104640723991 0.133492719527 0) (0.0106047096244 0.134381248029 0) (0.0107462797493 0.135269628368 0) (0.0108887826178 0.136157859566 0) (0.0110322180727 0.137045940642 0) (0.0111765859559 0.137933870617 0) (0.0113218861083 0.138821648514 0) (0.0114681183695 0.139709273352 0) (0.0116152825785 0.140596744153 0) (0.0117633785729 0.141484059939 0) (0.0119124061894 0.142371219731 0) (0.0120623652638 0.143258222552 0) (0.0122132556307 0.144145067422 0) (0.0123650771237 0.145031753366 0) (0.0125178295754 0.145918279404 0) (0.0126715128175 0.146804644559 0) (0.0128261266805 0.147690847854 0) (0.0129816709939 0.148576888313 0) (0.0131381455862 0.149462764957 0) (0.0132955502849 0.150348476811 0) (0.0134538849164 0.151234022898 0) (0.0136131493062 0.152119402242 0) (0.0137733432788 0.153004613865 0) (0.0139344666573 0.153889656793 0) (0.0140965192643 0.15477453005 0) (0.014259500921 0.155659232659 0) (0.0144234114478 0.156543763646 0) (0.0145882506639 0.157428122035 0) (0.0147540183875 0.158312306851 0) (0.014920714436 0.15919631712 0) (0.0150883386255 0.160080151866 0) (0.0152568907712 0.160963810115 0) (0.0154263706873 0.161847290894 0) (0.0155967781868 0.162730593227 0) (0.015768113082 0.163613716141 0) (0.015940375184 0.164496658662 0) (0.0161135643027 0.165379419817 0) (0.0162876802472 0.166261998632 0) (0.0164627228256 0.167144394135 0) (0.0166386918449 0.168026605352 0) (0.0168155871111 0.168908631311 0) (0.0169934084291 0.169790471039 0) (0.0171721556028 0.170672123565 0) (0.0173518284352 0.171553587915 0) (0.0175324267283 0.172434863118 0) (0.0177139502827 0.173315948203 0) (0.0178963988986 0.174196842198 0) (0.0180797723746 0.175077544131 0))
    polyLine 13 17 ((-0.235445151689 0.251026326753 -0.03) (-0.234688480713 0.254224642054 -0.03) (-0.233921382568 0.257426527987 -0.03) (-0.233143813226 0.260632035579 -0.03) (-0.232355727952 0.263841216143 -0.03) (-0.231557081294 0.267054121281 -0.03) (-0.230747827079 0.270270802885 -0.03) (-0.229927918401 0.273491313149 -0.03) (-0.229097307619 0.276715704567 -0.03) (-0.228255946347 0.27994402994 -0.03) (-0.227403785444 0.283176342381 -0.03) (-0.226540775012 0.286412695318 -0.03) (-0.225666864382 0.289653142501 -0.03) (-0.224782002112 0.292897738005 -0.03) (-0.223886135973 0.296146536235 -0.03) (-0.222979212945 0.29939959193 -0.03) (-0.222061179207 0.302656960169 -0.03) (-0.221131980128 0.305918696378 -0.03) (-0.220191560259 0.30918485633 -0.03) (-0.219239863324 0.312455496153 -0.03) (-0.218276832211 0.315730672335 -0.03) (-0.217302408964 0.31901044173 -0.03) (-0.21631653477 0.322294861559 -0.03))
    polyLine 15 19 ((-0.235445151689 0.251026326753 0) (-0.234688480713 0.254224642054 0) (-0.233921382568 0.257426527987 0) (-0.233143813226 0.260632035579 0) (-0.232355727952 0.263841216143 0) (-0.231557081294 0.267054121281 0) (-0.230747827079 0.270270802885 0) (-0.229927918401 0.273491313149 0) (-0.229097307619 0.276715704567 0) (-0.228255946347 0.27994402994 0) (-0.227403785444 0.283176342381 0) (-0.226540775012 0.286412695318 0) (-0.225666864382 0.289653142501 0) (-0.224782002112 0.292897738005 0) (-0.223886135973 0.296146536235 0) (-0.222979212945 0.29939959193 0) (-0.222061179207 0.302656960169 0) (-0.221131980128 0.305918696378 0) (-0.220191560259 0.30918485633 0) (-0.219239863324 0.312455496153 0) (-0.218276832211 0.315730672335 0) (-0.217302408964 0.31901044173 0) (-0.21631653477 0.322294861559 0))
    polyLine 16 20 ((0.0182640705085 0.175958053033 -0.03) (0.0184492930973 0.176838367931 -0.03) (0.0186354399367 0.177718487856 -0.03) (0.0188225108214 0.178598411836 -0.03) (0.0190105055451 0.179478138902 -0.03) (0.0191994239007 0.180357668085 -0.03) (0.0193892656798 0.181236998413 -0.03) (0.0195800306731 0.182116128918 -0.03) (0.0197717186703 0.18299505863 -0.03) (0.01996432946 0.183873786581 -0.03) (0.0201578628299 0.184752311801 -0.03) (0.0203523185666 0.185630633322 -0.03) (0.0205476964556 0.186508750175 -0.03) (0.0207439962817 0.187386661393 -0.03) (0.0209412178283 0.188264366006 -0.03) (0.0211393608779 0.189141863049 -0.03) (0.0213384252123 0.190019151552 -0.03) (0.0215384106117 0.19089623055 -0.03) (0.0217393168559 0.191773099074 -0.03) (0.0219411437231 0.192649756158 -0.03) (0.022143890991 0.193526200835 -0.03) (0.022347558436 0.19440243214 -0.03) (0.0225521458336 0.195278449106 -0.03) (0.022757652958 0.196154250767 -0.03) (0.0229640795829 0.197029836157 -0.03) (0.0231714254806 0.197905204312 -0.03) (0.0233796904224 0.198780354266 -0.03) (0.0235888741788 0.199655285053 -0.03) (0.0237989765191 0.200529995711 -0.03) (0.0240099972116 0.201404485273 -0.03) (0.0242219360238 0.202278752777 -0.03) (0.0244347927219 0.203152797257 -0.03) (0.0246485670713 0.20402661775 -0.03) (0.0248632588362 0.204900213294 -0.03) (0.0250788677799 0.205773582924 -0.03) (0.0252953936648 0.206646725678 -0.03) (0.025512836252 0.207519640593 -0.03) (0.0257311953019 0.208392326706 -0.03) (0.0259504705737 0.209264783056 -0.03) (0.0261706618256 0.210137008681 -0.03) (0.0263917688149 0.211009002618 -0.03) (0.0266137912977 0.211880763907 -0.03) (0.0268367290293 0.212752291586 -0.03) (0.027060581764 0.213623584694 -0.03) (0.0272853492547 0.214494642272 -0.03) (0.0275110312539 0.215365463357 -0.03) (0.0277376275126 0.216236046991 -0.03) (0.027965137781 0.217106392212 -0.03) (0.0281935618082 0.217976498063 -0.03))
    polyLine 18 22 ((0.0182640705085 0.175958053033 0) (0.0184492930973 0.176838367931 0) (0.0186354399367 0.177718487856 0) (0.0188225108214 0.178598411836 0) (0.0190105055451 0.179478138902 0) (0.0191994239007 0.180357668085 0) (0.0193892656798 0.181236998413 0) (0.0195800306731 0.182116128918 0) (0.0197717186703 0.18299505863 0) (0.01996432946 0.183873786581 0) (0.0201578628299 0.184752311801 0) (0.0203523185666 0.185630633322 0) (0.0205476964556 0.186508750175 0) (0.0207439962817 0.187386661393 0) (0.0209412178283 0.188264366006 0) (0.0211393608779 0.189141863049 0) (0.0213384252123 0.190019151552 0) (0.0215384106117 0.19089623055 0) (0.0217393168559 0.191773099074 0) (0.0219411437231 0.192649756158 0) (0.022143890991 0.193526200835 0) (0.022347558436 0.19440243214 0) (0.0225521458336 0.195278449106 0) (0.022757652958 0.196154250767 0) (0.0229640795829 0.197029836157 0) (0.0231714254806 0.197905204312 0) (0.0233796904224 0.198780354266 0) (0.0235888741788 0.199655285053 0) (0.0237989765191 0.200529995711 0) (0.0240099972116 0.201404485273 0) (0.0242219360238 0.202278752777 0) (0.0244347927219 0.203152797257 0) (0.0246485670713 0.20402661775 0) (0.0248632588362 0.204900213294 0) (0.0250788677799 0.205773582924 0) (0.0252953936648 0.206646725678 0) (0.025512836252 0.207519640593 0) (0.0257311953019 0.208392326706 0) (0.0259504705737 0.209264783056 0) (0.0261706618256 0.210137008681 0) (0.0263917688149 0.211009002618 0) (0.0266137912977 0.211880763907 0) (0.0268367290293 0.212752291586 0) (0.027060581764 0.213623584694 0) (0.0272853492547 0.214494642272 0) (0.0275110312539 0.215365463357 0) (0.0277376275126 0.216236046991 0) (0.027965137781 0.217106392212 0) (0.0281935618082 0.217976498063 0))
    polyLine 17 21 ((-0.214385090274 0.328634504442 -0.03) (-0.213441056353 0.331689153984 -0.03) (-0.212486998752 0.334747984688 -0.03) (-0.211522867373 0.337811043487 -0.03) (-0.210548611445 0.340878377609 -0.03) (-0.209564179522 0.343950034582 -0.03) (-0.208569519469 0.347026062233 -0.03) (-0.207564578461 0.350106508697 -0.03) (-0.206549302973 0.35319142242 -0.03) (-0.205523638771 0.35628085216 -0.03) (-0.204487530907 0.359374846994 -0.03) (-0.203440923711 0.36247345632 -0.03) (-0.202383760778 0.365576729863 -0.03) (-0.201315984969 0.368684717678 -0.03) (-0.200237538394 0.371797470152 -0.03) (-0.199148362409 0.374915038014 -0.03) (-0.198048397606 0.378037472331 -0.03) (-0.196937583804 0.381164824519 -0.03) (-0.19581586004 0.384297146347 -0.03) (-0.194683164562 0.387434489935 -0.03) (-0.193539434819 0.390576907767 -0.03) (-0.19238460745 0.393724452688 -0.03) (-0.191218618278 0.396877177914 -0.03))
    polyLine 19 23 ((-0.214385090274 0.328634504442 0) (-0.213441056353 0.331689153984 0) (-0.212486998752 0.334747984688 0) (-0.211522867373 0.337811043487 0) (-0.210548611445 0.340878377609 0) (-0.209564179522 0.343950034582 0) (-0.208569519469 0.347026062233 0) (-0.207564578461 0.350106508697 0) (-0.206549302973 0.35319142242 0) (-0.205523638771 0.35628085216 0) (-0.204487530907 0.359374846994 0) (-0.203440923711 0.36247345632 0) (-0.202383760778 0.365576729863 0) (-0.201315984969 0.368684717678 0) (-0.200237538394 0.371797470152 0) (-0.199148362409 0.374915038014 0) (-0.198048397606 0.378037472331 0) (-0.196937583804 0.381164824519 0) (-0.19581586004 0.384297146347 0) (-0.194683164562 0.387434489935 0) (-0.193539434819 0.390576907767 0) (-0.19238460745 0.393724452688 0) (-0.191218618278 0.396877177914 0))
    polyLine 20 24 ((0.0284228993424 0.218846363583 -0.03) (0.0286531501308 0.219715987813 -0.03) (0.0288843139195 0.220585369795 -0.03) (0.0291163904535 0.22145450857 -0.03) (0.0293493794772 0.222323403179 -0.03) (0.0295832807334 0.223192052666 -0.03) (0.0298180939645 0.224060456071 -0.03) (0.0300538189114 0.224928612437 -0.03) (0.0302904553143 0.225796520808 -0.03) (0.0305280029122 0.226664180227 -0.03) (0.0307664614433 0.227531589736 -0.03) (0.0310058306447 0.228398748379 -0.03) (0.0312461102524 0.229265655201 -0.03) (0.0314873000014 0.230132309245 -0.03) (0.031729399626 0.230998709556 -0.03) (0.0319724088592 0.231864855179 -0.03) (0.0322163274329 0.232730745159 -0.03) (0.0324611550784 0.233596378541 -0.03) (0.0327068915256 0.23446175437 -0.03) (0.0329535365036 0.235326871693 -0.03) (0.0332010897405 0.236191729555 -0.03) (0.0334495509634 0.237056327004 -0.03) (0.0336989198982 0.237920663085 -0.03) (0.0339491962701 0.238784736847 -0.03) (0.0342003798031 0.239648547335 -0.03) (0.0344524702203 0.240512093599 -0.03) (0.0347054672437 0.241375374685 -0.03) (0.0349593705944 0.242238389642 -0.03) (0.0352141799924 0.243101137518 -0.03) (0.0354698951569 0.243963617363 -0.03) (0.0357265158058 0.244825828225 -0.03) (0.0359840416562 0.245687769153 -0.03) (0.0362424724242 0.246549439197 -0.03) (0.0365018078249 0.247410837408 -0.03) (0.0367620475723 0.248271962835 -0.03) (0.0370231913795 0.249132814529 -0.03) (0.0372852389585 0.249993391542 -0.03) (0.0375481900205 0.250853692923 -0.03) (0.0378120442756 0.251713717725 -0.03) (0.0380768014328 0.252573464999 -0.03) (0.0383424612001 0.253432933797 -0.03) (0.0386090232848 0.254292123172 -0.03) (0.0388764873929 0.255151032177 -0.03) (0.0391448532295 0.256009659864 -0.03) (0.0394141204987 0.256868005287 -0.03) (0.0396842889037 0.2577260675 -0.03) (0.0399553581465 0.258583845555 -0.03) (0.0402273279283 0.259441338509 -0.03) (0.0405001979493 0.260298545415 -0.03) (0.0407739679086 0.261155465327 -0.03))
    polyLine 22 26 ((0.0284228993424 0.218846363583 0) (0.0286531501308 0.219715987813 0) (0.0288843139195 0.220585369795 0) (0.0291163904535 0.22145450857 0) (0.0293493794772 0.222323403179 0) (0.0295832807334 0.223192052666 0) (0.0298180939645 0.224060456071 0) (0.0300538189114 0.224928612437 0) (0.0302904553143 0.225796520808 0) (0.0305280029122 0.226664180227 0) (0.0307664614433 0.227531589736 0) (0.0310058306447 0.228398748379 0) (0.0312461102524 0.229265655201 0) (0.0314873000014 0.230132309245 0) (0.031729399626 0.230998709556 0) (0.0319724088592 0.231864855179 0) (0.0322163274329 0.232730745159 0) (0.0324611550784 0.233596378541 0) (0.0327068915256 0.23446175437 0) (0.0329535365036 0.235326871693 0) (0.0332010897405 0.236191729555 0) (0.0334495509634 0.237056327004 0) (0.0336989198982 0.237920663085 0) (0.0339491962701 0.238784736847 0) (0.0342003798031 0.239648547335 0) (0.0344524702203 0.240512093599 0) (0.0347054672437 0.241375374685 0) (0.0349593705944 0.242238389642 0) (0.0352141799924 0.243101137518 0) (0.0354698951569 0.243963617363 0) (0.0357265158058 0.244825828225 0) (0.0359840416562 0.245687769153 0) (0.0362424724242 0.246549439197 0) (0.0365018078249 0.247410837408 0) (0.0367620475723 0.248271962835 0) (0.0370231913795 0.249132814529 0) (0.0372852389585 0.249993391542 0) (0.0375481900205 0.250853692923 0) (0.0378120442756 0.251713717725 0) (0.0380768014328 0.252573464999 0) (0.0383424612001 0.253432933797 0) (0.0386090232848 0.254292123172 0) (0.0388764873929 0.255151032177 0) (0.0391448532295 0.256009659864 0) (0.0394141204987 0.256868005287 0) (0.0396842889037 0.2577260675 0) (0.0399553581465 0.258583845555 0) (0.0402273279283 0.259441338509 0) (0.0405001979493 0.260298545415 0) (0.0407739679086 0.261155465327 0))
    polyLine 21 25 ((-0.18894951574 0.402942145992 -0.03) (-0.187848038916 0.405853663607 -0.03) (-0.186736919475 0.408769732333 -0.03) (-0.185616104448 0.411690394901 -0.03) (-0.18448554024 0.414615694328 -0.03) (-0.183345172628 0.417545673914 -0.03) (-0.182194946753 0.420480377249 -0.03) (-0.18103480711 0.423419848214 -0.03) (-0.179864697542 0.426364130985 -0.03) (-0.178684561237 0.429313270038 -0.03) (-0.177494340714 0.432267310148 -0.03) (-0.176293977822 0.435226296397 -0.03) (-0.175083413728 0.438190274176 -0.03) (-0.173862588912 0.441159289186 -0.03) (-0.172631443157 0.444133387445 -0.03) (-0.171389915545 0.447112615289 -0.03) (-0.170137944443 0.450097019379 -0.03) (-0.168875467503 0.453086646698 -0.03) (-0.167602421647 0.456081544563 -0.03) (-0.166318743061 0.459081760622 -0.03) (-0.165024367188 0.462087342861 -0.03) (-0.163719228719 0.465098339608 -0.03) (-0.162403261581 0.468114799534 -0.03))
    polyLine 23 27 ((-0.18894951574 0.402942145992 0) (-0.187848038916 0.405853663607 0) (-0.186736919475 0.408769732333 0) (-0.185616104448 0.411690394901 0) (-0.18448554024 0.414615694328 0) (-0.183345172628 0.417545673914 0) (-0.182194946753 0.420480377249 0) (-0.18103480711 0.423419848214 0) (-0.179864697542 0.426364130985 0) (-0.178684561237 0.429313270038 0) (-0.177494340714 0.432267310148 0) (-0.176293977822 0.435226296397 0) (-0.175083413728 0.438190274176 0) (-0.173862588912 0.441159289186 0) (-0.172631443157 0.444133387445 0) (-0.171389915545 0.447112615289 0) (-0.170137944443 0.450097019379 0) (-0.168875467503 0.453086646698 0) (-0.167602421647 0.456081544563 0) (-0.166318743061 0.459081760622 0) (-0.165024367188 0.462087342861 0) (-0.163719228719 0.465098339608 0) (-0.162403261581 0.468114799534 0))
    polyLine 24 28 ((0.0410486375043 0.262012097302 -0.03) (0.0413242064336 0.262868440395 -0.03) (0.0416006743927 0.263724493662 -0.03) (0.0418780410767 0.264580256158 -0.03) (0.0421563061799 0.265435726941 -0.03) (0.0424354693954 0.266290905066 -0.03) (0.0427155304155 0.267145789592 -0.03) (0.0429964889314 0.268000379576 -0.03) (0.0432783446332 0.268854674074 -0.03) (0.0435610972103 0.269708672147 -0.03) (0.0438447463508 0.270562372851 -0.03) (0.0441292917421 0.271415775246 -0.03) (0.0444147330704 0.272268878391 -0.03) (0.044701070021 0.273121681345 -0.03) (0.0449883022783 0.273974183168 -0.03) (0.0452764295254 0.274826382919 -0.03) (0.0455654514448 0.275678279661 -0.03) (0.0458553677177 0.276529872452 -0.03) (0.0461461780246 0.277381160354 -0.03) (0.0464378820448 0.278232142429 -0.03) (0.0467304794566 0.279082817739 -0.03) (0.0470239699376 0.279933185345 -0.03) (0.047318353164 0.280783244309 -0.03) (0.0476136288113 0.281632993696 -0.03) (0.047909796554 0.282482432567 -0.03) (0.0482068560655 0.283331559986 -0.03) (0.0485048070182 0.284180375017 -0.03) (0.0488036490838 0.285028876725 -0.03) (0.0491033819327 0.285877064173 -0.03) (0.0494040052343 0.286724936426 -0.03) (0.0497055186574 0.28757249255 -0.03) (0.0500079218693 0.28841973161 -0.03) (0.0503112145368 0.289266652672 -0.03) (0.0506153963255 0.290113254802 -0.03) (0.0509204668998 0.290959537067 -0.03) (0.0512264259236 0.291805498534 -0.03) (0.0515332730594 0.29265113827 -0.03) (0.0518410079689 0.293496455342 -0.03) (0.0521496303129 0.294341448819 -0.03) (0.0524591397511 0.295186117769 -0.03) (0.0527695359422 0.296030461261 -0.03) (0.053080818544 0.296874478364 -0.03) (0.0533929872132 0.297718168146 -0.03) (0.0537060416058 0.298561529679 -0.03) (0.0540199813765 0.299404562032 -0.03) (0.0543348061792 0.300247264275 -0.03) (0.0546505156669 0.30108963548 -0.03) (0.0549671094913 0.301931674718 -0.03) (0.0552845873035 0.30277338106 -0.03))
    polyLine 26 30 ((0.0410486375043 0.262012097302 0) (0.0413242064336 0.262868440395 0) (0.0416006743927 0.263724493662 0) (0.0418780410767 0.264580256158 0) (0.0421563061799 0.265435726941 0) (0.0424354693954 0.266290905066 0) (0.0427155304155 0.267145789592 0) (0.0429964889314 0.268000379576 0) (0.0432783446332 0.268854674074 0) (0.0435610972103 0.269708672147 0) (0.0438447463508 0.270562372851 0) (0.0441292917421 0.271415775246 0) (0.0444147330704 0.272268878391 0) (0.044701070021 0.273121681345 0) (0.0449883022783 0.273974183168 0) (0.0452764295254 0.274826382919 0) (0.0455654514448 0.275678279661 0) (0.0458553677177 0.276529872452 0) (0.0461461780246 0.277381160354 0) (0.0464378820448 0.278232142429 0) (0.0467304794566 0.279082817739 0) (0.0470239699376 0.279933185345 0) (0.047318353164 0.280783244309 0) (0.0476136288113 0.281632993696 0) (0.047909796554 0.282482432567 0) (0.0482068560655 0.283331559986 0) (0.0485048070182 0.284180375017 0) (0.0488036490838 0.285028876725 0) (0.0491033819327 0.285877064173 0) (0.0494040052343 0.286724936426 0) (0.0497055186574 0.28757249255 0) (0.0500079218693 0.28841973161 0) (0.0503112145368 0.289266652672 0) (0.0506153963255 0.290113254802 0) (0.0509204668998 0.290959537067 0) (0.0512264259236 0.291805498534 0) (0.0515332730594 0.29265113827 0) (0.0518410079689 0.293496455342 0) (0.0521496303129 0.294341448819 0) (0.0524591397511 0.295186117769 0) (0.0527695359422 0.296030461261 0) (0.053080818544 0.296874478364 0) (0.0533929872132 0.297718168146 0) (0.0537060416058 0.298561529679 0) (0.0540199813765 0.299404562032 0) (0.0543348061792 0.300247264275 0) (0.0546505156669 0.30108963548 0) (0.0549671094913 0.301931674718 0) (0.0552845873035 0.30277338106 0))
    polyLine 25 29 ((-0.15985152129 0.473909444841 -0.03) (-0.158617394647 0.476686821567 -0.03) (-0.157373965913 0.479468940288 -0.03) (-0.156121181429 0.48225583971 -0.03) (-0.154858986964 0.485047558795 -0.03) (-0.153587327709 0.487844136771 -0.03) (-0.152306148269 0.490645613126 -0.03) (-0.15101539266 0.493452027618 -0.03) (-0.149715004298 0.496263420271 -0.03) (-0.148404925998 0.499079831385 -0.03) (-0.147085099962 0.501901301532 -0.03) (-0.145755467778 0.504727871565 -0.03) (-0.144415970406 0.507559582615 -0.03) (-0.14306654818 0.510396476098 -0.03) (-0.141707140793 0.513238593716 -0.03) (-0.140337687294 0.516085977462 -0.03) (-0.138958126083 0.51893866962 -0.03) (-0.137568394897 0.521796712771 -0.03) (-0.13616843081 0.524660149793 -0.03) (-0.134758170221 0.527529023868 -0.03) (-0.133337548848 0.53040337848 -0.03) (-0.13190650172 0.533283257424 -0.03) (-0.13046496317 0.536168704805 -0.03))
    polyLine 27 31 ((-0.15985152129 0.473909444841 0) (-0.158617394647 0.476686821567 0) (-0.157373965913 0.479468940288 0) (-0.156121181429 0.48225583971 0) (-0.154858986964 0.485047558795 0) (-0.153587327709 0.487844136771 0) (-0.152306148269 0.490645613126 0) (-0.15101539266 0.493452027618 0) (-0.149715004298 0.496263420271 0) (-0.148404925998 0.499079831385 0) (-0.147085099962 0.501901301532 0) (-0.145755467778 0.504727871565 0) (-0.144415970406 0.507559582615 0) (-0.14306654818 0.510396476098 0) (-0.141707140793 0.513238593716 0) (-0.140337687294 0.516085977462 0) (-0.138958126083 0.51893866962 0) (-0.137568394897 0.521796712771 0) (-0.13616843081 0.524660149793 0) (-0.134758170221 0.527529023868 0) (-0.133337548848 0.53040337848 0) (-0.13190650172 0.533283257424 0) (-0.13046496317 0.536168704805 0))
    polyLine 28 32 ((0.0556029487534 0.303614753578 -0.03) (0.05592219349 0.304455791345 -0.03) (0.0562423211613 0.305296493434 -0.03) (0.0565633314144 0.306136858917 -0.03) (0.0568852238954 0.306976886868 -0.03) (0.0572079982492 0.30781657636 -0.03) (0.0575316541202 0.308655926469 -0.03) (0.0578561911513 0.309494936268 -0.03) (0.0581816089848 0.310333604832 -0.03) (0.0585079072619 0.311171931238 -0.03) (0.0588350856228 0.312009914559 -0.03) (0.0591631437069 0.312847553874 -0.03) (0.0594920811523 0.313684848257 -0.03) (0.0598218975965 0.314521796786 -0.03) (0.0601525926758 0.315358398539 -0.03) (0.0604841660255 0.316194652592 -0.03) (0.0608166172802 0.317030558023 -0.03) (0.0611499460732 0.317866113912 -0.03) (0.0614841520371 0.318701319337 -0.03) (0.0618192348033 0.319536173376 -0.03) (0.0621551940025 0.32037067511 -0.03) (0.0624920292641 0.321204823619 -0.03) (0.0628297402169 0.322038617982 -0.03) (0.0631683264885 0.32287205728 -0.03) (0.0635077877056 0.323705140595 -0.03) (0.0638481234938 0.324537867008 -0.03) (0.064189333478 0.325370235601 -0.03) (0.064531417282 0.326202245455 -0.03) (0.0648743745286 0.327033895655 -0.03) (0.0652182048397 0.327865185282 -0.03) (0.0655629078361 0.328696113421 -0.03) (0.0659084831378 0.329526679155 -0.03) (0.0662549303639 0.330356881568 -0.03) (0.0666022491323 0.331186719746 -0.03) (0.0669504390601 0.332016192772 -0.03) (0.0672994997634 0.332845299733 -0.03) (0.0676494308573 0.333674039715 -0.03) (0.0680002319561 0.334502411803 -0.03) (0.0683519026729 0.335330415085 -0.03) (0.06870444262 0.336158048647 -0.03) (0.0690578514087 0.336985311577 -0.03) (0.0694121286494 0.337812202963 -0.03) (0.0697672739514 0.338638721893 -0.03) (0.0701232869232 0.339464867456 -0.03) (0.0704801671723 0.340290638741 -0.03) (0.0708379143052 0.341116034838 -0.03) (0.0711965279274 0.341941054836 -0.03) (0.0715560076436 0.342765697826 -0.03) (0.0719163530574 0.343589962899 -0.03))
    polyLine 30 34 ((0.0556029487534 0.303614753578 0) (0.05592219349 0.304455791345 0) (0.0562423211613 0.305296493434 0) (0.0565633314144 0.306136858917 0) (0.0568852238954 0.306976886868 0) (0.0572079982492 0.30781657636 0) (0.0575316541202 0.308655926469 0) (0.0578561911513 0.309494936268 0) (0.0581816089848 0.310333604832 0) (0.0585079072619 0.311171931238 0) (0.0588350856228 0.312009914559 0) (0.0591631437069 0.312847553874 0) (0.0594920811523 0.313684848257 0) (0.0598218975965 0.314521796786 0) (0.0601525926758 0.315358398539 0) (0.0604841660255 0.316194652592 0) (0.0608166172802 0.317030558023 0) (0.0611499460732 0.317866113912 0) (0.0614841520371 0.318701319337 0) (0.0618192348033 0.319536173376 0) (0.0621551940025 0.32037067511 0) (0.0624920292641 0.321204823619 0) (0.0628297402169 0.322038617982 0) (0.0631683264885 0.32287205728 0) (0.0635077877056 0.323705140595 0) (0.0638481234938 0.324537867008 0) (0.064189333478 0.325370235601 0) (0.064531417282 0.326202245455 0) (0.0648743745286 0.327033895655 0) (0.0652182048397 0.327865185282 0) (0.0655629078361 0.328696113421 0) (0.0659084831378 0.329526679155 0) (0.0662549303639 0.330356881568 0) (0.0666022491323 0.331186719746 0) (0.0669504390601 0.332016192772 0) (0.0672994997634 0.332845299733 0) (0.0676494308573 0.333674039715 0) (0.0680002319561 0.334502411803 0) (0.0683519026729 0.335330415085 0) (0.06870444262 0.336158048647 0) (0.0690578514087 0.336985311577 0) (0.0694121286494 0.337812202963 0) (0.0697672739514 0.338638721893 0) (0.0701232869232 0.339464867456 0) (0.0704801671723 0.340290638741 0) (0.0708379143052 0.341116034838 0) (0.0711965279274 0.341941054836 0) (0.0715560076436 0.342765697826 0) (0.0719163530574 0.343589962899 0))
    polyLine 29 33 ((-0.127673789479 0.541712218833 -0.03) (-0.126325750066 0.544369451673 -0.03) (-0.124968696029 0.547031498382 -0.03) (-0.123602574292 0.549698394009 -0.03) (-0.122227331258 0.552370173837 -0.03) (-0.120842912801 0.555046873383 -0.03) (-0.11944926426 0.557728528401 -0.03) (-0.118046330438 0.560415174883 -0.03) (-0.11663405559 0.563106849063 -0.03) (-0.115212383423 0.56580358742 -0.03) (-0.113781257087 0.568505426677 -0.03) (-0.112340619168 0.571212403807 -0.03) (-0.110890411686 0.573924556032 -0.03) (-0.109430576087 0.57664192083 -0.03) (-0.107961053234 0.579364535931 -0.03) (-0.106481783405 0.582092439325 -0.03) (-0.104992706286 0.584825669265 -0.03) (-0.103493760963 0.587564264263 -0.03) (-0.101984885915 0.590308263099 -0.03) (-0.10046601901 0.59305770482 -0.03) (-0.0989370974988 0.595812628747 -0.03) (-0.0973980580034 0.59857307447 -0.03) (-0.0958488365155 0.601339081858 -0.03))
    polyLine 31 35 ((-0.127673789479 0.541712218833 0) (-0.126325750066 0.544369451673 0) (-0.124968696029 0.547031498382 0) (-0.123602574292 0.549698394009 0) (-0.122227331258 0.552370173837 0) (-0.120842912801 0.555046873383 0) (-0.11944926426 0.557728528401 0) (-0.118046330438 0.560415174883 0) (-0.11663405559 0.563106849063 0) (-0.115212383423 0.56580358742 0) (-0.113781257087 0.568505426677 0) (-0.112340619168 0.571212403807 0) (-0.110890411686 0.573924556032 0) (-0.109430576087 0.57664192083 0) (-0.107961053234 0.579364535931 0) (-0.106481783405 0.582092439325 0) (-0.104992706286 0.584825669265 0) (-0.103493760963 0.587564264263 0) (-0.101984885915 0.590308263099 0) (-0.10046601901 0.59305770482 0) (-0.0989370974988 0.595812628747 0) (-0.0973980580034 0.59857307447 0) (-0.0958488365155 0.601339081858 0))
    polyLine 32 36 ((0.0722775637715 0.344413849146 -0.03) (0.0726396393877 0.345237355658 -0.03) (0.0730025795068 0.346060481528 -0.03) (0.0733663837285 0.346883225848 -0.03) (0.0737310516518 0.34770558771 -0.03) (0.0740965828746 0.348527566209 -0.03) (0.0744629769939 0.349349160438 -0.03) (0.0748302336058 0.350170369491 -0.03) (0.0751983523052 0.350991192462 -0.03) (0.0755673326864 0.351811628448 -0.03) (0.0759371743425 0.352631676542 -0.03) (0.0763078768657 0.353451335841 -0.03) (0.0766794398474 0.354270605441 -0.03) (0.0770518628778 0.35508948444 -0.03) (0.0774251455464 0.355907971933 -0.03) (0.0777992874416 0.356726067019 -0.03) (0.0781742881508 0.357543768796 -0.03) (0.0785501472606 0.358361076362 -0.03) (0.0789268643567 0.359177988815 -0.03) (0.0793044390236 0.359994505256 -0.03) (0.079682870845 0.360810624784 -0.03) (0.0800621594038 0.3616263465 -0.03) (0.0804423042817 0.362441669503 -0.03) (0.0808233050596 0.363256592894 -0.03) (0.0812051613175 0.364071115777 -0.03) (0.0815878726342 0.364885237251 -0.03) (0.0819714385879 0.365698956421 -0.03) (0.0823558587557 0.366512272388 -0.03) (0.0827411327137 0.367325184256 -0.03) (0.083127260037 0.368137691128 -0.03) (0.0835142403001 0.368949792109 -0.03) (0.0839020730762 0.369761486303 -0.03) (0.0842907579378 0.370572772816 -0.03) (0.0846802944562 0.371383650753 -0.03) (0.085070682202 0.37219411922 -0.03) (0.0854619207448 0.373004177323 -0.03) (0.0858540096532 0.373813824169 -0.03) (0.0862469484949 0.374623058865 -0.03) (0.0866407368367 0.37543188052 -0.03) (0.0870353742443 0.376240288242 -0.03) (0.0874308602828 0.377048281138 -0.03) (0.0878271945161 0.377855858319 -0.03) (0.0882243765071 0.378663018894 -0.03) (0.0886224058179 0.379469761973 -0.03) (0.0890212820098 0.380276086666 -0.03) (0.0894210046429 0.381081992085 -0.03) (0.0898215732765 0.38188747734 -0.03) (0.0902229874689 0.382692541545 -0.03) (0.0906252467777 0.383497183811 -0.03))
    polyLine 34 38 ((0.0722775637715 0.344413849146 0) (0.0726396393877 0.345237355658 0) (0.0730025795068 0.346060481528 0) (0.0733663837285 0.346883225848 0) (0.0737310516518 0.34770558771 0) (0.0740965828746 0.348527566209 0) (0.0744629769939 0.349349160438 0) (0.0748302336058 0.350170369491 0) (0.0751983523052 0.350991192462 0) (0.0755673326864 0.351811628448 0) (0.0759371743425 0.352631676542 0) (0.0763078768657 0.353451335841 0) (0.0766794398474 0.354270605441 0) (0.0770518628778 0.35508948444 0) (0.0774251455464 0.355907971933 0) (0.0777992874416 0.356726067019 0) (0.0781742881508 0.357543768796 0) (0.0785501472606 0.358361076362 0) (0.0789268643567 0.359177988815 0) (0.0793044390236 0.359994505256 0) (0.079682870845 0.360810624784 0) (0.0800621594038 0.3616263465 0) (0.0804423042817 0.362441669503 0) (0.0808233050596 0.363256592894 0) (0.0812051613175 0.364071115777 0) (0.0815878726342 0.364885237251 0) (0.0819714385879 0.365698956421 0) (0.0823558587557 0.366512272388 0) (0.0827411327137 0.367325184256 0) (0.083127260037 0.368137691128 0) (0.0835142403001 0.368949792109 0) (0.0839020730762 0.369761486303 0) (0.0842907579378 0.370572772816 0) (0.0846802944562 0.371383650753 0) (0.085070682202 0.37219411922 0) (0.0854619207448 0.373004177323 0) (0.0858540096532 0.373813824169 0) (0.0862469484949 0.374623058865 0) (0.0866407368367 0.37543188052 0) (0.0870353742443 0.376240288242 0) (0.0874308602828 0.377048281138 0) (0.0878271945161 0.377855858319 0) (0.0882243765071 0.378663018894 0) (0.0886224058179 0.379469761973 0) (0.0890212820098 0.380276086666 0) (0.0894210046429 0.381081992085 0) (0.0898215732765 0.38188747734 0) (0.0902229874689 0.382692541545 0) (0.0906252467777 0.383497183811 0))
    polyLine 33 37 ((-0.0928490439961 0.606659387087 -0.03) (-0.0913999826736 0.609212867167 -0.03) (-0.0899421329903 0.611771162965 -0.03) (-0.0884754430442 0.614334306358 -0.03) (-0.0869998604558 0.616902329426 -0.03) (-0.0855153323629 0.61947526446 -0.03) (-0.084021805416 0.622053143961 -0.03) (-0.0825192257732 0.624636000645 -0.03) (-0.0810075390953 0.62722386744 -0.03) (-0.0794866905409 0.629816777493 -0.03) (-0.0779566247606 0.632414764169 -0.03) (-0.0764172858926 0.635017861054 -0.03) (-0.074868617557 0.637626101956 -0.03) (-0.0733105628505 0.64023952091 -0.03) (-0.0717430643412 0.642858152175 -0.03) (-0.0701660640628 0.645482030241 -0.03) (-0.0685795035093 0.648111189829 -0.03) (-0.0669833236297 0.650745665892 -0.03) (-0.0653774648216 0.65338549362 -0.03) (-0.0637618669261 0.656030708438 -0.03) (-0.0621364692216 0.658681346013 -0.03) (-0.0605012104183 0.661337442253 -0.03) (-0.0588560286518 0.66399903331 -0.03))
    polyLine 35 39 ((-0.0928490439961 0.606659387087 0) (-0.0913999826736 0.609212867167 0) (-0.0899421329903 0.611771162965 0) (-0.0884754430442 0.614334306358 0) (-0.0869998604558 0.616902329426 0) (-0.0855153323629 0.61947526446 0) (-0.084021805416 0.622053143961 0) (-0.0825192257732 0.624636000645 0) (-0.0810075390953 0.62722386744 0) (-0.0794866905409 0.629816777493 0) (-0.0779566247606 0.632414764169 0) (-0.0764172858926 0.635017861054 0) (-0.074868617557 0.637626101956 0) (-0.0733105628505 0.64023952091 0) (-0.0717430643412 0.642858152175 0) (-0.0701660640628 0.645482030241 0) (-0.0685795035093 0.648111189829 0) (-0.0669833236297 0.650745665892 0) (-0.0653774648216 0.65338549362 0) (-0.0637618669261 0.656030708438 0) (-0.0621364692216 0.658681346013 0) (-0.0605012104183 0.661337442253 0) (-0.0588560286518 0.66399903331 0))
    polyLine 36 40 ((0.0910283507592 0.384301403251 -0.03) (0.091432298969 0.385105198978 -0.03) (0.0918370909618 0.385908570107 -0.03) (0.0922427262912 0.386711515751 -0.03) (0.0926492045101 0.387514035024 -0.03) (0.0930565251702 0.388316127044 -0.03) (0.0934646878225 0.389117790924 -0.03) (0.0938736920168 0.389919025781 -0.03) (0.0942835373024 0.390719830732 -0.03) (0.0946942232273 0.391520204894 -0.03) (0.0951057493387 0.392320147384 -0.03) (0.0955181151829 0.39311965732 -0.03) (0.0959313203052 0.393918733821 -0.03) (0.0963453642501 0.394717376005 -0.03) (0.0967602465609 0.395515582993 -0.03) (0.0971759667804 0.396313353904 -0.03) (0.0975925244502 0.397110687859 -0.03) (0.0980099191109 0.397907583978 -0.03) (0.0984281503024 0.398704041383 -0.03) (0.0988472175636 0.399500059196 -0.03) (0.0992671204324 0.400295636539 -0.03) (0.0996878584458 0.401090772534 -0.03) (0.10010943114 0.401885466306 -0.03) (0.10053183805 0.402679716978 -0.03) (0.10095507871 0.403473523674 -0.03) (0.101379152654 0.404266885519 -0.03) (0.101804059414 0.405059801639 -0.03) (0.102229798522 0.405852271159 -0.03) (0.102656369508 0.406644293205 -0.03) (0.103083771901 0.407435866905 -0.03) (0.103512005231 0.408226991384 -0.03) (0.103941069026 0.409017665772 -0.03) (0.104370962811 0.409807889197 -0.03) (0.104801686115 0.410597660786 -0.03) (0.10523323846 0.41138697967 -0.03) (0.105665619373 0.412175844978 -0.03) (0.106098828375 0.41296425584 -0.03) (0.10653286499 0.413752211387 -0.03) (0.106967728738 0.414539710751 -0.03) (0.107403419141 0.415326753063 -0.03) (0.107839935718 0.416113337455 -0.03) (0.108277277988 0.41689946306 -0.03) (0.108715445467 0.417685129011 -0.03) (0.109154437675 0.418470334442 -0.03) (0.109594254125 0.419255078488 -0.03) (0.110034894334 0.420039360283 -0.03) (0.110476357816 0.420823178962 -0.03) (0.110918644084 0.421606533661 -0.03) (0.111361752649 0.422389423517 -0.03))
    polyLine 38 42 ((0.0910283507592 0.384301403251 0) (0.091432298969 0.385105198978 0) (0.0918370909618 0.385908570107 0) (0.0922427262912 0.386711515751 0) (0.0926492045101 0.387514035024 0) (0.0930565251702 0.388316127044 0) (0.0934646878225 0.389117790924 0) (0.0938736920168 0.389919025781 0) (0.0942835373024 0.390719830732 0) (0.0946942232273 0.391520204894 0) (0.0951057493387 0.392320147384 0) (0.0955181151829 0.39311965732 0) (0.0959313203052 0.393918733821 0) (0.0963453642501 0.394717376005 0) (0.0967602465609 0.395515582993 0) (0.0971759667804 0.396313353904 0) (0.0975925244502 0.397110687859 0) (0.0980099191109 0.397907583978 0) (0.0984281503024 0.398704041383 0) (0.0988472175636 0.399500059196 0) (0.0992671204324 0.400295636539 0) (0.0996878584458 0.401090772534 0) (0.10010943114 0.401885466306 0) (0.10053183805 0.402679716978 0) (0.10095507871 0.403473523674 0) (0.101379152654 0.404266885519 0) (0.101804059414 0.405059801639 0) (0.102229798522 0.405852271159 0) (0.102656369508 0.406644293205 0) (0.103083771901 0.407435866905 0) (0.103512005231 0.408226991384 0) (0.103941069026 0.409017665772 0) (0.104370962811 0.409807889197 0) (0.104801686115 0.410597660786 0) (0.10523323846 0.41138697967 0) (0.105665619373 0.412175844978 0) (0.106098828375 0.41296425584 0) (0.10653286499 0.413752211387 0) (0.106967728738 0.414539710751 0) (0.107403419141 0.415326753063 0) (0.107839935718 0.416113337455 0) (0.108277277988 0.41689946306 0) (0.108715445467 0.417685129011 0) (0.109154437675 0.418470334442 0) (0.109594254125 0.419255078488 0) (0.110034894334 0.420039360283 0) (0.110476357816 0.420823178962 0) (0.110918644084 0.421606533661 0) (0.111361752649 0.422389423517 0))
    polyLine 37 41 ((-0.0556671435986 0.669128174905 -0.03) (-0.0541248478286 0.671594948545 -0.03) (-0.0525739240094 0.674066505526 -0.03) (-0.0510143215471 0.676542875058 -0.03) (-0.0494459894086 0.679024086534 -0.03) (-0.0478688761169 0.681510169535 -0.03) (-0.0462829297467 0.684001153829 -0.03) (-0.0446880979204 0.686497069377 -0.03) (-0.0430843278031 0.688997946331 -0.03) (-0.0414715660985 0.691503815035 -0.03) (-0.0398497590443 0.69401470603 -0.03) (-0.0382188524073 0.696530650054 -0.03) (-0.0365787914791 0.699051678042 -0.03) (-0.0349295210712 0.701577821132 -0.03) (-0.0332709855102 0.704109110662 -0.03) (-0.0316031286329 0.706645578175 -0.03) (-0.0299258937818 0.709187255419 -0.03) (-0.0282392237997 0.71173417435 -0.03) (-0.0265430610247 0.714286367134 -0.03) (-0.0248373472856 0.716843866146 -0.03) (-0.0231220238963 0.719406703976 -0.03) (-0.0213970316508 0.721974913429 -0.03) (-0.019662310818 0.724548527525 -0.03))
    polyLine 39 43 ((-0.0556671435986 0.669128174905 0) (-0.0541248478286 0.671594948545 0) (-0.0525739240094 0.674066505526 0) (-0.0510143215471 0.676542875058 0) (-0.0494459894086 0.679024086534 0) (-0.0478688761169 0.681510169535 0) (-0.0462829297467 0.684001153829 0) (-0.0446880979204 0.686497069377 0) (-0.0430843278031 0.688997946331 0) (-0.0414715660985 0.691503815035 0) (-0.0398497590443 0.69401470603 0) (-0.0382188524073 0.696530650054 0) (-0.0365787914791 0.699051678042 0) (-0.0349295210712 0.701577821132 0) (-0.0332709855102 0.704109110662 0) (-0.0316031286329 0.706645578175 0) (-0.0299258937818 0.709187255419 0) (-0.0282392237997 0.71173417435 0) (-0.0265430610247 0.714286367134 0) (-0.0248373472856 0.716843866146 0) (-0.0231220238963 0.719406703976 0) (-0.0213970316508 0.721974913429 0) (-0.019662310818 0.724548527525 0))
    polyLine 40 44 ((0.111805683025 0.423171847666 -0.03) (0.112250434721 0.423953805246 -0.03) (0.112696007246 0.424735295395 -0.03) (0.11314240011 0.42551631725 -0.03) (0.113589612821 0.426296869951 -0.03) (0.114037644885 0.427076952637 -0.03) (0.114486495808 0.427856564448 -0.03) (0.114936165096 0.428635704525 -0.03) (0.115386652252 0.429414372008 -0.03) (0.11583795678 0.430192566039 -0.03) (0.116290078183 0.43097028576 -0.03) (0.116743015962 0.431747530314 -0.03) (0.117196769617 0.432524298843 -0.03) (0.117651338649 0.433300590491 -0.03) (0.118106722556 0.434076404402 -0.03) (0.118562920835 0.434851739722 -0.03) (0.119019932985 0.435626595594 -0.03) (0.119477758501 0.436400971164 -0.03) (0.119936396878 0.43717486558 -0.03) (0.120395847611 0.437948277987 -0.03) (0.120856110193 0.438721207533 -0.03) (0.121317184116 0.439493653366 -0.03) (0.121779068873 0.440265614634 -0.03) (0.122241763954 0.441037090485 -0.03) (0.122705268849 0.44180808007 -0.03) (0.123169583046 0.442578582538 -0.03) (0.123634706035 0.44334859704 -0.03) (0.124100637302 0.444118122727 -0.03) (0.124567376333 0.44488715875 -0.03) (0.125034922614 0.445655704261 -0.03) (0.125503275629 0.446423758413 -0.03) (0.125972434862 0.447191320359 -0.03) (0.126442399795 0.447958389254 -0.03) (0.126913169911 0.44872496425 -0.03) (0.127384744691 0.449491044504 -0.03) (0.127857123614 0.45025662917 -0.03) (0.128330306159 0.451021717404 -0.03) (0.128804291806 0.451786308363 -0.03) (0.129279080031 0.452550401203 -0.03) (0.129754670311 0.453313995083 -0.03) (0.130231062121 0.45407708916 -0.03) (0.130708254937 0.454839682593 -0.03) (0.131186248231 0.455601774541 -0.03) (0.131665041478 0.456363364165 -0.03) (0.132144634149 0.457124450623 -0.03) (0.132625025716 0.457885033078 -0.03) (0.133106215648 0.45864511069 -0.03) (0.133588203416 0.459404682622 -0.03) (0.134070988487 0.460163748036 -0.03))
    polyLine 42 46 ((0.111805683025 0.423171847666 0) (0.112250434721 0.423953805246 0) (0.112696007246 0.424735295395 0) (0.11314240011 0.42551631725 0) (0.113589612821 0.426296869951 0) (0.114037644885 0.427076952637 0) (0.114486495808 0.427856564448 0) (0.114936165096 0.428635704525 0) (0.115386652252 0.429414372008 0) (0.11583795678 0.430192566039 0) (0.116290078183 0.43097028576 0) (0.116743015962 0.431747530314 0) (0.117196769617 0.432524298843 0) (0.117651338649 0.433300590491 0) (0.118106722556 0.434076404402 0) (0.118562920835 0.434851739722 0) (0.119019932985 0.435626595594 0) (0.119477758501 0.436400971164 0) (0.119936396878 0.43717486558 0) (0.120395847611 0.437948277987 0) (0.120856110193 0.438721207533 0) (0.121317184116 0.439493653366 0) (0.121779068873 0.440265614634 0) (0.122241763954 0.441037090485 0) (0.122705268849 0.44180808007 0) (0.123169583046 0.442578582538 0) (0.123634706035 0.44334859704 0) (0.124100637302 0.444118122727 0) (0.124567376333 0.44488715875 0) (0.125034922614 0.445655704261 0) (0.125503275629 0.446423758413 0) (0.125972434862 0.447191320359 0) (0.126442399795 0.447958389254 0) (0.126913169911 0.44872496425 0) (0.127384744691 0.449491044504 0) (0.127857123614 0.45025662917 0) (0.128330306159 0.451021717404 0) (0.128804291806 0.451786308363 0) (0.129279080031 0.452550401203 0) (0.129754670311 0.453313995083 0) (0.130231062121 0.45407708916 0) (0.130708254937 0.454839682593 0) (0.131186248231 0.455601774541 0) (0.131665041478 0.456363364165 0) (0.132144634149 0.457124450623 0) (0.132625025716 0.457885033078 0) (0.133106215648 0.45864511069 0) (0.133588203416 0.459404682622 0) (0.134070988487 0.460163748036 0))
    polyLine 41 45 ((-0.0162943109894 0.72951961876 -0.03) (-0.014662333728 0.731916372186 -0.03) (-0.013021820326 0.734317866649 -0.03) (-0.0113727213527 0.736724129185 -0.03) (-0.00971498696869 0.739135186995 -0.03) (-0.00804856692199 0.74155106745 -0.03) (-0.00637341054425 0.74397179809 -0.03) (-0.00468946674667 0.746397406628 -0.03) (-0.00299668401609 0.748827920949 -0.03) (-0.00129501041085 0.751263369114 -0.03) (0.000415606443207 0.753703779357 -0.03) (0.00213521935694 0.756149180093 -0.03) (0.00386388158208 0.758599599914 -0.03) (0.00560164681542 0.761055067591 -0.03) (0.00734856920315 0.763515612079 -0.03) (0.00910470334516 0.765981262516 -0.03) (0.0108701042995 0.768452048224 -0.03) (0.0126448275865 0.770927998713 -0.03) (0.0144289291938 0.773409143679 -0.03) (0.0162224655804 0.775895513009 -0.03) (0.0180254936813 0.778387136782 -0.03) (0.0198380709125 0.780884045267 -0.03) (0.0216602551752 0.78338626893 -0.03))
    polyLine 43 47 ((-0.0162943109894 0.72951961876 0) (-0.014662333728 0.731916372186 0) (-0.013021820326 0.734317866649 0) (-0.0113727213527 0.736724129185 0) (-0.00971498696869 0.739135186995 0) (-0.00804856692199 0.74155106745 0) (-0.00637341054425 0.74397179809 0) (-0.00468946674667 0.746397406628 0) (-0.00299668401609 0.748827920949 0) (-0.00129501041085 0.751263369114 0) (0.000415606443207 0.753703779357 0) (0.00213521935694 0.756149180093 0) (0.00386388158208 0.758599599914 0) (0.00560164681542 0.761055067591 0) (0.00734856920315 0.763515612079 0) (0.00910470334516 0.765981262516 0) (0.0108701042995 0.768452048224 0) (0.0126448275865 0.770927998713 0) (0.0144289291938 0.773409143679 0) (0.0162224655804 0.775895513009 0) (0.0180254936813 0.778387136782 0) (0.0198380709125 0.780884045267 0) (0.0216602551752 0.78338626893 0))
    polyLine 44 48 ((0.13455457033 0.460922306094 -0.03) (0.135038948411 0.461680355962 -0.03) (0.135524122197 0.462437896803 -0.03) (0.136010091152 0.463194927781 -0.03) (0.13649685474 0.463951448063 -0.03) (0.136984412426 0.464707456813 -0.03) (0.137472763671 0.465462953199 -0.03) (0.137961907936 0.466217936387 -0.03) (0.138451844684 0.466972405546 -0.03) (0.138942573372 0.467726359843 -0.03) (0.139434093462 0.468479798446 -0.03) (0.139926404409 0.469232720526 -0.03) (0.140419505672 0.469985125252 -0.03) (0.140913396707 0.470737011795 -0.03) (0.14140807697 0.471488379325 -0.03) (0.141903545915 0.472239227014 -0.03) (0.142399802995 0.472989554035 -0.03) (0.142896847664 0.473739359559 -0.03) (0.143394679373 0.474488642761 -0.03) (0.143893297574 0.475237402814 -0.03) (0.144392701717 0.475985638893 -0.03) (0.144892891252 0.476733350172 -0.03) (0.145393865626 0.477480535828 -0.03) (0.145895624288 0.478227195036 -0.03) (0.146398166684 0.478973326973 -0.03) (0.14690149226 0.479718930817 -0.03) (0.147402595532 0.48046040289 -0.03) (0.147903698805 0.481201874963 -0.03) (0.148404802078 0.481943347036 -0.03) (0.148905905351 0.482684819109 -0.03) (0.149407008624 0.483426291182 -0.03) (0.149908111896 0.484167763255 -0.03) (0.150409215169 0.484909235328 -0.03) (0.150910318442 0.485650707401 -0.03) (0.151411421715 0.486392179474 -0.03) (0.151912524987 0.487133651547 -0.03) (0.15241362826 0.48787512362 -0.03) (0.152914731533 0.488616595693 -0.03) (0.153415834806 0.489358067766 -0.03) (0.153916938079 0.490099539839 -0.03) (0.154418041351 0.490841011912 -0.03) (0.154919144624 0.491582483985 -0.03) (0.155420247897 0.492323956058 -0.03) (0.15592135117 0.493065428131 -0.03) (0.156422454442 0.493806900204 -0.03) (0.156923557715 0.494548372277 -0.03) (0.157424660988 0.49528984435 -0.03) (0.157925764261 0.496031316423 -0.03) (0.158426867534 0.496772788496 -0.03) (0.158927970806 0.497514260569 -0.03))
    polyLine 46 50 ((0.13455457033 0.460922306094 0) (0.135038948411 0.461680355962 0) (0.135524122197 0.462437896803 0) (0.136010091152 0.463194927781 0) (0.13649685474 0.463951448063 0) (0.136984412426 0.464707456813 0) (0.137472763671 0.465462953199 0) (0.137961907936 0.466217936387 0) (0.138451844684 0.466972405546 0) (0.138942573372 0.467726359843 0) (0.139434093462 0.468479798446 0) (0.139926404409 0.469232720526 0) (0.140419505672 0.469985125252 0) (0.140913396707 0.470737011795 0) (0.14140807697 0.471488379325 0) (0.141903545915 0.472239227014 0) (0.142399802995 0.472989554035 0) (0.142896847664 0.473739359559 0) (0.143394679373 0.474488642761 0) (0.143893297574 0.475237402814 0) (0.144392701717 0.475985638893 0) (0.144892891252 0.476733350172 0) (0.145393865626 0.477480535828 0) (0.145895624288 0.478227195036 0) (0.146398166684 0.478973326973 0) (0.14690149226 0.479718930817 0) (0.147402595532 0.48046040289 0) (0.147903698805 0.481201874963 0) (0.148404802078 0.481943347036 0) (0.148905905351 0.482684819109 0) (0.149407008624 0.483426291182 0) (0.149908111896 0.484167763255 0) (0.150409215169 0.484909235328 0) (0.150910318442 0.485650707401 0) (0.151411421715 0.486392179474 0) (0.151912524987 0.487133651547 0) (0.15241362826 0.48787512362 0) (0.152914731533 0.488616595693 0) (0.153415834806 0.489358067766 0) (0.153916938079 0.490099539839 0) (0.154418041351 0.490841011912 0) (0.154919144624 0.491582483985 0) (0.155420247897 0.492323956058 0) (0.15592135117 0.493065428131 0) (0.156422454442 0.493806900204 0) (0.156923557715 0.494548372277 0) (0.157424660988 0.49528984435 0) (0.157925764261 0.496031316423 0) (0.158426867534 0.496772788496 0) (0.158927970806 0.497514260569 0))
    polyLine 45 49 ((0.0251965271148 0.788219904765 -0.03) (0.0269093295441 0.7905506032 -0.03) (0.0286305596138 0.792885958517 -0.03) (0.0303602651623 0.795225995644 -0.03) (0.0320984944054 0.79757073966 -0.03) (0.0338452959395 0.799920215794 -0.03) (0.035600718745 0.802274449428 -0.03) (0.0373648121898 0.804633466097 -0.03) (0.0391376260332 0.806997291491 -0.03) (0.0409192104292 0.809365951456 -0.03) (0.0427096159301 0.811739471996 -0.03) (0.0445088934903 0.814117879272 -0.03) (0.0463170944701 0.816501199605 -0.03) (0.0481342706392 0.81888945948 -0.03) (0.0499604741808 0.821282685539 -0.03) (0.0517957576952 0.823680904593 -0.03) (0.0536401742037 0.826084143614 -0.03) (0.0554937771528 0.828492429742 -0.03) (0.0573566204177 0.830905790286 -0.03) (0.0592287583068 0.833324252721 -0.03) (0.0611102455654 0.835747844694 -0.03) (0.0630011373798 0.838176594024 -0.03) (0.064901489382 0.840610528702 -0.03))
    polyLine 47 51 ((0.0251965271148 0.788219904765 0) (0.0269093295441 0.7905506032 0) (0.0286305596138 0.792885958517 0) (0.0303602651623 0.795225995644 0) (0.0320984944054 0.79757073966 0) (0.0338452959395 0.799920215794 0) (0.035600718745 0.802274449428 0) (0.0373648121898 0.804633466097 0) (0.0391376260332 0.806997291491 0) (0.0409192104292 0.809365951456 0) (0.0427096159301 0.811739471996 0) (0.0445088934903 0.814117879272 0) (0.0463170944701 0.816501199605 0) (0.0481342706392 0.81888945948 0) (0.0499604741808 0.821282685539 0) (0.0517957576952 0.823680904593 0) (0.0536401742037 0.826084143614 0) (0.0554937771528 0.828492429742 0) (0.0573566204177 0.830905790286 0) (0.0592287583068 0.833324252721 0) (0.0611102455654 0.835747844694 0) (0.0630011373798 0.838176594024 0) (0.064901489382 0.840610528702 0))
    polyLine 48 52 ((0.159429074079 0.498255732643 -0.03) (0.159930177352 0.498997204716 -0.03) (0.160431280625 0.499738676789 -0.03) (0.160932383897 0.500480148862 -0.03) (0.16143348717 0.501221620935 -0.03) (0.161934590443 0.501963093008 -0.03) (0.162435693716 0.502704565081 -0.03) (0.162936796989 0.503446037154 -0.03) (0.163437900261 0.504187509227 -0.03) (0.163939003534 0.5049289813 -0.03) (0.164440106807 0.505670453373 -0.03) (0.16494121008 0.506411925446 -0.03) (0.165442313352 0.507153397519 -0.03) (0.165943416625 0.507894869592 -0.03) (0.166444519898 0.508636341665 -0.03) (0.166945623171 0.509377813738 -0.03) (0.167446726444 0.510119285811 -0.03) (0.167947829716 0.510860757884 -0.03) (0.168448932989 0.511602229957 -0.03) (0.168950036262 0.51234370203 -0.03) (0.169451139535 0.513085174103 -0.03) (0.169952242807 0.513826646176 -0.03) (0.17045334608 0.514568118249 -0.03) (0.170954449353 0.515309590322 -0.03) (0.171455552626 0.516051062395 -0.03) (0.171956655899 0.516792534468 -0.03) (0.172457759171 0.517534006541 -0.03) (0.172958862444 0.518275478614 -0.03) (0.173459965717 0.519016950687 -0.03) (0.17396106899 0.51975842276 -0.03) (0.174462172263 0.520499894833 -0.03) (0.174963275535 0.521241366907 -0.03) (0.175464378808 0.52198283898 -0.03) (0.175965482081 0.522724311053 -0.03) (0.176466585354 0.523465783126 -0.03) (0.176967688626 0.524207255199 -0.03) (0.177468791899 0.524948727272 -0.03) (0.177969895172 0.525690199345 -0.03) (0.178470998445 0.526431671418 -0.03) (0.178972101718 0.527173143491 -0.03) (0.17947320499 0.527914615564 -0.03) (0.179974308263 0.528656087637 -0.03) (0.180475411536 0.52939755971 -0.03) (0.180976514809 0.530139031783 -0.03) (0.181477618081 0.530880503856 -0.03) (0.181978721354 0.531621975929 -0.03) (0.182479824627 0.532363448002 -0.03) (0.1829809279 0.533104920075 -0.03) (0.183482031173 0.533846392148 -0.03))
    polyLine 50 54 ((0.159429074079 0.498255732643 0) (0.159930177352 0.498997204716 0) (0.160431280625 0.499738676789 0) (0.160932383897 0.500480148862 0) (0.16143348717 0.501221620935 0) (0.161934590443 0.501963093008 0) (0.162435693716 0.502704565081 0) (0.162936796989 0.503446037154 0) (0.163437900261 0.504187509227 0) (0.163939003534 0.5049289813 0) (0.164440106807 0.505670453373 0) (0.16494121008 0.506411925446 0) (0.165442313352 0.507153397519 0) (0.165943416625 0.507894869592 0) (0.166444519898 0.508636341665 0) (0.166945623171 0.509377813738 0) (0.167446726444 0.510119285811 0) (0.167947829716 0.510860757884 0) (0.168448932989 0.511602229957 0) (0.168950036262 0.51234370203 0) (0.169451139535 0.513085174103 0) (0.169952242807 0.513826646176 0) (0.17045334608 0.514568118249 0) (0.170954449353 0.515309590322 0) (0.171455552626 0.516051062395 0) (0.171956655899 0.516792534468 0) (0.172457759171 0.517534006541 0) (0.172958862444 0.518275478614 0) (0.173459965717 0.519016950687 0) (0.17396106899 0.51975842276 0) (0.174462172263 0.520499894833 0) (0.174963275535 0.521241366907 0) (0.175464378808 0.52198283898 0) (0.175965482081 0.522724311053 0) (0.176466585354 0.523465783126 0) (0.176967688626 0.524207255199 0) (0.177468791899 0.524948727272 0) (0.177969895172 0.525690199345 0) (0.178470998445 0.526431671418 0) (0.178972101718 0.527173143491 0) (0.17947320499 0.527914615564 0) (0.179974308263 0.528656087637 0) (0.180475411536 0.52939755971 0) (0.180976514809 0.530139031783 0) (0.181477618081 0.530880503856 0) (0.181978721354 0.531621975929 0) (0.182479824627 0.532363448002 0) (0.1829809279 0.533104920075 0) (0.183482031173 0.533846392148 0))
    polyLine 49 53 ((0.0685355212208 0.845245701047 -0.03) (0.070267454107 0.84744597756 -0.03) (0.0720071979349 0.849650527231 -0.03) (0.0737547946313 0.851859370973 -0.03) (0.0755102864292 0.854072529819 -0.03) (0.0772737158703 0.856290024919 -0.03) (0.0790451258078 0.858511877544 -0.03) (0.0808245594091 0.860738109086 -0.03) (0.082612060158 0.862968741057 -0.03) (0.0844076718581 0.865203795094 -0.03) (0.0862114386353 0.867443292956 -0.03) (0.0880234049401 0.869687256526 -0.03) (0.0898436155513 0.871935707815 -0.03) (0.0916721155781 0.874188668958 -0.03) (0.0935089504632 0.876446162217 -0.03) (0.0953541659857 0.878708209983 -0.03) (0.0972078082641 0.880974834776 -0.03) (0.0990699237593 0.883246059247 -0.03) (0.100940559277 0.885521906177 -0.03) (0.102819761972 0.887802398479 -0.03) (0.104707579349 0.890087559199 -0.03) (0.106604059269 0.892377411519 -0.03) (0.108509249948 0.894671978753 -0.03))
    polyLine 51 55 ((0.0685355212208 0.845245701047 0) (0.070267454107 0.84744597756 0) (0.0720071979349 0.849650527231 0) (0.0737547946313 0.851859370973 0) (0.0755102864292 0.854072529819 0) (0.0772737158703 0.856290024919 0) (0.0790451258078 0.858511877544 0) (0.0808245594091 0.860738109086 0) (0.082612060158 0.862968741057 0) (0.0844076718581 0.865203795094 0) (0.0862114386353 0.867443292956 0) (0.0880234049401 0.869687256526 0) (0.0898436155513 0.871935707815 0) (0.0916721155781 0.874188668958 0) (0.0935089504632 0.876446162217 0) (0.0953541659857 0.878708209983 0) (0.0972078082641 0.880974834776 0) (0.0990699237593 0.883246059247 0) (0.100940559277 0.885521906177 0) (0.102819761972 0.887802398479 0) (0.104707579349 0.890087559199 0) (0.106604059269 0.892377411519 0) (0.108509249948 0.894671978753 0))
    polyLine 52 56 ((0.183983134445 0.534587864221 -0.03) (0.184484237718 0.535329336294 -0.03) (0.184985340991 0.536070808367 -0.03) (0.185486444264 0.53681228044 -0.03) (0.185987547536 0.537553752513 -0.03) (0.186488650809 0.538295224586 -0.03) (0.186989754082 0.539036696659 -0.03) (0.187490857355 0.539778168732 -0.03) (0.187991960628 0.540519640805 -0.03) (0.1884930639 0.541261112878 -0.03) (0.188994167173 0.542002584951 -0.03) (0.189495270446 0.542744057024 -0.03) (0.189996373719 0.543485529098 -0.03) (0.190497476991 0.544227001171 -0.03) (0.190998580264 0.544968473244 -0.03) (0.191499683537 0.545709945317 -0.03) (0.19200078681 0.54645141739 -0.03) (0.192501890083 0.547192889463 -0.03) (0.193005507504 0.547932127884 -0.03) (0.193514621211 0.548667591808 -0.03) (0.194029202917 0.549399240371 -0.03) (0.194549224031 0.550127032919 -0.03) (0.195074655657 0.550850929014 -0.03) (0.195605468602 0.551570888435 -0.03) (0.196141633373 0.552286871179 -0.03) (0.196683120178 0.552998837464 -0.03) (0.197229898931 0.553706747731 -0.03) (0.197781939251 0.554410562647 -0.03) (0.198339210466 0.555110243105 -0.03) (0.198901681612 0.55580575023 -0.03) (0.199469321437 0.556497045377 -0.03) (0.200042098401 0.557184090136 -0.03) (0.200619980678 0.557866846333 -0.03) (0.201202936161 0.558545276032 -0.03) (0.201790932458 0.559219341537 -0.03) (0.202383936899 0.559889005396 -0.03) (0.202981916534 0.5605542304 -0.03) (0.20358483814 0.561214979588 -0.03) (0.204192668214 0.561871216246 -0.03) (0.204805372985 0.562522903912 -0.03) (0.20542291841 0.563170006376 -0.03) (0.206045270175 0.563812487685 -0.03) (0.206672393701 0.564450312139 -0.03) (0.207304254143 0.565083444299 -0.03) (0.207940816394 0.565711848987 -0.03) (0.208582045083 0.566335491287 -0.03) (0.209227904584 0.566954336548 -0.03) (0.209878359009 0.567568350384 -0.03) (0.210533372219 0.56817749868 -0.03) (0.211192907818 0.568781747589 -0.03))
    polyLine 54 58 ((0.183983134445 0.534587864221 0) (0.184484237718 0.535329336294 0) (0.184985340991 0.536070808367 0) (0.185486444264 0.53681228044 0) (0.185987547536 0.537553752513 0) (0.186488650809 0.538295224586 0) (0.186989754082 0.539036696659 0) (0.187490857355 0.539778168732 0) (0.187991960628 0.540519640805 0) (0.1884930639 0.541261112878 0) (0.188994167173 0.542002584951 0) (0.189495270446 0.542744057024 0) (0.189996373719 0.543485529098 0) (0.190497476991 0.544227001171 0) (0.190998580264 0.544968473244 0) (0.191499683537 0.545709945317 0) (0.19200078681 0.54645141739 0) (0.192501890083 0.547192889463 0) (0.193005507504 0.547932127884 0) (0.193514621211 0.548667591808 0) (0.194029202917 0.549399240371 0) (0.194549224031 0.550127032919 0) (0.195074655657 0.550850929014 0) (0.195605468602 0.551570888435 0) (0.196141633373 0.552286871179 0) (0.196683120178 0.552998837464 0) (0.197229898931 0.553706747731 0) (0.197781939251 0.554410562647 0) (0.198339210466 0.555110243105 0) (0.198901681612 0.55580575023 0) (0.199469321437 0.556497045377 0) (0.200042098401 0.557184090136 0) (0.200619980678 0.557866846333 0) (0.201202936161 0.558545276032 0) (0.201790932458 0.559219341537 0) (0.202383936899 0.559889005396 0) (0.202981916534 0.5605542304 0) (0.20358483814 0.561214979588 0) (0.204192668214 0.561871216246 0) (0.204805372985 0.562522903912 0) (0.20542291841 0.563170006376 0) (0.206045270175 0.563812487685 0) (0.206672393701 0.564450312139 0) (0.207304254143 0.565083444299 0) (0.207940816394 0.565711848987 0) (0.208582045083 0.566335491287 0) (0.209227904584 0.566954336548 0) (0.209878359009 0.567568350384 0) (0.210533372219 0.56817749868 0) (0.211192907818 0.568781747589 0))
    polyLine 53 57 ((0.112267103433 0.899180973222 -0.03) (0.114119152532 0.901395063219 -0.03) (0.115979391069 0.903613575392 -0.03) (0.117847863167 0.905836530907 -0.03) (0.119724613264 0.90806395105 -0.03) (0.121609686124 0.910295857224 -0.03) (0.123503126831 0.912532270959 -0.03) (0.125404980799 0.914773213901 -0.03) (0.127315293768 0.917018707825 -0.03) (0.129234111812 0.919268774624 -0.03) (0.131161481341 0.921523436321 -0.03) (0.133097449102 0.923782715061 -0.03) (0.135042062181 0.926046633118 -0.03) (0.136995368012 0.928315212893 -0.03) (0.138957414371 0.930588476916 -0.03) (0.140928249388 0.932866447845 -0.03) (0.142907921543 0.93514914847 -0.03) (0.144896479672 0.937436601713 -0.03) (0.146893972972 0.939728830626 -0.03) (0.148900450999 0.942025858397 -0.03) (0.150915963677 0.944327708347 -0.03) (0.152940561297 0.946634403934 -0.03) (0.15497429452 0.948945968749 -0.03))
    polyLine 55 59 ((0.112267103433 0.899180973222 0) (0.114119152532 0.901395063219 0) (0.115979391069 0.903613575392 0) (0.117847863167 0.905836530907 0) (0.119724613264 0.90806395105 0) (0.121609686124 0.910295857224 0) (0.123503126831 0.912532270959 0) (0.125404980799 0.914773213901 0) (0.127315293768 0.917018707825 0) (0.129234111812 0.919268774624 0) (0.131161481341 0.921523436321 0) (0.133097449102 0.923782715061 0) (0.135042062181 0.926046633118 0) (0.136995368012 0.928315212893 0) (0.138957414371 0.930588476916 0) (0.140928249388 0.932866447845 0) (0.142907921543 0.93514914847 0) (0.144896479672 0.937436601713 0) (0.146893972972 0.939728830626 0) (0.148900450999 0.942025858397 0) (0.150915963677 0.944327708347 0) (0.152940561297 0.946634403934 0) (0.15497429452 0.948945968749 0))
    polyLine 56 60 ((0.211856929161 0.569381063539 -0.03) (0.212525399353 0.569975413228 -0.03) (0.213198281252 0.570564763634 -0.03) (0.213875537471 0.57114908201 -0.03) (0.214557130379 0.57172833589 -0.03) (0.215243022106 0.57230249309 -0.03) (0.215933174542 0.572871521707 -0.03) (0.216627549338 0.573435390125 -0.03) (0.217326107916 0.573994067013 -0.03) (0.218028811459 0.574547521329 -0.03) (0.218735620925 0.575095722324 -0.03) (0.21944649704 0.575638639536 -0.03) (0.220161400307 0.5761762428 -0.03) (0.220880291004 0.576708502245 -0.03) (0.221603129187 0.577235388297 -0.03) (0.222329874693 0.577756871682 -0.03) (0.223060487143 0.578272923423 -0.03) (0.22379492594 0.578783514849 -0.03) (0.224533150279 0.579288617588 -0.03) (0.22527511914 0.579788203576 -0.03) (0.226020791299 0.580282245054 -0.03) (0.226770125323 0.580770714573 -0.03) (0.227523079578 0.581253584991 -0.03) (0.228279612227 0.58173082948 -0.03) (0.229039681236 0.582202421521 -0.03) (0.229803244372 0.582668334912 -0.03) (0.23057025921 0.583128543765 -0.03) (0.231340683133 0.583583022511 -0.03) (0.232114473334 0.584031745896 -0.03) (0.232891586818 0.584474688989 -0.03) (0.233671980407 0.584911827179 -0.03) (0.234455610741 0.585343136176 -0.03) (0.235242434278 0.585768592016 -0.03) (0.236032407301 0.58618817106 -0.03) (0.236825485916 0.586601849994 -0.03) (0.237621626058 0.587009605834 -0.03) (0.238420783491 0.587411415924 -0.03) (0.239222913812 0.587807257937 -0.03) (0.240027972452 0.58819710988 -0.03) (0.24083591468 0.588580950091 -0.03) (0.241646695604 0.588958757243 -0.03) (0.242460270175 0.589330510345 -0.03) (0.243276593188 0.58969618874 -0.03) (0.244095619287 0.59005577211 -0.03) (0.244917302964 0.590409240476 -0.03) (0.245741598564 0.590756574199 -0.03) (0.246568460286 0.591097753979 -0.03) (0.247397842189 0.59143276086 -0.03) (0.24822969819 0.591761576227 -0.03))
    polyLine 58 62 ((0.211856929161 0.569381063539 0) (0.212525399353 0.569975413228 0) (0.213198281252 0.570564763634 0) (0.213875537471 0.57114908201 0) (0.214557130379 0.57172833589 0) (0.215243022106 0.57230249309 0) (0.215933174542 0.572871521707 0) (0.216627549338 0.573435390125 0) (0.217326107916 0.573994067013 0) (0.218028811459 0.574547521329 0) (0.218735620925 0.575095722324 0) (0.21944649704 0.575638639536 0) (0.220161400307 0.5761762428 0) (0.220880291004 0.576708502245 0) (0.221603129187 0.577235388297 0) (0.222329874693 0.577756871682 0) (0.223060487143 0.578272923423 0) (0.22379492594 0.578783514849 0) (0.224533150279 0.579288617588 0) (0.22527511914 0.579788203576 0) (0.226020791299 0.580282245054 0) (0.226770125323 0.580770714573 0) (0.227523079578 0.581253584991 0) (0.228279612227 0.58173082948 0) (0.229039681236 0.582202421521 0) (0.229803244372 0.582668334912 0) (0.23057025921 0.583128543765 0) (0.231340683133 0.583583022511 0) (0.232114473334 0.584031745896 0) (0.232891586818 0.584474688989 0) (0.233671980407 0.584911827179 0) (0.234455610741 0.585343136176 0) (0.235242434278 0.585768592016 0) (0.236032407301 0.58618817106 0) (0.236825485916 0.586601849994 0) (0.237621626058 0.587009605834 0) (0.238420783491 0.587411415924 0) (0.239222913812 0.587807257937 0) (0.240027972452 0.58819710988 0) (0.24083591468 0.588580950091 0) (0.241646695604 0.588958757243 0) (0.242460270175 0.589330510345 0) (0.243276593188 0.58969618874 0) (0.244095619287 0.59005577211 0) (0.244917302964 0.590409240476 0) (0.245741598564 0.590756574199 0) (0.246568460286 0.591097753979 0) (0.247397842189 0.59143276086 0) (0.24822969819 0.591761576227 0))
    polyLine 57 61 ((0.159390982458 0.953947100114 -0.03) (0.161777182433 0.956638384901 -0.03) (0.164175895124 0.959336318273 -0.03) (0.166587202042 0.962040937872 -0.03) (0.169011185402 0.964752281596 -0.03) (0.171447928126 0.967470387601 -0.03) (0.173897513855 0.970195294303 -0.03) (0.176360026954 0.972927040383 -0.03) (0.17883555252 0.975665664786 -0.03) (0.18132417639 0.978411206724 -0.03) (0.183825985147 0.98116370568 -0.03) (0.18634106613 0.983923201409 -0.03) (0.188869507439 0.986689733941 -0.03) (0.191411397945 0.989463343584 -0.03) (0.193966827298 0.992244070923 -0.03) (0.196535885935 0.995031956829 -0.03) (0.199118665085 0.997827042454 -0.03) (0.201715256783 1.00062936924 -0.03) (0.204325753873 1.00343897892 -0.03) (0.206950250021 1.00625591352 -0.03) (0.209588839719 1.00908021535 -0.03) (0.212241618298 1.01191192703 -0.03) (0.214908681934 1.01475109148 -0.03))
    polyLine 59 63 ((0.159390982458 0.953947100114 0) (0.161777182433 0.956638384901 0) (0.164175895124 0.959336318273 0) (0.166587202042 0.962040937872 0) (0.169011185402 0.964752281596 0) (0.171447928126 0.967470387601 0) (0.173897513855 0.970195294303 0) (0.176360026954 0.972927040383 0) (0.17883555252 0.975665664786 0) (0.18132417639 0.978411206724 0) (0.183825985147 0.98116370568 0) (0.18634106613 0.983923201409 0) (0.188869507439 0.986689733941 0) (0.191411397945 0.989463343584 0) (0.193966827298 0.992244070923 0) (0.196535885935 0.995031956829 0) (0.199118665085 0.997827042454 0) (0.201715256783 1.00062936924 0) (0.204325753873 1.00343897892 0) (0.206950250021 1.00625591352 0) (0.209588839719 1.00908021535 0) (0.212241618298 1.01191192703 0) (0.214908681934 1.01475109148 0))
    polyLine 60 64 ((0.249063982067 0.592084181811 -0.03) (0.249900647466 0.592400559687 -0.03) (0.2507396479 0.592710692276 -0.03) (0.251580936751 0.593014562347 -0.03) (0.252424467276 0.593312153014 -0.03) (0.253270192604 0.593603447744 -0.03) (0.254118065746 0.593888430352 -0.03) (0.254968039591 0.594167085002 -0.03) (0.255820066912 0.594439396212 -0.03) (0.256674100368 0.594705348852 -0.03) (0.257530092507 0.594964928144 -0.03) (0.258387995767 0.595218119667 -0.03) (0.259247762481 0.59546490935 -0.03) (0.260109344878 0.595705283483 -0.03) (0.260972695087 0.59593922871 -0.03) (0.261837765136 0.596166732031 -0.03) (0.26270450696 0.596387780806 -0.03) (0.263572872401 0.596602362753 -0.03) (0.264442813209 0.59681046595 -0.03) (0.265314281049 0.597012078833 -0.03) (0.2661872275 0.5972071902 -0.03) (0.267061604057 0.597395789211 -0.03) (0.267937362139 0.597577865385 -0.03) (0.268814453085 0.597753408608 -0.03) (0.269692828162 0.597922409124 -0.03) (0.270572438566 0.598084857544 -0.03) (0.271453235422 0.598240744842 -0.03) (0.27233516979 0.598390062356 -0.03) (0.273218192669 0.59853280179 -0.03) (0.274102254996 0.598668955212 -0.03) (0.274987307648 0.598798515058 -0.03) (0.27587330145 0.598921474129 -0.03) (0.276760187174 0.599037825593 -0.03) (0.277647915543 0.599147562985 -0.03) (0.27853643723 0.599250680208 -0.03) (0.279425702868 0.599347171532 -0.03) (0.280315663047 0.599437031596 -0.03) (0.281206268318 0.599520255407 -0.03) (0.282097469196 0.599596838342 -0.03) (0.282989216164 0.599666776144 -0.03) (0.283881459673 0.599730064928 -0.03) (0.284774150149 0.599786701178 -0.03) (0.285667237992 0.599836681746 -0.03) (0.286560673577 0.599880003856 -0.03) (0.287454407265 0.5999166651 -0.03) (0.288348389396 0.599946663441 -0.03) (0.289242570298 0.599969997213 -0.03) (0.290136900288 0.599986665119 -0.03) (0.291031329675 0.599996666234 -0.03))
    polyLine 62 66 ((0.249063982067 0.592084181811 0) (0.249900647466 0.592400559687 0) (0.2507396479 0.592710692276 0) (0.251580936751 0.593014562347 0) (0.252424467276 0.593312153014 0) (0.253270192604 0.593603447744 0) (0.254118065746 0.593888430352 0) (0.254968039591 0.594167085002 0) (0.255820066912 0.594439396212 0) (0.256674100368 0.594705348852 0) (0.257530092507 0.594964928144 0) (0.258387995767 0.595218119667 0) (0.259247762481 0.59546490935 0) (0.260109344878 0.595705283483 0) (0.260972695087 0.59593922871 0) (0.261837765136 0.596166732031 0) (0.26270450696 0.596387780806 0) (0.263572872401 0.596602362753 0) (0.264442813209 0.59681046595 0) (0.265314281049 0.597012078833 0) (0.2661872275 0.5972071902 0) (0.267061604057 0.597395789211 0) (0.267937362139 0.597577865385 0) (0.268814453085 0.597753408608 0) (0.269692828162 0.597922409124 0) (0.270572438566 0.598084857544 0) (0.271453235422 0.598240744842 0) (0.27233516979 0.598390062356 0) (0.273218192669 0.59853280179 0) (0.274102254996 0.598668955212 0) (0.274987307648 0.598798515058 0) (0.27587330145 0.598921474129 0) (0.276760187174 0.599037825593 0) (0.277647915543 0.599147562985 0) (0.27853643723 0.599250680208 0) (0.279425702868 0.599347171532 0) (0.280315663047 0.599437031596 0) (0.281206268318 0.599520255407 0) (0.282097469196 0.599596838342 0) (0.282989216164 0.599666776144 0) (0.283881459673 0.599730064928 0) (0.284774150149 0.599786701178 0) (0.285667237992 0.599836681746 0) (0.286560673577 0.599880003856 0) (0.287454407265 0.5999166651 0) (0.288348389396 0.599946663441 0) (0.289242570298 0.599969997213 0) (0.290136900288 0.599986665119 0) (0.291031329675 0.599996666234 0))
    polyLine 61 65 ((0.220483389116 1.02066056625 -0.03) (0.223393443441 1.023732115 -0.03) (0.226320413853 1.02681245274 -0.03) (0.229264424757 1.02990163446 -0.03) (0.232225601754 1.03299971559 -0.03) (0.235204071656 1.03610675197 -0.03) (0.2381999625 1.03922279986 -0.03) (0.241213403561 1.04234791598 -0.03) (0.244244525368 1.04548215746 -0.03) (0.247293459716 1.0486255819 -0.03) (0.250360339684 1.05177824734 -0.03) (0.253445299646 1.05494021225 -0.03) (0.256548475289 1.05811153558 -0.03) (0.259670003627 1.06129227674 -0.03) (0.262810023015 1.06448249558 -0.03) (0.26596867317 1.06768225245 -0.03) (0.269146095179 1.07089160816 -0.03) (0.272342431522 1.07411062401 -0.03) (0.275557826085 1.07733936177 -0.03) (0.278792424177 1.0805778837 -0.03) (0.282046372546 1.08382625257 -0.03) (0.285319819398 1.08708453163 -0.03) (0.288612914413 1.09035278464 -0.03))
    polyLine 63 67 ((0.220483389116 1.02066056625 0) (0.223393443441 1.023732115 0) (0.226320413853 1.02681245274 0) (0.229264424757 1.02990163446 0) (0.232225601754 1.03299971559 0) (0.235204071656 1.03610675197 0) (0.2381999625 1.03922279986 0) (0.241213403561 1.04234791598 0) (0.244244525368 1.04548215746 0) (0.247293459716 1.0486255819 0) (0.250360339684 1.05177824734 0) (0.253445299646 1.05494021225 0) (0.256548475289 1.05811153558 0) (0.259670003627 1.06129227674 0) (0.262810023015 1.06448249558 0) (0.26596867317 1.06768225245 0) (0.269146095179 1.07089160816 0) (0.272342431522 1.07411062401 0) (0.275557826085 1.07733936177 0) (0.278792424177 1.0805778837 0) (0.282046372546 1.08382625257 0) (0.285319819398 1.08708453163 0) (0.288612914413 1.09035278464 0))
);

boundary
(
    body_fore
    {
        type wall;
        faces
        (
            (0 2 6 4)
            (4 6 10 8)
            (8 10 14 12)
            (12 14 18 16)
            (16 18 22 20)
            (20 22 26 24)
            (24 26 30 28)
            (28 30 34 32)
            (32 34 38 36)
            (36 38 42 40)
            (40 42 46 44)
            (44 46 50 48)
            (48 50 54 52)
            (52 54 58 56)
            (56 58 62 60)
            (60 62 66 64)
        );
    }
    freestream
    {
        type patch;
        faces
        (
            (1 5 7 3)
            (5 9 11 7)
            (9 13 15 11)
            (13 17 19 15)
            (17 21 23 19)
            (21 25 27 23)
            (25 29 31 27)
            (29 33 35 31)
            (33 37 39 35)
            (37 41 43 39)
            (41 45 47 43)
            (45 49 51 47)
            (49 53 55 51)
            (53 57 59 55)
            (57 61 63 59)
            (61 65 67 63)
        );
    }
    outlet
    {
        type patch;
        faces
        (
            (64 66 67 65)
        );
    }
    axis
    {
        type patch;
        faces
        (
            (0 1 3 2)
        );
    }
    front
    {
        type patch;
        faces
        (
            (2 6 7 3)
            (6 10 11 7)
            (10 14 15 11)
            (14 18 19 15)
            (18 22 23 19)
            (22 26 27 23)
            (26 30 31 27)
            (30 34 35 31)
            (34 38 39 35)
            (38 42 43 39)
            (42 46 47 43)
            (46 50 51 47)
            (50 54 55 51)
            (54 58 59 55)
            (58 62 63 59)
            (62 66 67 63)
        );
    }
    back
    {
        type patch;
        faces
        (
            (0 1 5 4)
            (4 5 9 8)
            (8 9 13 12)
            (12 13 17 16)
            (16 17 21 20)
            (20 21 25 24)
            (24 25 29 28)
            (28 29 33 32)
            (32 33 37 36)
            (36 37 41 40)
            (40 41 45 44)
            (44 45 49 48)
            (48 49 53 52)
            (52 53 57 56)
            (56 57 61 60)
            (60 61 65 64)
        );
    }
);
