FoamFile
{
    version     2.0;
    format      ascii;
    class       dictionary;
    object      blockMeshDict;
}
// Generated by aether.cfd - do not edit by hand. Regenerate from the run config.

scale 1;

vertices
(
    (0 0 -0.03)
    (-0.226919469452 8.62081807606e-17 -0.03)
    (0 0 0)
    (-0.226919469452 8.62081807606e-17 0)
    (0.00395775008475 0.049567108419 -0.03)
    (-0.223983639926 0.0734504474245 -0.03)
    (0.00395775008475 0.049567108419 0)
    (-0.223983639926 0.0734504474245 0)
    (0.0157294259969 0.0978784900591 -0.03)
    (-0.215350540057 0.146909568697 -0.03)
    (0.0157294259969 0.0978784900591 0)
    (-0.215350540057 0.146909568697 0)
    (0.0350180316204 0.143709829132 -0.03)
    (-0.201449221033 0.220592700194 -0.03)
    (0.0350180316204 0.143709829132 0)
    (-0.201449221033 0.220592700194 0)
    (0.0613337029532 0.185900436157 -0.03)
    (-0.182749475835 0.295056693263 -0.03)
    (0.0613337029532 0.185900436157 0)
    (-0.182749475835 0.295056693263 0)
    (0.0933222919111 0.224015815925 -0.03)
    (-0.159444528496 0.371588270147 -0.03)
    (0.0933222919111 0.224015815925 0)
    (-0.159444528496 0.371588270147 0)
    (0.126117667742 0.261462635863 -0.03)
    (-0.130955700278 0.45300984539 -0.03)
    (0.126117667742 0.261462635863 0)
    (-0.130955700278 0.45300984539 0)
    (0.158913043572 0.298909455801 -0.03)
    (-0.0973187336014 0.539675013489 -0.03)
    (0.158913043572 0.298909455801 0)
    (-0.0973187336014 0.539675013489 0)
    (0.191708419402 0.336356275739 -0.03)
    (-0.0587402042722 0.631608433555 -0.03)
    (0.191708419402 0.336356275739 0)
    (-0.0587402042722 0.631608433555 0)
    (0.224503795233 0.373803095678 -0.03)
    (-0.0154079526091 0.728942375462 -0.03)
    (0.224503795233 0.373803095678 0)
    (-0.0154079526091 0.728942375462 0)
    (0.257299171063 0.411249915616 -0.03)
    (0.0325475661236 0.831908724028 -0.03)
    (0.257299171063 0.411249915616 0)
    (0.0325475661236 0.831908724028 0)
    (0.290094546894 0.448696735554 -0.03)
    (0.0850698347027 0.940829150905 -0.03)
    (0.290094546894 0.448696735554 0)
    (0.0850698347027 0.940829150905 0)
    (0.322889922724 0.486143555492 -0.03)
    (0.142180348195 1.05610796866 -0.03)
    (0.322889922724 0.486143555492 0)
    (0.142180348195 1.05610796866 0)
    (0.355685298555 0.523590375431 -0.03)
    (0.203977308406 1.17822906671 -0.03)
    (0.355685298555 0.523590375431 0)
    (0.203977308406 1.17822906671 0)
    (0.388502447725 0.561017846247 -0.03)
    (0.270666570124 1.30782150049 -0.03)
    (0.388502447725 0.561017846247 0)
    (0.270666570124 1.30782150049 0)
    (0.428661767674 0.589822191788 -0.03)
    (0.356336781921 1.47189694636 -0.03)
    (0.428661767674 0.589822191788 0)
    (0.356336781921 1.47189694636 0)
    (0.477023747651 0.6 -0.03)
    (0.477023747651 1.69986113924 -0.03)
    (0.477023747651 0.6 0)
    (0.477023747651 1.69986113924 0)
);

blocks
(
    hex (0 4 5 1 2 6 7 3) (4 48 1) simpleGrading (1 4 1)
    hex (4 8 9 5 6 10 11 7) (4 48 1) simpleGrading (1 4 1)
    hex (8 12 13 9 10 14 15 11) (4 48 1) simpleGrading (1 4 1)
    hex (12 16 17 13 14 18 19 15) (4 48 1) simpleGrading (1 4 1)
    hex (16 20 21 17 18 22 23 19) (4 48 1) simpleGrading (1 4 1)
    hex (20 24 25 21 22 26 27 23) (4 48 1) simpleGrading (1 4 1)
    hex (24 28 29 25 26 30 31 27) (4 48 1) simpleGrading (1 4 1)
    hex (28 32 33 29 30 34 35 31) (4 48 1) simpleGrading (1 4 1)
    hex (32 36 37 33 34 38 39 35) (4 48 1) simpleGrading (1 4 1)
    hex (36 40 41 37 38 42 43 39) (4 48 1) simpleGrading (1 4 1)
    hex (40 44 45 41 42 46 47 43) (4 48 1) simpleGrading (1 4 1)
    hex (44 48 49 45 46 50 51 47) (4 48 1) simpleGrading (1 4 1)
    hex (48 52 53 49 50 54 55 51) (4 48 1) simpleGrading (1 4 1)
    hex (52 56 57 53 54 58 59 55) (4 48 1) simpleGrading (1 4 1)
    hex (56 60 61 57 58 62 63 59) (4 48 1) simpleGrading (1 4 1)
    hex (60 64 65 61 62 66 67 63) (4 48 1) simpleGrading (1 4 1)
);

edges
(
    polyLine 0 4 ((1.33534786649e-06 0.000913407291983 -0.03) (5.34138004997e-06 0.00182680677518 -0.03) (1.20180623026e-05 0.00274019064088 -0.03) (2.1365337545e-05 0.00365355108049 -0.03) (3.33831258665e-05 0.00456688028563 -0.03) (4.80713245263e-05 0.00548017044819 -0.03) (6.54298079538e-05 0.00639341376037 -0.03) (8.54584277503e-05 0.00730660241481 -0.03) (0.00010815701269 0.00821972860458 -0.03) (0.00013352536872 0.0091327845233 -0.03) (0.000161563278965 0.0100457623652 -0.03) (0.000192270503727 0.0109586543251 -0.03) (0.000225646780488 0.0118714525988 -0.03) (0.000261691823912 0.0127841493825 -0.03) (0.000300405325846 0.0136967368737 -0.03) (0.000341786955327 0.0146092072704 -0.03) (0.000385836358579 0.015521552772 -0.03) (0.000432553159022 0.0164337655787 -0.03) (0.00048193695727 0.017345837892 -0.03) (0.000533987331138 0.0182577619145 -0.03) (0.000588703835642 0.0191695298501 -0.03) (0.000646086003009 0.020081133904 -0.03) (0.000706133342673 0.0209925662828 -0.03) (0.000768845341286 0.0219038191947 -0.03) (0.000834221462717 0.0228148848493 -0.03) (0.000902261148063 0.0237257554578 -0.03) (0.000972963815647 0.0246364232331 -0.03) (0.00104632886103 0.0255468803898 -0.03) (0.001122355657 0.0264571191445 -0.03) (0.00120104355361 0.0273671317154 -0.03) (0.00128239187814 0.0282769103227 -0.03) (0.00136639993514 0.0291864471886 -0.03) (0.00145306700643 0.0300957345376 -0.03) (0.00154239235108 0.031004764596 -0.03) (0.00163437520544 0.0319135295924 -0.03) (0.00172901478314 0.0328220217577 -0.03) (0.0018263102751 0.0337302333253 -0.03) (0.00192626084954 0.0346381565307 -0.03) (0.00202886565197 0.035545783612 -0.03) (0.00213412380521 0.0364531068098 -0.03) (0.00224203440941 0.0373601183675 -0.03) (0.00235259654203 0.0382668105308 -0.03) (0.00246580925787 0.0391731755484 -0.03) (0.00258167158906 0.0400792056718 -0.03) (0.00270018254509 0.0409848931551 -0.03) (0.0028213411128 0.0418902302557 -0.03) (0.0029451462564 0.0427952092337 -0.03) (0.00307159691746 0.0436998223524 -0.03) (0.00320069201496 0.0446040618782 -0.03) (0.00333243044524 0.0455079200807 -0.03) (0.00346681108207 0.0464113892327 -0.03) (0.00360383277661 0.0473144616104 -0.03) (0.00374349435747 0.0482171294934 -0.03) (0.00388579463066 0.0491193851648 -0.03))
    polyLine 2 6 ((1.33534786649e-06 0.000913407291983 0) (5.34138004997e-06 0.00182680677518 0) (1.20180623026e-05 0.00274019064088 0) (2.1365337545e-05 0.00365355108049 0) (3.33831258665e-05 0.00456688028563 0) (4.80713245263e-05 0.00548017044819 0) (6.54298079538e-05 0.00639341376037 0) (8.54584277503e-05 0.00730660241481 0) (0.00010815701269 0.00821972860458 0) (0.00013352536872 0.0091327845233 0) (0.000161563278965 0.0100457623652 0) (0.000192270503727 0.0109586543251 0) (0.000225646780488 0.0118714525988 0) (0.000261691823912 0.0127841493825 0) (0.000300405325846 0.0136967368737 0) (0.000341786955327 0.0146092072704 0) (0.000385836358579 0.015521552772 0) (0.000432553159022 0.0164337655787 0) (0.00048193695727 0.017345837892 0) (0.000533987331138 0.0182577619145 0) (0.000588703835642 0.0191695298501 0) (0.000646086003009 0.020081133904 0) (0.000706133342673 0.0209925662828 0) (0.000768845341286 0.0219038191947 0) (0.000834221462717 0.0228148848493 0) (0.000902261148063 0.0237257554578 0) (0.000972963815647 0.0246364232331 0) (0.00104632886103 0.0255468803898 0) (0.001122355657 0.0264571191445 0) (0.00120104355361 0.0273671317154 0) (0.00128239187814 0.0282769103227 0) (0.00136639993514 0.0291864471886 0) (0.00145306700643 0.0300957345376 0) (0.00154239235108 0.031004764596 0) (0.00163437520544 0.0319135295924 0) (0.00172901478314 0.0328220217577 0) (0.0018263102751 0.0337302333253 0) (0.00192626084954 0.0346381565307 0) (0.00202886565197 0.035545783612 0) (0.00213412380521 0.0364531068098 0) (0.00224203440941 0.0373601183675 0) (0.00235259654203 0.0382668105308 0) (0.00246580925787 0.0391731755484 0) (0.00258167158906 0.0400792056718 0) (0.00270018254509 0.0409848931551 0) (0.0028213411128 0.0418902302557 0) (0.0029451462564 0.0427952092337 0) (0.00307159691746 0.0436998223524 0) (0.00320069201496 0.0446040618782 0) (0.00333243044524 0.0455079200807 0) (0.00346681108207 0.0464113892327 0) (0.00360383277661 0.0473144616104 0) (0.00374349435747 0.0482171294934 0) (0.00388579463066 0.0491193851648 0))
    polyLine 1 5 ((-0.226914340604 0.00306207638294 -0.03) (-0.22689895474 0.00612413479106 -0.03) (-0.226873313894 0.00918615727972 -0.03) (-0.226837421458 0.0122481259646 -0.03) (-0.226791282174 0.0153100230518 -0.03) (-0.226734902131 0.0183718308677 -0.03) (-0.226668288759 0.0214335318891 -0.03) (-0.226591450821 0.0244951087725 -0.03) (-0.226504398405 0.0275565443838 -0.03) (-0.226407142915 0.0306178218279 -0.03) (-0.226299697058 0.033678924477 -0.03) (-0.226182074831 0.0367398359997 -0.03) (-0.226054291509 0.0398005403898 -0.03) (-0.225916363631 0.0428610219934 -0.03) (-0.225768308982 0.0459212655376 -0.03) (-0.225610146575 0.048981256157 -0.03) (-0.225441896636 0.0520409794213 -0.03) (-0.225263580581 0.0551004213608 -0.03) (-0.225075220997 0.0581595684934 -0.03) (-0.224876841623 0.0612184078491 -0.03) (-0.224668467323 0.0642769269955 -0.03) (-0.224450124066 0.067335114062 -0.03) (-0.224221838899 0.0703929577637 -0.03))
    polyLine 3 7 ((-0.226914340604 0.00306207638294 0) (-0.22689895474 0.00612413479106 0) (-0.226873313894 0.00918615727972 0) (-0.226837421458 0.0122481259646 0) (-0.226791282174 0.0153100230518 0) (-0.226734902131 0.0183718308677 0) (-0.226668288759 0.0214335318891 0) (-0.226591450821 0.0244951087725 0) (-0.226504398405 0.0275565443838 0) (-0.226407142915 0.0306178218279 0) (-0.226299697058 0.033678924477 0) (-0.226182074831 0.0367398359997 0) (-0.226054291509 0.0398005403898 0) (-0.225916363631 0.0428610219934 0) (-0.225768308982 0.0459212655376 0) (-0.225610146575 0.048981256157 0) (-0.225441896636 0.0520409794213 0) (-0.225263580581 0.0551004213608 0) (-0.225075220997 0.0581595684934 0) (-0.224876841623 0.0612184078491 0) (-0.224668467323 0.0642769269955 0) (-0.224450124066 0.067335114062 0) (-0.224221838899 0.0703929577637 0))
    polyLine 4 8 ((0.00403073237964 0.050021220911 -0.03) (0.00417830636534 0.0509226290222 -0.03) (0.00432851532613 0.0518236017922 -0.03) (0.00448135797787 0.0527241315185 -0.03) (0.00463683301389 0.0536242105025 -0.03) (0.00479493910503 0.0545238310492 -0.03) (0.00495567489962 0.0554229854679 -0.03) (0.00511903902353 0.0563216660714 -0.03) (0.00528503008013 0.057219865177 -0.03) (0.00545364665038 0.0581175751059 -0.03) (0.00562488729274 0.0590147881835 -0.03) (0.00579875054327 0.0599114967395 -0.03) (0.0059752349156 0.0608076931078 -0.03) (0.00615433890095 0.0617033696267 -0.03) (0.00633606096815 0.0625985186392 -0.03) (0.00652039956365 0.0634931324924 -0.03) (0.00670735311152 0.0643872035383 -0.03) (0.00689692001348 0.0652807241335 -0.03) (0.00708909864891 0.066173686639 -0.03) (0.00728388737486 0.0670660834209 -0.03) (0.00748128452607 0.0679579068502 -0.03) (0.00768128841498 0.0688491493024 -0.03) (0.00788389733174 0.0697398031583 -0.03) (0.00808910954423 0.0706298608036 -0.03) (0.00829692329808 0.0715193146293 -0.03) (0.00850733681667 0.0724081570311 -0.03) (0.00872034830116 0.0732963804105 -0.03) (0.0089359559305 0.0741839771739 -0.03) (0.00915415786145 0.0750709397332 -0.03) (0.00937495222859 0.0759572605056 -0.03) (0.00959833714432 0.076842931914 -0.03) (0.00982431069891 0.0777279463866 -0.03) (0.0100528709605 0.0786122963575 -0.03) (0.0102840159751 0.0794959742663 -0.03) (0.0105177437667 0.0803789725583 -0.03) (0.010754052337 0.0812612836847 -0.03) (0.0109929396659 0.0821429001026 -0.03) (0.0112344037112 0.0830238142749 -0.03) (0.0114784424084 0.0839040186708 -0.03) (0.0117250536713 0.0847835057652 -0.03) (0.0119742353917 0.0856622680393 -0.03) (0.0122259854392 0.0865402979806 -0.03) (0.0124803016616 0.0874175880827 -0.03) (0.0127371818847 0.0882941308455 -0.03) (0.0129966239125 0.0891699187756 -0.03) (0.013258625527 0.0900449443856 -0.03) (0.0135231844883 0.090919200195 -0.03) (0.0137902985346 0.0917926787296 -0.03) (0.0140599653824 0.0926653725221 -0.03) (0.0143321827263 0.0935372741116 -0.03) (0.0146069482391 0.0944083760444 -0.03) (0.0148842595717 0.0952786708731 -0.03) (0.0151641143535 0.0961481511577 -0.03) (0.015446510192 0.0970168094649 -0.03))
    polyLine 6 10 ((0.00403073237964 0.050021220911 0) (0.00417830636534 0.0509226290222 0) (0.00432851532613 0.0518236017922 0) (0.00448135797787 0.0527241315185 0) (0.00463683301389 0.0536242105025 0) (0.00479493910503 0.0545238310492 0) (0.00495567489962 0.0554229854679 0) (0.00511903902353 0.0563216660714 0) (0.00528503008013 0.057219865177 0) (0.00545364665038 0.0581175751059 0) (0.00562488729274 0.0590147881835 0) (0.00579875054327 0.0599114967395 0) (0.0059752349156 0.0608076931078 0) (0.00615433890095 0.0617033696267 0) (0.00633606096815 0.0625985186392 0) (0.00652039956365 0.0634931324924 0) (0.00670735311152 0.0643872035383 0) (0.00689692001348 0.0652807241335 0) (0.00708909864891 0.066173686639 0) (0.00728388737486 0.0670660834209 0) (0.00748128452607 0.0679579068502 0) (0.00768128841498 0.0688491493024 0) (0.00788389733174 0.0697398031583 0) (0.00808910954423 0.0706298608036 0) (0.00829692329808 0.0715193146293 0) (0.00850733681667 0.0724081570311 0) (0.00872034830116 0.0732963804105 0) (0.0089359559305 0.0741839771739 0) (0.00915415786145 0.0750709397332 0) (0.00937495222859 0.0759572605056 0) (0.00959833714432 0.076842931914 0) (0.00982431069891 0.0777279463866 0) (0.0100528709605 0.0786122963575 0) (0.0102840159751 0.0794959742663 0) (0.0105177437667 0.0803789725583 0) (0.010754052337 0.0812612836847 0) (0.0109929396659 0.0821429001026 0) (0.0112344037112 0.0830238142749 0) (0.0114784424084 0.0839040186708 0) (0.0117250536713 0.0847835057652 0) (0.0119742353917 0.0856622680393 0) (0.0122259854392 0.0865402979806 0) (0.0124803016616 0.0874175880827 0) (0.0127371818847 0.0882941308455 0) (0.0129966239125 0.0891699187756 0) (0.013258625527 0.0900449443856 0) (0.0135231844883 0.090919200195 0) (0.0137902985346 0.0917926787296 0) (0.0140599653824 0.0926653725221 0) (0.0143321827263 0.0935372741116 0) (0.0146069482391 0.0944083760444 0) (0.0148842595717 0.0952786708731 0) (0.0151641143535 0.0961481511577 0) (0.015446510192 0.0970168094649 0))
    polyLine 5 9 ((-0.223734862079 0.0765159598473 -0.03) (-0.223476175627 0.0795810967173 -0.03) (-0.223207611938 0.0826458492499 -0.03) (-0.222929203335 0.0857102093642 -0.03) (-0.22264098307 0.0887741697034 -0.03) (-0.222342985291 0.0918377236545 -0.03) (-0.222035245015 0.094900865368 -0.03) (-0.221717798091 0.0979635897755 -0.03) (-0.221390681178 0.101025892608 -0.03) (-0.221053931704 0.104087770413 -0.03) (-0.220707587839 0.107149220571 -0.03) (-0.220351688463 0.110210241309 -0.03) (-0.219986273129 0.113270831721 -0.03) (-0.219611382034 0.116330991775 -0.03) (-0.219227055984 0.119390722332 -0.03) (-0.218833336361 0.122450025158 -0.03) (-0.218430265089 0.125508902933 -0.03) (-0.218017884602 0.128567359268 -0.03) (-0.217596237807 0.131625398711 -0.03) (-0.217165368055 0.13468302676 -0.03) (-0.216725319104 0.13774024987 -0.03) (-0.216276135087 0.140797075465 -0.03) (-0.215817860477 0.143853511947 -0.03))
    polyLine 7 11 ((-0.223734862079 0.0765159598473 0) (-0.223476175627 0.0795810967173 0) (-0.223207611938 0.0826458492499 0) (-0.222929203335 0.0857102093642 0) (-0.22264098307 0.0887741697034 0) (-0.222342985291 0.0918377236545 0) (-0.222035245015 0.094900865368 0) (-0.221717798091 0.0979635897755 0) (-0.221390681178 0.101025892608 0) (-0.221053931704 0.104087770413 0) (-0.220707587839 0.107149220571 0) (-0.220351688463 0.110210241309 0) (-0.219986273129 0.113270831721 0) (-0.219611382034 0.116330991775 0) (-0.219227055984 0.119390722332 0) (-0.218833336361 0.122450025158 0) (-0.218430265089 0.125508902933 0) (-0.218017884602 0.128567359268 0) (-0.217596237807 0.131625398711 0) (-0.217165368055 0.13468302676 0) (-0.216725319104 0.13774024987 0) (-0.216276135087 0.140797075465 0) (-0.215817860477 0.143853511947 0))
    polyLine 8 12 ((0.0157314446728 0.0978846383685 -0.03) (0.0160189153601 0.0987516304492 -0.03) (0.0163089197964 0.0996177782953 -0.03) (0.0166014555022 0.100483074502 -0.03) (0.0168965199767 0.101347511671 -0.03) (0.0171941106974 0.102211082414 -0.03) (0.0174942251202 0.103073779346 -0.03) (0.0177968606793 0.103935595094 -0.03) (0.0181020147875 0.104796522288 -0.03) (0.018409684836 0.10565655357 -0.03) (0.0187198681946 0.106515681586 -0.03) (0.0190325622113 0.107373898992 -0.03) (0.0193477642131 0.108231198451 -0.03) (0.0196654715052 0.109087572634 -0.03) (0.0199856813715 0.109943014219 -0.03) (0.0203083910745 0.110797515894 -0.03) (0.0206335978554 0.111651070352 -0.03) (0.0209612989339 0.112503670298 -0.03) (0.0212914915085 0.113355308442 -0.03) (0.0216241727563 0.114205977503 -0.03) (0.0219593398333 0.115055670209 -0.03) (0.0222969898741 0.115904379296 -0.03) (0.022637119992 0.116752097508 -0.03) (0.0229797272793 0.117598817598 -0.03) (0.023324808807 0.118444532327 -0.03) (0.0236723616249 0.119289234466 -0.03) (0.0240223827619 0.120132916792 -0.03) (0.0243748692256 0.120975572094 -0.03) (0.0247298180025 0.121817193166 -0.03) (0.0250872260581 0.122657772815 -0.03) (0.025447090337 0.123497303854 -0.03) (0.0258094077626 0.124335779105 -0.03) (0.0261741752375 0.125173191401 -0.03) (0.0265413896432 0.126009533583 -0.03) (0.0269110478404 0.1268447985 -0.03) (0.0272831466689 0.127678979011 -0.03) (0.0276576829475 0.128512067986 -0.03) (0.0280346534744 0.129344058302 -0.03) (0.0284140550267 0.130174942847 -0.03) (0.028795884361 0.131004714517 -0.03) (0.029180138213 0.131833366217 -0.03) (0.0295668132976 0.132660890866 -0.03) (0.0299559063091 0.133487281386 -0.03) (0.0303474139212 0.134312530715 -0.03) (0.0307413327868 0.135136631795 -0.03) (0.0311376595383 0.135959577584 -0.03) (0.0315363907874 0.136781361044 -0.03) (0.0319375231254 0.13760197515 -0.03) (0.032341053123 0.138421412887 -0.03) (0.0327469773303 0.13923966725 -0.03) (0.0331552922771 0.140056731243 -0.03) (0.0335659944727 0.140872597881 -0.03) (0.0339790804059 0.141687260189 -0.03) (0.0343945465453 0.142500711202 -0.03) (0.034812389339 0.143312943967 -0.03))
    polyLine 10 14 ((0.0157314446728 0.0978846383685 0) (0.0160189153601 0.0987516304492 0) (0.0163089197964 0.0996177782953 0) (0.0166014555022 0.100483074502 0) (0.0168965199767 0.101347511671 0) (0.0171941106974 0.102211082414 0) (0.0174942251202 0.103073779346 0) (0.0177968606793 0.103935595094 0) (0.0181020147875 0.104796522288 0) (0.018409684836 0.10565655357 0) (0.0187198681946 0.106515681586 0) (0.0190325622113 0.107373898992 0) (0.0193477642131 0.108231198451 0) (0.0196654715052 0.109087572634 0) (0.0199856813715 0.109943014219 0) (0.0203083910745 0.110797515894 0) (0.0206335978554 0.111651070352 0) (0.0209612989339 0.112503670298 0) (0.0212914915085 0.113355308442 0) (0.0216241727563 0.114205977503 0) (0.0219593398333 0.115055670209 0) (0.0222969898741 0.115904379296 0) (0.022637119992 0.116752097508 0) (0.0229797272793 0.117598817598 0) (0.023324808807 0.118444532327 0) (0.0236723616249 0.119289234466 0) (0.0240223827619 0.120132916792 0) (0.0243748692256 0.120975572094 0) (0.0247298180025 0.121817193166 0) (0.0250872260581 0.122657772815 0) (0.025447090337 0.123497303854 0) (0.0258094077626 0.124335779105 0) (0.0261741752375 0.125173191401 0) (0.0265413896432 0.126009533583 0) (0.0269110478404 0.1268447985 0) (0.0272831466689 0.127678979011 0) (0.0276576829475 0.128512067986 0) (0.0280346534744 0.129344058302 0) (0.0284140550267 0.130174942847 0) (0.028795884361 0.131004714517 0) (0.029180138213 0.131833366217 0) (0.0295668132976 0.132660890866 0) (0.0299559063091 0.133487281386 0) (0.0303474139212 0.134312530715 0) (0.0307413327868 0.135136631795 0) (0.0311376595383 0.135959577584 0) (0.0315363907874 0.136781361044 0) (0.0319375231254 0.13760197515 0) (0.032341053123 0.138421412887 0) (0.0327469773303 0.13923966725 0) (0.0331552922771 0.140056731243 0) (0.0335659944727 0.140872597881 0) (0.0339790804059 0.141687260189 0) (0.0343945465453 0.142500711202 0) (0.034812389339 0.143312943967 0))
    polyLine 9 13 ((-0.214871530906 0.149982337192 -0.03) (-0.214383466151 0.153054743755 -0.03) (-0.213886392071 0.156126800979 -0.03) (-0.213380355123 0.159198522486 -0.03) (-0.212865401916 0.162269922935 -0.03) (-0.212341579173 0.165341018024 -0.03) (-0.211808933698 0.168411824498 -0.03) (-0.211267512351 0.171482360147 -0.03) (-0.21071736201 0.17455264381 -0.03) (-0.210158529543 0.177622695382 -0.03) (-0.209591061775 0.18069253581 -0.03) (-0.209015005463 0.183762187096 -0.03) (-0.208430407263 0.186831672299 -0.03) (-0.207837313699 0.189901015537 -0.03) (-0.207235771141 0.192970241982 -0.03) (-0.20662582577 0.196039377864 -0.03) (-0.206007523557 0.19910845047 -0.03) (-0.20538091023 0.20217748814 -0.03) (-0.204746031253 0.20524652027 -0.03) (-0.204102931797 0.208315577307 -0.03) (-0.203451656719 0.211384690749 -0.03) (-0.202792250531 0.214453893143 -0.03) (-0.202124757382 0.217523218079 -0.03))
    polyLine 11 15 ((-0.214871530906 0.149982337192 0) (-0.214383466151 0.153054743755 0) (-0.213886392071 0.156126800979 0) (-0.213380355123 0.159198522486 0) (-0.212865401916 0.162269922935 0) (-0.212341579173 0.165341018024 0) (-0.211808933698 0.168411824498 0) (-0.211267512351 0.171482360147 0) (-0.21071736201 0.17455264381 0) (-0.210158529543 0.177622695382 0) (-0.209591061775 0.18069253581 0) (-0.209015005463 0.183762187096 0) (-0.208430407263 0.186831672299 0) (-0.207837313699 0.189901015537 0) (-0.207235771141 0.192970241982 0) (-0.20662582577 0.196039377864 0) (-0.206007523557 0.19910845047 0) (-0.20538091023 0.20217748814 0) (-0.204746031253 0.20524652027 0) (-0.204102931797 0.208315577307 0) (-0.203451656719 0.211384690749 0) (-0.202792250531 0.214453893143 0) (-0.202124757382 0.217523218079 0))
    polyLine 12 16 ((0.0352326052148 0.144123951539 -0.03) (0.0356551905803 0.144933726985 -0.03) (0.0360801418227 0.145742263382 -0.03) (0.0365074553091 0.146549553818 -0.03) (0.0369371273865 0.147355591392 -0.03) (0.0373691543814 0.148160369212 -0.03) (0.0378035326005 0.148963880399 -0.03) (0.0382402583302 0.149766118083 -0.03) (0.038679327837 0.150567075405 -0.03) (0.0391207373672 0.151366745519 -0.03) (0.0395644831471 0.152165121587 -0.03) (0.0400105613831 0.152962196786 -0.03) (0.0404589682617 0.153757964299 -0.03) (0.0409096999495 0.154552417325 -0.03) (0.041362752593 0.155345549071 -0.03) (0.0418181223192 0.156137352756 -0.03) (0.0422758052349 0.156927821613 -0.03) (0.0427357974275 0.157716948882 -0.03) (0.0431980949645 0.158504727817 -0.03) (0.0436626938936 0.159291151685 -0.03) (0.0441295902429 0.160076213761 -0.03) (0.0445987800209 0.160859907334 -0.03) (0.0450702592165 0.161642225704 -0.03) (0.045544023799 0.162423162183 -0.03) (0.0460200697181 0.163202710095 -0.03) (0.0464983929041 0.163980862776 -0.03) (0.0469789892677 0.164757613572 -0.03) (0.0474618547003 0.165532955844 -0.03) (0.0479469850739 0.166306882962 -0.03) (0.0484343762409 0.167079388311 -0.03) (0.0489240240348 0.167850465287 -0.03) (0.0494159242694 0.168620107297 -0.03) (0.0499100727395 0.169388307761 -0.03) (0.0504064652206 0.170155060113 -0.03) (0.0509050974689 0.170920357797 -0.03) (0.0514059652216 0.171684194271 -0.03) (0.0519090641968 0.172446563004 -0.03) (0.0524143900934 0.173207457479 -0.03) (0.0529219385914 0.173966871191 -0.03) (0.0534317053517 0.174724797648 -0.03) (0.0539436860162 0.175481230371 -0.03) (0.0544578762081 0.176236162891 -0.03) (0.0549742715314 0.176989588757 -0.03) (0.0554928675714 0.177741501525 -0.03) (0.0560136598947 0.178491894769 -0.03) (0.056536644049 0.179240762072 -0.03) (0.0570618155632 0.179988097034 -0.03) (0.0575891699475 0.180733893265 -0.03) (0.0581187026937 0.181478144388 -0.03) (0.0586504092747 0.182220844042 -0.03) (0.0591842851448 0.182961985877 -0.03) (0.05972032574 0.183701563557 -0.03) (0.0602585264776 0.184439570759 -0.03) (0.0607988827565 0.185176001174 -0.03))
    polyLine 14 18 ((0.0352326052148 0.144123951539 0) (0.0356551905803 0.144933726985 0) (0.0360801418227 0.145742263382 0) (0.0365074553091 0.146549553818 0) (0.0369371273865 0.147355591392 0) (0.0373691543814 0.148160369212 0) (0.0378035326005 0.148963880399 0) (0.0382402583302 0.149766118083 0) (0.038679327837 0.150567075405 0) (0.0391207373672 0.151366745519 0) (0.0395644831471 0.152165121587 0) (0.0400105613831 0.152962196786 0) (0.0404589682617 0.153757964299 0) (0.0409096999495 0.154552417325 0) (0.041362752593 0.155345549071 0) (0.0418181223192 0.156137352756 0) (0.0422758052349 0.156927821613 0) (0.0427357974275 0.157716948882 0) (0.0431980949645 0.158504727817 0) (0.0436626938936 0.159291151685 0) (0.0441295902429 0.160076213761 0) (0.0445987800209 0.160859907334 0) (0.0450702592165 0.161642225704 0) (0.045544023799 0.162423162183 0) (0.0460200697181 0.163202710095 0) (0.0464983929041 0.163980862776 0) (0.0469789892677 0.164757613572 0) (0.0474618547003 0.165532955844 0) (0.0479469850739 0.166306882962 0) (0.0484343762409 0.167079388311 0) (0.0489240240348 0.167850465287 0) (0.0494159242694 0.168620107297 0) (0.0499100727395 0.169388307761 0) (0.0504064652206 0.170155060113 0) (0.0509050974689 0.170920357797 0) (0.0514059652216 0.171684194271 0) (0.0519090641968 0.172446563004 0) (0.0524143900934 0.173207457479 0) (0.0529219385914 0.173966871191 0) (0.0534317053517 0.174724797648 0) (0.0539436860162 0.175481230371 0) (0.0544578762081 0.176236162891 0) (0.0549742715314 0.176989588757 0) (0.0554928675714 0.177741501525 0) (0.0560136598947 0.178491894769 0) (0.056536644049 0.179240762072 0) (0.0570618155632 0.179988097034 0) (0.0575891699475 0.180733893265 0) (0.0581187026937 0.181478144388 0) (0.0586504092747 0.182220844042 0) (0.0591842851448 0.182961985877 0) (0.05972032574 0.183701563557 0) (0.0602585264776 0.184439570759 0) (0.0607988827565 0.185176001174 0))
    polyLine 13 17 ((-0.200759734195 0.223688943425 -0.03) (-0.200062152472 0.226785420543 -0.03) (-0.199356519429 0.229882170298 -0.03) (-0.198642878142 0.232979232507 -0.03) (-0.197921271173 0.236076648049 -0.03) (-0.197191740547 0.239174458864 -0.03) (-0.196454327737 0.242272707948 -0.03) (-0.195709073643 0.245371439349 -0.03) (-0.194956018571 0.248470698161 -0.03) (-0.194195202217 0.251570530523 -0.03) (-0.19342666365 0.254670983615 -0.03) (-0.192650441292 0.25777210565 -0.03) (-0.191866572906 0.260873945875 -0.03) (-0.191075095576 0.263976554561 -0.03) (-0.190276045695 0.267079983005 -0.03) (-0.189469458947 0.270184283523 -0.03) (-0.188655370296 0.273289509443 -0.03) (-0.187833813972 0.276395715108 -0.03) (-0.187004823453 0.279502955865 -0.03) (-0.18616843146 0.282611288067 -0.03) (-0.18532466994 0.285720769064 -0.03) (-0.184473570053 0.288831457204 -0.03) (-0.183615162165 0.291943411827 -0.03))
    polyLine 15 19 ((-0.200759734195 0.223688943425 0) (-0.200062152472 0.226785420543 0) (-0.199356519429 0.229882170298 0) (-0.198642878142 0.232979232507 0) (-0.197921271173 0.236076648049 0) (-0.197191740547 0.239174458864 0) (-0.196454327737 0.242272707948 0) (-0.195709073643 0.245371439349 0) (-0.194956018571 0.248470698161 0) (-0.194195202217 0.251570530523 0) (-0.19342666365 0.254670983615 0) (-0.192650441292 0.25777210565 0) (-0.191866572906 0.260873945875 0) (-0.191075095576 0.263976554561 0) (-0.190276045695 0.267079983005 0) (-0.189469458947 0.270184283523 0) (-0.188655370296 0.273289509443 0) (-0.187833813972 0.276395715108 0) (-0.187004823453 0.279502955865 0) (-0.18616843146 0.282611288067 0) (-0.18532466994 0.285720769064 0) (-0.184473570053 0.288831457204 0) (-0.183615162165 0.291943411827 0))
    polyLine 16 20 ((0.0613413899571 0.185910848506 -0.03) (0.0618860434416 0.186644106473 -0.03) (0.0624328385535 0.187375768806 -0.03) (0.0629817706184 0.18810582925 -0.03) (0.0635328349434 0.188834281565 -0.03) (0.0640860268173 0.189561119521 -0.03) (0.064641341511 0.190286336906 -0.03) (0.0651987742769 0.191009927519 -0.03) (0.0657583203496 0.191731885175 -0.03) (0.0663199749454 0.192452203701 -0.03) (0.0668837332628 0.193170876939 -0.03) (0.0674495904821 0.193887898746 -0.03) (0.0680175417658 0.194603262992 -0.03) (0.0685875822583 0.19531696356 -0.03) (0.0691597070865 0.19602899435 -0.03) (0.0697339113591 0.196739349273 -0.03) (0.0703101901672 0.197448022258 -0.03) (0.0708885385842 0.198155007246 -0.03) (0.0714689516658 0.198860298192 -0.03) (0.07205142445 0.199563889067 -0.03) (0.0726359519571 0.200265773857 -0.03) (0.0732225291899 0.20096594656 -0.03) (0.0738111511339 0.201664401191 -0.03) (0.0744018127568 0.202361131778 -0.03) (0.0749945090091 0.203056132366 -0.03) (0.0755892348236 0.203749397012 -0.03) (0.0761859851161 0.20444091979 -0.03) (0.0767847547849 0.205130694788 -0.03) (0.0773855387111 0.205818716109 -0.03) (0.0779874144866 0.20650595732 -0.03) (0.078589290262 0.20719319853 -0.03) (0.0791911660375 0.207880439741 -0.03) (0.079793041813 0.208567680952 -0.03) (0.0803949175885 0.209254922162 -0.03) (0.080996793364 0.209942163373 -0.03) (0.0815986691394 0.210629404584 -0.03) (0.0822005449149 0.211316645794 -0.03) (0.0828024206904 0.212003887005 -0.03) (0.0834042964659 0.212691128216 -0.03) (0.0840061722414 0.213378369426 -0.03) (0.0846080480169 0.214065610637 -0.03) (0.0852099237923 0.214752851848 -0.03) (0.0858117995678 0.215440093058 -0.03) (0.0864136753433 0.216127334269 -0.03) (0.0870155511188 0.21681457548 -0.03) (0.0876174268943 0.21750181669 -0.03) (0.0882193026697 0.218189057901 -0.03) (0.0888211784452 0.218876299111 -0.03) (0.0894230542207 0.219563540322 -0.03) (0.0900249299962 0.220250781533 -0.03) (0.0906268057717 0.220938022743 -0.03) (0.0912286815471 0.221625263954 -0.03) (0.0918305573226 0.222312505165 -0.03) (0.0924324330981 0.222999746375 -0.03) (0.0930343088736 0.223686987586 -0.03))
    polyLine 18 22 ((0.0613413899571 0.185910848506 0) (0.0618860434416 0.186644106473 0) (0.0624328385535 0.187375768806 0) (0.0629817706184 0.18810582925 0) (0.0635328349434 0.188834281565 0) (0.0640860268173 0.189561119521 0) (0.064641341511 0.190286336906 0) (0.0651987742769 0.191009927519 0) (0.0657583203496 0.191731885175 0) (0.0663199749454 0.192452203701 0) (0.0668837332628 0.193170876939 0) (0.0674495904821 0.193887898746 0) (0.0680175417658 0.194603262992 0) (0.0685875822583 0.19531696356 0) (0.0691597070865 0.19602899435 0) (0.0697339113591 0.196739349273 0) (0.0703101901672 0.197448022258 0) (0.0708885385842 0.198155007246 0) (0.0714689516658 0.198860298192 0) (0.07205142445 0.199563889067 0) (0.0726359519571 0.200265773857 0) (0.0732225291899 0.20096594656 0) (0.0738111511339 0.201664401191 0) (0.0744018127568 0.202361131778 0) (0.0749945090091 0.203056132366 0) (0.0755892348236 0.203749397012 0) (0.0761859851161 0.20444091979 0) (0.0767847547849 0.205130694788 0) (0.0773855387111 0.205818716109 0) (0.0779874144866 0.20650595732 0) (0.078589290262 0.20719319853 0) (0.0791911660375 0.207880439741 0) (0.079793041813 0.208567680952 0) (0.0803949175885 0.209254922162 0) (0.080996793364 0.209942163373 0) (0.0815986691394 0.210629404584 0) (0.0822005449149 0.211316645794 0) (0.0828024206904 0.212003887005 0) (0.0834042964659 0.212691128216 0) (0.0840061722414 0.213378369426 0) (0.0846080480169 0.214065610637 0) (0.0852099237923 0.214752851848 0) (0.0858117995678 0.215440093058 0) (0.0864136753433 0.216127334269 0) (0.0870155511188 0.21681457548 0) (0.0876174268943 0.21750181669 0) (0.0882193026697 0.218189057901 0) (0.0888211784452 0.218876299111 0) (0.0894230542207 0.219563540322 0) (0.0900249299962 0.220250781533 0) (0.0906268057717 0.220938022743 0) (0.0912286815471 0.221625263954 0) (0.0918305573226 0.222312505165 0) (0.0924324330981 0.222999746375 0) (0.0930343088736 0.223686987586 0))
    polyLine 17 21 ((-0.181862233676 0.298222205544 -0.03) (-0.180967532551 0.30138921704 -0.03) (-0.180065400864 0.304557794205 -0.03) (-0.179155866114 0.307728004533 -0.03) (-0.17823895489 0.31089991656 -0.03) (-0.177314692859 0.31407359986 -0.03) (-0.176383104757 0.317249125042 -0.03) (-0.175444214381 0.320426563747 -0.03) (-0.174498044583 0.32360598865 -0.03) (-0.17354461726 0.326787473453 -0.03) (-0.172583953348 0.329971092891 -0.03) (-0.171616072814 0.333156922721 -0.03) (-0.17064099465 0.336345039733 -0.03) (-0.169658736865 0.33953552174 -0.03) (-0.168669316482 0.342728447581 -0.03) (-0.16767274953 0.345923897125 -0.03) (-0.166669051037 0.349121951264 -0.03) (-0.165658235027 0.35232269192 -0.03) (-0.164640314513 0.355526202044 -0.03) (-0.163615301492 0.358732565615 -0.03) (-0.162583206943 0.361941867646 -0.03) (-0.161544040818 0.365154194184 -0.03) (-0.16049781204 0.36836963231 -0.03))
    polyLine 19 23 ((-0.181862233676 0.298222205544 0) (-0.180967532551 0.30138921704 0) (-0.180065400864 0.304557794205 0) (-0.179155866114 0.307728004533 0) (-0.17823895489 0.31089991656 0) (-0.177314692859 0.31407359986 0) (-0.176383104757 0.317249125042 0) (-0.175444214381 0.320426563747 0) (-0.174498044583 0.32360598865 0) (-0.17354461726 0.326787473453 0) (-0.172583953348 0.329971092891 0) (-0.171616072814 0.333156922721 0) (-0.17064099465 0.336345039733 0) (-0.169658736865 0.33953552174 0) (-0.168669316482 0.342728447581 0) (-0.16767274953 0.345923897125 0) (-0.166669051037 0.349121951264 0) (-0.165658235027 0.35232269192 0) (-0.164640314513 0.355526202044 0) (-0.163615301492 0.358732565615 0) (-0.162583206943 0.361941867646 0) (-0.161544040818 0.365154194184 0) (-0.16049781204 0.36836963231 0))
    polyLine 20 24 ((0.0936361846491 0.224374228797 -0.03) (0.0942380604246 0.225061470007 -0.03) (0.0948399362 0.225748711218 -0.03) (0.0954418119755 0.226435952429 -0.03) (0.096043687751 0.227123193639 -0.03) (0.0966455635265 0.22781043485 -0.03) (0.097247439302 0.228497676061 -0.03) (0.0978493150774 0.229184917271 -0.03) (0.0984511908529 0.229872158482 -0.03) (0.0990530666284 0.230559399693 -0.03) (0.0996549424039 0.231246640903 -0.03) (0.100256818179 0.231933882114 -0.03) (0.100858693955 0.232621123325 -0.03) (0.10146056973 0.233308364535 -0.03) (0.102062445506 0.233995605746 -0.03) (0.102664321281 0.234682846957 -0.03) (0.103266197057 0.235370088167 -0.03) (0.103868072832 0.236057329378 -0.03) (0.104469948608 0.236744570589 -0.03) (0.105071824383 0.237431811799 -0.03) (0.105673700159 0.23811905301 -0.03) (0.106275575934 0.238806294221 -0.03) (0.10687745171 0.239493535431 -0.03) (0.107479327485 0.240180776642 -0.03) (0.108081203261 0.240868017852 -0.03) (0.108683079036 0.241555259063 -0.03) (0.109284954812 0.242242500274 -0.03) (0.109886830587 0.242929741484 -0.03) (0.110488706363 0.243616982695 -0.03) (0.111090582138 0.244304223906 -0.03) (0.111692457914 0.244991465116 -0.03) (0.112294333689 0.245678706327 -0.03) (0.112896209464 0.246365947538 -0.03) (0.11349808524 0.247053188748 -0.03) (0.114099961015 0.247740429959 -0.03) (0.114701836791 0.24842767117 -0.03) (0.115303712566 0.24911491238 -0.03) (0.115905588342 0.249802153591 -0.03) (0.116507464117 0.250489394802 -0.03) (0.117109339893 0.251176636012 -0.03) (0.117711215668 0.251863877223 -0.03) (0.118313091444 0.252551118434 -0.03) (0.118914967219 0.253238359644 -0.03) (0.119516842995 0.253925600855 -0.03) (0.12011871877 0.254612842066 -0.03) (0.120720594546 0.255300083276 -0.03) (0.121322470321 0.255987324487 -0.03) (0.121924346097 0.256674565698 -0.03) (0.122526221872 0.257361806908 -0.03) (0.123128097648 0.258049048119 -0.03) (0.123729973423 0.25873628933 -0.03) (0.124331849199 0.25942353054 -0.03) (0.124933724974 0.260110771751 -0.03) (0.12553560075 0.260798012962 -0.03))
    polyLine 22 26 ((0.0936361846491 0.224374228797 0) (0.0942380604246 0.225061470007 0) (0.0948399362 0.225748711218 0) (0.0954418119755 0.226435952429 0) (0.096043687751 0.227123193639 0) (0.0966455635265 0.22781043485 0) (0.097247439302 0.228497676061 0) (0.0978493150774 0.229184917271 0) (0.0984511908529 0.229872158482 0) (0.0990530666284 0.230559399693 0) (0.0996549424039 0.231246640903 0) (0.100256818179 0.231933882114 0) (0.100858693955 0.232621123325 0) (0.10146056973 0.233308364535 0) (0.102062445506 0.233995605746 0) (0.102664321281 0.234682846957 0) (0.103266197057 0.235370088167 0) (0.103868072832 0.236057329378 0) (0.104469948608 0.236744570589 0) (0.105071824383 0.237431811799 0) (0.105673700159 0.23811905301 0) (0.106275575934 0.238806294221 0) (0.10687745171 0.239493535431 0) (0.107479327485 0.240180776642 0) (0.108081203261 0.240868017852 0) (0.108683079036 0.241555259063 0) (0.109284954812 0.242242500274 0) (0.109886830587 0.242929741484 0) (0.110488706363 0.243616982695 0) (0.111090582138 0.244304223906 0) (0.111692457914 0.244991465116 0) (0.112294333689 0.245678706327 0) (0.112896209464 0.246365947538 0) (0.11349808524 0.247053188748 0) (0.114099961015 0.247740429959 0) (0.114701836791 0.24842767117 0) (0.115303712566 0.24911491238 0) (0.115905588342 0.249802153591 0) (0.116507464117 0.250489394802 0) (0.117109339893 0.251176636012 0) (0.117711215668 0.251863877223 0) (0.118313091444 0.252551118434 0) (0.118914967219 0.253238359644 0) (0.119516842995 0.253925600855 0) (0.12011871877 0.254612842066 0) (0.120720594546 0.255300083276 0) (0.121322470321 0.255987324487 0) (0.121924346097 0.256674565698 0) (0.122526221872 0.257361806908 0) (0.123128097648 0.258049048119 0) (0.123729973423 0.25873628933 0) (0.124331849199 0.25942353054 0) (0.124933724974 0.260110771751 0) (0.12553560075 0.260798012962 0))
    polyLine 21 25 ((-0.15834470393 0.374929853256 -0.03) (-0.157237304976 0.378275074585 -0.03) (-0.156122336879 0.381624036002 -0.03) (-0.154999803669 0.384976840593 -0.03) (-0.153869708153 0.38833359267 -0.03) (-0.152732051911 0.391694397775 -0.03) (-0.151586835296 0.395059362688 -0.03) (-0.150434057424 0.39842859543 -0.03) (-0.149273716171 0.401802205278 -0.03) (-0.148105808169 0.405180302762 -0.03) (-0.146930328801 0.408562999685 -0.03) (-0.145747272199 0.411950409122 -0.03) (-0.144556631233 0.415342645436 -0.03) (-0.143358397513 0.418739824285 -0.03) (-0.142152561381 0.422142062631 -0.03) (-0.140939111905 0.425549478755 -0.03) (-0.13971803688 0.428962192265 -0.03) (-0.138489322814 0.43238032411 -0.03) (-0.137252954931 0.435803996588 -0.03) (-0.136008917161 0.439233333368 -0.03) (-0.134757192136 0.442668459494 -0.03) (-0.133497761187 0.446109501404 -0.03) (-0.132230604332 0.449556586946 -0.03))
    polyLine 23 27 ((-0.15834470393 0.374929853256 0) (-0.157237304976 0.378275074585 0) (-0.156122336879 0.381624036002 0) (-0.154999803669 0.384976840593 0) (-0.153869708153 0.38833359267 0) (-0.152732051911 0.391694397775 0) (-0.151586835296 0.395059362688 0) (-0.150434057424 0.39842859543 0) (-0.149273716171 0.401802205278 0) (-0.148105808169 0.405180302762 0) (-0.146930328801 0.408562999685 0) (-0.145747272199 0.411950409122 0) (-0.144556631233 0.415342645436 0) (-0.143358397513 0.418739824285 0) (-0.142152561381 0.422142062631 0) (-0.140939111905 0.425549478755 0) (-0.13971803688 0.428962192265 0) (-0.138489322814 0.43238032411 0) (-0.137252954931 0.435803996588 0) (-0.136008917161 0.439233333368 0) (-0.134757192136 0.442668459494 0) (-0.133497761187 0.446109501404 0) (-0.132230604332 0.449556586946 0))
    polyLine 24 28 ((0.126137476525 0.261485254172 -0.03) (0.126739352301 0.262172495383 -0.03) (0.127341228076 0.262859736593 -0.03) (0.127943103852 0.263546977804 -0.03) (0.128544979627 0.264234219015 -0.03) (0.129146855402 0.264921460225 -0.03) (0.129748731178 0.265608701436 -0.03) (0.130350606953 0.266295942647 -0.03) (0.130952482729 0.266983183857 -0.03) (0.131554358504 0.267670425068 -0.03) (0.13215623428 0.268357666279 -0.03) (0.132758110055 0.269044907489 -0.03) (0.133359985831 0.2697321487 -0.03) (0.133961861606 0.270419389911 -0.03) (0.134563737382 0.271106631121 -0.03) (0.135165613157 0.271793872332 -0.03) (0.135767488933 0.272481113543 -0.03) (0.136369364708 0.273168354753 -0.03) (0.136971240484 0.273855595964 -0.03) (0.137573116259 0.274542837175 -0.03) (0.138174992035 0.275230078385 -0.03) (0.13877686781 0.275917319596 -0.03) (0.139378743586 0.276604560807 -0.03) (0.139980619361 0.277291802017 -0.03) (0.140582495137 0.277979043228 -0.03) (0.141184370912 0.278666284439 -0.03) (0.141786246688 0.279353525649 -0.03) (0.142388122463 0.28004076686 -0.03) (0.142989998239 0.280728008071 -0.03) (0.143591874014 0.281415249281 -0.03) (0.144193749789 0.282102490492 -0.03) (0.144795625565 0.282789731703 -0.03) (0.14539750134 0.283476972913 -0.03) (0.145999377116 0.284164214124 -0.03) (0.146601252891 0.284851455334 -0.03) (0.147203128667 0.285538696545 -0.03) (0.147805004442 0.286225937756 -0.03) (0.148406880218 0.286913178966 -0.03) (0.149008755993 0.287600420177 -0.03) (0.149610631769 0.288287661388 -0.03) (0.150212507544 0.288974902598 -0.03) (0.15081438332 0.289662143809 -0.03) (0.151416259095 0.29034938502 -0.03) (0.152018134871 0.29103662623 -0.03) (0.152620010646 0.291723867441 -0.03) (0.153221886422 0.292411108652 -0.03) (0.153823762197 0.293098349862 -0.03) (0.154425637973 0.293785591073 -0.03) (0.155027513748 0.294472832284 -0.03) (0.155629389524 0.295160073494 -0.03) (0.156231265299 0.295847314705 -0.03) (0.156833141075 0.296534555916 -0.03) (0.15743501685 0.297221797126 -0.03) (0.158036892626 0.297909038337 -0.03) (0.158638768401 0.298596279548 -0.03))
    polyLine 26 30 ((0.126137476525 0.261485254172 0) (0.126739352301 0.262172495383 0) (0.127341228076 0.262859736593 0) (0.127943103852 0.263546977804 0) (0.128544979627 0.264234219015 0) (0.129146855402 0.264921460225 0) (0.129748731178 0.265608701436 0) (0.130350606953 0.266295942647 0) (0.130952482729 0.266983183857 0) (0.131554358504 0.267670425068 0) (0.13215623428 0.268357666279 0) (0.132758110055 0.269044907489 0) (0.133359985831 0.2697321487 0) (0.133961861606 0.270419389911 0) (0.134563737382 0.271106631121 0) (0.135165613157 0.271793872332 0) (0.135767488933 0.272481113543 0) (0.136369364708 0.273168354753 0) (0.136971240484 0.273855595964 0) (0.137573116259 0.274542837175 0) (0.138174992035 0.275230078385 0) (0.13877686781 0.275917319596 0) (0.139378743586 0.276604560807 0) (0.139980619361 0.277291802017 0) (0.140582495137 0.277979043228 0) (0.141184370912 0.278666284439 0) (0.141786246688 0.279353525649 0) (0.142388122463 0.28004076686 0) (0.142989998239 0.280728008071 0) (0.143591874014 0.281415249281 0) (0.144193749789 0.282102490492 0) (0.144795625565 0.282789731703 0) (0.14539750134 0.283476972913 0) (0.145999377116 0.284164214124 0) (0.146601252891 0.284851455334 0) (0.147203128667 0.285538696545 0) (0.147805004442 0.286225937756 0) (0.148406880218 0.286913178966 0) (0.149008755993 0.287600420177 0) (0.149610631769 0.288287661388 0) (0.150212507544 0.288974902598 0) (0.15081438332 0.289662143809 0) (0.151416259095 0.29034938502 0) (0.152018134871 0.29103662623 0) (0.152620010646 0.291723867441 0) (0.153221886422 0.292411108652 0) (0.153823762197 0.293098349862 0) (0.154425637973 0.293785591073 0) (0.155027513748 0.294472832284 0) (0.155629389524 0.295160073494 0) (0.156231265299 0.295847314705 0) (0.156833141075 0.296534555916 0) (0.15743501685 0.297221797126 0) (0.158036892626 0.297909038337 0) (0.158638768401 0.298596279548 0))
    polyLine 25 29 ((-0.12964994238 0.456531535115 -0.03) (-0.128336108092 0.460059896096 -0.03) (-0.127014170715 0.463595069335 -0.03) (-0.12568410211 0.467137197437 -0.03) (-0.124345872692 0.470686424625 -0.03) (-0.12299945142 0.474242896767 -0.03) (-0.121644805793 0.47780676139 -0.03) (-0.120281901836 0.48137816771 -0.03) (-0.118910704096 0.484957266649 -0.03) (-0.117531175631 0.488544210861 -0.03) (-0.116143278001 0.492139154757 -0.03) (-0.114746971258 0.495742254526 -0.03) (-0.113342213935 0.499353668167 -0.03) (-0.111928963041 0.502973555511 -0.03) (-0.110507174041 0.506602078249 -0.03) (-0.109076800854 0.510239399961 -0.03) (-0.107637795835 0.513885686146 -0.03) (-0.106190109765 0.517541104251 -0.03) (-0.104733691842 0.5212058237 -0.03) (-0.103268489662 0.524880015926 -0.03) (-0.101794449211 0.528563854408 -0.03) (-0.100311514847 0.532257514697 -0.03) (-0.0988196292888 0.535961174455 -0.03))
    polyLine 27 31 ((-0.12964994238 0.456531535115 0) (-0.128336108092 0.460059896096 0) (-0.127014170715 0.463595069335 0) (-0.12568410211 0.467137197437 0) (-0.124345872692 0.470686424625 0) (-0.12299945142 0.474242896767 0) (-0.121644805793 0.47780676139 0) (-0.120281901836 0.48137816771 0) (-0.118910704096 0.484957266649 0) (-0.117531175631 0.488544210861 0) (-0.116143278001 0.492139154757 0) (-0.114746971258 0.495742254526 0) (-0.113342213935 0.499353668167 0) (-0.111928963041 0.502973555511 0) (-0.110507174041 0.506602078249 0) (-0.109076800854 0.510239399961 0) (-0.107637795835 0.513885686146 0) (-0.106190109765 0.517541104251 0) (-0.104733691842 0.5212058237 0) (-0.103268489662 0.524880015926 0) (-0.101794449211 0.528563854408 0) (-0.100311514847 0.532257514697 0) (-0.0988196292888 0.535961174455 0))
    polyLine 28 32 ((0.159240644177 0.299283520758 -0.03) (0.159842519952 0.299970761969 -0.03) (0.160444395727 0.30065800318 -0.03) (0.161046271503 0.30134524439 -0.03) (0.161648147278 0.302032485601 -0.03) (0.162250023054 0.302719726812 -0.03) (0.162851898829 0.303406968022 -0.03) (0.163453774605 0.304094209233 -0.03) (0.16405565038 0.304781450444 -0.03) (0.164657526156 0.305468691654 -0.03) (0.165259401931 0.306155932865 -0.03) (0.165861277707 0.306843174075 -0.03) (0.166463153482 0.307530415286 -0.03) (0.167065029258 0.308217656497 -0.03) (0.167666905033 0.308904897707 -0.03) (0.168268780809 0.309592138918 -0.03) (0.168870656584 0.310279380129 -0.03) (0.16947253236 0.310966621339 -0.03) (0.170074408135 0.31165386255 -0.03) (0.170676283911 0.312341103761 -0.03) (0.171278159686 0.313028344971 -0.03) (0.171880035462 0.313715586182 -0.03) (0.172481911237 0.314402827393 -0.03) (0.173083787013 0.315090068603 -0.03) (0.173685662788 0.315777309814 -0.03) (0.174287538564 0.316464551025 -0.03) (0.174889414339 0.317151792235 -0.03) (0.175491290115 0.317839033446 -0.03) (0.17609316589 0.318526274657 -0.03) (0.176695041665 0.319213515867 -0.03) (0.177296917441 0.319900757078 -0.03) (0.177898793216 0.320587998289 -0.03) (0.178500668992 0.321275239499 -0.03) (0.179102544767 0.32196248071 -0.03) (0.179704420543 0.322649721921 -0.03) (0.180306296318 0.323336963131 -0.03) (0.180908172094 0.324024204342 -0.03) (0.181510047869 0.324711445553 -0.03) (0.182111923645 0.325398686763 -0.03) (0.18271379942 0.326085927974 -0.03) (0.183315675196 0.326773169185 -0.03) (0.183917550971 0.327460410395 -0.03) (0.184519426747 0.328147651606 -0.03) (0.185121302522 0.328834892816 -0.03) (0.185723178298 0.329522134027 -0.03) (0.186325054073 0.330209375238 -0.03) (0.186926929849 0.330896616448 -0.03) (0.187528805624 0.331583857659 -0.03) (0.1881306814 0.33227109887 -0.03) (0.188732557175 0.33295834008 -0.03) (0.189334432951 0.333645581291 -0.03) (0.189936308726 0.334332822502 -0.03) (0.190538184502 0.335020063712 -0.03) (0.191140060277 0.335707304923 -0.03))
    polyLine 30 34 ((0.159240644177 0.299283520758 0) (0.159842519952 0.299970761969 0) (0.160444395727 0.30065800318 0) (0.161046271503 0.30134524439 0) (0.161648147278 0.302032485601 0) (0.162250023054 0.302719726812 0) (0.162851898829 0.303406968022 0) (0.163453774605 0.304094209233 0) (0.16405565038 0.304781450444 0) (0.164657526156 0.305468691654 0) (0.165259401931 0.306155932865 0) (0.165861277707 0.306843174075 0) (0.166463153482 0.307530415286 0) (0.167065029258 0.308217656497 0) (0.167666905033 0.308904897707 0) (0.168268780809 0.309592138918 0) (0.168870656584 0.310279380129 0) (0.16947253236 0.310966621339 0) (0.170074408135 0.31165386255 0) (0.170676283911 0.312341103761 0) (0.171278159686 0.313028344971 0) (0.171880035462 0.313715586182 0) (0.172481911237 0.314402827393 0) (0.173083787013 0.315090068603 0) (0.173685662788 0.315777309814 0) (0.174287538564 0.316464551025 0) (0.174889414339 0.317151792235 0) (0.175491290115 0.317839033446 0) (0.17609316589 0.318526274657 0) (0.176695041665 0.319213515867 0) (0.177296917441 0.319900757078 0) (0.177898793216 0.320587998289 0) (0.178500668992 0.321275239499 0) (0.179102544767 0.32196248071 0) (0.179704420543 0.322649721921 0) (0.180306296318 0.323336963131 0) (0.180908172094 0.324024204342 0) (0.181510047869 0.324711445553 0) (0.182111923645 0.325398686763 0) (0.18271379942 0.326085927974 0) (0.183315675196 0.326773169185 0) (0.183917550971 0.327460410395 0) (0.184519426747 0.328147651606 0) (0.185121302522 0.328834892816 0) (0.185723178298 0.329522134027 0) (0.186325054073 0.330209375238 0) (0.186926929849 0.330896616448 0) (0.187528805624 0.331583857659 0) (0.1881306814 0.33227109887 0) (0.188732557175 0.33295834008 0) (0.189334432951 0.333645581291 0) (0.189936308726 0.334332822502 0) (0.190538184502 0.335020063712 0) (0.191140060277 0.335707304923 0))
    polyLine 29 33 ((-0.0958207081625 0.543369809288 -0.03) (-0.0943136936387 0.547074983481 -0.03) (-0.0927976275569 0.550790718126 -0.03) (-0.0912724457789 0.554517197508 -0.03) (-0.0897380824842 0.558254608168 -0.03) (-0.0881944701533 0.562003138954 -0.03) (-0.0866415395491 0.56576298105 -0.03) (-0.0850792196993 0.569534328025 -0.03) (-0.0835074378766 0.573317375872 -0.03) (-0.0819261195797 0.577112323056 -0.03) (-0.0803351885127 0.580919370551 -0.03) (-0.0787345665643 0.584738721894 -0.03) (-0.0771241737863 0.588570583226 -0.03) (-0.0755039283712 0.592415163344 -0.03) (-0.0738737466297 0.596272673748 -0.03) (-0.0722335429669 0.600143328692 -0.03) (-0.0705832298576 0.604027345239 -0.03) (-0.0689227178219 0.607924943308 -0.03) (-0.0672519153989 0.611836345734 -0.03) (-0.0655707291206 0.615761778321 -0.03) (-0.0638790634837 0.619701469901 -0.03) (-0.0621768209224 0.623655652391 -0.03) (-0.0604639017785 0.627624560852 -0.03))
    polyLine 31 35 ((-0.0958207081625 0.543369809288 0) (-0.0943136936387 0.547074983481 0) (-0.0927976275569 0.550790718126 0) (-0.0912724457789 0.554517197508 0) (-0.0897380824842 0.558254608168 0) (-0.0881944701533 0.562003138954 0) (-0.0866415395491 0.56576298105 0) (-0.0850792196993 0.569534328025 0) (-0.0835074378766 0.573317375872 0) (-0.0819261195797 0.577112323056 0) (-0.0803351885127 0.580919370551 0) (-0.0787345665643 0.584738721894 0) (-0.0771241737863 0.588570583226 0) (-0.0755039283712 0.592415163344 0) (-0.0738737466297 0.596272673748 0) (-0.0722335429669 0.600143328692 0) (-0.0705832298576 0.604027345239 0) (-0.0689227178219 0.607924943308 0) (-0.0672519153989 0.611836345734 0) (-0.0655707291206 0.615761778321 0) (-0.0638790634837 0.619701469901 0) (-0.0621768209224 0.623655652391 0) (-0.0604639017785 0.627624560852 0))
    polyLine 32 36 ((0.191741936053 0.336394546134 -0.03) (0.192343811828 0.337081787344 -0.03) (0.192945687603 0.337769028555 -0.03) (0.193547563379 0.338456269766 -0.03) (0.194149439154 0.339143510976 -0.03) (0.19475131493 0.339830752187 -0.03) (0.195353190705 0.340517993398 -0.03) (0.195955066481 0.341205234608 -0.03) (0.196556942256 0.341892475819 -0.03) (0.197158818032 0.34257971703 -0.03) (0.197760693807 0.34326695824 -0.03) (0.198362569583 0.343954199451 -0.03) (0.198964445358 0.344641440662 -0.03) (0.199566321134 0.345328681872 -0.03) (0.200168196909 0.346015923083 -0.03) (0.200770072685 0.346703164294 -0.03) (0.20137194846 0.347390405504 -0.03) (0.201973824236 0.348077646715 -0.03) (0.202575700011 0.348764887926 -0.03) (0.203177575787 0.349452129136 -0.03) (0.203779451562 0.350139370347 -0.03) (0.204381327338 0.350826611557 -0.03) (0.204983203113 0.351513852768 -0.03) (0.205585078889 0.352201093979 -0.03) (0.206186954664 0.352888335189 -0.03) (0.20678883044 0.3535755764 -0.03) (0.207390706215 0.354262817611 -0.03) (0.20799258199 0.354950058821 -0.03) (0.208594457766 0.355637300032 -0.03) (0.209196333541 0.356324541243 -0.03) (0.209798209317 0.357011782453 -0.03) (0.210400085092 0.357699023664 -0.03) (0.211001960868 0.358386264875 -0.03) (0.211603836643 0.359073506085 -0.03) (0.212205712419 0.359760747296 -0.03) (0.212807588194 0.360447988507 -0.03) (0.21340946397 0.361135229717 -0.03) (0.214011339745 0.361822470928 -0.03) (0.214613215521 0.362509712139 -0.03) (0.215215091296 0.363196953349 -0.03) (0.215816967072 0.36388419456 -0.03) (0.216418842847 0.364571435771 -0.03) (0.217020718623 0.365258676981 -0.03) (0.217622594398 0.365945918192 -0.03) (0.218224470174 0.366633159403 -0.03) (0.218826345949 0.367320400613 -0.03) (0.219428221725 0.368007641824 -0.03) (0.2200300975 0.368694883035 -0.03) (0.220631973276 0.369382124245 -0.03) (0.221233849051 0.370069365456 -0.03) (0.221835724827 0.370756606667 -0.03) (0.222437600602 0.371443847877 -0.03) (0.223039476378 0.372131089088 -0.03) (0.223641352153 0.372818330298 -0.03) (0.224243227928 0.373505571509 -0.03))
    polyLine 34 38 ((0.191741936053 0.336394546134 0) (0.192343811828 0.337081787344 0) (0.192945687603 0.337769028555 0) (0.193547563379 0.338456269766 0) (0.194149439154 0.339143510976 0) (0.19475131493 0.339830752187 0) (0.195353190705 0.340517993398 0) (0.195955066481 0.341205234608 0) (0.196556942256 0.341892475819 0) (0.197158818032 0.34257971703 0) (0.197760693807 0.34326695824 0) (0.198362569583 0.343954199451 0) (0.198964445358 0.344641440662 0) (0.199566321134 0.345328681872 0) (0.200168196909 0.346015923083 0) (0.200770072685 0.346703164294 0) (0.20137194846 0.347390405504 0) (0.201973824236 0.348077646715 0) (0.202575700011 0.348764887926 0) (0.203177575787 0.349452129136 0) (0.203779451562 0.350139370347 0) (0.204381327338 0.350826611557 0) (0.204983203113 0.351513852768 0) (0.205585078889 0.352201093979 0) (0.206186954664 0.352888335189 0) (0.20678883044 0.3535755764 0) (0.207390706215 0.354262817611 0) (0.20799258199 0.354950058821 0) (0.208594457766 0.355637300032 0) (0.209196333541 0.356324541243 0) (0.209798209317 0.357011782453 0) (0.210400085092 0.357699023664 0) (0.211001960868 0.358386264875 0) (0.211603836643 0.359073506085 0) (0.212205712419 0.359760747296 0) (0.212807588194 0.360447988507 0) (0.21340946397 0.361135229717 0) (0.214011339745 0.361822470928 0) (0.214613215521 0.362509712139 0) (0.215215091296 0.363196953349 0) (0.215816967072 0.36388419456 0) (0.216418842847 0.364571435771 0) (0.217020718623 0.365258676981 0) (0.217622594398 0.365945918192 0) (0.218224470174 0.366633159403 0) (0.218826345949 0.367320400613 0) (0.219428221725 0.368007641824 0) (0.2200300975 0.368694883035 0) (0.220631973276 0.369382124245 0) (0.221233849051 0.370069365456 0) (0.221835724827 0.370756606667 0) (0.222437600602 0.371443847877 0) (0.223039476378 0.372131089088 0) (0.223641352153 0.372818330298 0) (0.224243227928 0.373505571509 0))
    polyLine 33 37 ((-0.0570621415708 0.635477367013 -0.03) (-0.0553737960142 0.639360756139 -0.03) (-0.0536750695853 0.64325882564 -0.03) (-0.0519658622967 0.647171803259 -0.03) (-0.0502460721618 0.651099919835 -0.03) (-0.0485155951649 0.65504340936 -0.03) (-0.04677432523 0.659002509045 -0.03) (-0.0450221541894 0.662977459379 -0.03) (-0.0432589717509 0.666968504197 -0.03) (-0.0414846654646 0.670975890746 -0.03) (-0.0396991206883 0.674999869751 -0.03) (-0.0379022205522 0.679040695487 -0.03) (-0.0360938459225 0.683098625848 -0.03) (-0.0342738753642 0.687173922423 -0.03) (-0.0324421851029 0.691266850567 -0.03) (-0.0305986489848 0.695377679481 -0.03) (-0.0287431384371 0.699506682289 -0.03) (-0.0268755224257 0.70365413612 -0.03) (-0.0249956674128 0.707820322188 -0.03) (-0.023103437313 0.712005525877 -0.03) (-0.0211986934481 0.716210036832 -0.03) (-0.019281294501 0.720434149041 -0.03) (-0.0173510964678 0.724678160932 -0.03))
    polyLine 35 39 ((-0.0570621415708 0.635477367013 0) (-0.0553737960142 0.639360756139 0) (-0.0536750695853 0.64325882564 0) (-0.0519658622967 0.647171803259 0) (-0.0502460721618 0.651099919835 0) (-0.0485155951649 0.65504340936 0) (-0.04677432523 0.659002509045 0) (-0.0450221541894 0.662977459379 0) (-0.0432589717509 0.666968504197 0) (-0.0414846654646 0.670975890746 0) (-0.0396991206883 0.674999869751 0) (-0.0379022205522 0.679040695487 0) (-0.0360938459225 0.683098625848 0) (-0.0342738753642 0.687173922423 0) (-0.0324421851029 0.691266850567 0) (-0.0305986489848 0.695377679481 0) (-0.0287431384371 0.699506682289 0) (-0.0268755224257 0.70365413612 0) (-0.0249956674128 0.707820322188 0) (-0.023103437313 0.712005525877 0) (-0.0211986934481 0.716210036832 0) (-0.019281294501 0.720434149041 0) (-0.0173510964678 0.724678160932 0))
    polyLine 36 40 ((0.224845103704 0.37419281272 -0.03) (0.225446979479 0.37488005393 -0.03) (0.226048855255 0.375567295141 -0.03) (0.22665073103 0.376254536352 -0.03) (0.227252606806 0.376941777562 -0.03) (0.227854482581 0.377629018773 -0.03) (0.228456358357 0.378316259984 -0.03) (0.229058234132 0.379003501194 -0.03) (0.229660109908 0.379690742405 -0.03) (0.230261985683 0.380377983616 -0.03) (0.230863861459 0.381065224826 -0.03) (0.231465737234 0.381752466037 -0.03) (0.23206761301 0.382439707248 -0.03) (0.232669488785 0.383126948458 -0.03) (0.233271364561 0.383814189669 -0.03) (0.233873240336 0.38450143088 -0.03) (0.234475116112 0.38518867209 -0.03) (0.235076991887 0.385875913301 -0.03) (0.235678867663 0.386563154512 -0.03) (0.236280743438 0.387250395722 -0.03) (0.236882619214 0.387937636933 -0.03) (0.237484494989 0.388624878144 -0.03) (0.238086370765 0.389312119354 -0.03) (0.23868824654 0.389999360565 -0.03) (0.239290122316 0.390686601776 -0.03) (0.239891998091 0.391373842986 -0.03) (0.240493873866 0.392061084197 -0.03) (0.241095749642 0.392748325408 -0.03) (0.241697625417 0.393435566618 -0.03) (0.242299501193 0.394122807829 -0.03) (0.242901376968 0.394810049039 -0.03) (0.243503252744 0.39549729025 -0.03) (0.244105128519 0.396184531461 -0.03) (0.244707004295 0.396871772671 -0.03) (0.24530888007 0.397559013882 -0.03) (0.245910755846 0.398246255093 -0.03) (0.246512631621 0.398933496303 -0.03) (0.247114507397 0.399620737514 -0.03) (0.247716383172 0.400307978725 -0.03) (0.248318258948 0.400995219935 -0.03) (0.248920134723 0.401682461146 -0.03) (0.249522010499 0.402369702357 -0.03) (0.250123886274 0.403056943567 -0.03) (0.25072576205 0.403744184778 -0.03) (0.251327637825 0.404431425989 -0.03) (0.251929513601 0.405118667199 -0.03) (0.252531389376 0.40580590841 -0.03) (0.253133265152 0.406493149621 -0.03) (0.253735140927 0.407180390831 -0.03) (0.254337016703 0.407867632042 -0.03) (0.254938892478 0.408554873253 -0.03) (0.255540768254 0.409242114463 -0.03) (0.256142644029 0.409929355674 -0.03) (0.256744519804 0.410616596885 -0.03))
    polyLine 38 42 ((0.224845103704 0.37419281272 0) (0.225446979479 0.37488005393 0) (0.226048855255 0.375567295141 0) (0.22665073103 0.376254536352 0) (0.227252606806 0.376941777562 0) (0.227854482581 0.377629018773 0) (0.228456358357 0.378316259984 0) (0.229058234132 0.379003501194 0) (0.229660109908 0.379690742405 0) (0.230261985683 0.380377983616 0) (0.230863861459 0.381065224826 0) (0.231465737234 0.381752466037 0) (0.23206761301 0.382439707248 0) (0.232669488785 0.383126948458 0) (0.233271364561 0.383814189669 0) (0.233873240336 0.38450143088 0) (0.234475116112 0.38518867209 0) (0.235076991887 0.385875913301 0) (0.235678867663 0.386563154512 0) (0.236280743438 0.387250395722 0) (0.236882619214 0.387937636933 0) (0.237484494989 0.388624878144 0) (0.238086370765 0.389312119354 0) (0.23868824654 0.389999360565 0) (0.239290122316 0.390686601776 0) (0.239891998091 0.391373842986 0) (0.240493873866 0.392061084197 0) (0.241095749642 0.392748325408 0) (0.241697625417 0.393435566618 0) (0.242299501193 0.394122807829 0) (0.242901376968 0.394810049039 0) (0.243503252744 0.39549729025 0) (0.244105128519 0.396184531461 0) (0.244707004295 0.396871772671 0) (0.24530888007 0.397559013882 0) (0.245910755846 0.398246255093 0) (0.246512631621 0.398933496303 0) (0.247114507397 0.399620737514 0) (0.247716383172 0.400307978725 0) (0.248318258948 0.400995219935 0) (0.248920134723 0.401682461146 0) (0.249522010499 0.402369702357 0) (0.250123886274 0.403056943567 0) (0.25072576205 0.403744184778 0) (0.251327637825 0.404431425989 0) (0.251929513601 0.405118667199 0) (0.252531389376 0.40580590841 0) (0.253133265152 0.406493149621 0) (0.253735140927 0.407180390831 0) (0.254337016703 0.407867632042 0) (0.254938892478 0.408554873253 0) (0.255540768254 0.409242114463 0) (0.256142644029 0.409929355674 0) (0.256744519804 0.410616596885 0))
    polyLine 37 41 ((-0.0135581695045 0.732994140806 -0.03) (-0.0116965444498 0.737064515587 -0.03) (-0.0098229463131 0.74115376774 -0.03) (-0.00793724161131 0.745262169136 -0.03) (-0.00603929446804 0.749389995661 -0.03) (-0.00412896657025 0.753537527293 -0.03) (-0.00220611712385 0.757705048192 -0.03) (-0.000270602808133 0.76189284678 -0.03) (0.00167772227096 0.766101215835 -0.03) (0.00363900662882 0.770330452574 -0.03) (0.00561340145137 0.774580858751 -0.03) (0.00760106064559 0.778852740748 -0.03) (0.00960214089137 0.783146409674 -0.03) (0.0116168016947 0.787462181464 -0.03) (0.0136452054421 0.791800376977 -0.03) (0.0156875174571 0.796161322108 -0.03) (0.0177439060571 0.800545347885 -0.03) (0.0198145426131 0.804952790589 -0.03) (0.0218996016099 0.809383991857 -0.03) (0.0239992607082 0.813839298804 -0.03) (0.0261137008089 0.818319064139 -0.03) (0.0282431061185 0.822823646285 -0.03) (0.0303876642162 0.827353409505 -0.03))
    polyLine 39 43 ((-0.0135581695045 0.732994140806 0) (-0.0116965444498 0.737064515587 0) (-0.0098229463131 0.74115376774 0) (-0.00793724161131 0.745262169136 0) (-0.00603929446804 0.749389995661 0) (-0.00412896657025 0.753537527293 0) (-0.00220611712385 0.757705048192 0) (-0.000270602808133 0.76189284678 0) (0.00167772227096 0.766101215835 0) (0.00363900662882 0.770330452574 0) (0.00561340145137 0.774580858751 0) (0.00760106064559 0.778852740748 0) (0.00960214089137 0.783146409674 0) (0.0116168016947 0.787462181464 0) (0.0136452054421 0.791800376977 0) (0.0156875174571 0.796161322108 0) (0.0177439060571 0.800545347885 0) (0.0198145426131 0.804952790589 0) (0.0218996016099 0.809383991857 0) (0.0239992607082 0.813839298804 0) (0.0261137008089 0.818319064139 0) (0.0282431061185 0.822823646285 0) (0.0303876642162 0.827353409505 0))
    polyLine 40 44 ((0.25734639558 0.411303838095 -0.03) (0.257948271355 0.411991079306 -0.03) (0.258550147131 0.412678320517 -0.03) (0.259152022906 0.413365561727 -0.03) (0.259753898682 0.414052802938 -0.03) (0.260355774457 0.414740044148 -0.03) (0.260957650233 0.415427285359 -0.03) (0.261559526008 0.41611452657 -0.03) (0.262161401784 0.41680176778 -0.03) (0.262763277559 0.417489008991 -0.03) (0.263365153335 0.418176250202 -0.03) (0.26396702911 0.418863491412 -0.03) (0.264568904886 0.419550732623 -0.03) (0.265170780661 0.420237973834 -0.03) (0.265772656437 0.420925215044 -0.03) (0.266374532212 0.421612456255 -0.03) (0.266976407988 0.422299697466 -0.03) (0.267578283763 0.422986938676 -0.03) (0.268180159539 0.423674179887 -0.03) (0.268782035314 0.424361421098 -0.03) (0.26938391109 0.425048662308 -0.03) (0.269985786865 0.425735903519 -0.03) (0.270587662641 0.42642314473 -0.03) (0.271189538416 0.42711038594 -0.03) (0.271791414192 0.427797627151 -0.03) (0.272393289967 0.428484868362 -0.03) (0.272995165742 0.429172109572 -0.03) (0.273597041518 0.429859350783 -0.03) (0.274198917293 0.430546591994 -0.03) (0.274800793069 0.431233833204 -0.03) (0.275402668844 0.431921074415 -0.03) (0.27600454462 0.432608315626 -0.03) (0.276606420395 0.433295556836 -0.03) (0.277208296171 0.433982798047 -0.03) (0.277810171946 0.434670039258 -0.03) (0.278412047722 0.435357280468 -0.03) (0.279013923497 0.436044521679 -0.03) (0.279615799273 0.436731762889 -0.03) (0.280217675048 0.4374190041 -0.03) (0.280819550824 0.438106245311 -0.03) (0.281421426599 0.438793486521 -0.03) (0.282023302375 0.439480727732 -0.03) (0.28262517815 0.440167968943 -0.03) (0.283227053926 0.440855210153 -0.03) (0.283828929701 0.441542451364 -0.03) (0.284430805477 0.442229692575 -0.03) (0.285032681252 0.442916933785 -0.03) (0.285634557028 0.443604174996 -0.03) (0.286236432803 0.444291416207 -0.03) (0.286838308579 0.444978657417 -0.03) (0.287440184354 0.445665898628 -0.03) (0.288042060129 0.446353139839 -0.03) (0.288643935905 0.447040381049 -0.03) (0.28924581168 0.44772762226 -0.03) (0.289847687456 0.448414863471 -0.03))
    polyLine 42 46 ((0.25734639558 0.411303838095 0) (0.257948271355 0.411991079306 0) (0.258550147131 0.412678320517 0) (0.259152022906 0.413365561727 0) (0.259753898682 0.414052802938 0) (0.260355774457 0.414740044148 0) (0.260957650233 0.415427285359 0) (0.261559526008 0.41611452657 0) (0.262161401784 0.41680176778 0) (0.262763277559 0.417489008991 0) (0.263365153335 0.418176250202 0) (0.26396702911 0.418863491412 0) (0.264568904886 0.419550732623 0) (0.265170780661 0.420237973834 0) (0.265772656437 0.420925215044 0) (0.266374532212 0.421612456255 0) (0.266976407988 0.422299697466 0) (0.267578283763 0.422986938676 0) (0.268180159539 0.423674179887 0) (0.268782035314 0.424361421098 0) (0.26938391109 0.425048662308 0) (0.269985786865 0.425735903519 0) (0.270587662641 0.42642314473 0) (0.271189538416 0.42711038594 0) (0.271791414192 0.427797627151 0) (0.272393289967 0.428484868362 0) (0.272995165742 0.429172109572 0) (0.273597041518 0.429859350783 0) (0.274198917293 0.430546591994 0) (0.274800793069 0.431233833204 0) (0.275402668844 0.431921074415 0) (0.27600454462 0.432608315626 0) (0.276606420395 0.433295556836 0) (0.277208296171 0.433982798047 0) (0.277810171946 0.434670039258 0) (0.278412047722 0.435357280468 0) (0.279013923497 0.436044521679 0) (0.279615799273 0.436731762889 0) (0.280217675048 0.4374190041 0) (0.280819550824 0.438106245311 0) (0.281421426599 0.438793486521 0) (0.282023302375 0.439480727732 0) (0.28262517815 0.440167968943 0) (0.283227053926 0.440855210153 0) (0.283828929701 0.441542451364 0) (0.284430805477 0.442229692575 0) (0.285032681252 0.442916933785 0) (0.285634557028 0.443604174996 0) (0.286236432803 0.444291416207 0) (0.286838308579 0.444978657417 0) (0.287440184354 0.445665898628 0) (0.288042060129 0.446353139839 0) (0.288643935905 0.447040381049 0) (0.28924581168 0.44772762226 0) (0.289847687456 0.448414863471 0))
    polyLine 41 45 ((0.0345654583019 0.83615841521 -0.03) (0.0365968847602 0.840430731498 -0.03) (0.0386420063434 0.844725982977 -0.03) (0.0407009866585 0.849044484543 -0.03) (0.0427739921281 0.853386556002 -0.03) (0.0448611920459 0.857752522171 -0.03) (0.0469627586342 0.862142712985 -0.03) (0.0490788671014 0.866557463598 -0.03) (0.0512096957023 0.870997114502 -0.03) (0.0533554257995 0.875462011628 -0.03) (0.0555162419263 0.879952506472 -0.03) (0.0576923318509 0.884468956206 -0.03) (0.0598838866431 0.889011723802 -0.03) (0.0620911007424 0.893581178155 -0.03) (0.064314172027 0.898177694213 -0.03) (0.0665533018861 0.902801653102 -0.03) (0.0688086952932 0.907453442267 -0.03) (0.0710805608811 0.912133455605 -0.03) (0.0733691110199 0.916842093607 -0.03) (0.0756745618958 0.921579763502 -0.03) (0.0779971335933 0.926346879408 -0.03) (0.0803370501783 0.931143862482 -0.03) (0.0826945397848 0.935971141077 -0.03))
    polyLine 43 47 ((0.0345654583019 0.83615841521 0) (0.0365968847602 0.840430731498 0) (0.0386420063434 0.844725982977 0) (0.0407009866585 0.849044484543 0) (0.0427739921281 0.853386556002 0) (0.0448611920459 0.857752522171 0) (0.0469627586342 0.862142712985 0) (0.0490788671014 0.866557463598 0) (0.0512096957023 0.870997114502 0) (0.0533554257995 0.875462011628 0) (0.0555162419263 0.879952506472 0) (0.0576923318509 0.884468956206 0) (0.0598838866431 0.889011723802 0) (0.0620911007424 0.893581178155 0) (0.064314172027 0.898177694213 0) (0.0665533018861 0.902801653102 0) (0.0688086952932 0.907453442267 0) (0.0710805608811 0.912133455605 0) (0.0733691110199 0.916842093607 0) (0.0756745618958 0.921579763502 0) (0.0779971335933 0.926346879408 0) (0.0803370501783 0.931143862482 0) (0.0826945397848 0.935971141077 0))
    polyLine 44 48 ((0.290449563231 0.449102104681 -0.03) (0.291051439007 0.449789345892 -0.03) (0.291653314782 0.450476587103 -0.03) (0.292255190558 0.451163828313 -0.03) (0.292857066333 0.451851069524 -0.03) (0.293458942109 0.452538310735 -0.03) (0.294060817884 0.453225551945 -0.03) (0.29466269366 0.453912793156 -0.03) (0.295264569435 0.454600034367 -0.03) (0.295866445211 0.455287275577 -0.03) (0.296468320986 0.455974516788 -0.03) (0.297070196762 0.456661757999 -0.03) (0.297672072537 0.457348999209 -0.03) (0.298273948313 0.45803624042 -0.03) (0.298875824088 0.45872348163 -0.03) (0.299477699864 0.459410722841 -0.03) (0.300079575639 0.460097964052 -0.03) (0.300681451415 0.460785205262 -0.03) (0.30128332719 0.461472446473 -0.03) (0.301885202966 0.462159687684 -0.03) (0.302487078741 0.462846928894 -0.03) (0.303088954517 0.463534170105 -0.03) (0.303690830292 0.464221411316 -0.03) (0.304292706067 0.464908652526 -0.03) (0.304894581843 0.465595893737 -0.03) (0.305496457618 0.466283134948 -0.03) (0.306098333394 0.466970376158 -0.03) (0.306700209169 0.467657617369 -0.03) (0.307302084945 0.46834485858 -0.03) (0.30790396072 0.46903209979 -0.03) (0.308505836496 0.469719341001 -0.03) (0.309107712271 0.470406582212 -0.03) (0.309709588047 0.471093823422 -0.03) (0.310311463822 0.471781064633 -0.03) (0.310913339598 0.472468305844 -0.03) (0.311515215373 0.473155547054 -0.03) (0.312117091149 0.473842788265 -0.03) (0.312718966924 0.474530029476 -0.03) (0.3133208427 0.475217270686 -0.03) (0.313922718475 0.475904511897 -0.03) (0.314524594251 0.476591753108 -0.03) (0.315126470026 0.477278994318 -0.03) (0.315728345802 0.477966235529 -0.03) (0.316330221577 0.47865347674 -0.03) (0.316932097353 0.47934071795 -0.03) (0.317533973128 0.480027959161 -0.03) (0.318135848904 0.480715200371 -0.03) (0.318737724679 0.481402441582 -0.03) (0.319339600455 0.482089682793 -0.03) (0.31994147623 0.482776924003 -0.03) (0.320543352005 0.483464165214 -0.03) (0.321145227781 0.484151406425 -0.03) (0.321747103556 0.484838647635 -0.03) (0.322348979332 0.485525888846 -0.03))
    polyLine 46 50 ((0.290449563231 0.449102104681 0) (0.291051439007 0.449789345892 0) (0.291653314782 0.450476587103 0) (0.292255190558 0.451163828313 0) (0.292857066333 0.451851069524 0) (0.293458942109 0.452538310735 0) (0.294060817884 0.453225551945 0) (0.29466269366 0.453912793156 0) (0.295264569435 0.454600034367 0) (0.295866445211 0.455287275577 0) (0.296468320986 0.455974516788 0) (0.297070196762 0.456661757999 0) (0.297672072537 0.457348999209 0) (0.298273948313 0.45803624042 0) (0.298875824088 0.45872348163 0) (0.299477699864 0.459410722841 0) (0.300079575639 0.460097964052 0) (0.300681451415 0.460785205262 0) (0.30128332719 0.461472446473 0) (0.301885202966 0.462159687684 0) (0.302487078741 0.462846928894 0) (0.303088954517 0.463534170105 0) (0.303690830292 0.464221411316 0) (0.304292706067 0.464908652526 0) (0.304894581843 0.465595893737 0) (0.305496457618 0.466283134948 0) (0.306098333394 0.466970376158 0) (0.306700209169 0.467657617369 0) (0.307302084945 0.46834485858 0) (0.30790396072 0.46903209979 0) (0.308505836496 0.469719341001 0) (0.309107712271 0.470406582212 0) (0.309709588047 0.471093823422 0) (0.310311463822 0.471781064633 0) (0.310913339598 0.472468305844 0) (0.311515215373 0.473155547054 0) (0.312117091149 0.473842788265 0) (0.312718966924 0.474530029476 0) (0.3133208427 0.475217270686 0) (0.313922718475 0.475904511897 0) (0.314524594251 0.476591753108 0) (0.315126470026 0.477278994318 0) (0.315728345802 0.477966235529 0) (0.316330221577 0.47865347674 0) (0.316932097353 0.47934071795 0) (0.317533973128 0.480027959161 0) (0.318135848904 0.480715200371 0) (0.318737724679 0.481402441582 0) (0.319339600455 0.482089682793 0) (0.31994147623 0.482776924003 0) (0.320543352005 0.483464165214 0) (0.321145227781 0.484151406425 0) (0.321747103556 0.484838647635 0) (0.322348979332 0.485525888846 0))
    polyLine 45 49 ((0.0872567055013 0.945296784229 -0.03) (0.0894588331784 0.949790806374 -0.03) (0.0916764046199 0.954311566902 -0.03) (0.0939096098639 0.958859420964 -0.03) (0.0961586421656 0.963434729423 -0.03) (0.0984236980626 0.968037858969 -0.03) (0.100704977442 0.972669182241 -0.03) (0.103002683611 0.977329077956 -0.03) (0.105317023364 0.982017931033 -0.03) (0.107648207062 0.98673613273 -0.03) (0.109996448698 0.991484080772 -0.03) (0.112361965982 0.996262179496 -0.03) (0.114744980414 1.00107083999 -0.03) (0.117145717367 1.00591048024 -0.03) (0.119564406169 1.01078152527 -0.03) (0.122001280186 1.01568440732 -0.03) (0.124456576912 1.02061956598 -0.03) (0.126930538057 1.02558744835 -0.03) (0.129423409636 1.03058850923 -0.03) (0.131935442067 1.03562321126 -0.03) (0.134466890266 1.04069202512 -0.03) (0.137018013746 1.04579542969 -0.03) (0.139589076717 1.05093391225 -0.03))
    polyLine 47 51 ((0.0872567055013 0.945296784229 0) (0.0894588331784 0.949790806374 0) (0.0916764046199 0.954311566902 0) (0.0939096098639 0.958859420964 0) (0.0961586421656 0.963434729423 0) (0.0984236980626 0.968037858969 0) (0.100704977442 0.972669182241 0) (0.103002683611 0.977329077956 0) (0.105317023364 0.982017931033 0) (0.107648207062 0.98673613273 0) (0.109996448698 0.991484080772 0) (0.112361965982 0.996262179496 0) (0.114744980414 1.00107083999 0) (0.117145717367 1.00591048024 0) (0.119564406169 1.01078152527 0) (0.122001280186 1.01568440732 0) (0.124456576912 1.02061956598 0) (0.126930538057 1.02558744835 0) (0.129423409636 1.03058850923 0) (0.131935442067 1.03562321126 0) (0.134466890266 1.04069202512 0) (0.137018013746 1.04579542969 0) (0.139589076717 1.05093391225 0))
    polyLine 48 52 ((0.322950855107 0.486213130057 -0.03) (0.323552730883 0.486900371267 -0.03) (0.324154606658 0.487587612478 -0.03) (0.324756482434 0.488274853689 -0.03) (0.325358358209 0.488962094899 -0.03) (0.325960233985 0.48964933611 -0.03) (0.32656210976 0.490336577321 -0.03) (0.327163985536 0.491023818531 -0.03) (0.327765861311 0.491711059742 -0.03) (0.328367737087 0.492398300953 -0.03) (0.328969612862 0.493085542163 -0.03) (0.329571488638 0.493772783374 -0.03) (0.330173364413 0.494460024585 -0.03) (0.330775240189 0.495147265795 -0.03) (0.331377115964 0.495834507006 -0.03) (0.33197899174 0.496521748217 -0.03) (0.332580867515 0.497208989427 -0.03) (0.333182743291 0.497896230638 -0.03) (0.333784619066 0.498583471849 -0.03) (0.334386494842 0.499270713059 -0.03) (0.334988370617 0.49995795427 -0.03) (0.335590246393 0.500645195481 -0.03) (0.336192122168 0.501332436691 -0.03) (0.336793997943 0.502019677902 -0.03) (0.337395873719 0.502706919112 -0.03) (0.337997749494 0.503394160323 -0.03) (0.33859962527 0.504081401534 -0.03) (0.339201501045 0.504768642744 -0.03) (0.339803376821 0.505455883955 -0.03) (0.340405252596 0.506143125166 -0.03) (0.341007128372 0.506830366376 -0.03) (0.341609004147 0.507517607587 -0.03) (0.342210879923 0.508204848798 -0.03) (0.342812755698 0.508892090008 -0.03) (0.343414631474 0.509579331219 -0.03) (0.344016507249 0.51026657243 -0.03) (0.344618383025 0.51095381364 -0.03) (0.3452202588 0.511641054851 -0.03) (0.345822134576 0.512328296062 -0.03) (0.346424010351 0.513015537272 -0.03) (0.347025886127 0.513702778483 -0.03) (0.347627761902 0.514390019694 -0.03) (0.348229637678 0.515077260904 -0.03) (0.348831513453 0.515764502115 -0.03) (0.349433389229 0.516451743326 -0.03) (0.350035265004 0.517138984536 -0.03) (0.35063714078 0.517826225747 -0.03) (0.351239016555 0.518513466958 -0.03) (0.351840892331 0.519200708168 -0.03) (0.352442768106 0.519887949379 -0.03) (0.353044643881 0.52057519059 -0.03) (0.353646519657 0.5212624318 -0.03) (0.354248395432 0.521949673011 -0.03) (0.354850271208 0.522636914222 -0.03) (0.355452146983 0.523324155432 -0.03))
    polyLine 50 54 ((0.322950855107 0.486213130057 0) (0.323552730883 0.486900371267 0) (0.324154606658 0.487587612478 0) (0.324756482434 0.488274853689 0) (0.325358358209 0.488962094899 0) (0.325960233985 0.48964933611 0) (0.32656210976 0.490336577321 0) (0.327163985536 0.491023818531 0) (0.327765861311 0.491711059742 0) (0.328367737087 0.492398300953 0) (0.328969612862 0.493085542163 0) (0.329571488638 0.493772783374 0) (0.330173364413 0.494460024585 0) (0.330775240189 0.495147265795 0) (0.331377115964 0.495834507006 0) (0.33197899174 0.496521748217 0) (0.332580867515 0.497208989427 0) (0.333182743291 0.497896230638 0) (0.333784619066 0.498583471849 0) (0.334386494842 0.499270713059 0) (0.334988370617 0.49995795427 0) (0.335590246393 0.500645195481 0) (0.336192122168 0.501332436691 0) (0.336793997943 0.502019677902 0) (0.337395873719 0.502706919112 0) (0.337997749494 0.503394160323 0) (0.33859962527 0.504081401534 0) (0.339201501045 0.504768642744 0) (0.339803376821 0.505455883955 0) (0.340405252596 0.506143125166 0) (0.341007128372 0.506830366376 0) (0.341609004147 0.507517607587 0) (0.342210879923 0.508204848798 0) (0.342812755698 0.508892090008 0) (0.343414631474 0.509579331219 0) (0.344016507249 0.51026657243 0) (0.344618383025 0.51095381364 0) (0.3452202588 0.511641054851 0) (0.345822134576 0.512328296062 0) (0.346424010351 0.513015537272 0) (0.347025886127 0.513702778483 0) (0.347627761902 0.514390019694 0) (0.348229637678 0.515077260904 0) (0.348831513453 0.515764502115 0) (0.349433389229 0.516451743326 0) (0.350035265004 0.517138984536 0) (0.35063714078 0.517826225747 0) (0.351239016555 0.518513466958 0) (0.351840892331 0.519200708168 0) (0.352442768106 0.519887949379 0) (0.353044643881 0.52057519059 0) (0.353646519657 0.5212624318 0) (0.354248395432 0.521949673011 0) (0.354850271208 0.522636914222 0) (0.355452146983 0.523324155432 0))
    polyLine 49 53 ((0.144540936811 1.06081726731 -0.03) (0.146918476446 1.06555644054 -0.03) (0.149313176536 1.0703258738 -0.03) (0.151725250016 1.07512595879 -0.03) (0.154154913384 1.07995709359 -0.03) (0.15660238678 1.0848196828 -0.03) (0.159067894057 1.08971413765 -0.03) (0.161551662864 1.09464087619 -0.03) (0.164053924721 1.09960032336 -0.03) (0.166574915101 1.1045929112 -0.03) (0.169114873517 1.10961907899 -0.03) (0.171674043601 1.11467927337 -0.03) (0.174252673199 1.11977394855 -0.03) (0.176851014458 1.12490356641 -0.03) (0.179469323917 1.13006859672 -0.03) (0.182107862604 1.1352695173 -0.03) (0.184766896132 1.14050681418 -0.03) (0.187446694802 1.14578098179 -0.03) (0.190147533701 1.15109252314 -0.03) (0.192869692811 1.15644195002 -0.03) (0.195613457115 1.16182978318 -0.03) (0.19837911671 1.16725655256 -0.03) (0.201166966918 1.17272279744 -0.03))
    polyLine 51 55 ((0.144540936811 1.06081726731 0) (0.146918476446 1.06555644054 0) (0.149313176536 1.0703258738 0) (0.151725250016 1.07512595879 0) (0.154154913384 1.07995709359 0) (0.15660238678 1.0848196828 0) (0.159067894057 1.08971413765 0) (0.161551662864 1.09464087619 0) (0.164053924721 1.09960032336 0) (0.166574915101 1.1045929112 0) (0.169114873517 1.10961907899 0) (0.171674043601 1.11467927337 0) (0.174252673199 1.11977394855 0) (0.176851014458 1.12490356641 0) (0.179469323917 1.13006859672 0) (0.182107862604 1.1352695173 0) (0.184766896132 1.14050681418 0) (0.187446694802 1.14578098179 0) (0.190147533701 1.15109252314 0) (0.192869692811 1.15644195002 0) (0.195613457115 1.16182978318 0) (0.19837911671 1.16725655256 0) (0.201166966918 1.17272279744 0))
    polyLine 52 56 ((0.356054022759 0.524011396643 -0.03) (0.356655898534 0.524698637853 -0.03) (0.35725777431 0.525385879064 -0.03) (0.357859650085 0.526073120275 -0.03) (0.358461525861 0.526760361485 -0.03) (0.359063401636 0.527447602696 -0.03) (0.359665277412 0.528134843907 -0.03) (0.360267153187 0.528822085117 -0.03) (0.360869028963 0.529509326328 -0.03) (0.361470904738 0.530196567539 -0.03) (0.362072780514 0.530883808749 -0.03) (0.362674656289 0.53157104996 -0.03) (0.363276532065 0.532258291171 -0.03) (0.36387840784 0.532945532381 -0.03) (0.364480283616 0.533632773592 -0.03) (0.365082159391 0.534320014803 -0.03) (0.365684035167 0.535007256013 -0.03) (0.366285910942 0.535694497224 -0.03) (0.366887786718 0.536381738435 -0.03) (0.367489662493 0.537068979645 -0.03) (0.368091538268 0.537756220856 -0.03) (0.368693414044 0.538443462067 -0.03) (0.369295289819 0.539130703277 -0.03) (0.369897165595 0.539817944488 -0.03) (0.37049904137 0.540505185699 -0.03) (0.371100917146 0.541192426909 -0.03) (0.371702792921 0.54187966812 -0.03) (0.372304668697 0.542566909331 -0.03) (0.372906544472 0.543254150541 -0.03) (0.373508420248 0.543941391752 -0.03) (0.374110296023 0.544628632963 -0.03) (0.374712171799 0.545315874173 -0.03) (0.375314047574 0.546003115384 -0.03) (0.37591592335 0.546690356594 -0.03) (0.376517799125 0.547377597805 -0.03) (0.377119674901 0.548064839016 -0.03) (0.377721550676 0.548752080226 -0.03) (0.378323426452 0.549439321437 -0.03) (0.378925302227 0.550126562648 -0.03) (0.379527178003 0.550813803858 -0.03) (0.380129053778 0.551501045069 -0.03) (0.380730929554 0.55218828628 -0.03) (0.381332805329 0.55287552749 -0.03) (0.381934681105 0.553562768701 -0.03) (0.38253655688 0.554250009912 -0.03) (0.383138432656 0.554937251122 -0.03) (0.383740308431 0.555624492333 -0.03) (0.384342184206 0.556311733544 -0.03) (0.384944059982 0.556998974754 -0.03) (0.385545935757 0.557686215965 -0.03) (0.386147811533 0.558373457176 -0.03) (0.386749687308 0.559060698386 -0.03) (0.387353378992 0.559744748947 -0.03) (0.387962253926 0.56042418999 -0.03))
    polyLine 54 58 ((0.356054022759 0.524011396643 0) (0.356655898534 0.524698637853 0) (0.35725777431 0.525385879064 0) (0.357859650085 0.526073120275 0) (0.358461525861 0.526760361485 0) (0.359063401636 0.527447602696 0) (0.359665277412 0.528134843907 0) (0.360267153187 0.528822085117 0) (0.360869028963 0.529509326328 0) (0.361470904738 0.530196567539 0) (0.362072780514 0.530883808749 0) (0.362674656289 0.53157104996 0) (0.363276532065 0.532258291171 0) (0.36387840784 0.532945532381 0) (0.364480283616 0.533632773592 0) (0.365082159391 0.534320014803 0) (0.365684035167 0.535007256013 0) (0.366285910942 0.535694497224 0) (0.366887786718 0.536381738435 0) (0.367489662493 0.537068979645 0) (0.368091538268 0.537756220856 0) (0.368693414044 0.538443462067 0) (0.369295289819 0.539130703277 0) (0.369897165595 0.539817944488 0) (0.37049904137 0.540505185699 0) (0.371100917146 0.541192426909 0) (0.371702792921 0.54187966812 0) (0.372304668697 0.542566909331 0) (0.372906544472 0.543254150541 0) (0.373508420248 0.543941391752 0) (0.374110296023 0.544628632963 0) (0.374712171799 0.545315874173 0) (0.375314047574 0.546003115384 0) (0.37591592335 0.546690356594 0) (0.376517799125 0.547377597805 0) (0.377119674901 0.548064839016 0) (0.377721550676 0.548752080226 0) (0.378323426452 0.549439321437 0) (0.378925302227 0.550126562648 0) (0.379527178003 0.550813803858 0) (0.380129053778 0.551501045069 0) (0.380730929554 0.55218828628 0) (0.381332805329 0.55287552749 0) (0.381934681105 0.553562768701 0) (0.38253655688 0.554250009912 0) (0.383138432656 0.554937251122 0) (0.383740308431 0.555624492333 0) (0.384342184206 0.556311733544 0) (0.384944059982 0.556998974754 0) (0.385545935757 0.557686215965 0) (0.386147811533 0.558373457176 0) (0.386749687308 0.559060698386 0) (0.387353378992 0.559744748947 0) (0.387962253926 0.56042418999 0))
    polyLine 53 57 ((0.206520790504 1.18320900187 -0.03) (0.209082887497 1.18822208455 -0.03) (0.211663828716 1.19326873305 -0.03) (0.214263847278 1.19834937244 -0.03) (0.216883180162 1.20346443475 -0.03) (0.219522068291 1.20861435907 -0.03) (0.222180756614 1.21379959174 -0.03) (0.224859494188 1.21902058644 -0.03) (0.227558534264 1.2242778044 -0.03) (0.230278134377 1.22957171453 -0.03) (0.233018556433 1.23490279361 -0.03) (0.235780066805 1.24027152641 -0.03) (0.238562936426 1.24567840592 -0.03) (0.241367440887 1.25112393346 -0.03) (0.244193860537 1.25660861892 -0.03) (0.247042480584 1.26213298091 -0.03) (0.249913591203 1.26769754696 -0.03) (0.252807487642 1.27330285371 -0.03) (0.255724470332 1.27894944712 -0.03) (0.258664845003 1.28463788266 -0.03) (0.261628922798 1.29036872551 -0.03) (0.264617020396 1.29614255084 -0.03) (0.267629460131 1.30195994393 -0.03))
    polyLine 55 59 ((0.206520790504 1.18320900187 0) (0.209082887497 1.18822208455 0) (0.211663828716 1.19326873305 0) (0.214263847278 1.19834937244 0) (0.216883180162 1.20346443475 0) (0.219522068291 1.20861435907 0) (0.222180756614 1.21379959174 0) (0.224859494188 1.21902058644 0) (0.227558534264 1.2242778044 0) (0.230278134377 1.22957171453 0) (0.233018556433 1.23490279361 0) (0.235780066805 1.24027152641 0) (0.238562936426 1.24567840592 0) (0.241367440887 1.25112393346 0) (0.244193860537 1.25660861892 0) (0.247042480584 1.26213298091 0) (0.249913591203 1.26769754696 0) (0.252807487642 1.27330285371 0) (0.255724470332 1.27894944712 0) (0.258664845003 1.28463788266 0) (0.261628922798 1.29036872551 0) (0.264617020396 1.29614255084 0) (0.267629460131 1.30195994393 0))
    polyLine 56 60 ((0.388576276917 0.561098982243 -0.03) (0.389195412472 0.561769086699 -0.03) (0.389819624802 0.562434464626 -0.03) (0.390448877825 0.56309507756 -0.03) (0.39108313517 0.563750887318 -0.03) (0.391722360174 0.56440185599 -0.03) (0.392366515887 0.565047945949 -0.03) (0.393015565075 0.565689119848 -0.03) (0.393669470221 0.566325340626 -0.03) (0.394328193526 0.566956571506 -0.03) (0.394991696915 0.567582776002 -0.03) (0.395659942035 0.568203917916 -0.03) (0.396332890258 0.568819961345 -0.03) (0.397010502687 0.569430870679 -0.03) (0.397692740152 0.570036610605 -0.03) (0.398379563219 0.57063714611 -0.03) (0.399070932186 0.571232442481 -0.03) (0.39976680709 0.571822465307 -0.03) (0.400467147707 0.572407180484 -0.03) (0.401171913555 0.572986554212 -0.03) (0.401881063896 0.573560553002 -0.03) (0.402594557739 0.574129143675 -0.03) (0.403312353841 0.574692293365 -0.03) (0.404034410712 0.575249969519 -0.03) (0.404760686615 0.575802139901 -0.03) (0.405491139567 0.576348772596 -0.03) (0.406225727346 0.576889836004 -0.03) (0.406964407491 0.577425298852 -0.03) (0.407707137303 0.577955130187 -0.03) (0.40845387385 0.578479299383 -0.03) (0.409204573969 0.578997776142 -0.03) (0.409959194265 0.579510530494 -0.03) (0.410717691121 0.5800175328 -0.03) (0.411480020691 0.580518753754 -0.03) (0.41224613891 0.581014164382 -0.03) (0.413016001495 0.58150373605 -0.03) (0.413789563945 0.581987440458 -0.03) (0.414566781545 0.582465249645 -0.03) (0.415347609369 0.582937135994 -0.03) (0.416132002283 0.583403072228 -0.03) (0.416919914947 0.583863031413 -0.03) (0.417711301816 0.584316986963 -0.03) (0.418506117145 0.584764912638 -0.03) (0.419304314992 0.585206782545 -0.03) (0.420105849217 0.585642571144 -0.03) (0.42091067349 0.586072253244 -0.03) (0.421718741289 0.586495804008 -0.03) (0.422530005905 0.586913198954 -0.03) (0.423344420444 0.587324413954 -0.03) (0.42416193783 0.58772942524 -0.03) (0.424982510808 0.588128209399 -0.03) (0.425806091945 0.588520743381 -0.03) (0.426632633637 0.588907004497 -0.03) (0.427462088106 0.589286970418 -0.03) (0.428294407407 0.589660619182 -0.03))
    polyLine 58 62 ((0.388576276917 0.561098982243 0) (0.389195412472 0.561769086699 0) (0.389819624802 0.562434464626 0) (0.390448877825 0.56309507756 0) (0.39108313517 0.563750887318 0) (0.391722360174 0.56440185599 0) (0.392366515887 0.565047945949 0) (0.393015565075 0.565689119848 0) (0.393669470221 0.566325340626 0) (0.394328193526 0.566956571506 0) (0.394991696915 0.567582776002 0) (0.395659942035 0.568203917916 0) (0.396332890258 0.568819961345 0) (0.397010502687 0.569430870679 0) (0.397692740152 0.570036610605 0) (0.398379563219 0.57063714611 0) (0.399070932186 0.571232442481 0) (0.39976680709 0.571822465307 0) (0.400467147707 0.572407180484 0) (0.401171913555 0.572986554212 0) (0.401881063896 0.573560553002 0) (0.402594557739 0.574129143675 0) (0.403312353841 0.574692293365 0) (0.404034410712 0.575249969519 0) (0.404760686615 0.575802139901 0) (0.405491139567 0.576348772596 0) (0.406225727346 0.576889836004 0) (0.406964407491 0.577425298852 0) (0.407707137303 0.577955130187 0) (0.40845387385 0.578479299383 0) (0.409204573969 0.578997776142 0) (0.409959194265 0.579510530494 0) (0.410717691121 0.5800175328 0) (0.411480020691 0.580518753754 0) (0.41224613891 0.581014164382 0) (0.413016001495 0.58150373605 0) (0.413789563945 0.581987440458 0) (0.414566781545 0.582465249645 0) (0.415347609369 0.582937135994 0) (0.416132002283 0.583403072228 0) (0.416919914947 0.583863031413 0) (0.417711301816 0.584316986963 0) (0.418506117145 0.584764912638 0) (0.419304314992 0.585206782545 0) (0.420105849217 0.585642571144 0) (0.42091067349 0.586072253244 0) (0.421718741289 0.586495804008 0) (0.422530005905 0.586913198954 0) (0.423344420444 0.587324413954 0) (0.42416193783 0.58772942524 0) (0.424982510808 0.588128209399 0) (0.425806091945 0.588520743381 0) (0.426632633637 0.588907004497 0) (0.427462088106 0.589286970418 0) (0.428294407407 0.589660619182 0))
    polyLine 57 61 ((0.2738780342 1.31401580983 -0.03) (0.27711738243 1.32026005486 -0.03) (0.28038501454 1.32655496088 -0.03) (0.283681337917 1.33290126696 -0.03) (0.287006767792 1.33929972625 -0.03) (0.290361727435 1.34575110638 -0.03) (0.293746648338 1.35225618972 -0.03) (0.297161970427 1.35881577383 -0.03) (0.300608142262 1.36543067177 -0.03) (0.304085621247 1.37210171251 -0.03) (0.307594873856 1.37882974131 -0.03) (0.31113637585 1.38561562014 -0.03) (0.314710612515 1.39246022807 -0.03) (0.318318078896 1.39936446174 -0.03) (0.321959280045 1.40632923576 -0.03) (0.325634731275 1.41335548319 -0.03) (0.329344958421 1.42044415602 -0.03) (0.333090498106 1.42759622563 -0.03) (0.336871898025 1.43481268329 -0.03) (0.340689717222 1.4420945407 -0.03) (0.344544526395 1.44944283049 -0.03) (0.348436908193 1.4568586068 -0.03) (0.352367457532 1.46434294581 -0.03))
    polyLine 59 63 ((0.2738780342 1.31401580983 0) (0.27711738243 1.32026005486 0) (0.28038501454 1.32655496088 0) (0.283681337917 1.33290126696 0) (0.287006767792 1.33929972625 0) (0.290361727435 1.34575110638 0) (0.293746648338 1.35225618972 0) (0.297161970427 1.35881577383 0) (0.300608142262 1.36543067177 0) (0.304085621247 1.37210171251 0) (0.307594873856 1.37882974131 0) (0.31113637585 1.38561562014 0) (0.314710612515 1.39246022807 0) (0.318318078896 1.39936446174 0) (0.321959280045 1.40632923576 0) (0.325634731275 1.41335548319 0) (0.329344958421 1.42044415602 0) (0.333090498106 1.42759622563 0) (0.336871898025 1.43481268329 0) (0.340689717222 1.4420945407 0) (0.344544526395 1.44944283049 0) (0.348436908193 1.4568586068 0) (0.352367457532 1.46434294581 0))
    polyLine 60 64 ((0.429129543429 0.590027929191 -0.03) (0.429967447898 0.590388879212 -0.03) (0.430808072381 0.590743448381 -0.03) (0.431651368287 0.591091616204 -0.03) (0.43249728687 0.591433362555 -0.03) (0.433345779234 0.59176866768 -0.03) (0.434196796332 0.592097512197 -0.03) (0.435050288973 0.592419877098 -0.03) (0.435906207822 0.592735743748 -0.03) (0.436764503405 0.593045093891 -0.03) (0.437625126108 0.593347909643 -0.03) (0.438488026185 0.593644173503 -0.03) (0.439353153758 0.593933868344 -0.03) (0.440220458818 0.594216977421 -0.03) (0.441089891233 0.594493484369 -0.03) (0.441961400748 0.594763373206 -0.03) (0.442834936984 0.595026628331 -0.03) (0.44371044945 0.595283234527 -0.03) (0.444587887537 0.595533176961 -0.03) (0.445467200528 0.595776441186 -0.03) (0.446348337593 0.59601301314 -0.03) (0.447231247801 0.596242879148 -0.03) (0.448115880117 0.596466025924 -0.03) (0.449002183405 0.596682440569 -0.03) (0.449890106435 0.596892110574 -0.03) (0.450779597881 0.597095023818 -0.03) (0.451670606328 0.597291168572 -0.03) (0.452563080273 0.5974805335 -0.03) (0.453456968127 0.597663107654 -0.03) (0.454352218221 0.597838880482 -0.03) (0.455248778806 0.598007841823 -0.03) (0.456146598058 0.598169981911 -0.03) (0.45704562408 0.598325291373 -0.03) (0.457945804906 0.598473761233 -0.03) (0.458847088501 0.598615382907 -0.03) (0.459749422768 0.59875014821 -0.03) (0.460652755551 0.598878049352 -0.03) (0.461557034632 0.598999078939 -0.03) (0.462462207741 0.599113229977 -0.03) (0.463368222557 0.599220495866 -0.03) (0.464275026709 0.599320870406 -0.03) (0.46518256778 0.599414347795 -0.03) (0.466090793311 0.59950092263 -0.03) (0.466999650804 0.599580589907 -0.03) (0.467909087724 0.59965334502 -0.03) (0.468819051502 0.599719183764 -0.03) (0.469729489539 0.599778102333 -0.03) (0.470640349209 0.599830097323 -0.03) (0.471551577861 0.599875165726 -0.03) (0.472463122823 0.599913304938 -0.03) (0.473374931405 0.599944512755 -0.03) (0.474286950901 0.599968787372 -0.03) (0.475199128593 0.599986127387 -0.03) (0.476111411754 0.599996531797 -0.03))
    polyLine 62 66 ((0.429129543429 0.590027929191 0) (0.429967447898 0.590388879212 0) (0.430808072381 0.590743448381 0) (0.431651368287 0.591091616204 0) (0.43249728687 0.591433362555 0) (0.433345779234 0.59176866768 0) (0.434196796332 0.592097512197 0) (0.435050288973 0.592419877098 0) (0.435906207822 0.592735743748 0) (0.436764503405 0.593045093891 0) (0.437625126108 0.593347909643 0) (0.438488026185 0.593644173503 0) (0.439353153758 0.593933868344 0) (0.440220458818 0.594216977421 0) (0.441089891233 0.594493484369 0) (0.441961400748 0.594763373206 0) (0.442834936984 0.595026628331 0) (0.44371044945 0.595283234527 0) (0.444587887537 0.595533176961 0) (0.445467200528 0.595776441186 0) (0.446348337593 0.59601301314 0) (0.447231247801 0.596242879148 0) (0.448115880117 0.596466025924 0) (0.449002183405 0.596682440569 0) (0.449890106435 0.596892110574 0) (0.450779597881 0.597095023818 0) (0.451670606328 0.597291168572 0) (0.452563080273 0.5974805335 0) (0.453456968127 0.597663107654 0) (0.454352218221 0.597838880482 0) (0.455248778806 0.598007841823 0) (0.456146598058 0.598169981911 0) (0.45704562408 0.598325291373 0) (0.457945804906 0.598473761233 0) (0.458847088501 0.598615382907 0) (0.459749422768 0.59875014821 0) (0.460652755551 0.598878049352 0) (0.461557034632 0.598999078939 0) (0.462462207741 0.599113229977 0) (0.463368222557 0.599220495866 0) (0.464275026709 0.599320870406 0) (0.46518256778 0.599414347795 0) (0.466090793311 0.59950092263 0) (0.466999650804 0.599580589907 0) (0.467909087724 0.59965334502 0) (0.468819051502 0.599719183764 0) (0.469729489539 0.599778102333 0) (0.470640349209 0.599830097323 0) (0.471551577861 0.599875165726 0) (0.472463122823 0.599913304938 0) (0.473374931405 0.599944512755 0) (0.474286950901 0.599968787372 0) (0.475199128593 0.599986127387 0) (0.476111411754 0.599996531797 0))
    polyLine 61 65 ((0.360730046954 1.48025293556 -0.03) (0.365171417414 1.48869536754 -0.03) (0.369661746763 1.49722578542 -0.03) (0.374201908717 1.50584576874 -0.03) (0.378792797846 1.51455693454 -0.03) (0.383435330198 1.52336093848 -0.03) (0.388130443949 1.53225947602 -0.03) (0.392879100071 1.54125428361 -0.03) (0.397682283031 1.55034713995 -0.03) (0.402541001509 1.55953986729 -0.03) (0.407456289147 1.56883433277 -0.03) (0.412429205325 1.57823244982 -0.03) (0.417460835965 1.5877361796 -0.03) (0.422552294369 1.59734753252 -0.03) (0.427704722081 1.60706856976 -0.03) (0.432919289794 1.61690140496 -0.03) (0.438197198279 1.62684820582 -0.03) (0.443539679357 1.63691119592 -0.03) (0.448947996913 1.64709265647 -0.03) (0.454423447938 1.65739492824 -0.03) (0.459967363623 1.66782041353 -0.03) (0.46558111049 1.67837157814 -0.03) (0.471266091576 1.68905095359 -0.03))
    polyLine 63 67 ((0.360730046954 1.48025293556 0) (0.365171417414 1.48869536754 0) (0.369661746763 1.49722578542 0) (0.374201908717 1.50584576874 0) (0.378792797846 1.51455693454 0) (0.383435330198 1.52336093848 0) (0.388130443949 1.53225947602 0) (0.392879100071 1.54125428361 0) (0.397682283031 1.55034713995 0) (0.402541001509 1.55953986729 0) (0.407456289147 1.56883433277 0) (0.412429205325 1.57823244982 0) (0.417460835965 1.5877361796 0) (0.422552294369 1.59734753252 0) (0.427704722081 1.60706856976 0) (0.432919289794 1.61690140496 0) (0.438197198279 1.62684820582 0) (0.443539679357 1.63691119592 0) (0.448947996913 1.64709265647 0) (0.454423447938 1.65739492824 0) (0.459967363623 1.66782041353 0) (0.46558111049 1.67837157814 0) (0.471266091576 1.68905095359 0))
);

boundary
(
    body_fore
    {
        type wall;
        faces
        (
            (0 2 6 4)
            (4 6 10 8)
            (8 10 14 12)
            (12 14 18 16)
            (16 18 22 20)
            (20 22 26 24)
            (24 26 30 28)
            (28 30 34 32)
            (32 34 38 36)
            (36 38 42 40)
            (40 42 46 44)
            (44 46 50 48)
            (48 50 54 52)
            (52 54 58 56)
            (56 58 62 60)
            (60 62 66 64)
        );
    }
    freestream
    {
        type patch;
        faces
        (
            (1 5 7 3)
            (5 9 11 7)
            (9 13 15 11)
            (13 17 19 15)
            (17 21 23 19)
            (21 25 27 23)
            (25 29 31 27)
            (29 33 35 31)
            (33 37 39 35)
            (37 41 43 39)
            (41 45 47 43)
            (45 49 51 47)
            (49 53 55 51)
            (53 57 59 55)
            (57 61 63 59)
            (61 65 67 63)
        );
    }
    outlet
    {
        type patch;
        faces
        (
            (64 66 67 65)
        );
    }
    axis
    {
        type patch;
        faces
        (
            (0 1 3 2)
        );
    }
    front
    {
        type patch;
        faces
        (
            (2 6 7 3)
            (6 10 11 7)
            (10 14 15 11)
            (14 18 19 15)
            (18 22 23 19)
            (22 26 27 23)
            (26 30 31 27)
            (30 34 35 31)
            (34 38 39 35)
            (38 42 43 39)
            (42 46 47 43)
            (46 50 51 47)
            (50 54 55 51)
            (54 58 59 55)
            (58 62 63 59)
            (62 66 67 63)
        );
    }
    back
    {
        type patch;
        faces
        (
            (0 1 5 4)
            (4 5 9 8)
            (8 9 13 12)
            (12 13 17 16)
            (16 17 21 20)
            (20 21 25 24)
            (24 25 29 28)
            (28 29 33 32)
            (32 33 37 36)
            (36 37 41 40)
            (40 41 45 44)
            (44 45 49 48)
            (48 49 53 52)
            (52 53 57 56)
            (56 57 61 60)
            (60 61 65 64)
        );
    }
);
