FoamFile
{
    version     2.0;
    format      ascii;
    class       dictionary;
    object      blockMeshDict;
}
// Generated by aether.cfd - do not edit by hand. Regenerate from the run config.

scale 1;

vertices
(
    (0 0 -0.03)
    (-0.345991209136 7.70480315586e-17 -0.03)
    (0 0 0)
    (-0.345991209136 7.70480315586e-17 0)
    (0.00315411433672 0.0433859029052 -0.03)
    (-0.342617607696 0.0969631880497 -0.03)
    (0.00315411433672 0.0433859029052 0)
    (-0.342617607696 0.0969631880497 0)
    (0.0125491986422 0.0858596082377 -0.03)
    (-0.332309123247 0.19527907022 -0.03)
    (0.0125491986422 0.0858596082377 0)
    (-0.332309123247 0.19527907022 0)
    (0.0269492039211 0.126940423458 -0.03)
    (-0.314532143166 0.296132553956 -0.03)
    (0.0269492039211 0.126940423458 0)
    (-0.314532143166 0.296132553956 0)
    (0.0418402847639 0.167853331825 -0.03)
    (-0.289153920201 0.398087017665 -0.03)
    (0.0418402847639 0.167853331825 0)
    (-0.289153920201 0.398087017665 0)
    (0.0567313656068 0.208766240192 -0.03)
    (-0.257042342716 0.498072300285 -0.03)
    (0.0567313656068 0.208766240192 0)
    (-0.257042342716 0.498072300285 0)
    (0.0716224464496 0.249679148559 -0.03)
    (-0.219711647237 0.593552891225 -0.03)
    (0.0716224464496 0.249679148559 0)
    (-0.219711647237 0.593552891225 0)
    (0.0865135272924 0.290592056926 -0.03)
    (-0.178919203241 0.682844752914 -0.03)
    (0.0865135272924 0.290592056926 0)
    (-0.178919203241 0.682844752914 0)
    (0.101404608135 0.331504965293 -0.03)
    (-0.136318870965 0.765105524551 -0.03)
    (0.101404608135 0.331504965293 0)
    (-0.136318870965 0.765105524551 0)
    (0.116295688978 0.37241787366 -0.03)
    (-0.0932663644001 0.840148775953 -0.03)
    (0.116295688978 0.37241787366 0)
    (-0.0932663644001 0.840148775953 0)
    (0.131186769821 0.413330782027 -0.03)
    (-0.0507653404154 0.908217408309 -0.03)
    (0.131186769821 0.413330782027 0)
    (-0.0507653404154 0.908217408309 0)
    (0.146077850664 0.454243690393 -0.03)
    (-0.00949791011929 0.969792571882 -0.03)
    (0.146077850664 0.454243690393 0)
    (-0.00949791011929 0.969792571882 0)
    (0.160968931506 0.49515659876 -0.03)
    (0.030111365875 1.02545985024 -0.03)
    (0.160968931506 0.49515659876 0)
    (0.030111365875 1.02545985024 0)
    (0.176843940206 0.535661054961 -0.03)
    (0.0692678160076 1.0777028489 -0.03)
    (0.176843940206 0.535661054961 0)
    (0.0692678160076 1.0777028489 0)
    (0.203520064288 0.569767972964 -0.03)
    (0.12303623173 1.14561889332 -0.03)
    (0.203520064288 0.569767972964 0)
    (0.12303623173 1.14561889332 0)
    (0.240564223846 0.592187204181 -0.03)
    (0.194666434112 1.2303747961 -0.03)
    (0.240564223846 0.592187204181 0)
    (0.194666434112 1.2303747961 0)
    (0.283153713402 0.6 -0.03)
    (0.283153713402 1.32775674381 -0.03)
    (0.283153713402 0.6 0)
    (0.283153713402 1.32775674381 0)
);

blocks
(
    hex (0 4 5 1 2 6 7 3) (4 48 1) simpleGrading (1 4 1)
    hex (4 8 9 5 6 10 11 7) (4 48 1) simpleGrading (1 4 1)
    hex (8 12 13 9 10 14 15 11) (4 48 1) simpleGrading (1 4 1)
    hex (12 16 17 13 14 18 19 15) (4 48 1) simpleGrading (1 4 1)
    hex (16 20 21 17 18 22 23 19) (4 48 1) simpleGrading (1 4 1)
    hex (20 24 25 21 22 26 27 23) (4 48 1) simpleGrading (1 4 1)
    hex (24 28 29 25 26 30 31 27) (4 48 1) simpleGrading (1 4 1)
    hex (28 32 33 29 30 34 35 31) (4 48 1) simpleGrading (1 4 1)
    hex (32 36 37 33 34 38 39 35) (4 48 1) simpleGrading (1 4 1)
    hex (36 40 41 37 38 42 43 39) (4 48 1) simpleGrading (1 4 1)
    hex (40 44 45 41 42 46 47 43) (4 48 1) simpleGrading (1 4 1)
    hex (44 48 49 45 46 50 51 47) (4 48 1) simpleGrading (1 4 1)
    hex (48 52 53 49 50 54 55 51) (4 48 1) simpleGrading (1 4 1)
    hex (52 56 57 53 54 58 59 55) (4 48 1) simpleGrading (1 4 1)
    hex (56 60 61 57 58 62 63 59) (4 48 1) simpleGrading (1 4 1)
    hex (60 64 65 61 62 66 67 63) (4 48 1) simpleGrading (1 4 1)
);

edges
(
    polyLine 0 4 ((1.33516192782e-06 0.000895039314243 -0.03) (5.34063582694e-06 0.00179007066167 -0.03) (1.20163860443e-05 0.00268508607554 -0.03) (2.13623531585e-05 0.00358007758924 -0.03) (3.33784539803e-05 0.00447503723638 -0.03) (4.80645815536e-05 0.00536995705087 -0.03) (6.54206051558e-05 0.00626482906694 -0.03) (8.54463702997e-05 0.00715964531926 -0.03) (0.000108141698734 0.00805439784302 -0.03) (0.000133506388447 0.00894907867394 -0.03) (0.000161540213664 0.0098436798484 -0.03) (0.000192242924854 0.0107381934035 -0.03) (0.000225614248731 0.011632611377 -0.03) (0.000261653888253 0.0125269258078 -0.03) (0.000300361522628 0.0134211287354 -0.03) (0.000341736807318 0.0143152122005 -0.03) (0.000385779374036 0.0152091682447 -0.03) (0.000432488830757 0.0161029889109 -0.03) (0.000481864761717 0.0169966662432 -0.03) (0.000533906727415 0.0178901922867 -0.03) (0.000588614264623 0.0187835590882 -0.03) (0.000645986886385 0.0196767586958 -0.03) (0.000706024082021 0.020569783159 -0.03) (0.000768725317137 0.0214626245289 -0.03) (0.000834090033622 0.0223552748583 -0.03) (0.000902117649662 0.0232477262016 -0.03) (0.000972807559737 0.024139970615 -0.03) (0.00104615913463 0.0250320001567 -0.03) (0.00112217172143 0.0259238068865 -0.03) (0.00120084464355 0.0268153828664 -0.03) (0.00128217720071 0.0277067201605 -0.03) (0.00136616866897 0.0285978108349 -0.03) (0.0014528183007 0.0294886469579 -0.03) (0.00154212532464 0.0303792206001 -0.03) (0.00163408894586 0.0312695238344 -0.03) (0.00172870834577 0.0321595487362 -0.03) (0.00182598268217 0.0330492873834 -0.03) (0.00192591108921 0.0339387318561 -0.03) (0.00202849267742 0.0348278742376 -0.03) (0.0021337265337 0.0357167066133 -0.03) (0.00224161172138 0.0366052210718 -0.03) (0.00235214728014 0.0374934097044 -0.03) (0.00246533222611 0.0383812646051 -0.03) (0.00258116555182 0.0392687778711 -0.03) (0.00269964622623 0.0401559416026 -0.03) (0.00282077319472 0.0410427479029 -0.03) (0.00294454537914 0.0419291888784 -0.03) (0.00307096167779 0.0428152566388 -0.03))
    polyLine 2 6 ((1.33516192782e-06 0.000895039314243 0) (5.34063582694e-06 0.00179007066167 0) (1.20163860443e-05 0.00268508607554 0) (2.13623531585e-05 0.00358007758924 0) (3.33784539803e-05 0.00447503723638 0) (4.80645815536e-05 0.00536995705087 0) (6.54206051558e-05 0.00626482906694 0) (8.54463702997e-05 0.00715964531926 0) (0.000108141698734 0.00805439784302 0) (0.000133506388447 0.00894907867394 0) (0.000161540213664 0.0098436798484 0) (0.000192242924854 0.0107381934035 0) (0.000225614248731 0.011632611377 0) (0.000261653888253 0.0125269258078 0) (0.000300361522628 0.0134211287354 0) (0.000341736807318 0.0143152122005 0) (0.000385779374036 0.0152091682447 0) (0.000432488830757 0.0161029889109 0) (0.000481864761717 0.0169966662432 0) (0.000533906727415 0.0178901922867 0) (0.000588614264623 0.0187835590882 0) (0.000645986886385 0.0196767586958 0) (0.000706024082021 0.020569783159 0) (0.000768725317137 0.0214626245289 0) (0.000834090033622 0.0223552748583 0) (0.000902117649662 0.0232477262016 0) (0.000972807559737 0.024139970615 0) (0.00104615913463 0.0250320001567 0) (0.00112217172143 0.0259238068865 0) (0.00120084464355 0.0268153828664 0) (0.00128217720071 0.0277067201605 0) (0.00136616866897 0.0285978108349 0) (0.0014528183007 0.0294886469579 0) (0.00154212532464 0.0303792206001 0) (0.00163408894586 0.0312695238344 0) (0.00172870834577 0.0321595487362 0) (0.00182598268217 0.0330492873834 0) (0.00192591108921 0.0339387318561 0) (0.00202849267742 0.0348278742376 0) (0.0021337265337 0.0357167066133 0) (0.00224161172138 0.0366052210718 0) (0.00235214728014 0.0374934097044 0) (0.00246533222611 0.0383812646051 0) (0.00258116555182 0.0392687778711 0) (0.00269964622623 0.0401559416026 0) (0.00282077319472 0.0410427479029 0) (0.00294454537914 0.0419291888784 0) (0.00307096167779 0.0428152566388 0))
    polyLine 1 5 ((-0.345985381696 0.00402988371307 -0.03) (-0.345967898763 0.00805987414515 -0.03) (-0.345938758495 0.0120900780232 -0.03) (-0.345897957823 0.0161206020901 -0.03) (-0.345845492449 0.0201515531127 -0.03) (-0.345781356847 0.0241830378897 -0.03) (-0.34570554426 0.0282151632596 -0.03) (-0.345618046699 0.032248036109 -0.03) (-0.345518854943 0.03628176338 -0.03) (-0.345407958536 0.0403164520787 -0.03) (-0.345285345787 0.0443522092832 -0.03) (-0.345151003766 0.0483891421513 -0.03) (-0.345004918301 0.0524273579288 -0.03) (-0.34484707398 0.0564669639574 -0.03) (-0.344677454143 0.0605080676829 -0.03) (-0.344496040881 0.0645507766632 -0.03) (-0.344302815034 0.0685951985765 -0.03) (-0.344097756187 0.0726414412289 -0.03) (-0.343880842665 0.0766896125636 -0.03) (-0.34365205153 0.0807398206678 -0.03) (-0.34341135858 0.0847921737819 -0.03) (-0.343158738338 0.088846780307 -0.03) (-0.342894164053 0.0929037488137 -0.03))
    polyLine 3 7 ((-0.345985381696 0.00402988371307 0) (-0.345967898763 0.00805987414515 0) (-0.345938758495 0.0120900780232 0) (-0.345897957823 0.0161206020901 0) (-0.345845492449 0.0201515531127 0) (-0.345781356847 0.0241830378897 0) (-0.34570554426 0.0282151632596 0) (-0.345618046699 0.032248036109 0) (-0.345518854943 0.03628176338 0) (-0.345407958536 0.0403164520787 0) (-0.345285345787 0.0443522092832 0) (-0.345151003766 0.0483891421513 0) (-0.345004918301 0.0524273579288 0) (-0.34484707398 0.0564669639574 0) (-0.344677454143 0.0605080676829 0) (-0.344496040881 0.0645507766632 0) (-0.344302815034 0.0685951985765 0) (-0.344097756187 0.0726414412289 0) (-0.343880842665 0.0766896125636 0) (-0.34365205153 0.0807398206678 0) (-0.34341135858 0.0847921737819 0) (-0.343158738338 0.088846780307 0) (-0.342894164053 0.0929037488137 0))
    polyLine 4 8 ((0.00320002096542 0.0437009432973 -0.03) (0.00333172209326 0.0445862409702 -0.03) (0.00346606388904 0.0454711417774 -0.03) (0.00360304515696 0.0463556378424 -0.03) (0.00374266467774 0.0472397212921 -0.03) (0.00388492120863 0.0481233842573 -0.03) (0.00402981348337 0.0490066188725 -0.03) (0.00417734021229 0.0498894172758 -0.03) (0.00432750008222 0.0507717716095 -0.03) (0.00448029175658 0.0516536740196 -0.03) (0.00463571387537 0.0525351166563 -0.03) (0.00479376505515 0.0534160916737 -0.03) (0.00495444388911 0.0542965912302 -0.03) (0.00511774894702 0.0551766074884 -0.03) (0.0052836787753 0.0560561326153 -0.03) (0.00545223189699 0.056935158782 -0.03) (0.00562340681178 0.0578136781644 -0.03) (0.00579720199604 0.0586916829427 -0.03) (0.0059736159028 0.0595691653016 -0.03) (0.00615264696179 0.0604461174306 -0.03) (0.00633429357943 0.061322531524 -0.03) (0.00651855413887 0.0621983997806 -0.03) (0.00670542700001 0.0630737144043 -0.03) (0.00689491049945 0.0639484676038 -0.03) (0.00708700295061 0.064822651593 -0.03) (0.00728170264365 0.0656962585906 -0.03) (0.00747900784553 0.0665692808205 -0.03) (0.00767891680002 0.067441710512 -0.03) (0.00788142772772 0.0683135398995 -0.03) (0.00808653882605 0.0691847612227 -0.03) (0.00829424826932 0.0700553667269 -0.03) (0.00850455420868 0.0709253486627 -0.03) (0.00871745477218 0.0717946992863 -0.03) (0.00893294806478 0.0726634108595 -0.03) (0.00915103216836 0.07353147565 -0.03) (0.00937170514173 0.074398885931 -0.03) (0.00959496502065 0.0752656339816 -0.03) (0.00982080981789 0.0761317120867 -0.03) (0.0100492375232 0.0769971125375 -0.03) (0.0102802461033 0.0778618276308 -0.03) (0.0105138335019 0.0787258496698 -0.03) (0.0107499976399 0.0795891709638 -0.03) (0.0109887364152 0.0804517838282 -0.03) (0.0112300477028 0.0813136805849 -0.03) (0.0114739293546 0.082174853562 -0.03) (0.0117203792 0.0830352950943 -0.03) (0.0119693950452 0.0838949975228 -0.03) (0.0122209746737 0.0847539531952 -0.03) (0.0124751158461 0.085612154466 -0.03))
    polyLine 6 10 ((0.00320002096542 0.0437009432973 0) (0.00333172209326 0.0445862409702 0) (0.00346606388904 0.0454711417774 0) (0.00360304515696 0.0463556378424 0) (0.00374266467774 0.0472397212921 0) (0.00388492120863 0.0481233842573 0) (0.00402981348337 0.0490066188725 0) (0.00417734021229 0.0498894172758 0) (0.00432750008222 0.0507717716095 0) (0.00448029175658 0.0516536740196 0) (0.00463571387537 0.0525351166563 0) (0.00479376505515 0.0534160916737 0) (0.00495444388911 0.0542965912302 0) (0.00511774894702 0.0551766074884 0) (0.0052836787753 0.0560561326153 0) (0.00545223189699 0.056935158782 0) (0.00562340681178 0.0578136781644 0) (0.00579720199604 0.0586916829427 0) (0.0059736159028 0.0595691653016 0) (0.00615264696179 0.0604461174306 0) (0.00633429357943 0.061322531524 0) (0.00651855413887 0.0621983997806 0) (0.00670542700001 0.0630737144043 0) (0.00689491049945 0.0639484676038 0) (0.00708700295061 0.064822651593 0) (0.00728170264365 0.0656962585906 0) (0.00747900784553 0.0665692808205 0) (0.00767891680002 0.067441710512 0) (0.00788142772772 0.0683135398995 0) (0.00808653882605 0.0691847612227 0) (0.00829424826932 0.0700553667269 0) (0.00850455420868 0.0709253486627 0) (0.00871745477218 0.0717946992863 0) (0.00893294806478 0.0726634108595 0) (0.00915103216836 0.07353147565 0) (0.00937170514173 0.074398885931 0) (0.00959496502065 0.0752656339816 0) (0.00982080981789 0.0761317120867 0) (0.0100492375232 0.0769971125375 0) (0.0102802461033 0.0778618276308 0) (0.0105138335019 0.0787258496698 0) (0.0107499976399 0.0795891709638 0) (0.0109887364152 0.0804517838282 0) (0.0112300477028 0.0813136805849 0) (0.0114739293546 0.082174853562 0) (0.0117203792 0.0830352950943 0) (0.0119693950452 0.0838949975228 0) (0.0122209746737 0.0847539531952 0) (0.0124751158461 0.085612154466 0))
    polyLine 5 9 ((-0.342329449316 0.101019560165 -0.03) (-0.342029282428 0.105078613452 -0.03) (-0.341717075266 0.109140456784 -0.03) (-0.341392794766 0.113205199247 -0.03) (-0.341056406566 0.11727295014 -0.03) (-0.340707874997 0.121343818994 -0.03) (-0.340347163077 0.12541791557 -0.03) (-0.339974232506 0.129495349874 -0.03) (-0.339589043655 0.133576232165 -0.03) (-0.339191555564 0.137660672959 -0.03) (-0.338781725931 0.141748783044 -0.03) (-0.338359511107 0.145840673482 -0.03) (-0.337924866086 0.149936455624 -0.03) (-0.337477744498 0.154036241113 -0.03) (-0.3370180986 0.158140141899 -0.03) (-0.33654587927 0.162248270239 -0.03) (-0.336061035994 0.166360738716 -0.03) (-0.33556351686 0.170477660241 -0.03) (-0.335053268547 0.174599148062 -0.03) (-0.334530236316 0.178725315777 -0.03) (-0.333994364001 0.182856277342 -0.03) (-0.333445593996 0.186992147076 -0.03) (-0.332883867249 0.191133039675 -0.03))
    polyLine 7 11 ((-0.342329449316 0.101019560165 0) (-0.342029282428 0.105078613452 0) (-0.341717075266 0.109140456784 0) (-0.341392794766 0.113205199247 0) (-0.341056406566 0.11727295014 0) (-0.340707874997 0.121343818994 0) (-0.340347163077 0.12541791557 0) (-0.339974232506 0.129495349874 0) (-0.339589043655 0.133576232165 0) (-0.339191555564 0.137660672959 0) (-0.338781725931 0.141748783044 0) (-0.338359511107 0.145840673482 0) (-0.337924866086 0.149936455624 0) (-0.337477744498 0.154036241113 0) (-0.3370180986 0.158140141899 0) (-0.33654587927 0.162248270239 0) (-0.336061035994 0.166360738716 0) (-0.33556351686 0.170477660241 0) (-0.335053268547 0.174599148062 0) (-0.334530236316 0.178725315777 0) (-0.333994364001 0.182856277342 0) (-0.333445593996 0.186992147076 0) (-0.332883867249 0.191133039675 0))
    polyLine 8 12 ((0.0127318163005 0.0864695936962 -0.03) (0.0129910737518 0.0873262632536 -0.03) (0.0132528858923 0.088182155513 -0.03) (0.0135172503918 0.0890372628561 -0.03) (0.0137841648969 0.0898915776714 -0.03) (0.014053627032 0.0907450923546 -0.03) (0.0143256343985 0.0915977993085 -0.03) (0.0146001845752 0.0924496909432 -0.03) (0.0148772751184 0.0933007596758 -0.03) (0.0151569035616 0.0941509979309 -0.03) (0.0154390674159 0.0950003981404 -0.03) (0.0157237641696 0.0958489527439 -0.03) (0.0160109912888 0.0966966541883 -0.03) (0.0163007462166 0.097543494928 -0.03) (0.0165930263742 0.0983894674253 -0.03) (0.0168878291597 0.0992345641502 -0.03) (0.0171851519491 0.10007877758 -0.03) (0.017484992096 0.100922100201 -0.03) (0.0177873469315 0.101764524507 -0.03) (0.0180922137642 0.102606042998 -0.03) (0.0183992669601 0.10344966472 -0.03) (0.0187063201559 0.104293286442 -0.03) (0.0190133733518 0.105136908164 -0.03) (0.0193204265476 0.105980529886 -0.03) (0.0196274797435 0.106824151609 -0.03) (0.0199345329394 0.107667773331 -0.03) (0.0202415861352 0.108511395053 -0.03) (0.0205486393311 0.109355016775 -0.03) (0.0208556925269 0.110198638497 -0.03) (0.0211627457228 0.11104226022 -0.03) (0.0214697989186 0.111885881942 -0.03) (0.0217768521145 0.112729503664 -0.03) (0.0220839053103 0.113573125386 -0.03) (0.0223909585062 0.114416747108 -0.03) (0.022698011702 0.11526036883 -0.03) (0.0230050648979 0.116103990553 -0.03) (0.0233121180937 0.116947612275 -0.03) (0.0236191712896 0.117791233997 -0.03) (0.0239262244855 0.118634855719 -0.03) (0.0242332776813 0.119478477441 -0.03) (0.0245403308772 0.120322099163 -0.03) (0.024847384073 0.121165720886 -0.03) (0.0251544372689 0.122009342608 -0.03) (0.0254614904647 0.12285296433 -0.03) (0.0257685436606 0.123696586052 -0.03) (0.0260755968564 0.124540207774 -0.03) (0.0263826500523 0.125383829497 -0.03) (0.0266897032481 0.126227451219 -0.03))
    polyLine 10 14 ((0.0127318163005 0.0864695936962 0) (0.0129910737518 0.0873262632536 0) (0.0132528858923 0.088182155513 0) (0.0135172503918 0.0890372628561 0) (0.0137841648969 0.0898915776714 0) (0.014053627032 0.0907450923546 0) (0.0143256343985 0.0915977993085 0) (0.0146001845752 0.0924496909432 0) (0.0148772751184 0.0933007596758 0) (0.0151569035616 0.0941509979309 0) (0.0154390674159 0.0950003981404 0) (0.0157237641696 0.0958489527439 0) (0.0160109912888 0.0966966541883 0) (0.0163007462166 0.097543494928 0) (0.0165930263742 0.0983894674253 0) (0.0168878291597 0.0992345641502 0) (0.0171851519491 0.10007877758 0) (0.017484992096 0.100922100201 0) (0.0177873469315 0.101764524507 0) (0.0180922137642 0.102606042998 0) (0.0183992669601 0.10344966472 0) (0.0187063201559 0.104293286442 0) (0.0190133733518 0.105136908164 0) (0.0193204265476 0.105980529886 0) (0.0196274797435 0.106824151609 0) (0.0199345329394 0.107667773331 0) (0.0202415861352 0.108511395053 0) (0.0205486393311 0.109355016775 0) (0.0208556925269 0.110198638497 0) (0.0211627457228 0.11104226022 0) (0.0214697989186 0.111885881942 0) (0.0217768521145 0.112729503664 0) (0.0220839053103 0.113573125386 0) (0.0223909585062 0.114416747108 0) (0.022698011702 0.11526036883 0) (0.0230050648979 0.116103990553 0) (0.0233121180937 0.116947612275 0) (0.0236191712896 0.117791233997 0) (0.0239262244855 0.118634855719 0) (0.0242332776813 0.119478477441 0) (0.0245403308772 0.120322099163 0) (0.024847384073 0.121165720886 0) (0.0251544372689 0.122009342608 0) (0.0254614904647 0.12285296433 0) (0.0257685436606 0.123696586052 0) (0.0260755968564 0.124540207774 0) (0.0263826500523 0.125383829497 0) (0.0266897032481 0.126227451219 0))
    polyLine 9 13 ((-0.331724171142 0.199410287776 -0.03) (-0.331126203311 0.203546822322 -0.03) (-0.330515155746 0.207688788469 -0.03) (-0.329890962958 0.211836301239 -0.03) (-0.329253557974 0.215989476077 -0.03) (-0.328602872318 0.220148428865 -0.03) (-0.327938836002 0.22431327592 -0.03) (-0.327261377512 0.228484134018 -0.03) (-0.326570423798 0.232661120389 -0.03) (-0.325865900254 0.23684435274 -0.03) (-0.325147730712 0.241033949255 -0.03) (-0.324415837421 0.24523002861 -0.03) (-0.323670141038 0.249432709981 -0.03) (-0.322910560611 0.253642113054 -0.03) (-0.322137013564 0.257858358037 -0.03) (-0.321349415682 0.262081565666 -0.03) (-0.320547681095 0.266311857223 -0.03) (-0.319731722263 0.270549354536 -0.03) (-0.318901449958 0.274794179998 -0.03) (-0.31805677325 0.279046456574 -0.03) (-0.317197599487 0.283306307812 -0.03) (-0.316323834278 0.287573857855 -0.03) (-0.315435381478 0.291849231448 -0.03))
    polyLine 11 15 ((-0.331724171142 0.199410287776 0) (-0.331126203311 0.203546822322 0) (-0.330515155746 0.207688788469 0) (-0.329890962958 0.211836301239 0) (-0.329253557974 0.215989476077 0) (-0.328602872318 0.220148428865 0) (-0.327938836002 0.22431327592 0) (-0.327261377512 0.228484134018 0) (-0.326570423798 0.232661120389 0) (-0.325865900254 0.23684435274 0) (-0.325147730712 0.241033949255 0) (-0.324415837421 0.24523002861 0) (-0.323670141038 0.249432709981 0) (-0.322910560611 0.253642113054 0) (-0.322137013564 0.257858358037 0) (-0.321349415682 0.262081565666 0) (-0.320547681095 0.266311857223 0) (-0.319731722263 0.270549354536 0) (-0.318901449958 0.274794179998 0) (-0.31805677325 0.279046456574 0) (-0.317197599487 0.283306307812 0) (-0.316323834278 0.287573857855 0) (-0.315435381478 0.291849231448 0))
    polyLine 12 16 ((0.026996756444 0.127071072941 -0.03) (0.0273038096398 0.127914694663 -0.03) (0.0276108628357 0.128758316385 -0.03) (0.0279179160316 0.129601938107 -0.03) (0.0282249692274 0.13044555983 -0.03) (0.0285320224233 0.131289181552 -0.03) (0.0288390756191 0.132132803274 -0.03) (0.029146128815 0.132976424996 -0.03) (0.0294531820108 0.133820046718 -0.03) (0.0297602352067 0.134663668441 -0.03) (0.0300672884025 0.135507290163 -0.03) (0.0303743415984 0.136350911885 -0.03) (0.0306813947942 0.137194533607 -0.03) (0.0309884479901 0.138038155329 -0.03) (0.0312955011859 0.138881777051 -0.03) (0.0316025543818 0.139725398774 -0.03) (0.0319096075777 0.140569020496 -0.03) (0.0322166607735 0.141412642218 -0.03) (0.0325237139694 0.14225626394 -0.03) (0.0328307671652 0.143099885662 -0.03) (0.0331378203611 0.143943507385 -0.03) (0.0334448735569 0.144787129107 -0.03) (0.0337519267528 0.145630750829 -0.03) (0.0340589799486 0.146474372551 -0.03) (0.0343660331445 0.147317994273 -0.03) (0.0346730863403 0.148161615995 -0.03) (0.0349801395362 0.149005237718 -0.03) (0.0352871927321 0.14984885944 -0.03) (0.0355942459279 0.150692481162 -0.03) (0.0359012991238 0.151536102884 -0.03) (0.0362083523196 0.152379724606 -0.03) (0.0365154055155 0.153223346329 -0.03) (0.0368224587113 0.154066968051 -0.03) (0.0371295119072 0.154910589773 -0.03) (0.037436565103 0.155754211495 -0.03) (0.0377436182989 0.156597833217 -0.03) (0.0380506714947 0.157441454939 -0.03) (0.0383577246906 0.158285076662 -0.03) (0.0386647778864 0.159128698384 -0.03) (0.0389718310823 0.159972320106 -0.03) (0.0392788842782 0.160815941828 -0.03) (0.039585937474 0.16165956355 -0.03) (0.0398929906699 0.162503185272 -0.03) (0.0402000438657 0.163346806995 -0.03) (0.0405070970616 0.164190428717 -0.03) (0.0408141502574 0.165034050439 -0.03) (0.0411212034533 0.165877672161 -0.03) (0.0414282566491 0.166721293883 -0.03) (0.041735309845 0.167564915606 -0.03))
    polyLine 14 18 ((0.026996756444 0.127071072941 0) (0.0273038096398 0.127914694663 0) (0.0276108628357 0.128758316385 0) (0.0279179160316 0.129601938107 0) (0.0282249692274 0.13044555983 0) (0.0285320224233 0.131289181552 0) (0.0288390756191 0.132132803274 0) (0.029146128815 0.132976424996 0) (0.0294531820108 0.133820046718 0) (0.0297602352067 0.134663668441 0) (0.0300672884025 0.135507290163 0) (0.0303743415984 0.136350911885 0) (0.0306813947942 0.137194533607 0) (0.0309884479901 0.138038155329 0) (0.0312955011859 0.138881777051 0) (0.0316025543818 0.139725398774 0) (0.0319096075777 0.140569020496 0) (0.0322166607735 0.141412642218 0) (0.0325237139694 0.14225626394 0) (0.0328307671652 0.143099885662 0) (0.0331378203611 0.143943507385 0) (0.0334448735569 0.144787129107 0) (0.0337519267528 0.145630750829 0) (0.0340589799486 0.146474372551 0) (0.0343660331445 0.147317994273 0) (0.0346730863403 0.148161615995 0) (0.0349801395362 0.149005237718 0) (0.0352871927321 0.14984885944 0) (0.0355942459279 0.150692481162 0) (0.0359012991238 0.151536102884 0) (0.0362083523196 0.152379724606 0) (0.0365154055155 0.153223346329 0) (0.0368224587113 0.154066968051 0) (0.0371295119072 0.154910589773 0) (0.037436565103 0.155754211495 0) (0.0377436182989 0.156597833217 0) (0.0380506714947 0.157441454939 0) (0.0383577246906 0.158285076662 0) (0.0386647778864 0.159128698384 0) (0.0389718310823 0.159972320106 0) (0.0392788842782 0.160815941828 0) (0.039585937474 0.16165956355 0) (0.0398929906699 0.162503185272 0) (0.0402000438657 0.163346806995 0) (0.0405070970616 0.164190428717 0) (0.0408141502574 0.165034050439 0) (0.0411212034533 0.165877672161 0) (0.0414282566491 0.166721293883 0) (0.041735309845 0.167564915606 0))
    polyLine 13 17 ((-0.31364448971 0.300282514103 -0.03) (-0.312742823388 0.30444014064 -0.03) (-0.311827050804 0.308605548653 -0.03) (-0.310897076946 0.312778853803 -0.03) (-0.309952805165 0.31696017234 -0.03) (-0.308994137163 0.321149621109 -0.03) (-0.308020972971 0.325347317564 -0.03) (-0.307033210932 0.329553379776 -0.03) (-0.306030747685 0.333767926441 -0.03) (-0.305013478143 0.337991076896 -0.03) (-0.303981295476 0.342222951123 -0.03) (-0.302934091091 0.346463669764 -0.03) (-0.301871754612 0.35071335413 -0.03) (-0.300794173858 0.354972126212 -0.03) (-0.299701234828 0.359240108692 -0.03) (-0.298592821675 0.363517424952 -0.03) (-0.297468816683 0.36780419909 -0.03) (-0.296329100252 0.372100555925 -0.03) (-0.29517355087 0.376406621014 -0.03) (-0.294002045093 0.380722520659 -0.03) (-0.292814457521 0.385048381922 -0.03) (-0.291610660775 0.389384332635 -0.03) (-0.290390525471 0.393730501413 -0.03))
    polyLine 15 19 ((-0.31364448971 0.300282514103 0) (-0.312742823388 0.30444014064 0) (-0.311827050804 0.308605548653 0) (-0.310897076946 0.312778853803 0) (-0.309952805165 0.31696017234 0) (-0.308994137163 0.321149621109 0) (-0.308020972971 0.325347317564 0) (-0.307033210932 0.329553379776 0) (-0.306030747685 0.333767926441 0) (-0.305013478143 0.337991076896 0) (-0.303981295476 0.342222951123 0) (-0.302934091091 0.346463669764 0) (-0.301871754612 0.35071335413 0) (-0.300794173858 0.354972126212 0) (-0.299701234828 0.359240108692 0) (-0.298592821675 0.363517424952 0) (-0.297468816683 0.36780419909 0) (-0.296329100252 0.372100555925 0) (-0.29517355087 0.376406621014 0) (-0.294002045093 0.380722520659 0) (-0.292814457521 0.385048381922 0) (-0.291610660775 0.389384332635 0) (-0.290390525471 0.393730501413 0))
    polyLine 16 20 ((0.0420423630408 0.168408537328 -0.03) (0.0423494162367 0.16925215905 -0.03) (0.0426564694325 0.170095780772 -0.03) (0.0429635226284 0.170939402494 -0.03) (0.0432705758243 0.171783024216 -0.03) (0.0435776290201 0.172626645939 -0.03) (0.043884682216 0.173470267661 -0.03) (0.0441917354118 0.174313889383 -0.03) (0.0444987886077 0.175157511105 -0.03) (0.0448058418035 0.176001132827 -0.03) (0.0451128949994 0.17684475455 -0.03) (0.0454199481952 0.177688376272 -0.03) (0.0457270013911 0.178531997994 -0.03) (0.0460340545869 0.179375619716 -0.03) (0.0463411077828 0.180219241438 -0.03) (0.0466481609786 0.18106286316 -0.03) (0.0469552141745 0.181906484883 -0.03) (0.0472622673704 0.182750106605 -0.03) (0.0475693205662 0.183593728327 -0.03) (0.0478763737621 0.184437350049 -0.03) (0.0481834269579 0.185280971771 -0.03) (0.0484904801538 0.186124593494 -0.03) (0.0487975333496 0.186968215216 -0.03) (0.0491045865455 0.187811836938 -0.03) (0.0494116397413 0.18865545866 -0.03) (0.0497186929372 0.189499080382 -0.03) (0.050025746133 0.190342702104 -0.03) (0.0503327993289 0.191186323827 -0.03) (0.0506398525247 0.192029945549 -0.03) (0.0509469057206 0.192873567271 -0.03) (0.0512539589165 0.193717188993 -0.03) (0.0515610121123 0.194560810715 -0.03) (0.0518680653082 0.195404432438 -0.03) (0.052175118504 0.19624805416 -0.03) (0.0524821716999 0.197091675882 -0.03) (0.0527892248957 0.197935297604 -0.03) (0.0530962780916 0.198778919326 -0.03) (0.0534033312874 0.199622541048 -0.03) (0.0537103844833 0.200466162771 -0.03) (0.0540174376791 0.201309784493 -0.03) (0.054324490875 0.202153406215 -0.03) (0.0546315440709 0.202997027937 -0.03) (0.0549385972667 0.203840649659 -0.03) (0.0552456504626 0.204684271382 -0.03) (0.0555527036584 0.205527893104 -0.03) (0.0558597568543 0.206371514826 -0.03) (0.0561668100501 0.207215136548 -0.03) (0.056473863246 0.20805875827 -0.03))
    polyLine 18 22 ((0.0420423630408 0.168408537328 0) (0.0423494162367 0.16925215905 0) (0.0426564694325 0.170095780772 0) (0.0429635226284 0.170939402494 0) (0.0432705758243 0.171783024216 0) (0.0435776290201 0.172626645939 0) (0.043884682216 0.173470267661 0) (0.0441917354118 0.174313889383 0) (0.0444987886077 0.175157511105 0) (0.0448058418035 0.176001132827 0) (0.0451128949994 0.17684475455 0) (0.0454199481952 0.177688376272 0) (0.0457270013911 0.178531997994 0) (0.0460340545869 0.179375619716 0) (0.0463411077828 0.180219241438 0) (0.0466481609786 0.18106286316 0) (0.0469552141745 0.181906484883 0) (0.0472622673704 0.182750106605 0) (0.0475693205662 0.183593728327 0) (0.0478763737621 0.184437350049 0) (0.0481834269579 0.185280971771 0) (0.0484904801538 0.186124593494 0) (0.0487975333496 0.186968215216 0) (0.0491045865455 0.187811836938 0) (0.0494116397413 0.18865545866 0) (0.0497186929372 0.189499080382 0) (0.050025746133 0.190342702104 0) (0.0503327993289 0.191186323827 0) (0.0506398525247 0.192029945549 0) (0.0509469057206 0.192873567271 0) (0.0512539589165 0.193717188993 0) (0.0515610121123 0.194560810715 0) (0.0518680653082 0.195404432438 0) (0.052175118504 0.19624805416 0) (0.0524821716999 0.197091675882 0) (0.0527892248957 0.197935297604 0) (0.0530962780916 0.198778919326 0) (0.0534033312874 0.199622541048 0) (0.0537103844833 0.200466162771 0) (0.0540174376791 0.201309784493 0) (0.054324490875 0.202153406215 0) (0.0546315440709 0.202997027937 0) (0.0549385972667 0.203840649659 0) (0.0552456504626 0.204684271382 0) (0.0555527036584 0.205527893104 0) (0.0558597568543 0.206371514826 0) (0.0561668100501 0.207215136548 0) (0.056473863246 0.20805875827 0))
    polyLine 17 21 ((-0.287991584319 0.402138943127 -0.03) (-0.286814843672 0.406199995174 -0.03) (-0.285623588463 0.410270279096 -0.03) (-0.284417707323 0.414349900807 -0.03) (-0.283197087284 0.418438966856 -0.03) (-0.281961613767 0.422537584431 -0.03) (-0.28071117056 0.426645861376 -0.03) (-0.279445639799 0.430763906192 -0.03) (-0.27816490195 0.434891828052 -0.03) (-0.276868835785 0.439029736806 -0.03) (-0.275557318367 0.443177742997 -0.03) (-0.274230225025 0.44733595786 -0.03) (-0.272887429335 0.451504493344 -0.03) (-0.271528803097 0.455683462113 -0.03) (-0.270154216315 0.459872977558 -0.03) (-0.268763537174 0.464073153811 -0.03) (-0.267356632017 0.46828410575 -0.03) (-0.265933365322 0.472505949011 -0.03) (-0.26449359968 0.476738800002 -0.03) (-0.263037195768 0.480982775906 -0.03) (-0.26156401233 0.485237994702 -0.03) (-0.260073906147 0.489504575167 -0.03) (-0.258566732014 0.493782636889 -0.03))
    polyLine 19 23 ((-0.287991584319 0.402138943127 0) (-0.286814843672 0.406199995174 0) (-0.285623588463 0.410270279096 0) (-0.284417707323 0.414349900807 0) (-0.283197087284 0.418438966856 0) (-0.281961613767 0.422537584431 0) (-0.28071117056 0.426645861376 0) (-0.279445639799 0.430763906192 0) (-0.27816490195 0.434891828052 0) (-0.276868835785 0.439029736806 0) (-0.275557318367 0.443177742997 0) (-0.274230225025 0.44733595786 0) (-0.272887429335 0.451504493344 0) (-0.271528803097 0.455683462113 0) (-0.270154216315 0.459872977558 0) (-0.268763537174 0.464073153811 0) (-0.267356632017 0.46828410575 0) (-0.265933365322 0.472505949011 0) (-0.26449359968 0.476738800002 0) (-0.263037195768 0.480982775906 0) (-0.26156401233 0.485237994702 0) (-0.260073906147 0.489504575167 0) (-0.258566732014 0.493782636889 0))
    polyLine 20 24 ((0.0567809164418 0.208902379992 -0.03) (0.0570879696377 0.209746001715 -0.03) (0.0573950228335 0.210589623437 -0.03) (0.0577020760294 0.211433245159 -0.03) (0.0580091292252 0.212276866881 -0.03) (0.0583161824211 0.213120488603 -0.03) (0.058623235617 0.213964110325 -0.03) (0.0589302888128 0.214807732048 -0.03) (0.0592373420087 0.21565135377 -0.03) (0.0595443952045 0.216494975492 -0.03) (0.0598514484004 0.217338597214 -0.03) (0.0601585015962 0.218182218936 -0.03) (0.0604655547921 0.219025840659 -0.03) (0.0607726079879 0.219869462381 -0.03) (0.0610796611838 0.220713084103 -0.03) (0.0613867143796 0.221556705825 -0.03) (0.0616937675755 0.222400327547 -0.03) (0.0620008207713 0.223243949269 -0.03) (0.0623078739672 0.224087570992 -0.03) (0.0626149271631 0.224931192714 -0.03) (0.0629219803589 0.225774814436 -0.03) (0.0632290335548 0.226618436158 -0.03) (0.0635360867506 0.22746205788 -0.03) (0.0638431399465 0.228305679603 -0.03) (0.0641501931423 0.229149301325 -0.03) (0.0644572463382 0.229992923047 -0.03) (0.064764299534 0.230836544769 -0.03) (0.0650713527299 0.231680166491 -0.03) (0.0653784059257 0.232523788213 -0.03) (0.0656854591216 0.233367409936 -0.03) (0.0659925123174 0.234211031658 -0.03) (0.0662995655133 0.23505465338 -0.03) (0.0666066187092 0.235898275102 -0.03) (0.066913671905 0.236741896824 -0.03) (0.0672207251009 0.237585518547 -0.03) (0.0675277782967 0.238429140269 -0.03) (0.0678348314926 0.239272761991 -0.03) (0.0681418846884 0.240116383713 -0.03) (0.0684489378843 0.240960005435 -0.03) (0.0687559910801 0.241803627157 -0.03) (0.069063044276 0.24264724888 -0.03) (0.0693700974718 0.243490870602 -0.03) (0.0696771506677 0.244334492324 -0.03) (0.0699842038636 0.245178114046 -0.03) (0.0702912570594 0.246021735768 -0.03) (0.0705983102553 0.246865357491 -0.03) (0.0709053634511 0.247708979213 -0.03) (0.071212416647 0.248552600935 -0.03) (0.0715194698428 0.249396222657 -0.03))
    polyLine 22 26 ((0.0567809164418 0.208902379992 0) (0.0570879696377 0.209746001715 0) (0.0573950228335 0.210589623437 0) (0.0577020760294 0.211433245159 0) (0.0580091292252 0.212276866881 0) (0.0583161824211 0.213120488603 0) (0.058623235617 0.213964110325 0) (0.0589302888128 0.214807732048 0) (0.0592373420087 0.21565135377 0) (0.0595443952045 0.216494975492 0) (0.0598514484004 0.217338597214 0) (0.0601585015962 0.218182218936 0) (0.0604655547921 0.219025840659 0) (0.0607726079879 0.219869462381 0) (0.0610796611838 0.220713084103 0) (0.0613867143796 0.221556705825 0) (0.0616937675755 0.222400327547 0) (0.0620008207713 0.223243949269 0) (0.0623078739672 0.224087570992 0) (0.0626149271631 0.224931192714 0) (0.0629219803589 0.225774814436 0) (0.0632290335548 0.226618436158 0) (0.0635360867506 0.22746205788 0) (0.0638431399465 0.228305679603 0) (0.0641501931423 0.229149301325 0) (0.0644572463382 0.229992923047 0) (0.064764299534 0.230836544769 0) (0.0650713527299 0.231680166491 0) (0.0653784059257 0.232523788213 0) (0.0656854591216 0.233367409936 0) (0.0659925123174 0.234211031658 0) (0.0662995655133 0.23505465338 0) (0.0666066187092 0.235898275102 0) (0.066913671905 0.236741896824 0) (0.0672207251009 0.237585518547 0) (0.0675277782967 0.238429140269 0) (0.0678348314926 0.239272761991 0) (0.0681418846884 0.240116383713 0) (0.0684489378843 0.240960005435 0) (0.0687559910801 0.241803627157 0) (0.069063044276 0.24264724888 0) (0.0693700974718 0.243490870602 0) (0.0696771506677 0.244334492324 0) (0.0699842038636 0.245178114046 0) (0.0702912570594 0.246021735768 0) (0.0705983102553 0.246865357491 0) (0.0709053634511 0.247708979213 0) (0.071212416647 0.248552600935 0) (0.0715194698428 0.249396222657 0))
    polyLine 21 25 ((-0.255659067131 0.501933238024 -0.03) (-0.254261687885 0.505803711762 -0.03) (-0.252850094224 0.509683810359 -0.03) (-0.251424174019 0.51357362324 -0.03) (-0.249983813755 0.517473240398 -0.03) (-0.248528898511 0.521382752406 -0.03) (-0.247059311946 0.525302250419 -0.03) (-0.24557493628 0.529231826186 -0.03) (-0.244075652277 0.533171572055 -0.03) (-0.24256133923 0.537121580979 -0.03) (-0.24103187494 0.541081946528 -0.03) (-0.2394871357 0.545052762892 -0.03) (-0.237926996274 0.549034124889 -0.03) (-0.236351329883 0.553026127978 -0.03) (-0.234760008182 0.557028868261 -0.03) (-0.233152901242 0.561042442492 -0.03) (-0.231529877531 0.565066948088 -0.03) (-0.229890803894 0.569102483136 -0.03) (-0.228235545532 0.5731491464 -0.03) (-0.226563965983 0.57720703733 -0.03) (-0.224875927098 0.581276256072 -0.03) (-0.223171289024 0.585356903474 -0.03) (-0.221449910181 0.589449081098 -0.03))
    polyLine 23 27 ((-0.255659067131 0.501933238024 0) (-0.254261687885 0.505803711762 0) (-0.252850094224 0.509683810359 0) (-0.251424174019 0.51357362324 0) (-0.249983813755 0.517473240398 0) (-0.248528898511 0.521382752406 0) (-0.247059311946 0.525302250419 0) (-0.24557493628 0.529231826186 0) (-0.244075652277 0.533171572055 0) (-0.24256133923 0.537121580979 0) (-0.24103187494 0.541081946528 0) (-0.2394871357 0.545052762892 0) (-0.237926996274 0.549034124889 0) (-0.236351329883 0.553026127978 0) (-0.234760008182 0.557028868261 0) (-0.233152901242 0.561042442492 0) (-0.231529877531 0.565066948088 0) (-0.229890803894 0.569102483136 0) (-0.228235545532 0.5731491464 0) (-0.226563965983 0.57720703733 0) (-0.224875927098 0.581276256072 0) (-0.223171289024 0.585356903474 0) (-0.221449910181 0.589449081098 0))
    polyLine 24 28 ((0.0718265230387 0.250239844379 -0.03) (0.0721335762345 0.251083466101 -0.03) (0.0724406294304 0.251927087824 -0.03) (0.0727476826262 0.252770709546 -0.03) (0.0730547358221 0.253614331268 -0.03) (0.0733617890179 0.25445795299 -0.03) (0.0736688422138 0.255301574712 -0.03) (0.0739758954097 0.256145196434 -0.03) (0.0742829486055 0.256988818157 -0.03) (0.0745900018014 0.257832439879 -0.03) (0.0748970549972 0.258676061601 -0.03) (0.0752041081931 0.259519683323 -0.03) (0.0755111613889 0.260363305045 -0.03) (0.0758182145848 0.261206926768 -0.03) (0.0761252677806 0.26205054849 -0.03) (0.0764323209765 0.262894170212 -0.03) (0.0767393741723 0.263737791934 -0.03) (0.0770464273682 0.264581413656 -0.03) (0.077353480564 0.265425035378 -0.03) (0.0776605337599 0.266268657101 -0.03) (0.0779675869558 0.267112278823 -0.03) (0.0782746401516 0.267955900545 -0.03) (0.0785816933475 0.268799522267 -0.03) (0.0788887465433 0.269643143989 -0.03) (0.0791957997392 0.270486765712 -0.03) (0.079502852935 0.271330387434 -0.03) (0.0798099061309 0.272174009156 -0.03) (0.0801169593267 0.273017630878 -0.03) (0.0804240125226 0.2738612526 -0.03) (0.0807310657184 0.274704874322 -0.03) (0.0810381189143 0.275548496045 -0.03) (0.0813451721101 0.276392117767 -0.03) (0.081652225306 0.277235739489 -0.03) (0.0819592785019 0.278079361211 -0.03) (0.0822663316977 0.278922982933 -0.03) (0.0825733848936 0.279766604656 -0.03) (0.0828804380894 0.280610226378 -0.03) (0.0831874912853 0.2814538481 -0.03) (0.0834945444811 0.282297469822 -0.03) (0.083801597677 0.283141091544 -0.03) (0.0841086508728 0.283984713266 -0.03) (0.0844157040687 0.284828334989 -0.03) (0.0847227572645 0.285671956711 -0.03) (0.0850298104604 0.286515578433 -0.03) (0.0853368636563 0.287359200155 -0.03) (0.0856439168521 0.288202821877 -0.03) (0.085950970048 0.2890464436 -0.03) (0.0862580232438 0.289890065322 -0.03))
    polyLine 26 30 ((0.0718265230387 0.250239844379 0) (0.0721335762345 0.251083466101 0) (0.0724406294304 0.251927087824 0) (0.0727476826262 0.252770709546 0) (0.0730547358221 0.253614331268 0) (0.0733617890179 0.25445795299 0) (0.0736688422138 0.255301574712 0) (0.0739758954097 0.256145196434 0) (0.0742829486055 0.256988818157 0) (0.0745900018014 0.257832439879 0) (0.0748970549972 0.258676061601 0) (0.0752041081931 0.259519683323 0) (0.0755111613889 0.260363305045 0) (0.0758182145848 0.261206926768 0) (0.0761252677806 0.26205054849 0) (0.0764323209765 0.262894170212 0) (0.0767393741723 0.263737791934 0) (0.0770464273682 0.264581413656 0) (0.077353480564 0.265425035378 0) (0.0776605337599 0.266268657101 0) (0.0779675869558 0.267112278823 0) (0.0782746401516 0.267955900545 0) (0.0785816933475 0.268799522267 0) (0.0788887465433 0.269643143989 0) (0.0791957997392 0.270486765712 0) (0.079502852935 0.271330387434 0) (0.0798099061309 0.272174009156 0) (0.0801169593267 0.273017630878 0) (0.0804240125226 0.2738612526 0) (0.0807310657184 0.274704874322 0) (0.0810381189143 0.275548496045 0) (0.0813451721101 0.276392117767 0) (0.081652225306 0.277235739489 0) (0.0819592785019 0.278079361211 0) (0.0822663316977 0.278922982933 0) (0.0825733848936 0.279766604656 0) (0.0828804380894 0.280610226378 0) (0.0831874912853 0.2814538481 0) (0.0834945444811 0.282297469822 0) (0.083801597677 0.283141091544 0) (0.0841086508728 0.283984713266 0) (0.0844157040687 0.284828334989 0) (0.0847227572645 0.285671956711 0) (0.0850298104604 0.286515578433 0) (0.0853368636563 0.287359200155 0) (0.0856439168521 0.288202821877 0) (0.085950970048 0.2890464436 0) (0.0862580232438 0.289890065322 0))
    polyLine 25 29 ((-0.218172757682 0.597162574626 -0.03) (-0.216620664258 0.60078135908 -0.03) (-0.215055266798 0.60440931504 -0.03) (-0.213476464051 0.608046513405 -0.03) (-0.211884153666 0.611693025529 -0.03) (-0.21027823218 0.615348923222 -0.03) (-0.208658595008 0.619014278755 -0.03) (-0.207025136426 0.62268916487 -0.03) (-0.205377749562 0.626373654778 -0.03) (-0.203716326382 0.630067822171 -0.03) (-0.202040757674 0.633771741223 -0.03) (-0.200350933037 0.637485486597 -0.03) (-0.198646740866 0.641209133451 -0.03) (-0.19692806834 0.644942757441 -0.03) (-0.195194801405 0.648686434728 -0.03) (-0.193446824761 0.652440241987 -0.03) (-0.191684021849 0.656204256405 -0.03) (-0.189906274833 0.659978555696 -0.03) (-0.188113464587 0.663763218099 -0.03) (-0.186305470679 0.667558322387 -0.03) (-0.184482171358 0.671363947876 -0.03) (-0.182643443534 0.675180174425 -0.03) (-0.180789162765 0.679007082447 -0.03))
    polyLine 27 31 ((-0.218172757682 0.597162574626 0) (-0.216620664258 0.60078135908 0) (-0.215055266798 0.60440931504 0) (-0.213476464051 0.608046513405 0) (-0.211884153666 0.611693025529 0) (-0.21027823218 0.615348923222 0) (-0.208658595008 0.619014278755 0) (-0.207025136426 0.62268916487 0) (-0.205377749562 0.626373654778 0) (-0.203716326382 0.630067822171 0) (-0.202040757674 0.633771741223 0) (-0.200350933037 0.637485486597 0) (-0.198646740866 0.641209133451 0) (-0.19692806834 0.644942757441 0) (-0.195194801405 0.648686434728 0) (-0.193446824761 0.652440241987 0) (-0.191684021849 0.656204256405 0) (-0.189906274833 0.659978555696 0) (-0.188113464587 0.663763218099 0) (-0.186305470679 0.667558322387 0) (-0.184482171358 0.671363947876 0) (-0.182643443534 0.675180174425 0) (-0.180789162765 0.679007082447 0))
    polyLine 28 32 ((0.0865650764397 0.290733687044 -0.03) (0.0868721296355 0.291577308766 -0.03) (0.0871791828314 0.292420930488 -0.03) (0.0874862360272 0.29326455221 -0.03) (0.0877932892231 0.294108173933 -0.03) (0.0881003424189 0.294951795655 -0.03) (0.0884073956148 0.295795417377 -0.03) (0.0887144488106 0.296639039099 -0.03) (0.0890215020065 0.297482660821 -0.03) (0.0893285552024 0.298326282544 -0.03) (0.0896356083982 0.299169904266 -0.03) (0.0899426615941 0.300013525988 -0.03) (0.0902497147899 0.30085714771 -0.03) (0.0905567679858 0.301700769432 -0.03) (0.0908638211816 0.302544391154 -0.03) (0.0911708743775 0.303388012877 -0.03) (0.0914779275733 0.304231634599 -0.03) (0.0917849807692 0.305075256321 -0.03) (0.092092033965 0.305918878043 -0.03) (0.0923990871609 0.306762499765 -0.03) (0.0927061403567 0.307606121487 -0.03) (0.0930131935526 0.30844974321 -0.03) (0.0933202467485 0.309293364932 -0.03) (0.0936272999443 0.310136986654 -0.03) (0.0939343531402 0.310980608376 -0.03) (0.094241406336 0.311824230098 -0.03) (0.0945484595319 0.312667851821 -0.03) (0.0948555127277 0.313511473543 -0.03) (0.0951625659236 0.314355095265 -0.03) (0.0954696191194 0.315198716987 -0.03) (0.0957766723153 0.316042338709 -0.03) (0.0960837255111 0.316885960431 -0.03) (0.096390778707 0.317729582154 -0.03) (0.0966978319028 0.318573203876 -0.03) (0.0970048850987 0.319416825598 -0.03) (0.0973119382946 0.32026044732 -0.03) (0.0976189914904 0.321104069042 -0.03) (0.0979260446863 0.321947690765 -0.03) (0.0982330978821 0.322791312487 -0.03) (0.098540151078 0.323634934209 -0.03) (0.0988472042738 0.324478555931 -0.03) (0.0991542574697 0.325322177653 -0.03) (0.0994613106655 0.326165799375 -0.03) (0.0997683638614 0.327009421098 -0.03) (0.100075417057 0.32785304282 -0.03) (0.100382470253 0.328696664542 -0.03) (0.100689523449 0.329540286264 -0.03) (0.100996576645 0.330383907986 -0.03) (0.101303629841 0.331227529709 -0.03))
    polyLine 30 34 ((0.0865650764397 0.290733687044 0) (0.0868721296355 0.291577308766 0) (0.0871791828314 0.292420930488 0) (0.0874862360272 0.29326455221 0) (0.0877932892231 0.294108173933 0) (0.0881003424189 0.294951795655 0) (0.0884073956148 0.295795417377 0) (0.0887144488106 0.296639039099 0) (0.0890215020065 0.297482660821 0) (0.0893285552024 0.298326282544 0) (0.0896356083982 0.299169904266 0) (0.0899426615941 0.300013525988 0) (0.0902497147899 0.30085714771 0) (0.0905567679858 0.301700769432 0) (0.0908638211816 0.302544391154 0) (0.0911708743775 0.303388012877 0) (0.0914779275733 0.304231634599 0) (0.0917849807692 0.305075256321 0) (0.092092033965 0.305918878043 0) (0.0923990871609 0.306762499765 0) (0.0927061403567 0.307606121487 0) (0.0930131935526 0.30844974321 0) (0.0933202467485 0.309293364932 0) (0.0936272999443 0.310136986654 0) (0.0939343531402 0.310980608376 0) (0.094241406336 0.311824230098 0) (0.0945484595319 0.312667851821 0) (0.0948555127277 0.313511473543 0) (0.0951625659236 0.314355095265 0) (0.0954696191194 0.315198716987 0) (0.0957766723153 0.316042338709 0) (0.0960837255111 0.316885960431 0) (0.096390778707 0.317729582154 0) (0.0966978319028 0.318573203876 0) (0.0970048850987 0.319416825598 0) (0.0973119382946 0.32026044732 0) (0.0976189914904 0.321104069042 0) (0.0979260446863 0.321947690765 0) (0.0982330978821 0.322791312487 0) (0.098540151078 0.323634934209 0) (0.0988472042738 0.324478555931 0) (0.0991542574697 0.325322177653 0) (0.0994613106655 0.326165799375 0) (0.0997683638614 0.327009421098 0) (0.100075417057 0.32785304282 0) (0.100382470253 0.328696664542 0) (0.100689523449 0.329540286264 0) (0.100996576645 0.330383907986 0) (0.101303629841 0.331227529709 0))
    polyLine 29 33 ((-0.177288653148 0.686173673396 -0.03) (-0.175646189256 0.689510763632 -0.03) (-0.173991727559 0.69285607709 -0.03) (-0.172325183249 0.696209667563 -0.03) (-0.170646470707 0.699571589175 -0.03) (-0.168955503496 0.702941896383 -0.03) (-0.167252194351 0.706320643978 -0.03) (-0.165536455171 0.709707887093 -0.03) (-0.163808197011 0.713103681203 -0.03) (-0.162067330072 0.716508082129 -0.03) (-0.16031376369 0.71992114604 -0.03) (-0.158547406331 0.723342929461 -0.03) (-0.156768165578 0.726773489272 -0.03) (-0.154975948125 0.730212882713 -0.03) (-0.153170659764 0.733661167389 -0.03) (-0.151352205377 0.737118401272 -0.03) (-0.149520488926 0.740584642703 -0.03) (-0.147675413445 0.744059950401 -0.03) (-0.145816881024 0.747544383461 -0.03) (-0.143944792806 0.751038001363 -0.03) (-0.142059048973 0.75454086397 -0.03) (-0.140159548735 0.758053031539 -0.03) (-0.13824619032 0.761574564717 -0.03))
    polyLine 31 35 ((-0.177288653148 0.686173673396 0) (-0.175646189256 0.689510763632 0) (-0.173991727559 0.69285607709 0) (-0.172325183249 0.696209667563 0) (-0.170646470707 0.699571589175 0) (-0.168955503496 0.702941896383 0) (-0.167252194351 0.706320643978 0) (-0.165536455171 0.709707887093 0) (-0.163808197011 0.713103681203 0) (-0.162067330072 0.716508082129 0) (-0.16031376369 0.71992114604 0) (-0.158547406331 0.723342929461 0) (-0.156768165578 0.726773489272 0) (-0.154975948125 0.730212882713 0) (-0.153170659764 0.733661167389 0) (-0.151352205377 0.737118401272 0) (-0.149520488926 0.740584642703 0) (-0.147675413445 0.744059950401 0) (-0.145816881024 0.747544383461 0) (-0.143944792806 0.751038001363 0) (-0.142059048973 0.75454086397 0) (-0.140159548735 0.758053031539 0) (-0.13824619032 0.761574564717 0))
    polyLine 32 36 ((0.101610683037 0.332071151431 -0.03) (0.101917736232 0.332914773153 -0.03) (0.102224789428 0.333758394875 -0.03) (0.102531842624 0.334602016597 -0.03) (0.10283889582 0.335445638319 -0.03) (0.103145949016 0.336289260042 -0.03) (0.103453002212 0.337132881764 -0.03) (0.103760055407 0.337976503486 -0.03) (0.104067108603 0.338820125208 -0.03) (0.104374161799 0.33966374693 -0.03) (0.104681214995 0.340507368653 -0.03) (0.104988268191 0.341350990375 -0.03) (0.105295321387 0.342194612097 -0.03) (0.105602374583 0.343038233819 -0.03) (0.105909427778 0.343881855541 -0.03) (0.106216480974 0.344725477263 -0.03) (0.10652353417 0.345569098986 -0.03) (0.106830587366 0.346412720708 -0.03) (0.107137640562 0.34725634243 -0.03) (0.107444693758 0.348099964152 -0.03) (0.107751746954 0.348943585874 -0.03) (0.108058800149 0.349787207596 -0.03) (0.108365853345 0.350630829319 -0.03) (0.108672906541 0.351474451041 -0.03) (0.108979959737 0.352318072763 -0.03) (0.109287012933 0.353161694485 -0.03) (0.109594066129 0.354005316207 -0.03) (0.109901119325 0.35484893793 -0.03) (0.11020817252 0.355692559652 -0.03) (0.110515225716 0.356536181374 -0.03) (0.110822278912 0.357379803096 -0.03) (0.111129332108 0.358223424818 -0.03) (0.111436385304 0.35906704654 -0.03) (0.1117434385 0.359910668263 -0.03) (0.112050491696 0.360754289985 -0.03) (0.112357544891 0.361597911707 -0.03) (0.112664598087 0.362441533429 -0.03) (0.112971651283 0.363285155151 -0.03) (0.113278704479 0.364128776874 -0.03) (0.113585757675 0.364972398596 -0.03) (0.113892810871 0.365816020318 -0.03) (0.114199864067 0.36665964204 -0.03) (0.114506917262 0.367503263762 -0.03) (0.114813970458 0.368346885484 -0.03) (0.115121023654 0.369190507207 -0.03) (0.11542807685 0.370034128929 -0.03) (0.115735130046 0.370877750651 -0.03) (0.116042183242 0.371721372373 -0.03))
    polyLine 34 38 ((0.101610683037 0.332071151431 0) (0.101917736232 0.332914773153 0) (0.102224789428 0.333758394875 0) (0.102531842624 0.334602016597 0) (0.10283889582 0.335445638319 0) (0.103145949016 0.336289260042 0) (0.103453002212 0.337132881764 0) (0.103760055407 0.337976503486 0) (0.104067108603 0.338820125208 0) (0.104374161799 0.33966374693 0) (0.104681214995 0.340507368653 0) (0.104988268191 0.341350990375 0) (0.105295321387 0.342194612097 0) (0.105602374583 0.343038233819 0) (0.105909427778 0.343881855541 0) (0.106216480974 0.344725477263 0) (0.10652353417 0.345569098986 0) (0.106830587366 0.346412720708 0) (0.107137640562 0.34725634243 0) (0.107444693758 0.348099964152 0) (0.107751746954 0.348943585874 0) (0.108058800149 0.349787207596 0) (0.108365853345 0.350630829319 0) (0.108672906541 0.351474451041 0) (0.108979959737 0.352318072763 0) (0.109287012933 0.353161694485 0) (0.109594066129 0.354005316207 0) (0.109901119325 0.35484893793 0) (0.11020817252 0.355692559652 0) (0.110515225716 0.356536181374 0) (0.110822278912 0.357379803096 0) (0.111129332108 0.358223424818 0) (0.111436385304 0.35906704654 0) (0.1117434385 0.359910668263 0) (0.112050491696 0.360754289985 0) (0.112357544891 0.361597911707 0) (0.112664598087 0.362441533429 0) (0.112971651283 0.363285155151 0) (0.113278704479 0.364128776874 0) (0.113585757675 0.364972398596 0) (0.113892810871 0.365816020318 0) (0.114199864067 0.36665964204 0) (0.114506917262 0.367503263762 0) (0.114813970458 0.368346885484 0) (0.115121023654 0.369190507207 0) (0.11542807685 0.370034128929 0) (0.115735130046 0.370877750651 0) (0.116042183242 0.371721372373 0))
    polyLine 33 37 ((-0.134651171206 0.768147842904 -0.03) (-0.13297301565 0.771197209188 -0.03) (-0.13128433726 0.774253662881 -0.03) (-0.129585068437 0.777317243681 -0.03) (-0.12787514101 0.780387991519 -0.03) (-0.126154486236 0.783465946551 -0.03) (-0.12442303479 0.786551149168 -0.03) (-0.12268071676 0.789643639993 -0.03) (-0.120927461645 0.792743459884 -0.03) (-0.119163198344 0.795850649938 -0.03) (-0.117387855155 0.798965251491 -0.03) (-0.115601359765 0.802087306121 -0.03) (-0.113803639249 0.80521685565 -0.03) (-0.111994620058 0.808353942147 -0.03) (-0.110174228018 0.811498607929 -0.03) (-0.108342388321 0.814650895564 -0.03) (-0.106499025523 0.817810847872 -0.03) (-0.104644063529 0.820978507928 -0.03) (-0.102777425597 0.824153919066 -0.03) (-0.100899034326 0.827337124879 -0.03) (-0.0990088116473 0.830528169221 -0.03) (-0.0971066788248 0.833727096211 -0.03) (-0.0951925564424 0.836933950237 -0.03))
    polyLine 35 39 ((-0.134651171206 0.768147842904 0) (-0.13297301565 0.771197209188 0) (-0.13128433726 0.774253662881 0) (-0.129585068437 0.777317243681 0) (-0.12787514101 0.780387991519 0) (-0.126154486236 0.783465946551 0) (-0.12442303479 0.786551149168 0) (-0.12268071676 0.789643639993 0) (-0.120927461645 0.792743459884 0) (-0.119163198344 0.795850649938 0) (-0.117387855155 0.798965251491 0) (-0.115601359765 0.802087306121 0) (-0.113803639249 0.80521685565 0) (-0.111994620058 0.808353942147 0) (-0.110174228018 0.811498607929 0) (-0.108342388321 0.814650895564 0) (-0.106499025523 0.817810847872 0) (-0.104644063529 0.820978507928 0) (-0.102777425597 0.824153919066 0) (-0.100899034326 0.827337124879 0) (-0.0990088116473 0.830528169221 0) (-0.0971066788248 0.833727096211 0) (-0.0951925564424 0.836933950237 0))
    polyLine 36 40 ((0.116349236438 0.372564994095 -0.03) (0.116656289633 0.373408615818 -0.03) (0.116963342829 0.37425223754 -0.03) (0.117270396025 0.375095859262 -0.03) (0.117577449221 0.375939480984 -0.03) (0.117884502417 0.376783102706 -0.03) (0.118191555613 0.377626724428 -0.03) (0.118498608808 0.378470346151 -0.03) (0.118805662004 0.379313967873 -0.03) (0.1191127152 0.380157589595 -0.03) (0.119419768396 0.381001211317 -0.03) (0.119726821592 0.381844833039 -0.03) (0.120033874788 0.382688454762 -0.03) (0.120340927984 0.383532076484 -0.03) (0.120647981179 0.384375698206 -0.03) (0.120955034375 0.385219319928 -0.03) (0.121262087571 0.38606294165 -0.03) (0.121569140767 0.386906563372 -0.03) (0.121876193963 0.387750185095 -0.03) (0.122183247159 0.388593806817 -0.03) (0.122490300355 0.389437428539 -0.03) (0.12279735355 0.390281050261 -0.03) (0.123104406746 0.391124671983 -0.03) (0.123411459942 0.391968293706 -0.03) (0.123718513138 0.392811915428 -0.03) (0.124025566334 0.39365553715 -0.03) (0.12433261953 0.394499158872 -0.03) (0.124639672726 0.395342780594 -0.03) (0.124946725921 0.396186402316 -0.03) (0.125253779117 0.397030024039 -0.03) (0.125560832313 0.397873645761 -0.03) (0.125867885509 0.398717267483 -0.03) (0.126174938705 0.399560889205 -0.03) (0.126481991901 0.400404510927 -0.03) (0.126789045097 0.401248132649 -0.03) (0.127096098292 0.402091754372 -0.03) (0.127403151488 0.402935376094 -0.03) (0.127710204684 0.403778997816 -0.03) (0.12801725788 0.404622619538 -0.03) (0.128324311076 0.40546624126 -0.03) (0.128631364272 0.406309862983 -0.03) (0.128938417468 0.407153484705 -0.03) (0.129245470663 0.407997106427 -0.03) (0.129552523859 0.408840728149 -0.03) (0.129859577055 0.409684349871 -0.03) (0.130166630251 0.410527971593 -0.03) (0.130473683447 0.411371593316 -0.03) (0.130780736643 0.412215215038 -0.03) (0.131087789838 0.41305883676 -0.03))
    polyLine 38 42 ((0.116349236438 0.372564994095 0) (0.116656289633 0.373408615818 0) (0.116963342829 0.37425223754 0) (0.117270396025 0.375095859262 0) (0.117577449221 0.375939480984 0) (0.117884502417 0.376783102706 0) (0.118191555613 0.377626724428 0) (0.118498608808 0.378470346151 0) (0.118805662004 0.379313967873 0) (0.1191127152 0.380157589595 0) (0.119419768396 0.381001211317 0) (0.119726821592 0.381844833039 0) (0.120033874788 0.382688454762 0) (0.120340927984 0.383532076484 0) (0.120647981179 0.384375698206 0) (0.120955034375 0.385219319928 0) (0.121262087571 0.38606294165 0) (0.121569140767 0.386906563372 0) (0.121876193963 0.387750185095 0) (0.122183247159 0.388593806817 0) (0.122490300355 0.389437428539 0) (0.12279735355 0.390281050261 0) (0.123104406746 0.391124671983 0) (0.123411459942 0.391968293706 0) (0.123718513138 0.392811915428 0) (0.124025566334 0.39365553715 0) (0.12433261953 0.394499158872 0) (0.124639672726 0.395342780594 0) (0.124946725921 0.396186402316 0) (0.125253779117 0.397030024039 0) (0.125560832313 0.397873645761 0) (0.125867885509 0.398717267483 0) (0.126174938705 0.399560889205 0) (0.126481991901 0.400404510927 0) (0.126789045097 0.401248132649 0) (0.127096098292 0.402091754372 0) (0.127403151488 0.402935376094 0) (0.127710204684 0.403778997816 0) (0.12801725788 0.404622619538 0) (0.128324311076 0.40546624126 0) (0.128631364272 0.406309862983 0) (0.128938417468 0.407153484705 0) (0.129245470663 0.407997106427 0) (0.129552523859 0.408840728149 0) (0.129859577055 0.409684349871 0) (0.130166630251 0.410527971593 0) (0.130473683447 0.411371593316 0) (0.130780736643 0.412215215038 0) (0.131087789838 0.41305883676 0))
    polyLine 37 41 ((-0.0916035517612 0.842914245136 -0.03) (-0.0899317380099 0.845685647665 -0.03) (-0.088250871282 0.848463012252 -0.03) (-0.0865608993279 0.851246367758 -0.03) (-0.0848617695092 0.854035743199 -0.03) (-0.0831534287956 0.856831167743 -0.03) (-0.0814358237614 0.859632670712 -0.03) (-0.079708900582 0.862440281585 -0.03) (-0.0779726050307 0.865254029997 -0.03) (-0.0762268824749 0.868073945743 -0.03) (-0.0744716778729 0.870900058775 -0.03) (-0.0727069357698 0.873732399208 -0.03) (-0.0709326002947 0.876570997318 -0.03) (-0.0691486151563 0.879415883544 -0.03) (-0.0673549236398 0.882267088491 -0.03) (-0.0655514686029 0.885124642929 -0.03) (-0.0637381924718 0.887988577795 -0.03) (-0.0619150372381 0.890858924194 -0.03) (-0.0600819444544 0.893735713403 -0.03) (-0.0582388552304 0.896618976869 -0.03) (-0.0563857102296 0.89950874621 -0.03) (-0.0545224496645 0.902405053222 -0.03) (-0.0526490132933 0.905307929873 -0.03))
    polyLine 39 43 ((-0.0916035517612 0.842914245136 0) (-0.0899317380099 0.845685647665 0) (-0.088250871282 0.848463012252 0) (-0.0865608993279 0.851246367758 0) (-0.0848617695092 0.854035743199 0) (-0.0831534287956 0.856831167743 0) (-0.0814358237614 0.859632670712 0) (-0.079708900582 0.862440281585 0) (-0.0779726050307 0.865254029997 0) (-0.0762268824749 0.868073945743 0) (-0.0744716778729 0.870900058775 0) (-0.0727069357698 0.873732399208 0) (-0.0709326002947 0.876570997318 0) (-0.0691486151563 0.879415883544 0) (-0.0673549236398 0.882267088491 0) (-0.0655514686029 0.885124642929 0) (-0.0637381924718 0.887988577795 0) (-0.0619150372381 0.890858924194 0) (-0.0600819444544 0.893735713403 0) (-0.0582388552304 0.896618976869 0) (-0.0563857102296 0.89950874621 0) (-0.0545224496645 0.902405053222 0) (-0.0526490132933 0.905307929873 0))
    polyLine 40 44 ((0.131394843034 0.413902458482 -0.03) (0.13170189623 0.414746080204 -0.03) (0.132008949426 0.415589701927 -0.03) (0.132316002622 0.416433323649 -0.03) (0.132623055818 0.417276945371 -0.03) (0.132930109014 0.418120567093 -0.03) (0.133237162209 0.418964188815 -0.03) (0.133544215405 0.419807810537 -0.03) (0.133851268601 0.42065143226 -0.03) (0.134158321797 0.421495053982 -0.03) (0.134465374993 0.422338675704 -0.03) (0.134772428189 0.423182297426 -0.03) (0.135079481385 0.424025919148 -0.03) (0.13538653458 0.424869540871 -0.03) (0.135693587776 0.425713162593 -0.03) (0.136000640972 0.426556784315 -0.03) (0.136307694168 0.427400406037 -0.03) (0.136614747364 0.428244027759 -0.03) (0.13692180056 0.429087649481 -0.03) (0.137228853756 0.429931271204 -0.03) (0.137535906951 0.430774892926 -0.03) (0.137842960147 0.431618514648 -0.03) (0.138150013343 0.43246213637 -0.03) (0.138457066539 0.433305758092 -0.03) (0.138764119735 0.434149379815 -0.03) (0.139071172931 0.434993001537 -0.03) (0.139378226127 0.435836623259 -0.03) (0.139685279322 0.436680244981 -0.03) (0.139992332518 0.437523866703 -0.03) (0.140299385714 0.438367488425 -0.03) (0.14060643891 0.439211110148 -0.03) (0.140913492106 0.44005473187 -0.03) (0.141220545302 0.440898353592 -0.03) (0.141527598498 0.441741975314 -0.03) (0.141834651693 0.442585597036 -0.03) (0.142141704889 0.443429218759 -0.03) (0.142448758085 0.444272840481 -0.03) (0.142755811281 0.445116462203 -0.03) (0.143062864477 0.445960083925 -0.03) (0.143369917673 0.446803705647 -0.03) (0.143676970869 0.447647327369 -0.03) (0.143984024064 0.448490949092 -0.03) (0.14429107726 0.449334570814 -0.03) (0.144598130456 0.450178192536 -0.03) (0.144905183652 0.451021814258 -0.03) (0.145212236848 0.45186543598 -0.03) (0.145519290044 0.452709057702 -0.03) (0.145826343239 0.453552679425 -0.03))
    polyLine 42 46 ((0.131394843034 0.413902458482 0) (0.13170189623 0.414746080204 0) (0.132008949426 0.415589701927 0) (0.132316002622 0.416433323649 0) (0.132623055818 0.417276945371 0) (0.132930109014 0.418120567093 0) (0.133237162209 0.418964188815 0) (0.133544215405 0.419807810537 0) (0.133851268601 0.42065143226 0) (0.134158321797 0.421495053982 0) (0.134465374993 0.422338675704 0) (0.134772428189 0.423182297426 0) (0.135079481385 0.424025919148 0) (0.13538653458 0.424869540871 0) (0.135693587776 0.425713162593 0) (0.136000640972 0.426556784315 0) (0.136307694168 0.427400406037 0) (0.136614747364 0.428244027759 0) (0.13692180056 0.429087649481 0) (0.137228853756 0.429931271204 0) (0.137535906951 0.430774892926 0) (0.137842960147 0.431618514648 0) (0.138150013343 0.43246213637 0) (0.138457066539 0.433305758092 0) (0.138764119735 0.434149379815 0) (0.139071172931 0.434993001537 0) (0.139378226127 0.435836623259 0) (0.139685279322 0.436680244981 0) (0.139992332518 0.437523866703 0) (0.140299385714 0.438367488425 0) (0.14060643891 0.439211110148 0) (0.140913492106 0.44005473187 0) (0.141220545302 0.440898353592 0) (0.141527598498 0.441741975314 0) (0.141834651693 0.442585597036 0) (0.142141704889 0.443429218759 0) (0.142448758085 0.444272840481 0) (0.142755811281 0.445116462203 0) (0.143062864477 0.445960083925 0) (0.143369917673 0.446803705647 0) (0.143676970869 0.447647327369 0) (0.143984024064 0.448490949092 0) (0.14429107726 0.449334570814 0) (0.144598130456 0.450178192536 0) (0.144905183652 0.451021814258 0) (0.145212236848 0.45186543598 0) (0.145519290044 0.452709057702 0) (0.145826343239 0.453552679425 0))
    polyLine 41 45 ((-0.049137324467 0.910724593057 -0.03) (-0.0475016548504 0.913236703987 -0.03) (-0.0458582921417 0.915753761858 -0.03) (-0.0442071966583 0.918275787527 -0.03) (-0.0425483284559 0.920802801953 -0.03) (-0.0408816473275 0.923334826196 -0.03) (-0.0392071128003 0.925871881415 -0.03) (-0.0375246841348 0.928413988874 -0.03) (-0.0358343203217 0.93096116994 -0.03) (-0.0341359800805 0.933513446082 -0.03) (-0.032429621857 0.936070838876 -0.03) (-0.0307152038214 0.938633370002 -0.03) (-0.0289926838661 0.941201061245 -0.03) (-0.0272620196033 0.943773934499 -0.03) (-0.0255231683632 0.946352011763 -0.03) (-0.0237760871914 0.948935315147 -0.03) (-0.0220207328471 0.951523866867 -0.03) (-0.0202570618003 0.954117689252 -0.03) (-0.0184850302302 0.95671680474 -0.03) (-0.0167045940221 0.959321235879 -0.03) (-0.0149157087658 0.961931005331 -0.03) (-0.013118329753 0.964546135871 -0.03) (-0.0113124119748 0.967166650387 -0.03))
    polyLine 43 47 ((-0.049137324467 0.910724593057 0) (-0.0475016548504 0.913236703987 0) (-0.0458582921417 0.915753761858 0) (-0.0442071966583 0.918275787527 0) (-0.0425483284559 0.920802801953 0) (-0.0408816473275 0.923334826196 0) (-0.0392071128003 0.925871881415 0) (-0.0375246841348 0.928413988874 0) (-0.0358343203217 0.93096116994 0) (-0.0341359800805 0.933513446082 0) (-0.032429621857 0.936070838876 0) (-0.0307152038214 0.938633370002 0) (-0.0289926838661 0.941201061245 0) (-0.0272620196033 0.943773934499 0) (-0.0255231683632 0.946352011763 0) (-0.0237760871914 0.948935315147 0) (-0.0220207328471 0.951523866867 0) (-0.0202570618003 0.954117689252 0) (-0.0184850302302 0.95671680474 0) (-0.0167045940221 0.959321235879 0) (-0.0149157087658 0.961931005331 0) (-0.013118329753 0.964546135871 0) (-0.0113124119748 0.967166650387 0))
    polyLine 44 48 ((0.146133396435 0.454396301147 -0.03) (0.146440449631 0.455239922869 -0.03) (0.146747502827 0.456083544591 -0.03) (0.147054556023 0.456927166313 -0.03) (0.147361609219 0.457770788036 -0.03) (0.147668662415 0.458614409758 -0.03) (0.14797571561 0.45945803148 -0.03) (0.148282768806 0.460301653202 -0.03) (0.148589822002 0.461145274924 -0.03) (0.148896875198 0.461988896646 -0.03) (0.149203928394 0.462832518369 -0.03) (0.14951098159 0.463676140091 -0.03) (0.149818034786 0.464519761813 -0.03) (0.150125087981 0.465363383535 -0.03) (0.150432141177 0.466207005257 -0.03) (0.150739194373 0.46705062698 -0.03) (0.151046247569 0.467894248702 -0.03) (0.151353300765 0.468737870424 -0.03) (0.151660353961 0.469581492146 -0.03) (0.151967407157 0.470425113868 -0.03) (0.152274460352 0.47126873559 -0.03) (0.152581513548 0.472112357313 -0.03) (0.152888566744 0.472955979035 -0.03) (0.15319561994 0.473799600757 -0.03) (0.153502673136 0.474643222479 -0.03) (0.153809726332 0.475486844201 -0.03) (0.154116779528 0.476330465924 -0.03) (0.154423832723 0.477174087646 -0.03) (0.154730885919 0.478017709368 -0.03) (0.155037939115 0.47886133109 -0.03) (0.155344992311 0.479704952812 -0.03) (0.155652045507 0.480548574534 -0.03) (0.155959098703 0.481392196257 -0.03) (0.156266151899 0.482235817979 -0.03) (0.156573205094 0.483079439701 -0.03) (0.15688025829 0.483923061423 -0.03) (0.157187311486 0.484766683145 -0.03) (0.157494364682 0.485610304868 -0.03) (0.157801417878 0.48645392659 -0.03) (0.158108471074 0.487297548312 -0.03) (0.158415524269 0.488141170034 -0.03) (0.158722577465 0.488984791756 -0.03) (0.159029630661 0.489828413478 -0.03) (0.159336683857 0.490672035201 -0.03) (0.159643737053 0.491515656923 -0.03) (0.159950790249 0.492359278645 -0.03) (0.160257843445 0.493202900367 -0.03) (0.16056489664 0.494046522089 -0.03) (0.160871949836 0.494890143811 -0.03))
    polyLine 46 50 ((0.146133396435 0.454396301147 0) (0.146440449631 0.455239922869 0) (0.146747502827 0.456083544591 0) (0.147054556023 0.456927166313 0) (0.147361609219 0.457770788036 0) (0.147668662415 0.458614409758 0) (0.14797571561 0.45945803148 0) (0.148282768806 0.460301653202 0) (0.148589822002 0.461145274924 0) (0.148896875198 0.461988896646 0) (0.149203928394 0.462832518369 0) (0.14951098159 0.463676140091 0) (0.149818034786 0.464519761813 0) (0.150125087981 0.465363383535 0) (0.150432141177 0.466207005257 0) (0.150739194373 0.46705062698 0) (0.151046247569 0.467894248702 0) (0.151353300765 0.468737870424 0) (0.151660353961 0.469581492146 0) (0.151967407157 0.470425113868 0) (0.152274460352 0.47126873559 0) (0.152581513548 0.472112357313 0) (0.152888566744 0.472955979035 0) (0.15319561994 0.473799600757 0) (0.153502673136 0.474643222479 0) (0.153809726332 0.475486844201 0) (0.154116779528 0.476330465924 0) (0.154423832723 0.477174087646 0) (0.154730885919 0.478017709368 0) (0.155037939115 0.47886133109 0) (0.155344992311 0.479704952812 0) (0.155652045507 0.480548574534 0) (0.155959098703 0.481392196257 0) (0.156266151899 0.482235817979 0) (0.156573205094 0.483079439701 0) (0.15688025829 0.483923061423 0) (0.157187311486 0.484766683145 0) (0.157494364682 0.485610304868 0) (0.157801417878 0.48645392659 0) (0.158108471074 0.487297548312 0) (0.158415524269 0.488141170034 0) (0.158722577465 0.488984791756 0) (0.159029630661 0.489828413478 0) (0.159336683857 0.490672035201 0) (0.159643737053 0.491515656923 0) (0.159950790249 0.492359278645 0) (0.160257843445 0.493202900367 0) (0.16056489664 0.494046522089 0) (0.160871949836 0.494890143811 0))
    polyLine 45 49 ((-0.0079244198646 0.972064028638 -0.03) (-0.00634446772904 0.974339547789 -0.03) (-0.00475802400067 0.976619144346 -0.03) (-0.00316505879428 0.978902833388 -0.03) (-0.00156554205011 0.981190630055 -0.03) (4.05564673057e-05 0.983482549557 -0.03) (0.00165326717037 0.985778607169 -0.03) (0.00327262064964 0.988078818234 -0.03) (0.00489864767507 0.99038319816 -0.03) (0.00653137919725 0.992691762426 -0.03) (0.00817084634866 0.995004526577 -0.03) (0.00981708044495 0.997321506228 -0.03) (0.0114701129862 0.999642717062 -0.03) (0.0131299756583 1.00196817483 -0.03) (0.0147967003339 1.00429789536 -0.03) (0.0164703190743 1.00663189454 -0.03) (0.0181508641303 1.00897018834 -0.03) (0.0198383679438 1.01131279279 -0.03) (0.0215328631487 1.01365972399 -0.03) (0.023234382573 1.01601099814 -0.03) (0.0249429592394 1.01836663147 -0.03) (0.0266586263673 1.02072664032 -0.03) (0.0283814173738 1.02309104109 -0.03))
    polyLine 47 51 ((-0.0079244198646 0.972064028638 0) (-0.00634446772904 0.974339547789 0) (-0.00475802400067 0.976619144346 0) (-0.00316505879428 0.978902833388 0) (-0.00156554205011 0.981190630055 0) (4.05564673057e-05 0.983482549557 0) (0.00165326717037 0.985778607169 0) (0.00327262064964 0.988078818234 0) (0.00489864767507 0.99038319816 0) (0.00653137919725 0.992691762426 0) (0.00817084634866 0.995004526577 0) (0.00981708044495 0.997321506228 0) (0.0114701129862 0.999642717062 0) (0.0131299756583 1.00196817483 0) (0.0147967003339 1.00429789536 0) (0.0164703190743 1.00663189454 0) (0.0181508641303 1.00897018834 0) (0.0198383679438 1.01131279279 0) (0.0215328631487 1.01365972399 0) (0.023234382573 1.01601099814 0) (0.0249429592394 1.01836663147 0) (0.0266586263673 1.02072664032 0) (0.0283814173738 1.02309104109 0))
    polyLine 48 52 ((0.161179003032 0.495733765534 -0.03) (0.161486056228 0.496577387256 -0.03) (0.161793109424 0.497421008978 -0.03) (0.16210016262 0.4982646307 -0.03) (0.162407215816 0.499108252422 -0.03) (0.162714269011 0.499951874145 -0.03) (0.163021322207 0.500795495867 -0.03) (0.163328375403 0.501639117589 -0.03) (0.163635428599 0.502482739311 -0.03) (0.163942481795 0.503326361033 -0.03) (0.164249534991 0.504169982755 -0.03) (0.164556588187 0.505013604478 -0.03) (0.164863641382 0.5058572262 -0.03) (0.165170694578 0.506700847922 -0.03) (0.165477747774 0.507544469644 -0.03) (0.16578480097 0.508388091366 -0.03) (0.166091854166 0.509231713089 -0.03) (0.166398907362 0.510075334811 -0.03) (0.166705960558 0.510918956533 -0.03) (0.167013013753 0.511762578255 -0.03) (0.167320066949 0.512606199977 -0.03) (0.167627120145 0.513449821699 -0.03) (0.167934173341 0.514293443422 -0.03) (0.168241226537 0.515137065144 -0.03) (0.168548279733 0.515980686866 -0.03) (0.168855332929 0.516824308588 -0.03) (0.169162386124 0.51766793031 -0.03) (0.16946943932 0.518511552033 -0.03) (0.169776492516 0.519355173755 -0.03) (0.170083545712 0.520198795477 -0.03) (0.170390598908 0.521042417199 -0.03) (0.170699473636 0.521881307986 -0.03) (0.171014589116 0.52271787453 -0.03) (0.171335927861 0.523552070407 -0.03) (0.171663472038 0.524383849321 -0.03) (0.171997203469 0.525213165112 -0.03) (0.172337103633 0.526039971757 -0.03) (0.172683153669 0.526864223371 -0.03) (0.17303533437 0.527685874211 -0.03) (0.173393626192 0.528504878679 -0.03) (0.173758009253 0.529321191325 -0.03) (0.174128463329 0.530134766845 -0.03) (0.174504967863 0.530945560089 -0.03) (0.17488750196 0.531753526063 -0.03) (0.17527604439 0.532558619927 -0.03) (0.175670573592 0.533360797001 -0.03) (0.17607106767 0.534160012768 -0.03) (0.176477504399 0.534956222876 -0.03))
    polyLine 50 54 ((0.161179003032 0.495733765534 0) (0.161486056228 0.496577387256 0) (0.161793109424 0.497421008978 0) (0.16210016262 0.4982646307 0) (0.162407215816 0.499108252422 0) (0.162714269011 0.499951874145 0) (0.163021322207 0.500795495867 0) (0.163328375403 0.501639117589 0) (0.163635428599 0.502482739311 0) (0.163942481795 0.503326361033 0) (0.164249534991 0.504169982755 0) (0.164556588187 0.505013604478 0) (0.164863641382 0.5058572262 0) (0.165170694578 0.506700847922 0) (0.165477747774 0.507544469644 0) (0.16578480097 0.508388091366 0) (0.166091854166 0.509231713089 0) (0.166398907362 0.510075334811 0) (0.166705960558 0.510918956533 0) (0.167013013753 0.511762578255 0) (0.167320066949 0.512606199977 0) (0.167627120145 0.513449821699 0) (0.167934173341 0.514293443422 0) (0.168241226537 0.515137065144 0) (0.168548279733 0.515980686866 0) (0.168855332929 0.516824308588 0) (0.169162386124 0.51766793031 0) (0.16946943932 0.518511552033 0) (0.169776492516 0.519355173755 0) (0.170083545712 0.520198795477 0) (0.170390598908 0.521042417199 0) (0.170699473636 0.521881307986 0) (0.171014589116 0.52271787453 0) (0.171335927861 0.523552070407 0) (0.171663472038 0.524383849321 0) (0.171997203469 0.525213165112 0) (0.172337103633 0.526039971757 0) (0.172683153669 0.526864223371 0) (0.17303533437 0.527685874211 0) (0.173393626192 0.528504878679 0) (0.173758009253 0.529321191325 0) (0.174128463329 0.530134766845 0) (0.174504967863 0.530945560089 0) (0.17488750196 0.531753526063 0) (0.17527604439 0.532558619927 0) (0.175670573592 0.533360797001 0) (0.17607106767 0.534160012768 0) (0.176477504399 0.534956222876 0))
    polyLine 49 53 ((0.0316735336571 1.02759428719 -0.03) (0.0332415442049 1.02973231616 -0.03) (0.0348154223996 1.03187394929 -0.03) (0.0363951932562 1.03401919877 -0.03) (0.0379808819247 1.03616807684 -0.03) (0.0395725136905 1.03832059579 -0.03) (0.0411701139758 1.04047676797 -0.03) (0.0427737083399 1.04263660577 -0.03) (0.0443833224808 1.04480012164 -0.03) (0.0459989822352 1.04696732806 -0.03) (0.0476207135804 1.04913823759 -0.03) (0.0492485426343 1.05131286282 -0.03) (0.0508824956568 1.05349121641 -0.03) (0.0525225990507 1.05567331106 -0.03) (0.0541688793624 1.05785915953 -0.03) (0.0558213632832 1.06004877462 -0.03) (0.0574800776497 1.06224216921 -0.03) (0.0591450494454 1.0644393562 -0.03) (0.0608163058011 1.06664034857 -0.03) (0.0624938739961 1.06884515934 -0.03) (0.0641777814593 1.0710538016 -0.03) (0.0658680557697 1.07326628848 -0.03) (0.0675647246582 1.07548263316 -0.03))
    polyLine 51 55 ((0.0316735336571 1.02759428719 0) (0.0332415442049 1.02973231616 0) (0.0348154223996 1.03187394929 0) (0.0363951932562 1.03401919877 0) (0.0379808819247 1.03616807684 0) (0.0395725136905 1.03832059579 0) (0.0411701139758 1.04047676797 0) (0.0427737083399 1.04263660577 0) (0.0443833224808 1.04480012164 0) (0.0459989822352 1.04696732806 0) (0.0476207135804 1.04913823759 0) (0.0492485426343 1.05131286282 0) (0.0508824956568 1.05349121641 0) (0.0525225990507 1.05567331106 0) (0.0541688793624 1.05785915953 0) (0.0558213632832 1.06004877462 0) (0.0574800776497 1.06224216921 0) (0.0591450494454 1.0644393562 0) (0.0608163058011 1.06664034857 0) (0.0624938739961 1.06884515934 0) (0.0641777814593 1.0710538016 0) (0.0658680557697 1.07326628848 0) (0.0675647246582 1.07548263316 0))
    polyLine 52 56 ((0.176889861223 0.535749383136 -0.03) (0.177308115258 0.536539449534 -0.03) (0.177732243293 0.537326378221 -0.03) (0.17816222179 0.538110125529 -0.03) (0.178598026887 0.538890647961 -0.03) (0.179039634398 0.539667902202 -0.03) (0.179487019817 0.540441845117 -0.03) (0.179940158316 0.541212433757 -0.03) (0.180399024746 0.541979625355 -0.03) (0.180863593643 0.542743377337 -0.03) (0.181333839225 0.543503647317 -0.03) (0.181809735395 0.544260393103 -0.03) (0.182291255743 0.545013572699 -0.03) (0.182778373547 0.545763144306 -0.03) (0.183271061774 0.546509066327 -0.03) (0.183769293081 0.547251297365 -0.03) (0.184273039818 0.547989796231 -0.03) (0.18478227403 0.54872452194 -0.03) (0.185296967456 0.549455433717 -0.03) (0.185817091533 0.550182491001 -0.03) (0.186342617396 0.550905653443 -0.03) (0.186873515881 0.551624880909 -0.03) (0.187409757524 0.552340133486 -0.03) (0.187951312567 0.553051371481 -0.03) (0.188498150956 0.553758555422 -0.03) (0.189050242342 0.554461646064 -0.03) (0.189607556088 0.555160604387 -0.03) (0.190170061265 0.555855391603 -0.03) (0.190737726656 0.556545969154 -0.03) (0.191310520758 0.557232298715 -0.03) (0.191888411782 0.557914342199 -0.03) (0.19247136766 0.558592061753 -0.03) (0.193059356038 0.559265419769 -0.03) (0.193652344286 0.559934378876 -0.03) (0.194250299495 0.560598901951 -0.03) (0.194853188482 0.561258952115 -0.03) (0.195460977788 0.561914492738 -0.03) (0.196073633684 0.562565487441 -0.03) (0.19669112217 0.563211900095 -0.03) (0.197313408977 0.563853694828 -0.03) (0.197940459572 0.564490836022 -0.03) (0.198572239155 0.565123288319 -0.03) (0.199208712666 0.56575101662 -0.03) (0.199849844782 0.566373986089 -0.03) (0.200495599923 0.566992162153 -0.03) (0.201145942254 0.567605510507 -0.03) (0.201800835681 0.568213997112 -0.03) (0.202460243862 0.568817588199 -0.03) (0.203124130202 0.569416250272 -0.03))
    polyLine 54 58 ((0.176889861223 0.535749383136 0) (0.177308115258 0.536539449534 0) (0.177732243293 0.537326378221 0) (0.17816222179 0.538110125529 0) (0.178598026887 0.538890647961 0) (0.179039634398 0.539667902202 0) (0.179487019817 0.540441845117 0) (0.179940158316 0.541212433757 0) (0.180399024746 0.541979625355 0) (0.180863593643 0.542743377337 0) (0.181333839225 0.543503647317 0) (0.181809735395 0.544260393103 0) (0.182291255743 0.545013572699 0) (0.182778373547 0.545763144306 0) (0.183271061774 0.546509066327 0) (0.183769293081 0.547251297365 0) (0.184273039818 0.547989796231 0) (0.18478227403 0.54872452194 0) (0.185296967456 0.549455433717 0) (0.185817091533 0.550182491001 0) (0.186342617396 0.550905653443 0) (0.186873515881 0.551624880909 0) (0.187409757524 0.552340133486 0) (0.187951312567 0.553051371481 0) (0.188498150956 0.553758555422 0) (0.189050242342 0.554461646064 0) (0.189607556088 0.555160604387 0) (0.190170061265 0.555855391603 0) (0.190737726656 0.556545969154 0) (0.191310520758 0.557232298715 0) (0.191888411782 0.557914342199 0) (0.19247136766 0.558592061753 0) (0.193059356038 0.559265419769 0) (0.193652344286 0.559934378876 0) (0.194250299495 0.560598901951 0) (0.194853188482 0.561258952115 0) (0.195460977788 0.561914492738 0) (0.196073633684 0.562565487441 0) (0.19669112217 0.563211900095 0) (0.197313408977 0.563853694828 0) (0.197940459572 0.564490836022 0) (0.198572239155 0.565123288319 0) (0.199208712666 0.56575101662 0) (0.199849844782 0.566373986089 0) (0.200495599923 0.566992162153 0) (0.201145942254 0.567605510507 0) (0.201800835681 0.568213997112 0) (0.202460243862 0.568817588199 0) (0.203124130202 0.569416250272 0))
    polyLine 53 57 ((0.0713887365495 1.08046147577 -0.03) (0.0735196303543 1.08322610143 -0.03) (0.0756605515845 1.08599675149 -0.03) (0.0778115547739 1.08877345172 -0.03) (0.0799726948305 1.091556228 -0.03) (0.0821440270393 1.09434510636 -0.03) (0.0843256070661 1.09714011297 -0.03) (0.0865174909597 1.09994127413 -0.03) (0.0887197351558 1.1027486163 -0.03) (0.0909323964799 1.10556216606 -0.03) (0.0931555321506 1.10838195014 -0.03) (0.0953891997826 1.11120799541 -0.03) (0.0976334573904 1.11404032889 -0.03) (0.0998883633913 1.11687897774 -0.03) (0.102153976609 1.11972396927 -0.03) (0.104430356277 1.12257533093 -0.03) (0.106717562041 1.12543309034 -0.03) (0.109015653964 1.12829727523 -0.03) (0.111324692529 1.13116791353 -0.03) (0.113644738642 1.13404503328 -0.03) (0.115975853638 1.13692866269 -0.03) (0.118318099279 1.13981883013 -0.03) (0.120671537764 1.14271556411 -0.03))
    polyLine 55 59 ((0.0713887365495 1.08046147577 0) (0.0735196303543 1.08322610143 0) (0.0756605515845 1.08599675149 0) (0.0778115547739 1.08877345172 0) (0.0799726948305 1.091556228 0) (0.0821440270393 1.09434510636 0) (0.0843256070661 1.09714011297 0) (0.0865174909597 1.09994127413 0) (0.0887197351558 1.1027486163 0) (0.0909323964799 1.10556216606 0) (0.0931555321506 1.10838195014 0) (0.0953891997826 1.11120799541 0) (0.0976334573904 1.11404032889 0) (0.0998883633913 1.11687897774 0) (0.102153976609 1.11972396927 0) (0.104430356277 1.12257533093 0) (0.106717562041 1.12543309034 0) (0.109015653964 1.12829727523 0) (0.111324692529 1.13116791353 0) (0.113644738642 1.13404503328 0) (0.115975853638 1.13692866269 0) (0.118318099279 1.13981883013 0) (0.120671537764 1.14271556411 0))
    polyLine 56 60 ((0.203792457857 0.570009950107 -0.03) (0.204465189739 0.570598654757 -0.03) (0.205142288514 0.57118233155 -0.03) (0.205823716605 0.571760948095 -0.03) (0.206509436196 0.572334472282 -0.03) (0.207199409232 0.572902872281 -0.03) (0.207893597423 0.573466116549 -0.03) (0.208591962243 0.574024173828 -0.03) (0.209294464937 0.574577013149 -0.03) (0.210001066519 0.575124603831 -0.03) (0.210711727774 0.575666915484 -0.03) (0.211426409265 0.576203918014 -0.03) (0.212145071328 0.576735581617 -0.03) (0.212867674083 0.57726187679 -0.03) (0.213594177426 0.577782774325 -0.03) (0.21432454104 0.578298245315 -0.03) (0.215058724393 0.578808261152 -0.03) (0.21579668674 0.579312793533 -0.03) (0.216538387128 0.579811814458 -0.03) (0.217283784395 0.580305296234 -0.03) (0.218032837176 0.580793211475 -0.03) (0.218785503899 0.581275533103 -0.03) (0.219541742796 0.581752234352 -0.03) (0.220301511898 0.582223288766 -0.03) (0.221064769042 0.582688670204 -0.03) (0.221831471868 0.583148352838 -0.03) (0.22260157783 0.58360231116 -0.03) (0.223375044188 0.584050519975 -0.03) (0.22415182802 0.58449295441 -0.03) (0.224931886215 0.584929589912 -0.03) (0.225715175485 0.585360402248 -0.03) (0.226501652359 0.585785367512 -0.03) (0.227291273193 0.586204462118 -0.03) (0.228083994164 0.58661766281 -0.03) (0.22887977128 0.587024946655 -0.03) (0.229678560379 0.587426291052 -0.03) (0.230480317132 0.587821673727 -0.03) (0.231284997043 0.588211072739 -0.03) (0.232092555456 0.588594466476 -0.03) (0.232902947556 0.588971833663 -0.03) (0.233716128369 0.589343153357 -0.03) (0.234532052767 0.589708404952 -0.03) (0.235350675468 0.590067568177 -0.03) (0.236171951044 0.5904206231 -0.03) (0.236995833916 0.590767550128 -0.03) (0.237822278362 0.591108330008 -0.03) (0.238651238518 0.591442943829 -0.03) (0.239482668381 0.59177137302 -0.03) (0.240316521808 0.592093599355 -0.03))
    polyLine 58 62 ((0.203792457857 0.570009950107 0) (0.204465189739 0.570598654757 0) (0.205142288514 0.57118233155 0) (0.205823716605 0.571760948095 0) (0.206509436196 0.572334472282 0) (0.207199409232 0.572902872281 0) (0.207893597423 0.573466116549 0) (0.208591962243 0.574024173828 0) (0.209294464937 0.574577013149 0) (0.210001066519 0.575124603831 0) (0.210711727774 0.575666915484 0) (0.211426409265 0.576203918014 0) (0.212145071328 0.576735581617 0) (0.212867674083 0.57726187679 0) (0.213594177426 0.577782774325 0) (0.21432454104 0.578298245315 0) (0.215058724393 0.578808261152 0) (0.21579668674 0.579312793533 0) (0.216538387128 0.579811814458 0) (0.217283784395 0.580305296234 0) (0.218032837176 0.580793211475 0) (0.218785503899 0.581275533103 0) (0.219541742796 0.581752234352 0) (0.220301511898 0.582223288766 0) (0.221064769042 0.582688670204 0) (0.221831471868 0.583148352838 0) (0.22260157783 0.58360231116 0) (0.223375044188 0.584050519975 0) (0.22415182802 0.58449295441 0) (0.224931886215 0.584929589912 0) (0.225715175485 0.585360402248 0) (0.226501652359 0.585785367512 0) (0.227291273193 0.586204462118 0) (0.228083994164 0.58661766281 0) (0.22887977128 0.587024946655 0) (0.229678560379 0.587426291052 0) (0.230480317132 0.587821673727 0) (0.231284997043 0.588211072739 0) (0.232092555456 0.588594466476 0) (0.232902947556 0.588971833663 0) (0.233716128369 0.589343153357 0) (0.234532052767 0.589708404952 0) (0.235350675468 0.590067568177 0) (0.236171951044 0.5904206231 0) (0.236995833916 0.590767550128 0) (0.237822278362 0.591108330008 0) (0.238651238518 0.591442943829 0) (0.239482668381 0.59177137302 0) (0.240316521808 0.592093599355 0))
    polyLine 57 61 ((0.125830573307 1.14904043251 -0.03) (0.128640660016 1.15247117304 -0.03) (0.131466595978 1.15591116233 -0.03) (0.134308486184 1.15936044813 -0.03) (0.137166436501 1.16281907847 -0.03) (0.140040553682 1.16628710173 -0.03) (0.142930945373 1.16976456658 -0.03) (0.145837720124 1.17325152202 -0.03) (0.148760987395 1.17674801736 -0.03) (0.151700857569 1.18025410227 -0.03) (0.154657441961 1.1837698267 -0.03) (0.157630852824 1.18729524098 -0.03) (0.160621203361 1.19083039573 -0.03) (0.163628607734 1.19437534193 -0.03) (0.166653181076 1.1979301309 -0.03) (0.169695039497 1.20149481431 -0.03) (0.172754300097 1.20506944415 -0.03) (0.175831080975 1.20865407279 -0.03) (0.178925501238 1.21224875293 -0.03) (0.182037681016 1.21585353764 -0.03) (0.185167741466 1.21946848035 -0.03) (0.188315804788 1.22309363483 -0.03) (0.191481994232 1.22672905524 -0.03))
    polyLine 59 63 ((0.125830573307 1.14904043251 0) (0.128640660016 1.15247117304 0) (0.131466595978 1.15591116233 0) (0.134308486184 1.15936044813 0) (0.137166436501 1.16281907847 0) (0.140040553682 1.16628710173 0) (0.142930945373 1.16976456658 0) (0.145837720124 1.17325152202 0) (0.148760987395 1.17674801736 0) (0.151700857569 1.18025410227 0) (0.154657441961 1.1837698267 0) (0.157630852824 1.18729524098 0) (0.160621203361 1.19083039573 0) (0.163628607734 1.19437534193 0) (0.166653181076 1.1979301309 0) (0.169695039497 1.20149481431 0) (0.172754300097 1.20506944415 0) (0.175831080975 1.20865407279 0) (0.178925501238 1.21224875293 0) (0.182037681016 1.21585353764 0) (0.185167741466 1.21946848035 0) (0.188315804788 1.22309363483 0) (0.191481994232 1.22672905524 0))
    polyLine 60 64 ((0.241152752525 0.592409604952 -0.03) (0.241991314125 0.592719372273 -0.03) (0.24283216007 0.593022884129 -0.03) (0.243675243696 0.593320123675 -0.03) (0.244520518218 0.593611074415 -0.03) (0.245367936724 0.593895720204 -0.03) (0.246217452187 0.594174045244 -0.03) (0.247069017462 0.59444603409 -0.03) (0.24792258529 0.594711671647 -0.03) (0.248778108303 0.594970943173 -0.03) (0.249635539022 0.59522383428 -0.03) (0.250494829863 0.595470330934 -0.03) (0.251355933139 0.595710419454 -0.03) (0.252218801062 0.595944086518 -0.03) (0.253083385747 0.596171319157 -0.03) (0.253949639212 0.596392104761 -0.03) (0.254817513385 0.596606431077 -0.03) (0.255686960101 0.596814286212 -0.03) (0.256557931111 0.597015658629 -0.03) (0.257430378078 0.597210537153 -0.03) (0.258304252585 0.597398910971 -0.03) (0.259179506136 0.597580769627 -0.03) (0.260056090158 0.597756103029 -0.03) (0.260933956004 0.597924901447 -0.03) (0.261813054957 0.598087155513 -0.03) (0.262693338228 0.598242856223 -0.03) (0.263574756967 0.598391994936 -0.03) (0.264457262259 0.598534563376 -0.03) (0.265340805127 0.59867055363 -0.03) (0.26622533654 0.598799958152 -0.03) (0.267110807408 0.598922769759 -0.03) (0.267997168592 0.599038981638 -0.03) (0.268884370903 0.599148587338 -0.03) (0.269772365104 0.599251580777 -0.03) (0.270661101915 0.599347956238 -0.03) (0.271550532016 0.599437708374 -0.03) (0.272440606046 0.599520832204 -0.03) (0.273331274609 0.599597323115 -0.03) (0.274222488278 0.599667176861 -0.03) (0.275114197594 0.599730389566 -0.03) (0.27600635307 0.599786957722 -0.03) (0.276898905195 0.59983687819 -0.03) (0.277791804437 0.599880148199 -0.03) (0.278685001243 0.599916765348 -0.03) (0.279578446044 0.599946727606 -0.03) (0.280472089258 0.599970033308 -0.03) (0.281365881291 0.599986681162 -0.03) (0.282259772541 0.599996670244 -0.03))
    polyLine 62 66 ((0.241152752525 0.592409604952 0) (0.241991314125 0.592719372273 0) (0.24283216007 0.593022884129 0) (0.243675243696 0.593320123675 0) (0.244520518218 0.593611074415 0) (0.245367936724 0.593895720204 0) (0.246217452187 0.594174045244 0) (0.247069017462 0.59444603409 0) (0.24792258529 0.594711671647 0) (0.248778108303 0.594970943173 0) (0.249635539022 0.59522383428 0) (0.250494829863 0.595470330934 0) (0.251355933139 0.595710419454 0) (0.252218801062 0.595944086518 0) (0.253083385747 0.596171319157 0) (0.253949639212 0.596392104761 0) (0.254817513385 0.596606431077 0) (0.255686960101 0.596814286212 0) (0.256557931111 0.597015658629 0) (0.257430378078 0.597210537153 0) (0.258304252585 0.597398910971 0) (0.259179506136 0.597580769627 0) (0.260056090158 0.597756103029 0) (0.260933956004 0.597924901447 0) (0.261813054957 0.598087155513 0) (0.262693338228 0.598242856223 0) (0.263574756967 0.598391994936 0) (0.264457262259 0.598534563376 0) (0.265340805127 0.59867055363 0) (0.26622533654 0.598799958152 0) (0.267110807408 0.598922769759 0) (0.267997168592 0.599038981638 0) (0.268884370903 0.599148587338 0) (0.269772365104 0.599251580777 0) (0.270661101915 0.599347956238 0) (0.271550532016 0.599437708374 0) (0.272440606046 0.599520832204 0) (0.273331274609 0.599597323115 0) (0.274222488278 0.599667176861 0) (0.275114197594 0.599730389566 0) (0.27600635307 0.599786957722 0) (0.276898905195 0.59983687819 0) (0.277791804437 0.599880148199 0) (0.278685001243 0.599916765348 0) (0.279578446044 0.599946727606 0) (0.280472089258 0.599970033308 0) (0.281365881291 0.599986681162 0) (0.282259772541 0.599996670244 0))
    polyLine 61 65 ((0.198095589501 1.23428888421 -0.03) (0.201545956324 1.23821492889 -0.03) (0.205017691201 1.24215299846 -0.03) (0.208510952205 1.24610316172 -0.03) (0.212025898882 1.25006548798 -0.03) (0.21556269227 1.25404004709 -0.03) (0.21912149491 1.25802690939 -0.03) (0.222702470866 1.26202614575 -0.03) (0.226305785745 1.26603782758 -0.03) (0.229931606708 1.27006202681 -0.03) (0.233580102495 1.27409881591 -0.03) (0.237251443436 1.2781482679 -0.03) (0.240945801474 1.28221045636 -0.03) (0.244663350182 1.2862854554 -0.03) (0.24840426478 1.29037333971 -0.03) (0.252168722158 1.29447418454 -0.03) (0.255956900888 1.29858806572 -0.03) (0.259768981252 1.30271505965 -0.03) (0.263605145256 1.30685524331 -0.03) (0.267465576651 1.31100869429 -0.03) (0.271350460955 1.31517549075 -0.03) (0.275259985469 1.31935571146 -0.03) (0.279194339306 1.32354943582 -0.03))
    polyLine 63 67 ((0.198095589501 1.23428888421 0) (0.201545956324 1.23821492889 0) (0.205017691201 1.24215299846 0) (0.208510952205 1.24610316172 0) (0.212025898882 1.25006548798 0) (0.21556269227 1.25404004709 0) (0.21912149491 1.25802690939 0) (0.222702470866 1.26202614575 0) (0.226305785745 1.26603782758 0) (0.229931606708 1.27006202681 0) (0.233580102495 1.27409881591 0) (0.237251443436 1.2781482679 0) (0.240945801474 1.28221045636 0) (0.244663350182 1.2862854554 0) (0.24840426478 1.29037333971 0) (0.252168722158 1.29447418454 0) (0.255956900888 1.29858806572 0) (0.259768981252 1.30271505965 0) (0.263605145256 1.30685524331 0) (0.267465576651 1.31100869429 0) (0.271350460955 1.31517549075 0) (0.275259985469 1.31935571146 0) (0.279194339306 1.32354943582 0))
);

boundary
(
    body_fore
    {
        type wall;
        faces
        (
            (0 2 6 4)
            (4 6 10 8)
            (8 10 14 12)
            (12 14 18 16)
            (16 18 22 20)
            (20 22 26 24)
            (24 26 30 28)
            (28 30 34 32)
            (32 34 38 36)
            (36 38 42 40)
            (40 42 46 44)
            (44 46 50 48)
            (48 50 54 52)
            (52 54 58 56)
            (56 58 62 60)
            (60 62 66 64)
        );
    }
    freestream
    {
        type patch;
        faces
        (
            (1 5 7 3)
            (5 9 11 7)
            (9 13 15 11)
            (13 17 19 15)
            (17 21 23 19)
            (21 25 27 23)
            (25 29 31 27)
            (29 33 35 31)
            (33 37 39 35)
            (37 41 43 39)
            (41 45 47 43)
            (45 49 51 47)
            (49 53 55 51)
            (53 57 59 55)
            (57 61 63 59)
            (61 65 67 63)
        );
    }
    outlet
    {
        type patch;
        faces
        (
            (64 66 67 65)
        );
    }
    axis
    {
        type patch;
        faces
        (
            (0 1 3 2)
        );
    }
    front
    {
        type patch;
        faces
        (
            (2 6 7 3)
            (6 10 11 7)
            (10 14 15 11)
            (14 18 19 15)
            (18 22 23 19)
            (22 26 27 23)
            (26 30 31 27)
            (30 34 35 31)
            (34 38 39 35)
            (38 42 43 39)
            (42 46 47 43)
            (46 50 51 47)
            (50 54 55 51)
            (54 58 59 55)
            (58 62 63 59)
            (62 66 67 63)
        );
    }
    back
    {
        type patch;
        faces
        (
            (0 1 5 4)
            (4 5 9 8)
            (8 9 13 12)
            (12 13 17 16)
            (16 17 21 20)
            (20 21 25 24)
            (24 25 29 28)
            (28 29 33 32)
            (32 33 37 36)
            (36 37 41 40)
            (40 41 45 44)
            (44 45 49 48)
            (48 49 53 52)
            (52 53 57 56)
            (56 57 61 60)
            (60 61 65 64)
        );
    }
);
