FoamFile
{
    version     2.0;
    format      ascii;
    class       dictionary;
    object      blockMeshDict;
}
// Generated by aether.cfd - do not edit by hand. Regenerate from the run config.

scale 1;

vertices
(
    (0 0 -0.03)
    (-0.344293220697 7.18165843592e-17 -0.03)
    (0 0 0)
    (-0.344293220697 7.18165843592e-17 0)
    (0.000976993036501 0.0429304377369 -0.03)
    (-0.340410222182 0.103703796096 -0.03)
    (0.000976993036501 0.0429304377369 0)
    (-0.340410222182 0.103703796096 0)
    (0.00390572752914 0.0857719980876 -0.03)
    (-0.329025925114 0.205641270946 -0.03)
    (0.00390572752914 0.0857719980876 0)
    (-0.329025925114 0.205641270946 0)
    (0.00878014079478 0.128435997801 -0.03)
    (-0.310853794011 0.304360053145 -0.03)
    (0.00878014079478 0.128435997801 0)
    (-0.310853794011 0.304360053145 0)
    (0.0155901427704 0.17083412116 -0.03)
    (-0.286861026136 0.398909382773 -0.03)
    (0.0155901427704 0.17083412116 0)
    (-0.286861026136 0.398909382773 0)
    (0.0243218477222 0.212878553916 -0.03)
    (-0.258057401101 0.488862102416 -0.03)
    (0.0243218477222 0.212878553916 0)
    (-0.258057401101 0.488862102416 0)
    (0.0349569715066 0.254482290816 -0.03)
    (-0.22534328535 0.574218045772 -0.03)
    (0.0349569715066 0.254482290816 0)
    (-0.22534328535 0.574218045772 0)
    (0.0474734934039 0.29555921199 -0.03)
    (-0.189435783397 0.655266635875 -0.03)
    (0.0474734934039 0.29555921199 0)
    (-0.189435783397 0.655266635875 0)
    (0.0617631931802 0.33605479346 -0.03)
    (-0.150926797819 0.732325196929 -0.03)
    (0.0617631931802 0.33605479346 0)
    (-0.150926797819 0.732325196929 0)
    (0.0765047122396 0.376390668771 -0.03)
    (-0.111502462613 0.803635621151 -0.03)
    (0.0765047122396 0.376390668771 0)
    (-0.111502462613 0.803635621151 0)
    (0.091246231299 0.416726544082 -0.03)
    (-0.0723874602238 0.868656092768 -0.03)
    (0.091246231299 0.416726544082 0)
    (-0.0723874602238 0.868656092768 0)
    (0.105987750358 0.457062419394 -0.03)
    (-0.0342180383913 0.927754350922 -0.03)
    (0.105987750358 0.457062419394 0)
    (-0.0342180383913 0.927754350922 0)
    (0.120729269418 0.497398294705 -0.03)
    (0.00259193956567 0.981411186162 -0.03)
    (0.120729269418 0.497398294705 0)
    (0.00259193956567 0.981411186162 0)
    (0.136661515741 0.537231685018 -0.03)
    (0.0394519576423 1.03237699946 -0.03)
    (0.136661515741 0.537231685018 0)
    (0.0394519576423 1.03237699946 0)
    (0.163391430141 0.570551324525 -0.03)
    (0.0904533442395 1.09904669236 -0.03)
    (0.163391430141 0.570551324525 0)
    (0.0904533442395 1.09904669236 0)
    (0.200099285401 0.592396824976 -0.03)
    (0.158266510777 1.18195199889 -0.03)
    (0.200099285401 0.592396824976 0)
    (0.158266510777 1.18195199889 0)
    (0.242133693653 0.6 -0.03)
    (0.242133693653 1.27716307138 -0.03)
    (0.242133693653 0.6 0)
    (0.242133693653 1.27716307138 0)
);

blocks
(
    hex (0 4 5 1 2 6 7 3) (4 48 1) simpleGrading (1 4 1)
    hex (4 8 9 5 6 10 11 7) (4 48 1) simpleGrading (1 4 1)
    hex (8 12 13 9 10 14 15 11) (4 48 1) simpleGrading (1 4 1)
    hex (12 16 17 13 14 18 19 15) (4 48 1) simpleGrading (1 4 1)
    hex (16 20 21 17 18 22 23 19) (4 48 1) simpleGrading (1 4 1)
    hex (20 24 25 21 22 26 27 23) (4 48 1) simpleGrading (1 4 1)
    hex (24 28 29 25 26 30 31 27) (4 48 1) simpleGrading (1 4 1)
    hex (28 32 33 29 30 34 35 31) (4 48 1) simpleGrading (1 4 1)
    hex (32 36 37 33 34 38 39 35) (4 48 1) simpleGrading (1 4 1)
    hex (36 40 41 37 38 42 43 39) (4 48 1) simpleGrading (1 4 1)
    hex (40 44 45 41 42 46 47 43) (4 48 1) simpleGrading (1 4 1)
    hex (44 48 49 45 46 50 51 47) (4 48 1) simpleGrading (1 4 1)
    hex (48 52 53 49 50 54 55 51) (4 48 1) simpleGrading (1 4 1)
    hex (52 56 57 53 54 58 59 55) (4 48 1) simpleGrading (1 4 1)
    hex (56 60 61 57 58 62 63 59) (4 48 1) simpleGrading (1 4 1)
    hex (60 64 65 61 62 66 67 63) (4 48 1) simpleGrading (1 4 1)
);

edges
(
    polyLine 0 4 ((4.47029890033e-07 0.000918583831041 -0.03) (1.78811913671e-06 0.00183716679189 -0.03) (4.02326646947e-06 0.00275574801236 -0.03) (7.152469771e-06 0.00367432662227 -0.03) (1.1175726077e-05 0.00459290175142 -0.03) (1.6093031576e-05 0.00551147252964 -0.03) (2.190438161e-05 0.00643003808674 -0.03) (2.86097706737e-05 0.00734859755256 -0.03) (3.62091924148e-05 0.00826715005692 -0.03) (4.47026396345e-05 0.00918569472967 -0.03) (5.40901042866e-05 0.0101042307007 -0.03) (6.43715774784e-05 0.0110227570997 -0.03) (7.55470494699e-05 0.0119412730568 -0.03) (8.76165096745e-05 0.0128597777016 -0.03) (0.000100579946659 0.0137782701642 -0.03) (0.000114437348142 0.0146967495743 -0.03) (0.000129188700996 0.015615215062 -0.03) (0.000144833991248 0.0165336657572 -0.03) (0.000161373204076 0.0174521007897 -0.03) (0.000178806323813 0.0183705192895 -0.03) (0.000197133333944 0.0192889203866 -0.03) (0.000216354217107 0.020207303211 -0.03) (0.000236468955093 0.0211256668927 -0.03) (0.000257477528849 0.0220440105616 -0.03) (0.000279379918472 0.0229623333479 -0.03) (0.000302176103214 0.0238806343816 -0.03) (0.000325866061479 0.0247989127927 -0.03) (0.000350449770826 0.0257171677114 -0.03) (0.000375927207965 0.0266353982678 -0.03) (0.000402298348763 0.027553603592 -0.03) (0.000429563168236 0.0284717828142 -0.03) (0.000457721640557 0.0293899350646 -0.03) (0.00048677373905 0.0303080594735 -0.03) (0.000516719436195 0.0312261551709 -0.03) (0.000547558703622 0.0321442212873 -0.03) (0.000579291512117 0.0330622569529 -0.03) (0.00061191783162 0.0339802612981 -0.03) (0.000645437631223 0.0348982334532 -0.03) (0.000679850879171 0.0358161725486 -0.03) (0.000715157542865 0.0367340777147 -0.03) (0.000751357588858 0.037651948082 -0.03) (0.000788450982857 0.038569782781 -0.03) (0.000826437689723 0.0394875809421 -0.03) (0.000865317673471 0.040405341696 -0.03) (0.000905090897268 0.0413230641732 -0.03) (0.000945757323438 0.0422407475043 -0.03))
    polyLine 2 6 ((4.47029890033e-07 0.000918583831041 0) (1.78811913671e-06 0.00183716679189 0) (4.02326646947e-06 0.00275574801236 0) (7.152469771e-06 0.00367432662227 0) (1.1175726077e-05 0.00459290175142 0) (1.6093031576e-05 0.00551147252964 0) (2.190438161e-05 0.00643003808674 0) (2.86097706737e-05 0.00734859755256 0) (3.62091924148e-05 0.00826715005692 0) (4.47026396345e-05 0.00918569472967 0) (5.40901042866e-05 0.0101042307007 0) (6.43715774784e-05 0.0110227570997 0) (7.55470494699e-05 0.0119412730568 0) (8.76165096745e-05 0.0128597777016 0) (0.000100579946659 0.0137782701642 0) (0.000114437348142 0.0146967495743 0) (0.000129188700996 0.015615215062 0) (0.000144833991248 0.0165336657572 0) (0.000161373204076 0.0174521007897 0) (0.000178806323813 0.0183705192895 0) (0.000197133333944 0.0192889203866 0) (0.000216354217107 0.020207303211 0) (0.000236468955093 0.0211256668927 0) (0.000257477528849 0.0220440105616 0) (0.000279379918472 0.0229623333479 0) (0.000302176103214 0.0238806343816 0) (0.000325866061479 0.0247989127927 0) (0.000350449770826 0.0257171677114 0) (0.000375927207965 0.0266353982678 0) (0.000402298348763 0.027553603592 0) (0.000429563168236 0.0284717828142 0) (0.000457721640557 0.0293899350646 0) (0.00048677373905 0.0303080594735 0) (0.000516719436195 0.0312261551709 0) (0.000547558703622 0.0321442212873 0) (0.000579291512117 0.0330622569529 0) (0.00061191783162 0.0339802612981 0) (0.000645437631223 0.0348982334532 0) (0.000679850879171 0.0358161725486 0) (0.000715157542865 0.0367340777147 0) (0.000751357588858 0.037651948082 0) (0.000788450982857 0.038569782781 0) (0.000826437689723 0.0394875809421 0) (0.000865317673471 0.040405341696 0) (0.000905090897268 0.0413230641732 0) (0.000945757323438 0.0422407475043 0))
    polyLine 1 5 ((-0.344286529844 0.00430472671379 -0.03) (-0.344266456238 0.00860962265479 -0.03) (-0.344232996734 0.0129148570674 -0.03) (-0.344186146088 0.0172205992303 -0.03) (-0.344125896962 0.021527018474 -0.03) (-0.344052239912 0.0258342841973 -0.03) (-0.343965163395 0.0301425658853 -0.03) (-0.343864653761 0.0344520331263 -0.03) (-0.34375069525 0.0387628556287 -0.03) (-0.34362326999 0.0430752032388 -0.03) (-0.343482357992 0.0473892459577 -0.03) (-0.343327937143 0.0517051539589 -0.03) (-0.343159983203 0.0560230976052 -0.03) (-0.342978469797 0.0603432474666 -0.03) (-0.34278336841 0.064665774337 -0.03) (-0.342574648381 0.0689908492522 -0.03) (-0.342352276891 0.0733186435072 -0.03) (-0.342116218958 0.0776493286735 -0.03) (-0.341866437428 0.0819830766168 -0.03) (-0.341602892968 0.0863200595144 -0.03) (-0.341325544049 0.0906604498732 -0.03) (-0.341034346943 0.0950044205469 -0.03) (-0.340729255709 0.099352144754 -0.03))
    polyLine 3 7 ((-0.344286529844 0.00430472671379 0) (-0.344266456238 0.00860962265479 0) (-0.344232996734 0.0129148570674 0) (-0.344186146088 0.0172205992303 0) (-0.344125896962 0.021527018474 0) (-0.344052239912 0.0258342841973 0) (-0.343965163395 0.0301425658853 0) (-0.343864653761 0.0344520331263 0) (-0.34375069525 0.0387628556287 0) (-0.34362326999 0.0430752032388 0) (-0.343482357992 0.0473892459577 0) (-0.343327937143 0.0517051539589 0) (-0.343159983203 0.0560230976052 0) (-0.342978469797 0.0603432474666 0) (-0.34278336841 0.064665774337 0) (-0.342574648381 0.0689908492522 0) (-0.342352276891 0.0733186435072 0) (-0.342116218958 0.0776493286735 0) (-0.341866437428 0.0819830766168 0) (-0.341602892968 0.0863200595144 0) (-0.341325544049 0.0906604498732 0) (-0.341034346943 0.0950044205469 0) (-0.340729255709 0.099352144754 0))
    polyLine 4 8 ((0.000987316913455 0.0431583908201 -0.03) (0.00102976962795 0.0440759932512 -0.03) (0.00107311542671 0.0449935539283 -0.03) (0.00111735426866 0.0459110719823 -0.03) (0.00116248611191 0.0468285465439 -0.03) (0.00120851091369 0.047745976744 -0.03) (0.00125542863041 0.0486633617136 -0.03) (0.00130323921763 0.0495807005835 -0.03) (0.00135194263004 0.0504979924847 -0.03) (0.00140153882151 0.0514152365483 -0.03) (0.00145202774506 0.0523324319054 -0.03) (0.00150340935286 0.0532495776871 -0.03) (0.00155568359624 0.0541666730246 -0.03) (0.00160885042566 0.055083717049 -0.03) (0.00166290979078 0.0560007088917 -0.03) (0.00171786164038 0.0569176476839 -0.03) (0.00177370592239 0.0578345325571 -0.03) (0.00183044258392 0.0587513626426 -0.03) (0.00188807157123 0.059668137072 -0.03) (0.00194659282971 0.0605848549767 -0.03) (0.00200600630393 0.0615015154883 -0.03) (0.0020663119376 0.0624181177385 -0.03) (0.0021275096736 0.0633346608589 -0.03) (0.00218959945396 0.0642511439813 -0.03) (0.00225258121985 0.0651675662375 -0.03) (0.00231645491161 0.0660839267593 -0.03) (0.00238122046874 0.0670002246787 -0.03) (0.00244687782987 0.0679164591277 -0.03) (0.00251342693281 0.0688326292382 -0.03) (0.00258086771453 0.0697487341423 -0.03) (0.00264920011112 0.0706647729723 -0.03) (0.00271842405786 0.0715807448604 -0.03) (0.00278853948917 0.0724966489388 -0.03) (0.00285954633862 0.0734124843398 -0.03) (0.00293144453896 0.0743282501959 -0.03) (0.00300423402208 0.0752439456397 -0.03) (0.00307791471901 0.0761595698035 -0.03) (0.00315248655995 0.07707512182 -0.03) (0.00322794947428 0.077990600822 -0.03) (0.00330430339049 0.0789060059421 -0.03) (0.00338154823626 0.0798213363133 -0.03) (0.00345968393841 0.0807365910683 -0.03) (0.00353871042292 0.0816517693401 -0.03) (0.00361862761493 0.0825668702618 -0.03) (0.00369943543873 0.0834818929665 -0.03) (0.00378113381778 0.0843968365873 -0.03) (0.00386372267467 0.0853117002576 -0.03))
    polyLine 6 10 ((0.000987316913455 0.0431583908201 0) (0.00102976962795 0.0440759932512 0) (0.00107311542671 0.0449935539283 0) (0.00111735426866 0.0459110719823 0) (0.00116248611191 0.0468285465439 0) (0.00120851091369 0.047745976744 0) (0.00125542863041 0.0486633617136 0) (0.00130323921763 0.0495807005835 0) (0.00135194263004 0.0504979924847 0) (0.00140153882151 0.0514152365483 0) (0.00145202774506 0.0523324319054 0) (0.00150340935286 0.0532495776871 0) (0.00155568359624 0.0541666730246 0) (0.00160885042566 0.055083717049 0) (0.00166290979078 0.0560007088917 0) (0.00171786164038 0.0569176476839 0) (0.00177370592239 0.0578345325571 0) (0.00183044258392 0.0587513626426 0) (0.00188807157123 0.059668137072 0) (0.00194659282971 0.0605848549767 0) (0.00200600630393 0.0615015154883 0) (0.0020663119376 0.0624181177385 0) (0.0021275096736 0.0633346608589 0) (0.00218959945396 0.0642511439813 0) (0.00225258121985 0.0651675662375 0) (0.00231645491161 0.0660839267593 0) (0.00238122046874 0.0670002246787 0) (0.00244687782987 0.0679164591277 0) (0.00251342693281 0.0688326292382 0) (0.00258086771453 0.0697487341423 0) (0.00264920011112 0.0706647729723 0) (0.00271842405786 0.0715807448604 0) (0.00278853948917 0.0724966489388 0) (0.00285954633862 0.0734124843398 0) (0.00293144453896 0.0743282501959 0) (0.00300423402208 0.0752439456397 0) (0.00307791471901 0.0761595698035 0) (0.00315248655995 0.07707512182 0) (0.00322794947428 0.077990600822 0) (0.00330430339049 0.0789060059421 0) (0.00338154823626 0.0798213363133 0) (0.00345968393841 0.0807365910683 0) (0.00353871042292 0.0816517693401 0) (0.00361862761493 0.0825668702618 0) (0.00369943543873 0.0834818929665 0) (0.00378113381778 0.0843968365873 0) (0.00386372267467 0.0853117002576 0))
    polyLine 5 9 ((-0.340090222061 0.107892480408 -0.03) (-0.339757234807 0.112085112534 -0.03) (-0.339411211702 0.116281847958 -0.03) (-0.339052102079 0.12048284255 -0.03) (-0.338679853317 0.124688252583 -0.03) (-0.338294410822 0.128898234746 -0.03) (-0.337895718022 0.133112946162 -0.03) (-0.337483716347 0.1373325444 -0.03) (-0.337058345218 0.141557187492 -0.03) (-0.336619542032 0.145787033945 -0.03) (-0.336167242152 0.150022242763 -0.03) (-0.335701378885 0.154262973455 -0.03) (-0.335221883469 0.158509386054 -0.03) (-0.33472868506 0.162761641133 -0.03) (-0.334221710711 0.167019899818 -0.03) (-0.333700885357 0.171284323806 -0.03) (-0.333166131798 0.17555507538 -0.03) (-0.33261737068 0.179832317424 -0.03) (-0.332054520473 0.184116213441 -0.03) (-0.331477497461 0.188406927567 -0.03) (-0.33088621571 0.192704624586 -0.03) (-0.330280587058 0.19700946995 -0.03) (-0.32966052109 0.201321629793 -0.03))
    polyLine 7 11 ((-0.340090222061 0.107892480408 0) (-0.339757234807 0.112085112534 0) (-0.339411211702 0.116281847958 0) (-0.339052102079 0.12048284255 0) (-0.338679853317 0.124688252583 0) (-0.338294410822 0.128898234746 0) (-0.337895718022 0.133112946162 0) (-0.337483716347 0.1373325444 0) (-0.337058345218 0.141557187492 0) (-0.336619542032 0.145787033945 0) (-0.336167242152 0.150022242763 0) (-0.335701378885 0.154262973455 0) (-0.335221883469 0.158509386054 0) (-0.33472868506 0.162761641133 0) (-0.334221710711 0.167019899818 0) (-0.333700885357 0.171284323806 0) (-0.333166131798 0.17555507538 0) (-0.33261737068 0.179832317424 0) (-0.332054520473 0.184116213441 0) (-0.331477497461 0.188406927567 0) (-0.33088621571 0.192704624586 0) (-0.330280587058 0.19700946995 0) (-0.32966052109 0.201321629793 0))
    polyLine 8 12 ((0.00394720193117 0.0862264831107 -0.03) (0.0040315715082 0.0871411842799 -0.03) (0.00411683132583 0.0880558028987 -0.03) (0.00420298130329 0.0889703381008 -0.03) (0.00429002135898 0.0898847890198 -0.03) (0.00437795141044 0.0907991547894 -0.03) (0.00446677137437 0.0917134345433 -0.03) (0.00455648116663 0.0926276274156 -0.03) (0.00464708070224 0.0935417325401 -0.03) (0.00473856989537 0.0944557490509 -0.03) (0.00483094865935 0.0953696760821 -0.03) (0.00492421690667 0.096283512768 -0.03) (0.00501837454897 0.0971972582429 -0.03) (0.00511342149706 0.0981109116412 -0.03) (0.0052093576609 0.0990244720973 -0.03) (0.00530618294961 0.0999379387458 -0.03) (0.00540389727145 0.100851310721 -0.03) (0.00550250053388 0.101764587159 -0.03) (0.00560199264347 0.102677767193 -0.03) (0.00570237350597 0.103590849959 -0.03) (0.0058036430263 0.104503834591 -0.03) (0.00590580110852 0.105416720225 -0.03) (0.00600884765585 0.106329505996 -0.03) (0.00611278257068 0.107242191039 -0.03) (0.00621760575454 0.10815477449 -0.03) (0.00632331710814 0.109067255483 -0.03) (0.00642991653133 0.109979633156 -0.03) (0.00653740392313 0.110891906643 -0.03) (0.00664577918171 0.11180407508 -0.03) (0.00675504220442 0.112716137604 -0.03) (0.00686519288774 0.113628093349 -0.03) (0.00697623112732 0.114539941452 -0.03) (0.00708815681798 0.11545168105 -0.03) (0.00720096985368 0.116363311279 -0.03) (0.00731467012756 0.117274831274 -0.03) (0.00742925753191 0.118186240173 -0.03) (0.00754473195818 0.119097537112 -0.03) (0.00766109329697 0.120008721228 -0.03) (0.00777834143806 0.120919791658 -0.03) (0.00789647627037 0.121830747538 -0.03) (0.00801549768199 0.122741588006 -0.03) (0.00813540556018 0.123652312199 -0.03) (0.00825619979133 0.124562919254 -0.03) (0.00837788026103 0.125473408308 -0.03) (0.00850044685399 0.126383778499 -0.03) (0.00862389945412 0.127294028965 -0.03) (0.00874823794446 0.128204158842 -0.03))
    polyLine 10 14 ((0.00394720193117 0.0862264831107 0) (0.0040315715082 0.0871411842799 0) (0.00411683132583 0.0880558028987 0) (0.00420298130329 0.0889703381008 0) (0.00429002135898 0.0898847890198 0) (0.00437795141044 0.0907991547894 0) (0.00446677137437 0.0917134345433 0) (0.00455648116663 0.0926276274156 0) (0.00464708070224 0.0935417325401 0) (0.00473856989537 0.0944557490509 0) (0.00483094865935 0.0953696760821 0) (0.00492421690667 0.096283512768 0) (0.00501837454897 0.0971972582429 0) (0.00511342149706 0.0981109116412 0) (0.0052093576609 0.0990244720973 0) (0.00530618294961 0.0999379387458 0) (0.00540389727145 0.100851310721 0) (0.00550250053388 0.101764587159 0) (0.00560199264347 0.102677767193 0) (0.00570237350597 0.103590849959 0) (0.0058036430263 0.104503834591 0) (0.00590580110852 0.105416720225 0) (0.00600884765585 0.106329505996 0) (0.00611278257068 0.107242191039 0) (0.00621760575454 0.10815477449 0) (0.00632331710814 0.109067255483 0) (0.00642991653133 0.109979633156 0) (0.00653740392313 0.110891906643 0) (0.00664577918171 0.11180407508 0) (0.00675504220442 0.112716137604 0) (0.00686519288774 0.113628093349 0) (0.00697623112732 0.114539941452 0) (0.00708815681798 0.11545168105 0) (0.00720096985368 0.116363311279 0) (0.00731467012756 0.117274831274 0) (0.00742925753191 0.118186240173 0) (0.00754473195818 0.119097537112 0) (0.00766109329697 0.120008721228 0) (0.00777834143806 0.120919791658 0) (0.00789647627037 0.121830747538 0) (0.00801549768199 0.122741588006 0) (0.00813540556018 0.123652312199 0) (0.00825619979133 0.124562919254 0) (0.00837788026103 0.125473408308 0) (0.00850044685399 0.126383778499 0) (0.00862389945412 0.127294028965 0) (0.00874823794446 0.128204158842 0))
    polyLine 9 13 ((-0.328422658531 0.209665194362 -0.03) (-0.327806665903 0.213695867913 -0.03) (-0.32717786729 0.217733427473 -0.03) (-0.326536180985 0.221778009485 -0.03) (-0.325881523495 0.225829750975 -0.03) (-0.325213809529 0.229888789565 -0.03) (-0.324532951976 0.233955263482 -0.03) (-0.32383886189 0.238029311569 -0.03) (-0.323131448467 0.242111073303 -0.03) (-0.322410619033 0.2462006888 -0.03) (-0.321676279018 0.250298298834 -0.03) (-0.320928331939 0.254404044844 -0.03) (-0.320166679382 0.25851806895 -0.03) (-0.319391220978 0.262640513962 -0.03) (-0.318601854384 0.266771523398 -0.03) (-0.31779847526 0.270911241492 -0.03) (-0.31698097725 0.275059813208 -0.03) (-0.316149251956 0.279217384254 -0.03) (-0.315303188917 0.283384101096 -0.03) (-0.314442675585 0.287560110968 -0.03) (-0.313567597303 0.291745561888 -0.03) (-0.312677837279 0.29594060267 -0.03) (-0.31177327656 0.30014538294 -0.03))
    polyLine 11 15 ((-0.328422658531 0.209665194362 0) (-0.327806665903 0.213695867913 0) (-0.32717786729 0.217733427473 0) (-0.326536180985 0.221778009485 0) (-0.325881523495 0.225829750975 0) (-0.325213809529 0.229888789565 0) (-0.324532951976 0.233955263482 0) (-0.32383886189 0.238029311569 0) (-0.323131448467 0.242111073303 0) (-0.322410619033 0.2462006888 0) (-0.321676279018 0.250298298834 0) (-0.320928331939 0.254404044844 0) (-0.320166679382 0.25851806895 0) (-0.319391220978 0.262640513962 0) (-0.318601854384 0.266771523398 0) (-0.31779847526 0.270911241492 0) (-0.31698097725 0.275059813208 0) (-0.316149251956 0.279217384254 0) (-0.315303188917 0.283384101096 0) (-0.314442675585 0.287560110968 0) (-0.313567597303 0.291745561888 0) (-0.312677837279 0.29594060267 0) (-0.31177327656 0.30014538294 0))
    polyLine 12 16 ((0.00887346220722 0.12911416727 -0.03) (0.00899957212378 0.130024053386 -0.03) (0.00912656757467 0.130933816327 -0.03) (0.00925444843958 0.131843455233 -0.03) (0.00938321459738 0.132752969241 -0.03) (0.00951286592607 0.13366235749 -0.03) (0.00964340230285 0.134571619119 -0.03) (0.00977482360404 0.135480753265 -0.03) (0.00990712970516 0.136389759068 -0.03) (0.0100403204809 0.137298635667 -0.03) (0.010174395805 0.1382073822 -0.03) (0.0103093555505 0.139115997807 -0.03) (0.0104451995895 0.140024481628 -0.03) (0.0105819277935 0.1409328328 -0.03) (0.0107195400327 0.141841050465 -0.03) (0.010858036177 0.142749133761 -0.03) (0.010997416095 0.143657081828 -0.03) (0.0111376796547 0.144564893807 -0.03) (0.0112788267234 0.145472568836 -0.03) (0.0114208571671 0.146380106057 -0.03) (0.0115637708515 0.14728750461 -0.03) (0.0117075676411 0.148194763635 -0.03) (0.0118522473997 0.149101882272 -0.03) (0.0119978099903 0.150008859662 -0.03) (0.0121442552748 0.150915694947 -0.03) (0.0122915831147 0.151822387266 -0.03) (0.0124397933704 0.152728935761 -0.03) (0.0125888859014 0.153635339574 -0.03) (0.0127388605665 0.154541597845 -0.03) (0.0128897172237 0.155447709717 -0.03) (0.01304145573 0.15635367433 -0.03) (0.0131940759417 0.157259490827 -0.03) (0.0133475777141 0.158165158348 -0.03) (0.013501960902 0.159070676038 -0.03) (0.013657225359 0.159976043037 -0.03) (0.0138133709381 0.160881258488 -0.03) (0.0139703974913 0.161786321533 -0.03) (0.0141283048699 0.162691231316 -0.03) (0.0142870929243 0.163595986978 -0.03) (0.014446761504 0.164500587663 -0.03) (0.0146073104579 0.165405032513 -0.03) (0.0147687396338 0.166309320673 -0.03) (0.0149310488787 0.167213451285 -0.03) (0.0150942380391 0.168117423493 -0.03) (0.0152583069601 0.16902123644 -0.03) (0.0154232554865 0.16992488927 -0.03) (0.015589083462 0.170828381128 -0.03))
    polyLine 14 18 ((0.00887346220722 0.12911416727 0) (0.00899957212378 0.130024053386 0) (0.00912656757467 0.130933816327 0) (0.00925444843958 0.131843455233 0) (0.00938321459738 0.132752969241 0) (0.00951286592607 0.13366235749 0) (0.00964340230285 0.134571619119 0) (0.00977482360404 0.135480753265 0) (0.00990712970516 0.136389759068 0) (0.0100403204809 0.137298635667 0) (0.010174395805 0.1382073822 0) (0.0103093555505 0.139115997807 0) (0.0104451995895 0.140024481628 0) (0.0105819277935 0.1409328328 0) (0.0107195400327 0.141841050465 0) (0.010858036177 0.142749133761 0) (0.010997416095 0.143657081828 0) (0.0111376796547 0.144564893807 0) (0.0112788267234 0.145472568836 0) (0.0114208571671 0.146380106057 0) (0.0115637708515 0.14728750461 0) (0.0117075676411 0.148194763635 0) (0.0118522473997 0.149101882272 0) (0.0119978099903 0.150008859662 0) (0.0121442552748 0.150915694947 0) (0.0122915831147 0.151822387266 0) (0.0124397933704 0.152728935761 0) (0.0125888859014 0.153635339574 0) (0.0127388605665 0.154541597845 0) (0.0128897172237 0.155447709717 0) (0.01304145573 0.15635367433 0) (0.0131940759417 0.157259490827 0) (0.0133475777141 0.158165158348 0) (0.013501960902 0.159070676038 0) (0.013657225359 0.159976043037 0) (0.0138133709381 0.160881258488 0) (0.0139703974913 0.161786321533 0) (0.0141283048699 0.162691231316 0) (0.0142870929243 0.163595986978 0) (0.014446761504 0.164500587663 0) (0.0146073104579 0.165405032513 0) (0.0147687396338 0.166309320673 0) (0.0149310488787 0.167213451285 0) (0.0150942380391 0.168117423493 0) (0.0152583069601 0.16902123644 0) (0.0154232554865 0.16992488927 0) (0.015589083462 0.170828381128 0))
    polyLine 13 17 ((-0.310006400965 0.308193301256 -0.03) (-0.309146525262 0.312034931434 -0.03) (-0.308274071605 0.315885057917 -0.03) (-0.30738894315 0.319743795539 -0.03) (-0.306491041483 0.323611259735 -0.03) (-0.305580266607 0.327487566555 -0.03) (-0.304656516923 0.331372832669 -0.03) (-0.303719689209 0.33526717538 -0.03) (-0.302769678606 0.339170712628 -0.03) (-0.301806378598 0.343083563003 -0.03) (-0.30082968099 0.347005845752 -0.03) (-0.299839475893 0.350937680792 -0.03) (-0.2988356517 0.354879188716 -0.03) (-0.297818095069 0.358830490802 -0.03) (-0.296786690902 0.362791709027 -0.03) (-0.295741322324 0.366762966073 -0.03) (-0.29468187066 0.370744385338 -0.03) (-0.293608215415 0.374736090945 -0.03) (-0.292520234254 0.378738207756 -0.03) (-0.291417802976 0.382750861375 -0.03) (-0.290300795492 0.386774178167 -0.03) (-0.289169083805 0.390808285261 -0.03) (-0.288022537982 0.394853310564 -0.03))
    polyLine 15 19 ((-0.310006400965 0.308193301256 0) (-0.309146525262 0.312034931434 0) (-0.308274071605 0.315885057917 0) (-0.30738894315 0.319743795539 0) (-0.306491041483 0.323611259735 0) (-0.305580266607 0.327487566555 0) (-0.304656516923 0.331372832669 0) (-0.303719689209 0.33526717538 0) (-0.302769678606 0.339170712628 0) (-0.301806378598 0.343083563003 0) (-0.30082968099 0.347005845752 0) (-0.299839475893 0.350937680792 0) (-0.2988356517 0.354879188716 0) (-0.297818095069 0.358830490802 0) (-0.296786690902 0.362791709027 0) (-0.295741322324 0.366762966073 0) (-0.29468187066 0.370744385338 0) (-0.293608215415 0.374736090945 0) (-0.292520234254 0.378738207756 0) (-0.291417802976 0.382750861375 0) (-0.290300795492 0.386774178167 0) (-0.289169083805 0.390808285261 0) (-0.288022537982 0.394853310564 0))
    polyLine 16 20 ((0.0157557907294 0.171731711157 -0.03) (0.0159233771309 0.172634878502 -0.03) (0.0160918425077 0.173537882307 -0.03) (0.0162611867002 0.174440721716 -0.03) (0.0164314095479 0.175343395875 -0.03) (0.0166025108897 0.176245903927 -0.03) (0.0167744905634 0.177148245019 -0.03) (0.0169473484062 0.178050418296 -0.03) (0.0171210842542 0.178952422902 -0.03) (0.0172956979429 0.179854257984 -0.03) (0.0174711893068 0.180755922686 -0.03) (0.0176475581798 0.181657416155 -0.03) (0.0178248043947 0.182558737537 -0.03) (0.0180029277836 0.183459885978 -0.03) (0.0181819281779 0.184360860625 -0.03) (0.0183618054079 0.185261660623 -0.03) (0.0185425593032 0.186162285119 -0.03) (0.0187241896926 0.187062733261 -0.03) (0.018906696404 0.187963004195 -0.03) (0.0190900792646 0.188863097069 -0.03) (0.0192743381006 0.189763011029 -0.03) (0.0194594727374 0.190662745224 -0.03) (0.0196454829998 0.1915622988 -0.03) (0.0198323687114 0.192461670906 -0.03) (0.0200201296952 0.19336086069 -0.03) (0.0202087657735 0.1942598673 -0.03) (0.0203982767674 0.195158689884 -0.03) (0.0205886624974 0.196057327591 -0.03) (0.0207799227832 0.196955779569 -0.03) (0.0209720574437 0.197854044968 -0.03) (0.0211650662967 0.198752122936 -0.03) (0.0213589491594 0.199650012623 -0.03) (0.0215537058483 0.200547713178 -0.03) (0.0217493361787 0.201445223751 -0.03) (0.0219458399654 0.202342543492 -0.03) (0.0221432170222 0.203239671549 -0.03) (0.0223414671621 0.204136607075 -0.03) (0.0225405901974 0.205033349218 -0.03) (0.0227405859393 0.205929897129 -0.03) (0.0229414541985 0.20682624996 -0.03) (0.0231431947846 0.20772240686 -0.03) (0.0233458075065 0.208618366982 -0.03) (0.0235492921724 0.209514129476 -0.03) (0.0237536485894 0.210409693493 -0.03) (0.0239588765639 0.211305058186 -0.03) (0.0241649759015 0.212200222706 -0.03))
    polyLine 18 22 ((0.0157557907294 0.171731711157 0) (0.0159233771309 0.172634878502 0) (0.0160918425077 0.173537882307 0) (0.0162611867002 0.174440721716 0) (0.0164314095479 0.175343395875 0) (0.0166025108897 0.176245903927 0) (0.0167744905634 0.177148245019 0) (0.0169473484062 0.178050418296 0) (0.0171210842542 0.178952422902 0) (0.0172956979429 0.179854257984 0) (0.0174711893068 0.180755922686 0) (0.0176475581798 0.181657416155 0) (0.0178248043947 0.182558737537 0) (0.0180029277836 0.183459885978 0) (0.0181819281779 0.184360860625 0) (0.0183618054079 0.185261660623 0) (0.0185425593032 0.186162285119 0) (0.0187241896926 0.187062733261 0) (0.018906696404 0.187963004195 0) (0.0190900792646 0.188863097069 0) (0.0192743381006 0.189763011029 0) (0.0194594727374 0.190662745224 0) (0.0196454829998 0.1915622988 0) (0.0198323687114 0.192461670906 0) (0.0200201296952 0.19336086069 0) (0.0202087657735 0.1942598673 0) (0.0203982767674 0.195158689884 0) (0.0205886624974 0.196057327591 0) (0.0207799227832 0.196955779569 0) (0.0209720574437 0.197854044968 0) (0.0211650662967 0.198752122936 0) (0.0213589491594 0.199650012623 0) (0.0215537058483 0.200547713178 0) (0.0217493361787 0.201445223751 0) (0.0219458399654 0.202342543492 0) (0.0221432170222 0.203239671549 0) (0.0223414671621 0.204136607075 0) (0.0225405901974 0.205033349218 0) (0.0227405859393 0.205929897129 0) (0.0229414541985 0.20682624996 0) (0.0231431947846 0.20772240686 0) (0.0233458075065 0.208618366982 0) (0.0235492921724 0.209514129476 0) (0.0237536485894 0.210409693493 0) (0.0239588765639 0.211305058186 0) (0.0241649759015 0.212200222706 0))
    polyLine 17 21 ((-0.285809715938 0.402545447504 -0.03) (-0.284746237168 0.406190540261 -0.03) (-0.283670491481 0.409844754678 -0.03) (-0.282582379218 0.413508184919 -0.03) (-0.281481799395 0.417180925685 -0.03) (-0.280368649687 0.42086307222 -0.03) (-0.279242826411 0.424554720318 -0.03) (-0.278104224511 0.428255966327 -0.03) (-0.276952737545 0.431966907161 -0.03) (-0.275788257664 0.435687640302 -0.03) (-0.274610675598 0.439418263808 -0.03) (-0.273419880644 0.443158876323 -0.03) (-0.272215760639 0.446909577078 -0.03) (-0.270998201952 0.450670465903 -0.03) (-0.269767089464 0.454441643234 -0.03) (-0.268522306548 0.458223210116 -0.03) (-0.267263735053 0.462015268216 -0.03) (-0.265991255286 0.465817919827 -0.03) (-0.264704745994 0.469631267873 -0.03) (-0.263404084342 0.473455415924 -0.03) (-0.262089145898 0.477290468196 -0.03) (-0.260759804612 0.481136529564 -0.03) (-0.259415932795 0.484993705567 -0.03))
    polyLine 19 23 ((-0.285809715938 0.402545447504 0) (-0.284746237168 0.406190540261 0) (-0.283670491481 0.409844754678 0) (-0.282582379218 0.413508184919 0) (-0.281481799395 0.417180925685 0) (-0.280368649687 0.42086307222 0) (-0.279242826411 0.424554720318 0) (-0.278104224511 0.428255966327 0) (-0.276952737545 0.431966907161 0) (-0.275788257664 0.435687640302 0) (-0.274610675598 0.439418263808 0) (-0.273419880644 0.443158876323 0) (-0.272215760639 0.446909577078 0) (-0.270998201952 0.450670465903 0) (-0.269767089464 0.454441643234 0) (-0.268522306548 0.458223210116 0) (-0.267263735053 0.462015268216 0) (-0.265991255286 0.465817919827 0) (-0.264704745994 0.469631267873 0) (-0.263404084342 0.473455415924 0) (-0.262089145898 0.477290468196 0) (-0.260759804612 0.481136529564 0) (-0.259415932795 0.484993705567 0))
    polyLine 20 24 ((0.024371946407 0.213095186205 -0.03) (0.0245797878844 0.213989947835 -0.03) (0.0247885001367 0.214884506748 -0.03) (0.0249980829661 0.215778862098 -0.03) (0.0252085361743 0.216673013037 -0.03) (0.0254198595617 0.217566958718 -0.03) (0.0256320529283 0.218460698294 -0.03) (0.0258451160729 0.219354230919 -0.03) (0.0260590487938 0.220247555745 -0.03) (0.0262738508883 0.221140671927 -0.03) (0.0264895221529 0.222033578619 -0.03) (0.0267060623833 0.222926274974 -0.03) (0.0269234713744 0.223818760148 -0.03) (0.0271417489202 0.224711033294 -0.03) (0.0273608948139 0.225603093568 -0.03) (0.027580908848 0.226494940124 -0.03) (0.0278017908139 0.227386572117 -0.03) (0.0280235405026 0.228277988703 -0.03) (0.0282461577038 0.229169189038 -0.03) (0.0284696422067 0.230060172276 -0.03) (0.0286939937997 0.230950937575 -0.03) (0.0289192122701 0.23184148409 -0.03) (0.0291452974046 0.232731810977 -0.03) (0.0293722489891 0.233621917394 -0.03) (0.0296000668085 0.234511802496 -0.03) (0.029828750647 0.235401465442 -0.03) (0.030058300288 0.236290905387 -0.03) (0.0302887155141 0.23718012149 -0.03) (0.0305199961069 0.238069112909 -0.03) (0.0307521418474 0.2389578788 -0.03) (0.0309851525156 0.239846418323 -0.03) (0.0312190278908 0.240734730634 -0.03) (0.0314537677515 0.241622814894 -0.03) (0.0316893718753 0.24251067026 -0.03) (0.031925840039 0.243398295892 -0.03) (0.0321631720185 0.244285690948 -0.03) (0.0324013675892 0.245172854589 -0.03) (0.0326404265252 0.246059785972 -0.03) (0.0328803486001 0.24694648426 -0.03) (0.0331211335868 0.24783294861 -0.03) (0.0333627812569 0.248719178184 -0.03) (0.0336052913818 0.249605172142 -0.03) (0.0338486637315 0.250490929645 -0.03) (0.0340928980756 0.251376449854 -0.03) (0.0343379941827 0.252261731929 -0.03) (0.0345839518206 0.253146775032 -0.03) (0.0348307707563 0.254031578325 -0.03))
    polyLine 22 26 ((0.024371946407 0.213095186205 0) (0.0245797878844 0.213989947835 0) (0.0247885001367 0.214884506748 0) (0.0249980829661 0.215778862098 0) (0.0252085361743 0.216673013037 0) (0.0254198595617 0.217566958718 0) (0.0256320529283 0.218460698294 0) (0.0258451160729 0.219354230919 0) (0.0260590487938 0.220247555745 0) (0.0262738508883 0.221140671927 0) (0.0264895221529 0.222033578619 0) (0.0267060623833 0.222926274974 0) (0.0269234713744 0.223818760148 0) (0.0271417489202 0.224711033294 0) (0.0273608948139 0.225603093568 0) (0.027580908848 0.226494940124 0) (0.0278017908139 0.227386572117 0) (0.0280235405026 0.228277988703 0) (0.0282461577038 0.229169189038 0) (0.0284696422067 0.230060172276 0) (0.0286939937997 0.230950937575 0) (0.0289192122701 0.23184148409 0) (0.0291452974046 0.232731810977 0) (0.0293722489891 0.233621917394 0) (0.0296000668085 0.234511802496 0) (0.029828750647 0.235401465442 0) (0.030058300288 0.236290905387 0) (0.0302887155141 0.23718012149 0) (0.0305199961069 0.238069112909 0) (0.0307521418474 0.2389578788 0) (0.0309851525156 0.239846418323 0) (0.0312190278908 0.240734730634 0) (0.0314537677515 0.241622814894 0) (0.0316893718753 0.24251067026 0) (0.031925840039 0.243398295892 0) (0.0321631720185 0.244285690948 0) (0.0324013675892 0.245172854589 0) (0.0326404265252 0.246059785972 0) (0.0328803486001 0.24694648426 0) (0.0331211335868 0.24783294861 0) (0.0333627812569 0.248719178184 0) (0.0336052913818 0.249605172142 0) (0.0338486637315 0.250490929645 0) (0.0340928980756 0.251376449854 0) (0.0343379941827 0.252261731929 0) (0.0345839518206 0.253146775032 0) (0.0348307707563 0.254031578325 0))
    polyLine 21 25 ((-0.256838067239 0.492308317005 -0.03) (-0.255606966399 0.495763547629 -0.03) (-0.254364004514 0.499227870131 -0.03) (-0.253109086433 0.502701360791 -0.03) (-0.251842115916 0.506184096332 -0.03) (-0.250562995612 0.509676153925 -0.03) (-0.249271627057 0.513177611195 -0.03) (-0.247967910653 0.516688546221 -0.03) (-0.246651745661 0.520209037547 -0.03) (-0.245323030184 0.523739164182 -0.03) (-0.243981661159 0.52727900561 -0.03) (-0.242627534339 0.53082864179 -0.03) (-0.241260544282 0.534388153162 -0.03) (-0.239880584337 0.537957620656 -0.03) (-0.238487546631 0.541537125694 -0.03) (-0.237081322054 0.545126750194 -0.03) (-0.235661800245 0.548726576579 -0.03) (-0.234228869577 0.552336687781 -0.03) (-0.232782417145 0.555957167245 -0.03) (-0.231322328748 0.559588098935 -0.03) (-0.229848488876 0.563229567343 -0.03) (-0.228360780696 0.56688165749 -0.03) (-0.22685908603 0.570544454932 -0.03))
    polyLine 23 27 ((-0.256838067239 0.492308317005 0) (-0.255606966399 0.495763547629 0) (-0.254364004514 0.499227870131 0) (-0.253109086433 0.502701360791 0) (-0.251842115916 0.506184096332 0) (-0.250562995612 0.509676153925 0) (-0.249271627057 0.513177611195 0) (-0.247967910653 0.516688546221 0) (-0.246651745661 0.520209037547 0) (-0.245323030184 0.523739164182 0) (-0.243981661159 0.52727900561 0) (-0.242627534339 0.53082864179 0) (-0.241260544282 0.534388153162 0) (-0.239880584337 0.537957620656 0) (-0.238487546631 0.541537125694 0) (-0.237081322054 0.545126750194 0) (-0.235661800245 0.548726576579 0) (-0.234228869577 0.552336687781 0) (-0.232782417145 0.555957167245 0) (-0.231322328748 0.559588098935 0) (-0.229848488876 0.563229567343 0) (-0.228360780696 0.56688165749 0) (-0.22685908603 0.570544454932 0))
    polyLine 24 28 ((0.035078450756 0.25491614097 -0.03) (0.035326991585 0.255800462128 -0.03) (0.035576393008 0.256684540962 -0.03) (0.0358266547886 0.257568376634 -0.03) (0.0360777766898 0.258451968308 -0.03) (0.0363297584737 0.259335315145 -0.03) (0.0365825999015 0.26021841631 -0.03) (0.0368363007338 0.261101270965 -0.03) (0.0370908607303 0.261983878274 -0.03) (0.0373462796497 0.262866237402 -0.03) (0.0376025572501 0.263748347512 -0.03) (0.0378596932887 0.264630207768 -0.03) (0.038117687522 0.265511817336 -0.03) (0.0383765397055 0.26639317538 -0.03) (0.038636249594 0.267274281065 -0.03) (0.0388968169415 0.268155133557 -0.03) (0.0391582415012 0.26903573202 -0.03) (0.0394205230254 0.269916075622 -0.03) (0.0396836612657 0.270796163527 -0.03) (0.0399476559727 0.271675994903 -0.03) (0.0402125068963 0.272555568915 -0.03) (0.0404782137858 0.27343488473 -0.03) (0.0407447763893 0.274313941516 -0.03) (0.0410121944544 0.27519273844 -0.03) (0.0412804677277 0.276071274668 -0.03) (0.0415495959551 0.27694954937 -0.03) (0.0418195788816 0.277827561713 -0.03) (0.0420904162515 0.278705310865 -0.03) (0.0423621078082 0.279582795994 -0.03) (0.0426346532944 0.28046001627 -0.03) (0.0429080524517 0.281336970861 -0.03) (0.0431823050214 0.282213658937 -0.03) (0.0434574107434 0.283090079668 -0.03) (0.0437333693573 0.283966232222 -0.03) (0.0440101806016 0.284842115769 -0.03) (0.044287844214 0.285717729482 -0.03) (0.0445663599317 0.286593072528 -0.03) (0.0448457274906 0.287468144081 -0.03) (0.0451259466261 0.288342943309 -0.03) (0.0454070170729 0.289217469386 -0.03) (0.0456889385646 0.290091721482 -0.03) (0.0459717108341 0.290965698768 -0.03) (0.0462553336137 0.291839400419 -0.03) (0.0465398066345 0.292712825604 -0.03) (0.0468251296272 0.293585973498 -0.03) (0.0471113023214 0.294458843273 -0.03) (0.047398324446 0.295331434101 -0.03))
    polyLine 26 30 ((0.035078450756 0.25491614097 0) (0.035326991585 0.255800462128 0) (0.035576393008 0.256684540962 0) (0.0358266547886 0.257568376634 0) (0.0360777766898 0.258451968308 0) (0.0363297584737 0.259335315145 0) (0.0365825999015 0.26021841631 0) (0.0368363007338 0.261101270965 0) (0.0370908607303 0.261983878274 0) (0.0373462796497 0.262866237402 0) (0.0376025572501 0.263748347512 0) (0.0378596932887 0.264630207768 0) (0.038117687522 0.265511817336 0) (0.0383765397055 0.26639317538 0) (0.038636249594 0.267274281065 0) (0.0388968169415 0.268155133557 0) (0.0391582415012 0.26903573202 0) (0.0394205230254 0.269916075622 0) (0.0396836612657 0.270796163527 0) (0.0399476559727 0.271675994903 0) (0.0402125068963 0.272555568915 0) (0.0404782137858 0.27343488473 0) (0.0407447763893 0.274313941516 0) (0.0410121944544 0.27519273844 0) (0.0412804677277 0.276071274668 0) (0.0415495959551 0.27694954937 0) (0.0418195788816 0.277827561713 0) (0.0420904162515 0.278705310865 0) (0.0423621078082 0.279582795994 0) (0.0426346532944 0.28046001627 0) (0.0429080524517 0.281336970861 0) (0.0431823050214 0.282213658937 0) (0.0434574107434 0.283090079668 0) (0.0437333693573 0.283966232222 0) (0.0440101806016 0.284842115769 0) (0.044287844214 0.285717729482 0) (0.0445663599317 0.286593072528 0) (0.0448457274906 0.287468144081 0) (0.0451259466261 0.288342943309 0) (0.0454070170729 0.289217469386 0) (0.0456889385646 0.290091721482 0) (0.0459717108341 0.290965698768 0) (0.0462553336137 0.291839400419 0) (0.0465398066345 0.292712825604 0) (0.0468251296272 0.293585973498 0) (0.0471113023214 0.294458843273 0) (0.047398324446 0.295331434101 0))
    polyLine 25 29 ((-0.223984920338 0.577490301356 -0.03) (-0.222615244365 0.580771202604 -0.03) (-0.221234170903 0.584060810963 -0.03) (-0.219841612544 0.587359188226 -0.03) (-0.218437480987 0.590666396547 -0.03) (-0.217021687031 0.593982498434 -0.03) (-0.215594140564 0.597307556759 -0.03) (-0.214154750555 0.600641634762 -0.03) (-0.21270342504 0.603984796048 -0.03) (-0.21124007112 0.607337104599 -0.03) (-0.209764594942 0.61069862477 -0.03) (-0.208276901695 0.614069421301 -0.03) (-0.206776895598 0.617449559311 -0.03) (-0.205264479887 0.62083910431 -0.03) (-0.203739556809 0.624238122199 -0.03) (-0.202202027608 0.627646679275 -0.03) (-0.200651792514 0.631064842233 -0.03) (-0.199088750736 0.634492678173 -0.03) (-0.197512800444 0.637930254602 -0.03) (-0.195923838765 0.641377639439 -0.03) (-0.194321761764 0.644834901018 -0.03) (-0.192706464441 0.648302108094 -0.03) (-0.191077840711 0.651779329844 -0.03))
    polyLine 27 31 ((-0.223984920338 0.577490301356 0) (-0.222615244365 0.580771202604 0) (-0.221234170903 0.584060810963 0) (-0.219841612544 0.587359188226 0) (-0.218437480987 0.590666396547 0) (-0.217021687031 0.593982498434 0) (-0.215594140564 0.597307556759 0) (-0.214154750555 0.600641634762 0) (-0.21270342504 0.603984796048 0) (-0.21124007112 0.607337104599 0) (-0.209764594942 0.61069862477 0) (-0.208276901695 0.614069421301 0) (-0.206776895598 0.617449559311 0) (-0.205264479887 0.62083910431 0) (-0.203739556809 0.624238122199 0) (-0.202202027608 0.627646679275 0) (-0.200651792514 0.631064842233 0) (-0.199088750736 0.634492678173 0) (-0.197512800444 0.637930254602 0) (-0.195923838765 0.641377639439 0) (-0.194321761764 0.644834901018 0) (-0.192706464441 0.648302108094 0) (-0.191077840711 0.651779329844 0))
    polyLine 28 32 ((0.0476861957292 0.296203745158 -0.03) (0.0479749158982 0.297075775615 -0.03) (0.0482644846795 0.297947524647 -0.03) (0.0485549017988 0.298818991429 -0.03) (0.048846166981 0.299690175134 -0.03) (0.0491382799502 0.300561074937 -0.03) (0.0494312404296 0.301431690014 -0.03) (0.0497250481417 0.30230201954 -0.03) (0.0500197028082 0.303172062689 -0.03) (0.05031520415 0.304041818639 -0.03) (0.0506115518871 0.304911286564 -0.03) (0.0509087457388 0.305780465642 -0.03) (0.0512067854235 0.306649355048 -0.03) (0.0515056706589 0.30751795396 -0.03) (0.0518054011619 0.308386261556 -0.03) (0.0521059766486 0.309254277011 -0.03) (0.0524073968341 0.310121999505 -0.03) (0.052709661433 0.310989428215 -0.03) (0.0530127701589 0.311856562319 -0.03) (0.0533167227247 0.312723400997 -0.03) (0.0536215188424 0.313589943425 -0.03) (0.0539271582233 0.314456188785 -0.03) (0.0542336405778 0.315322136255 -0.03) (0.0545409656157 0.316187785015 -0.03) (0.0548491330458 0.317053134245 -0.03) (0.0551581425761 0.317918183125 -0.03) (0.0554679939139 0.318782930836 -0.03) (0.0557786867657 0.319647376558 -0.03) (0.0560902208372 0.320511519472 -0.03) (0.0564025958333 0.321375358761 -0.03) (0.056715811458 0.322238893605 -0.03) (0.0570298674146 0.323102123186 -0.03) (0.0573447634056 0.323965046688 -0.03) (0.0576595241561 0.324826297848 -0.03) (0.0579742849067 0.325687549007 -0.03) (0.0582890456572 0.326548800167 -0.03) (0.0586038064078 0.327410051327 -0.03) (0.0589185671583 0.328271302487 -0.03) (0.0592333279089 0.329132553647 -0.03) (0.0595480886594 0.329993804806 -0.03) (0.05986284941 0.330855055966 -0.03) (0.0601776101605 0.331716307126 -0.03) (0.0604923709111 0.332577558286 -0.03) (0.0608071316616 0.333438809445 -0.03) (0.0611218924122 0.334300060605 -0.03) (0.0614366531627 0.335161311765 -0.03) (0.0617514139133 0.336022562925 -0.03))
    polyLine 30 34 ((0.0476861957292 0.296203745158 0) (0.0479749158982 0.297075775615 0) (0.0482644846795 0.297947524647 0) (0.0485549017988 0.298818991429 0) (0.048846166981 0.299690175134 0) (0.0491382799502 0.300561074937 0) (0.0494312404296 0.301431690014 0) (0.0497250481417 0.30230201954 0) (0.0500197028082 0.303172062689 0) (0.05031520415 0.304041818639 0) (0.0506115518871 0.304911286564 0) (0.0509087457388 0.305780465642 0) (0.0512067854235 0.306649355048 0) (0.0515056706589 0.30751795396 0) (0.0518054011619 0.308386261556 0) (0.0521059766486 0.309254277011 0) (0.0524073968341 0.310121999505 0) (0.052709661433 0.310989428215 0) (0.0530127701589 0.311856562319 0) (0.0533167227247 0.312723400997 0) (0.0536215188424 0.313589943425 0) (0.0539271582233 0.314456188785 0) (0.0542336405778 0.315322136255 0) (0.0545409656157 0.316187785015 0) (0.0548491330458 0.317053134245 0) (0.0551581425761 0.317918183125 0) (0.0554679939139 0.318782930836 0) (0.0557786867657 0.319647376558 0) (0.0560902208372 0.320511519472 0) (0.0564025958333 0.321375358761 0) (0.056715811458 0.322238893605 0) (0.0570298674146 0.323102123186 0) (0.0573447634056 0.323965046688 0) (0.0576595241561 0.324826297848 0) (0.0579742849067 0.325687549007 0) (0.0582890456572 0.326548800167 0) (0.0586038064078 0.327410051327 0) (0.0589185671583 0.328271302487 0) (0.0592333279089 0.329132553647 0) (0.0595480886594 0.329993804806 0) (0.05986284941 0.330855055966 0) (0.0601776101605 0.331716307126 0) (0.0604923709111 0.332577558286 0) (0.0608071316616 0.333438809445 0) (0.0611218924122 0.334300060605 0) (0.0614366531627 0.335161311765 0) (0.0617514139133 0.336022562925 0))
    polyLine 29 33 ((-0.18796246516 0.658379932979 -0.03) (-0.186478335993 0.661501328487 -0.03) (-0.184983318027 0.664630872393 -0.03) (-0.183477332678 0.667768614971 -0.03) (-0.181960300638 0.670914606778 -0.03) (-0.180432141871 0.674068898653 -0.03) (-0.178892775599 0.677231541726 -0.03) (-0.177342120301 0.680402587413 -0.03) (-0.175780093703 0.683582087426 -0.03) (-0.17420661277 0.686770093769 -0.03) (-0.1726215937 0.689966658748 -0.03) (-0.171024951914 0.693171834964 -0.03) (-0.16941660205 0.696385675328 -0.03) (-0.167796457953 0.699608233052 -0.03) (-0.166164432671 0.702839561659 -0.03) (-0.164520438441 0.706079714985 -0.03) (-0.162864386685 0.70932874718 -0.03) (-0.161196188002 0.71258671271 -0.03) (-0.159515752155 0.715853666365 -0.03) (-0.157822988067 0.719129663256 -0.03) (-0.156117803811 0.722414758822 -0.03) (-0.154400106601 0.725709008832 -0.03) (-0.152669802781 0.729012469389 -0.03))
    polyLine 31 35 ((-0.18796246516 0.658379932979 0) (-0.186478335993 0.661501328487 0) (-0.184983318027 0.664630872393 0) (-0.183477332678 0.667768614971 0) (-0.181960300638 0.670914606778 0) (-0.180432141871 0.674068898653 0) (-0.178892775599 0.677231541726 0) (-0.177342120301 0.680402587413 0) (-0.175780093703 0.683582087426 0) (-0.17420661277 0.686770093769 0) (-0.1726215937 0.689966658748 0) (-0.171024951914 0.693171834964 0) (-0.16941660205 0.696385675328 0) (-0.167796457953 0.699608233052 0) (-0.166164432671 0.702839561659 0) (-0.164520438441 0.706079714985 0) (-0.162864386685 0.70932874718 0) (-0.161196188002 0.71258671271 0) (-0.159515752155 0.715853666365 0) (-0.157822988067 0.719129663256 0) (-0.156117803811 0.722414758822 0) (-0.154400106601 0.725709008832 0) (-0.152669802781 0.729012469389 0))
    polyLine 32 36 ((0.0620661746638 0.336883814085 -0.03) (0.0623809354144 0.337745065244 -0.03) (0.0626956961649 0.338606316404 -0.03) (0.0630104569155 0.339467567564 -0.03) (0.063325217666 0.340328818724 -0.03) (0.0636399784166 0.341190069884 -0.03) (0.0639547391671 0.342051321043 -0.03) (0.0642694999177 0.342912572203 -0.03) (0.0645842606682 0.343773823363 -0.03) (0.0648990214188 0.344635074523 -0.03) (0.0652137821693 0.345496325683 -0.03) (0.0655285429199 0.346357576842 -0.03) (0.0658433036704 0.347218828002 -0.03) (0.066158064421 0.348080079162 -0.03) (0.0664728251715 0.348941330322 -0.03) (0.0667875859221 0.349802581482 -0.03) (0.0671023466726 0.350663832641 -0.03) (0.0674171074232 0.351525083801 -0.03) (0.0677318681737 0.352386334961 -0.03) (0.0680466289243 0.353247586121 -0.03) (0.0683613896748 0.354108837281 -0.03) (0.0686761504254 0.35497008844 -0.03) (0.0689909111759 0.3558313396 -0.03) (0.0693056719265 0.35669259076 -0.03) (0.069620432677 0.35755384192 -0.03) (0.0699351934276 0.35841509308 -0.03) (0.0702499541781 0.359276344239 -0.03) (0.0705647149287 0.360137595399 -0.03) (0.0708794756792 0.360998846559 -0.03) (0.0711942364298 0.361860097719 -0.03) (0.0715089971803 0.362721348878 -0.03) (0.0718237579308 0.363582600038 -0.03) (0.0721385186814 0.364443851198 -0.03) (0.0724532794319 0.365305102358 -0.03) (0.0727680401825 0.366166353518 -0.03) (0.073082800933 0.367027604677 -0.03) (0.0733975616836 0.367888855837 -0.03) (0.0737123224341 0.368750106997 -0.03) (0.0740270831847 0.369611358157 -0.03) (0.0743418439352 0.370472609317 -0.03) (0.0746566046858 0.371333860476 -0.03) (0.0749713654363 0.372195111636 -0.03) (0.0752861261869 0.373056362796 -0.03) (0.0756008869374 0.373917613956 -0.03) (0.075915647688 0.374778865116 -0.03) (0.0762304084385 0.375640116275 -0.03))
    polyLine 34 38 ((0.0620661746638 0.336883814085 0) (0.0623809354144 0.337745065244 0) (0.0626956961649 0.338606316404 0) (0.0630104569155 0.339467567564 0) (0.063325217666 0.340328818724 0) (0.0636399784166 0.341190069884 0) (0.0639547391671 0.342051321043 0) (0.0642694999177 0.342912572203 0) (0.0645842606682 0.343773823363 0) (0.0648990214188 0.344635074523 0) (0.0652137821693 0.345496325683 0) (0.0655285429199 0.346357576842 0) (0.0658433036704 0.347218828002 0) (0.066158064421 0.348080079162 0) (0.0664728251715 0.348941330322 0) (0.0667875859221 0.349802581482 0) (0.0671023466726 0.350663832641 0) (0.0674171074232 0.351525083801 0) (0.0677318681737 0.352386334961 0) (0.0680466289243 0.353247586121 0) (0.0683613896748 0.354108837281 0) (0.0686761504254 0.35497008844 0) (0.0689909111759 0.3558313396 0) (0.0693056719265 0.35669259076 0) (0.069620432677 0.35755384192 0) (0.0699351934276 0.35841509308 0) (0.0702499541781 0.359276344239 0) (0.0705647149287 0.360137595399 0) (0.0708794756792 0.360998846559 0) (0.0711942364298 0.361860097719 0) (0.0715089971803 0.362721348878 0) (0.0718237579308 0.363582600038 0) (0.0721385186814 0.364443851198 0) (0.0724532794319 0.365305102358 0) (0.0727680401825 0.366166353518 0) (0.073082800933 0.367027604677 0) (0.0733975616836 0.367888855837 0) (0.0737123224341 0.368750106997 0) (0.0740270831847 0.369611358157 0) (0.0743418439352 0.370472609317 0) (0.0746566046858 0.371333860476 0) (0.0749713654363 0.372195111636 0) (0.0752861261869 0.373056362796 0) (0.0756008869374 0.373917613956 0) (0.075915647688 0.374778865116 0) (0.0762304084385 0.375640116275 0))
    polyLine 33 37 ((-0.149401603843 0.735211780338 -0.03) (-0.14786668154 0.738105443398 -0.03) (-0.146321967213 0.741006223783 -0.03) (-0.144767396643 0.743914159368 -0.03) (-0.143202905087 0.746829288229 -0.03) (-0.141628427273 0.749751648641 -0.03) (-0.140043897394 0.752681279085 -0.03) (-0.138449249102 0.755618218247 -0.03) (-0.136844415506 0.75856250502 -0.03) (-0.135229329166 0.761514178505 -0.03) (-0.133603922084 0.764473278014 -0.03) (-0.131968125708 0.767439843071 -0.03) (-0.130321870914 0.770413913416 -0.03) (-0.128665088014 0.773395529002 -0.03) (-0.12699770674 0.776384730001 -0.03) (-0.125319656246 0.779381556805 -0.03) (-0.123630865098 0.782386050027 -0.03) (-0.121931261271 0.785398250503 -0.03) (-0.120220772141 0.788418199294 -0.03) (-0.118499324482 0.79144593769 -0.03) (-0.11676684446 0.794481507209 -0.03) (-0.115023257626 0.797524949598 -0.03) (-0.113268488909 0.80057630684 -0.03))
    polyLine 35 39 ((-0.149401603843 0.735211780338 0) (-0.14786668154 0.738105443398 0) (-0.146321967213 0.741006223783 0) (-0.144767396643 0.743914159368 0) (-0.143202905087 0.746829288229 0) (-0.141628427273 0.749751648641 0) (-0.140043897394 0.752681279085 0) (-0.138449249102 0.755618218247 0) (-0.136844415506 0.75856250502 0) (-0.135229329166 0.761514178505 0) (-0.133603922084 0.764473278014 0) (-0.131968125708 0.767439843071 0) (-0.130321870914 0.770413913416 0) (-0.128665088014 0.773395529002 0) (-0.12699770674 0.776384730001 0) (-0.125319656246 0.779381556805 0) (-0.123630865098 0.782386050027 0) (-0.121931261271 0.785398250503 0) (-0.120220772141 0.788418199294 0) (-0.118499324482 0.79144593769 0) (-0.11676684446 0.794481507209 0) (-0.115023257626 0.797524949598 0) (-0.113268488909 0.80057630684 0))
    polyLine 36 40 ((0.0765451691891 0.376501367435 -0.03) (0.0768599299396 0.377362618595 -0.03) (0.0771746906902 0.378223869755 -0.03) (0.0774894514407 0.379085120915 -0.03) (0.0778042121913 0.379946372074 -0.03) (0.0781189729418 0.380807623234 -0.03) (0.0784337336924 0.381668874394 -0.03) (0.0787484944429 0.382530125554 -0.03) (0.0790632551935 0.383391376714 -0.03) (0.079378015944 0.384252627873 -0.03) (0.0796927766946 0.385113879033 -0.03) (0.0800075374451 0.385975130193 -0.03) (0.0803222981957 0.386836381353 -0.03) (0.0806370589462 0.387697632513 -0.03) (0.0809518196968 0.388558883672 -0.03) (0.0812665804473 0.389420134832 -0.03) (0.0815813411979 0.390281385992 -0.03) (0.0818961019484 0.391142637152 -0.03) (0.082210862699 0.392003888312 -0.03) (0.0825256234495 0.392865139471 -0.03) (0.0828403842001 0.393726390631 -0.03) (0.0831551449506 0.394587641791 -0.03) (0.0834699057012 0.395448892951 -0.03) (0.0837846664517 0.39631014411 -0.03) (0.0840994272023 0.39717139527 -0.03) (0.0844141879528 0.39803264643 -0.03) (0.0847289487034 0.39889389759 -0.03) (0.0850437094539 0.39975514875 -0.03) (0.0853584702045 0.400616399909 -0.03) (0.085673230955 0.401477651069 -0.03) (0.0859879917056 0.402338902229 -0.03) (0.0863027524561 0.403200153389 -0.03) (0.0866175132067 0.404061404549 -0.03) (0.0869322739572 0.404922655708 -0.03) (0.0872470347078 0.405783906868 -0.03) (0.0875617954583 0.406645158028 -0.03) (0.0878765562089 0.407506409188 -0.03) (0.0881913169594 0.408367660348 -0.03) (0.08850607771 0.409228911507 -0.03) (0.0888208384605 0.410090162667 -0.03) (0.0891355992111 0.410951413827 -0.03) (0.0894503599616 0.411812664987 -0.03) (0.0897651207122 0.412673916147 -0.03) (0.0900798814627 0.413535167306 -0.03) (0.0903946422133 0.414396418466 -0.03) (0.0907094029638 0.415257669626 -0.03) (0.0910241637144 0.416118920786 -0.03))
    polyLine 38 42 ((0.0765451691891 0.376501367435 0) (0.0768599299396 0.377362618595 0) (0.0771746906902 0.378223869755 0) (0.0774894514407 0.379085120915 0) (0.0778042121913 0.379946372074 0) (0.0781189729418 0.380807623234 0) (0.0784337336924 0.381668874394 0) (0.0787484944429 0.382530125554 0) (0.0790632551935 0.383391376714 0) (0.079378015944 0.384252627873 0) (0.0796927766946 0.385113879033 0) (0.0800075374451 0.385975130193 0) (0.0803222981957 0.386836381353 0) (0.0806370589462 0.387697632513 0) (0.0809518196968 0.388558883672 0) (0.0812665804473 0.389420134832 0) (0.0815813411979 0.390281385992 0) (0.0818961019484 0.391142637152 0) (0.082210862699 0.392003888312 0) (0.0825256234495 0.392865139471 0) (0.0828403842001 0.393726390631 0) (0.0831551449506 0.394587641791 0) (0.0834699057012 0.395448892951 0) (0.0837846664517 0.39631014411 0) (0.0840994272023 0.39717139527 0) (0.0844141879528 0.39803264643 0) (0.0847289487034 0.39889389759 0) (0.0850437094539 0.39975514875 0) (0.0853584702045 0.400616399909 0) (0.085673230955 0.401477651069 0) (0.0859879917056 0.402338902229 0) (0.0863027524561 0.403200153389 0) (0.0866175132067 0.404061404549 0) (0.0869322739572 0.404922655708 0) (0.0872470347078 0.405783906868 0) (0.0875617954583 0.406645158028 0) (0.0878765562089 0.407506409188 0) (0.0881913169594 0.408367660348 0) (0.08850607771 0.409228911507 0) (0.0888208384605 0.410090162667 0) (0.0891355992111 0.410951413827 0) (0.0894503599616 0.411812664987 0) (0.0897651207122 0.412673916147 0) (0.0900798814627 0.413535167306 0) (0.0903946422133 0.414396418466 0) (0.0907094029638 0.415257669626 0) (0.0910241637144 0.416118920786 0))
    polyLine 37 41 ((-0.109974030718 0.806274040033 -0.03) (-0.108437160865 0.80891840707 -0.03) (-0.106891803719 0.811568749572 -0.03) (-0.105337909589 0.814225094978 -0.03) (-0.103775428426 0.816887470864 -0.03) (-0.102204309819 0.819555904939 -0.03) (-0.100624502994 0.822230425049 -0.03) (-0.0990359568078 0.824911059176 -0.03) (-0.0974386197484 0.827597835441 -0.03) (-0.0958324399296 0.830290782103 -0.03) (-0.0942173650884 0.832989927563 -0.03) (-0.0925933425824 0.835695300361 -0.03) (-0.0909603193861 0.838406929181 -0.03) (-0.0893182420877 0.84112484285 -0.03) (-0.0876670568863 0.843849070337 -0.03) (-0.086006709588 0.846579640761 -0.03) (-0.0843371456032 0.849316583385 -0.03) (-0.0826583099426 0.852059927619 -0.03) (-0.0809701472145 0.854809703023 -0.03) (-0.079272601621 0.857565939307 -0.03) (-0.0775656169544 0.860328666334 -0.03) (-0.0758491365942 0.863097914115 -0.03) (-0.0741231035031 0.865873712819 -0.03))
    polyLine 39 43 ((-0.109974030718 0.806274040033 0) (-0.108437160865 0.80891840707 0) (-0.106891803719 0.811568749572 0) (-0.105337909589 0.814225094978 0) (-0.103775428426 0.816887470864 0) (-0.102204309819 0.819555904939 0) (-0.100624502994 0.822230425049 0) (-0.0990359568078 0.824911059176 0) (-0.0974386197484 0.827597835441 0) (-0.0958324399296 0.830290782103 0) (-0.0942173650884 0.832989927563 0) (-0.0925933425824 0.835695300361 0) (-0.0909603193861 0.838406929181 0) (-0.0893182420877 0.84112484285 0) (-0.0876670568863 0.843849070337 0) (-0.086006709588 0.846579640761 0) (-0.0843371456032 0.849316583385 0) (-0.0826583099426 0.852059927619 0) (-0.0809701472145 0.854809703023 0) (-0.079272601621 0.857565939307 0) (-0.0775656169544 0.860328666334 0) (-0.0758491365942 0.863097914115 0) (-0.0741231035031 0.865873712819 0))
    polyLine 40 44 ((0.0913389244649 0.416980171946 -0.03) (0.0916536852155 0.417841423105 -0.03) (0.091968445966 0.418702674265 -0.03) (0.0922832067166 0.419563925425 -0.03) (0.0925979674671 0.420425176585 -0.03) (0.0929127282177 0.421286427745 -0.03) (0.0932274889682 0.422147678904 -0.03) (0.0935422497188 0.423008930064 -0.03) (0.0938570104693 0.423870181224 -0.03) (0.0941717712199 0.424731432384 -0.03) (0.0944865319704 0.425592683544 -0.03) (0.094801292721 0.426453934703 -0.03) (0.0951160534715 0.427315185863 -0.03) (0.0954308142221 0.428176437023 -0.03) (0.0957455749726 0.429037688183 -0.03) (0.0960603357232 0.429898939342 -0.03) (0.0963750964737 0.430760190502 -0.03) (0.0966898572243 0.431621441662 -0.03) (0.0970046179748 0.432482692822 -0.03) (0.0973193787254 0.433343943982 -0.03) (0.0976341394759 0.434205195141 -0.03) (0.0979489002265 0.435066446301 -0.03) (0.098263660977 0.435927697461 -0.03) (0.0985784217276 0.436788948621 -0.03) (0.0988931824781 0.437650199781 -0.03) (0.0992079432287 0.43851145094 -0.03) (0.0995227039792 0.4393727021 -0.03) (0.0998374647298 0.44023395326 -0.03) (0.10015222548 0.44109520442 -0.03) (0.100466986231 0.44195645558 -0.03) (0.100781746981 0.442817706739 -0.03) (0.101096507732 0.443678957899 -0.03) (0.101411268483 0.444540209059 -0.03) (0.101726029233 0.445401460219 -0.03) (0.102040789984 0.446262711379 -0.03) (0.102355550734 0.447123962538 -0.03) (0.102670311485 0.447985213698 -0.03) (0.102985072235 0.448846464858 -0.03) (0.103299832986 0.449707716018 -0.03) (0.103614593736 0.450568967178 -0.03) (0.103929354487 0.451430218337 -0.03) (0.104244115237 0.452291469497 -0.03) (0.104558875988 0.453152720657 -0.03) (0.104873636739 0.454013971817 -0.03) (0.105188397489 0.454875222977 -0.03) (0.10550315824 0.455736474136 -0.03) (0.10581791899 0.456597725296 -0.03))
    polyLine 42 46 ((0.0913389244649 0.416980171946 0) (0.0916536852155 0.417841423105 0) (0.091968445966 0.418702674265 0) (0.0922832067166 0.419563925425 0) (0.0925979674671 0.420425176585 0) (0.0929127282177 0.421286427745 0) (0.0932274889682 0.422147678904 0) (0.0935422497188 0.423008930064 0) (0.0938570104693 0.423870181224 0) (0.0941717712199 0.424731432384 0) (0.0944865319704 0.425592683544 0) (0.094801292721 0.426453934703 0) (0.0951160534715 0.427315185863 0) (0.0954308142221 0.428176437023 0) (0.0957455749726 0.429037688183 0) (0.0960603357232 0.429898939342 0) (0.0963750964737 0.430760190502 0) (0.0966898572243 0.431621441662 0) (0.0970046179748 0.432482692822 0) (0.0973193787254 0.433343943982 0) (0.0976341394759 0.434205195141 0) (0.0979489002265 0.435066446301 0) (0.098263660977 0.435927697461 0) (0.0985784217276 0.436788948621 0) (0.0988931824781 0.437650199781 0) (0.0992079432287 0.43851145094 0) (0.0995227039792 0.4393727021 0) (0.0998374647298 0.44023395326 0) (0.10015222548 0.44109520442 0) (0.100466986231 0.44195645558 0) (0.100781746981 0.442817706739 0) (0.101096507732 0.443678957899 0) (0.101411268483 0.444540209059 0) (0.101726029233 0.445401460219 0) (0.102040789984 0.446262711379 0) (0.102355550734 0.447123962538 0) (0.102670311485 0.447985213698 0) (0.102985072235 0.448846464858 0) (0.103299832986 0.449707716018 0) (0.103614593736 0.450568967178 0) (0.103929354487 0.451430218337 0) (0.104244115237 0.452291469497 0) (0.104558875988 0.453152720657 0) (0.104873636739 0.454013971817 0) (0.105188397489 0.454875222977 0) (0.10550315824 0.455736474136 0) (0.10581791899 0.456597725296 0))
    polyLine 41 45 ((-0.0708834078765 0.871060082388 -0.03) (-0.0693721327633 0.873469005544 -0.03) (-0.0678535973058 0.875882881944 -0.03) (-0.0663277636862 0.878301731385 -0.03) (-0.0647945938451 0.880725573753 -0.03) (-0.0632540494802 0.883154429022 -0.03) (-0.0617060920441 0.885588317256 -0.03) (-0.0601506827425 0.88802725861 -0.03) (-0.0585877825328 0.89047127333 -0.03) (-0.0570173521216 0.892920381754 -0.03) (-0.0554393519633 0.895374604311 -0.03) (-0.0538537422579 0.897833961524 -0.03) (-0.0522604829494 0.900298474008 -0.03) (-0.0506595337235 0.902768162473 -0.03) (-0.049050854006 0.905243047724 -0.03) (-0.0474344029606 0.907723150663 -0.03) (-0.0458101394871 0.910208492284 -0.03) (-0.0441780222192 0.912699093681 -0.03) (-0.0425380095227 0.915194976044 -0.03) (-0.0408900594932 0.917696160662 -0.03) (-0.0392341299542 0.920202668922 -0.03) (-0.0375701784553 0.922714522311 -0.03) (-0.0358981622694 0.925231742415 -0.03))
    polyLine 43 47 ((-0.0708834078765 0.871060082388 0) (-0.0693721327633 0.873469005544 0) (-0.0678535973058 0.875882881944 0) (-0.0663277636862 0.878301731385 0) (-0.0647945938451 0.880725573753 0) (-0.0632540494802 0.883154429022 0) (-0.0617060920441 0.885588317256 0) (-0.0601506827425 0.88802725861 0) (-0.0585877825328 0.89047127333 0) (-0.0570173521216 0.892920381754 0) (-0.0554393519633 0.895374604311 0) (-0.0538537422579 0.897833961524 0) (-0.0522604829494 0.900298474008 0) (-0.0506595337235 0.902768162473 0) (-0.049050854006 0.905243047724 0) (-0.0474344029606 0.907723150663 0) (-0.0458101394871 0.910208492284 0) (-0.0441780222192 0.912699093681 0) (-0.0425380095227 0.915194976044 0) (-0.0408900594932 0.917696160662 0) (-0.0392341299542 0.920202668922 0) (-0.0375701784553 0.922714522311 0) (-0.0358981622694 0.925231742415 0))
    polyLine 44 48 ((0.106132679741 0.457458976456 -0.03) (0.106447440491 0.458320227616 -0.03) (0.106762201242 0.459181478775 -0.03) (0.107076961992 0.460042729935 -0.03) (0.107391722743 0.460903981095 -0.03) (0.107706483494 0.461765232255 -0.03) (0.108021244244 0.462626483415 -0.03) (0.108336004995 0.463487734574 -0.03) (0.108650765745 0.464348985734 -0.03) (0.108965526496 0.465210236894 -0.03) (0.109280287246 0.466071488054 -0.03) (0.109595047997 0.466932739214 -0.03) (0.109909808747 0.467793990373 -0.03) (0.110224569498 0.468655241533 -0.03) (0.110539330248 0.469516492693 -0.03) (0.110854090999 0.470377743853 -0.03) (0.11116885175 0.471238995013 -0.03) (0.1114836125 0.472100246172 -0.03) (0.111798373251 0.472961497332 -0.03) (0.112113134001 0.473822748492 -0.03) (0.112427894752 0.474683999652 -0.03) (0.112742655502 0.475545250812 -0.03) (0.113057416253 0.476406501971 -0.03) (0.113372177003 0.477267753131 -0.03) (0.113686937754 0.478129004291 -0.03) (0.114001698505 0.478990255451 -0.03) (0.114316459255 0.479851506611 -0.03) (0.114631220006 0.48071275777 -0.03) (0.114945980756 0.48157400893 -0.03) (0.115260741507 0.48243526009 -0.03) (0.115575502257 0.48329651125 -0.03) (0.115890263008 0.48415776241 -0.03) (0.116205023758 0.485019013569 -0.03) (0.116519784509 0.485880264729 -0.03) (0.116834545259 0.486741515889 -0.03) (0.11714930601 0.487602767049 -0.03) (0.117464066761 0.488464018209 -0.03) (0.117778827511 0.489325269368 -0.03) (0.118093588262 0.490186520528 -0.03) (0.118408349012 0.491047771688 -0.03) (0.118723109763 0.491909022848 -0.03) (0.119037870513 0.492770274007 -0.03) (0.119352631264 0.493631525167 -0.03) (0.119667392014 0.494492776327 -0.03) (0.119982152765 0.495354027487 -0.03) (0.120296913515 0.496215278647 -0.03) (0.120611674266 0.497076529806 -0.03))
    polyLine 46 50 ((0.106132679741 0.457458976456 0) (0.106447440491 0.458320227616 0) (0.106762201242 0.459181478775 0) (0.107076961992 0.460042729935 0) (0.107391722743 0.460903981095 0) (0.107706483494 0.461765232255 0) (0.108021244244 0.462626483415 0) (0.108336004995 0.463487734574 0) (0.108650765745 0.464348985734 0) (0.108965526496 0.465210236894 0) (0.109280287246 0.466071488054 0) (0.109595047997 0.466932739214 0) (0.109909808747 0.467793990373 0) (0.110224569498 0.468655241533 0) (0.110539330248 0.469516492693 0) (0.110854090999 0.470377743853 0) (0.11116885175 0.471238995013 0) (0.1114836125 0.472100246172 0) (0.111798373251 0.472961497332 0) (0.112113134001 0.473822748492 0) (0.112427894752 0.474683999652 0) (0.112742655502 0.475545250812 0) (0.113057416253 0.476406501971 0) (0.113372177003 0.477267753131 0) (0.113686937754 0.478129004291 0) (0.114001698505 0.478990255451 0) (0.114316459255 0.479851506611 0) (0.114631220006 0.48071275777 0) (0.114945980756 0.48157400893 0) (0.115260741507 0.48243526009 0) (0.115575502257 0.48329651125 0) (0.115890263008 0.48415776241 0) (0.116205023758 0.485019013569 0) (0.116519784509 0.485880264729 0) (0.116834545259 0.486741515889 0) (0.11714930601 0.487602767049 0) (0.117464066761 0.488464018209 0) (0.117778827511 0.489325269368 0) (0.118093588262 0.490186520528 0) (0.118408349012 0.491047771688 0) (0.118723109763 0.491909022848 0) (0.119037870513 0.492770274007 0) (0.119352631264 0.493631525167 0) (0.119667392014 0.494492776327 0) (0.119982152765 0.495354027487 0) (0.120296913515 0.496215278647 0) (0.120611674266 0.497076529806 0))
    polyLine 45 49 ((-0.0327572998575 0.929942054334 -0.03) (-0.0312904271691 0.932133824725 -0.03) (-0.029817391931 0.934329676342 -0.03) (-0.0283381655873 0.93652962349 -0.03) (-0.0268527194204 0.938733680531 -0.03) (-0.0253610245498 0.940941861887 -0.03) (-0.0238630519308 0.943154182039 -0.03) (-0.022358772354 0.945370655528 -0.03) (-0.0208481564435 0.947591296953 -0.03) (-0.0193311746562 0.949816120975 -0.03) (-0.0178077972806 0.952045142315 -0.03) (-0.0162779944355 0.954278375754 -0.03) (-0.0147417360692 0.956515836135 -0.03) (-0.013198991958 0.958757538364 -0.03) (-0.0116497317052 0.961003497407 -0.03) (-0.0100939247399 0.963253728293 -0.03) (-0.00853154031591 0.965508246115 -0.03) (-0.00696254751034 0.967767066028 -0.03) (-0.00538691522263 0.970030203249 -0.03) (-0.0038046121732 0.972297673064 -0.03) (-0.00221560690231 0.974569490817 -0.03) (-0.000619867768751 0.976845671923 -0.03) (0.000982637051316 0.979126231856 -0.03))
    polyLine 47 51 ((-0.0327572998575 0.929942054334 0) (-0.0312904271691 0.932133824725 0) (-0.029817391931 0.934329676342 0) (-0.0283381655873 0.93652962349 0) (-0.0268527194204 0.938733680531 0) (-0.0253610245498 0.940941861887 0) (-0.0238630519308 0.943154182039 0) (-0.022358772354 0.945370655528 0) (-0.0208481564435 0.947591296953 0) (-0.0193311746562 0.949816120975 0) (-0.0178077972806 0.952045142315 0) (-0.0162779944355 0.954278375754 0) (-0.0147417360692 0.956515836135 0) (-0.013198991958 0.958757538364 0) (-0.0116497317052 0.961003497407 0) (-0.0100939247399 0.963253728293 0) (-0.00853154031591 0.965508246115 0) (-0.00696254751034 0.967767066028 0) (-0.00538691522263 0.970030203249 0) (-0.0038046121732 0.972297673064 0) (-0.00221560690231 0.974569490817 0) (-0.000619867768751 0.976845671923 0) (0.000982637051316 0.979126231856 0))
    polyLine 48 52 ((0.120926435017 0.497937780966 -0.03) (0.121241195767 0.498799032126 -0.03) (0.121555956518 0.499660283286 -0.03) (0.121870717268 0.500521534446 -0.03) (0.122185478019 0.501382785605 -0.03) (0.122500238769 0.502244036765 -0.03) (0.12281499952 0.503105287925 -0.03) (0.12312976027 0.503966539085 -0.03) (0.123444521021 0.504827790245 -0.03) (0.123759281772 0.505689041404 -0.03) (0.124074042522 0.506550292564 -0.03) (0.124388803273 0.507411543724 -0.03) (0.124703564023 0.508272794884 -0.03) (0.125018324774 0.509134046044 -0.03) (0.125333085524 0.509995297203 -0.03) (0.125647846275 0.510856548363 -0.03) (0.125962607025 0.511717799523 -0.03) (0.126277367776 0.512579050683 -0.03) (0.126592128526 0.513440301843 -0.03) (0.126906889277 0.514301553002 -0.03) (0.127221650028 0.515162804162 -0.03) (0.127536410778 0.516024055322 -0.03) (0.127851171529 0.516885306482 -0.03) (0.128165932279 0.517746557642 -0.03) (0.12848069303 0.518607808801 -0.03) (0.12879545378 0.519469059961 -0.03) (0.129110214531 0.520330311121 -0.03) (0.129424975281 0.521191562281 -0.03) (0.129742441462 0.522050046743 -0.03) (0.130066446475 0.522906084768 -0.03) (0.13039697147 0.523759626552 -0.03) (0.130733997217 0.524610622435 -0.03) (0.131077504108 0.525459022909 -0.03) (0.131427472159 0.526304778614 -0.03) (0.131783881007 0.527147840344 -0.03) (0.132146709919 0.527988159051 -0.03) (0.132515937784 0.528825685846 -0.03) (0.132891543122 0.529660372002 -0.03) (0.133273504079 0.530492168958 -0.03) (0.133661798435 0.53132102832 -0.03) (0.134056403597 0.532146901866 -0.03) (0.134457296609 0.532969741548 -0.03) (0.134864454146 0.533789499492 -0.03) (0.135277852521 0.534606128008 -0.03) (0.135697467682 0.535419579583 -0.03) (0.136123275217 0.536229806892 -0.03) (0.136555250352 0.537036762796 -0.03))
    polyLine 50 54 ((0.120926435017 0.497937780966 0) (0.121241195767 0.498799032126 0) (0.121555956518 0.499660283286 0) (0.121870717268 0.500521534446 0) (0.122185478019 0.501382785605 0) (0.122500238769 0.502244036765 0) (0.12281499952 0.503105287925 0) (0.12312976027 0.503966539085 0) (0.123444521021 0.504827790245 0) (0.123759281772 0.505689041404 0) (0.124074042522 0.506550292564 0) (0.124388803273 0.507411543724 0) (0.124703564023 0.508272794884 0) (0.125018324774 0.509134046044 0) (0.125333085524 0.509995297203 0) (0.125647846275 0.510856548363 0) (0.125962607025 0.511717799523 0) (0.126277367776 0.512579050683 0) (0.126592128526 0.513440301843 0) (0.126906889277 0.514301553002 0) (0.127221650028 0.515162804162 0) (0.127536410778 0.516024055322 0) (0.127851171529 0.516885306482 0) (0.128165932279 0.517746557642 0) (0.12848069303 0.518607808801 0) (0.12879545378 0.519469059961 0) (0.129110214531 0.520330311121 0) (0.129424975281 0.521191562281 0) (0.129742441462 0.522050046743 0) (0.130066446475 0.522906084768 0) (0.13039697147 0.523759626552 0) (0.130733997217 0.524610622435 0) (0.131077504108 0.525459022909 0) (0.131427472159 0.526304778614 0) (0.131783881007 0.527147840344 0) (0.132146709919 0.527988159051 0) (0.132515937784 0.528825685846 0) (0.132891543122 0.529660372002 0) (0.133273504079 0.530492168958 0) (0.133661798435 0.53132102832 0) (0.134056403597 0.532146901866 0) (0.134457296609 0.532969741548 0) (0.134864454146 0.533789499492 0) (0.135277852521 0.534606128008 0) (0.135697467682 0.535419579583 0) (0.136123275217 0.536229806892 0) (0.136555250352 0.537036762796 0))
    polyLine 49 53 ((0.00406049605105 0.983491717719 -0.03) (0.00553471852054 0.985575903812 -0.03) (0.00701463140443 0.987663756251 -0.03) (0.00850025926181 0.989755286895 -0.03) (0.00999162678141 0.991850507646 -0.03) (0.0114887587824 0.993949430454 -0.03) (0.0129916802152 0.996052067315 -0.03) (0.0145004161622 0.998158430271 -0.03) (0.0160149918389 1.00026853141 -0.03) (0.0175354325945 1.00238238288 -0.03) (0.0190617639126 1.00449999685 -0.03) (0.0205940114125 1.00662138557 -0.03) (0.0221322008496 1.0087465613 -0.03) (0.0236763581165 1.01087553639 -0.03) (0.025226509244 1.01300832322 -0.03) (0.0267826804016 1.0151449342 -0.03) (0.0283448978987 1.01728538181 -0.03) (0.0299131881854 1.01942967859 -0.03) (0.0314875778532 1.0215778371 -0.03) (0.0330680936363 1.02372986998 -0.03) (0.0346547624123 1.02588578991 -0.03) (0.0362476112028 1.0280456096 -0.03) (0.0378466671751 1.03020934184 -0.03))
    polyLine 51 55 ((0.00406049605105 0.983491717719 0) (0.00553471852054 0.985575903812 0) (0.00701463140443 0.987663756251 0) (0.00850025926181 0.989755286895 0) (0.00999162678141 0.991850507646 0) (0.0114887587824 0.993949430454 0) (0.0129916802152 0.996052067315 0) (0.0145004161622 0.998158430271 0) (0.0160149918389 1.00026853141 0) (0.0175354325945 1.00238238288 0) (0.0190617639126 1.00449999685 0) (0.0205940114125 1.00662138557 0) (0.0221322008496 1.0087465613 0) (0.0236763581165 1.01087553639 0) (0.025226509244 1.01300832322 0) (0.0267826804016 1.0151449342 0) (0.0283448978987 1.01728538181 0) (0.0299131881854 1.01942967859 0) (0.0314875778532 1.0215778371 0) (0.0330680936363 1.02372986998 0) (0.0346547624123 1.02588578991 0) (0.0362476112028 1.0280456096 0) (0.0378466671751 1.03020934184 0))
    polyLine 52 56 ((0.136993367955 0.537840400347 -0.03) (0.137437602538 0.538640672791 -0.03) (0.137887928255 0.539437533567 -0.03) (0.138344318905 0.540230936316 -0.03) (0.138806747938 0.541020834878 -0.03) (0.139275188449 0.541807183298 -0.03) (0.139749613184 0.542589935825 -0.03) (0.140229994542 0.54336904692 -0.03) (0.140716304575 0.544144471256 -0.03) (0.14120851499 0.544916163718 -0.03) (0.14170659715 0.54568407941 -0.03) (0.142210522077 0.546448173656 -0.03) (0.142720260453 0.547208402001 -0.03) (0.143235782623 0.547964720215 -0.03) (0.143757058593 0.548717084297 -0.03) (0.144284058036 0.549465450474 -0.03) (0.144816750291 0.550209775208 -0.03) (0.145355104368 0.550950015194 -0.03) (0.145899088944 0.551686127365 -0.03) (0.146448672372 0.552418068896 -0.03) (0.147003822678 0.553145797202 -0.03) (0.147564507562 0.553869269944 -0.03) (0.148130694404 0.554588445032 -0.03) (0.148702350266 0.555303280625 -0.03) (0.149279441887 0.556013735134 -0.03) (0.149861935693 0.556719767225 -0.03) (0.150449797796 0.557421335823 -0.03) (0.151042993994 0.558118400109 -0.03) (0.151641489774 0.558810919531 -0.03) (0.152245250318 0.559498853796 -0.03) (0.152854240499 0.560182162883 -0.03) (0.153468424886 0.560860807037 -0.03) (0.154087767747 0.561534746774 -0.03) (0.154712233049 0.562203942885 -0.03) (0.15534178446 0.562868356438 -0.03) (0.155976385354 0.563527948776 -0.03) (0.156615998811 0.564182681527 -0.03) (0.157260587618 0.564832516597 -0.03) (0.157910114274 0.565477416179 -0.03) (0.15856454099 0.566117342755 -0.03) (0.159223829691 0.566752259094 -0.03) (0.159887942021 0.567382128256 -0.03) (0.160556839342 0.568006913597 -0.03) (0.161230482739 0.568626578766 -0.03) (0.161908833019 0.569241087714 -0.03) (0.162591850716 0.569850404686 -0.03) (0.163279496094 0.570454494235 -0.03))
    polyLine 54 58 ((0.136993367955 0.537840400347 0) (0.137437602538 0.538640672791 0) (0.137887928255 0.539437533567 0) (0.138344318905 0.540230936316 0) (0.138806747938 0.541020834878 0) (0.139275188449 0.541807183298 0) (0.139749613184 0.542589935825 0) (0.140229994542 0.54336904692 0) (0.140716304575 0.544144471256 0) (0.14120851499 0.544916163718 0) (0.14170659715 0.54568407941 0) (0.142210522077 0.546448173656 0) (0.142720260453 0.547208402001 0) (0.143235782623 0.547964720215 0) (0.143757058593 0.548717084297 0) (0.144284058036 0.549465450474 0) (0.144816750291 0.550209775208 0) (0.145355104368 0.550950015194 0) (0.145899088944 0.551686127365 0) (0.146448672372 0.552418068896 0) (0.147003822678 0.553145797202 0) (0.147564507562 0.553869269944 0) (0.148130694404 0.554588445032 0) (0.148702350266 0.555303280625 0) (0.149279441887 0.556013735134 0) (0.149861935693 0.556719767225 0) (0.150449797796 0.557421335823 0) (0.151042993994 0.558118400109 0) (0.151641489774 0.558810919531 0) (0.152245250318 0.559498853796 0) (0.152854240499 0.560182162883 0) (0.153468424886 0.560860807037 0) (0.154087767747 0.561534746774 0) (0.154712233049 0.562203942885 0) (0.15534178446 0.562868356438 0) (0.155976385354 0.563527948776 0) (0.156615998811 0.564182681527 0) (0.157260587618 0.564832516597 0) (0.157910114274 0.565477416179 0) (0.15856454099 0.566117342755 0) (0.159223829691 0.566752259094 0) (0.159887942021 0.567382128256 0) (0.160556839342 0.568006913597 0) (0.161230482739 0.568626578766 0) (0.161908833019 0.569241087714 0) (0.162591850716 0.569850404686 0) (0.163279496094 0.570454494235 0))
    polyLine 53 57 ((0.0414600052666 1.03508218924 -0.03) (0.043477819277 1.03779351271 -0.03) (0.0455054534024 1.040510995 -0.03) (0.0475429617334 1.04323466136 -0.03) (0.0495903987256 1.04596453716 -0.03) (0.0516478192024 1.04870064792 -0.03) (0.053715278358 1.05144301927 -0.03) (0.0557928317604 1.05419167698 -0.03) (0.0578805353544 1.05694664694 -0.03) (0.0599784454646 1.05970795519 -0.03) (0.0620866187989 1.0624756279 -0.03) (0.064205112451 1.06524969136 -0.03) (0.0663339839038 1.06803017201 -0.03) (0.068473291033 1.07081709641 -0.03) (0.0706230921095 1.07361049129 -0.03) (0.0727834458034 1.07641038347 -0.03) (0.0749544111869 1.07921679996 -0.03) (0.0771360477376 1.08202976787 -0.03) (0.0793284153419 1.08484931448 -0.03) (0.0815315742986 1.08767546719 -0.03) (0.0837455853218 1.09050825356 -0.03) (0.0859705095448 1.0933477013 -0.03) (0.0882064085234 1.09619383823 -0.03))
    polyLine 55 59 ((0.0414600052666 1.03508218924 0) (0.043477819277 1.03779351271 0) (0.0455054534024 1.040510995 0) (0.0475429617334 1.04323466136 0) (0.0495903987256 1.04596453716 0) (0.0516478192024 1.04870064792 0) (0.053715278358 1.05144301927 0) (0.0557928317604 1.05419167698 0) (0.0578805353544 1.05694664694 0) (0.0599784454646 1.05970795519 0) (0.0620866187989 1.0624756279 0) (0.064205112451 1.06524969136 0) (0.0663339839038 1.06803017201 0) (0.068473291033 1.07081709641 0) (0.0706230921095 1.07361049129 0) (0.0727834458034 1.07641038347 0) (0.0749544111869 1.07921679996 0) (0.0771360477376 1.08202976787 0) (0.0793284153419 1.08484931448 0) (0.0815315742986 1.08767546719 0) (0.0837455853218 1.09050825356 0) (0.0859705095448 1.0933477013 0) (0.0882064085234 1.09619383823 0))
    polyLine 56 60 ((0.163971729145 0.571053321215 -0.03) (0.164668509596 0.571646850786 -0.03) (0.165369796908 0.572235048418 -0.03) (0.166075550282 0.572817879889 -0.03) (0.166785728657 0.573395311291 -0.03) (0.167500290716 0.573967309029 -0.03) (0.168219194886 0.574533839825 -0.03) (0.168942399341 0.575094870719 -0.03) (0.169669862007 0.57565036907 -0.03) (0.17040154056 0.57620030256 -0.03) (0.171137392432 0.576744639195 -0.03) (0.171877374811 0.577283347305 -0.03) (0.172621444645 0.577816395548 -0.03) (0.173369558646 0.578343752912 -0.03) (0.174121673289 0.578865388717 -0.03) (0.174877744816 0.579381272613 -0.03) (0.17563772924 0.579891374587 -0.03) (0.176401582345 0.580395664962 -0.03) (0.177169259692 0.580894114398 -0.03) (0.177940716616 0.581386693896 -0.03) (0.178715908236 0.581873374799 -0.03) (0.179494789451 0.582354128791 -0.03) (0.180277314948 0.582828927902 -0.03) (0.181063439198 0.58329774451 -0.03) (0.181853116466 0.583760551338 -0.03) (0.182646300809 0.584217321462 -0.03) (0.183442946081 0.584668028306 -0.03) (0.184243005933 0.585112645649 -0.03) (0.185046433818 0.585551147623 -0.03) (0.185853182994 0.585983508717 -0.03) (0.186663206525 0.586409703777 -0.03) (0.187476457283 0.586829708005 -0.03) (0.188292887956 0.587243496968 -0.03) (0.189112451043 0.587651046591 -0.03) (0.189935098863 0.588052333163 -0.03) (0.190760783554 0.588447333338 -0.03) (0.191589457081 0.588836024134 -0.03) (0.19242107123 0.589218382939 -0.03) (0.193255577619 0.589594387507 -0.03) (0.194092927697 0.589964015962 -0.03) (0.194933072748 0.590327246799 -0.03) (0.195775963894 0.590684058887 -0.03) (0.196621552094 0.591034431465 -0.03) (0.197469788154 0.59137834415 -0.03) (0.198320622724 0.591715776933 -0.03) (0.199174006303 0.592046710183 -0.03) (0.200029889242 0.592371124646 -0.03))
    polyLine 58 62 ((0.163971729145 0.571053321215 0) (0.164668509596 0.571646850786 0) (0.165369796908 0.572235048418 0) (0.166075550282 0.572817879889 0) (0.166785728657 0.573395311291 0) (0.167500290716 0.573967309029 0) (0.168219194886 0.574533839825 0) (0.168942399341 0.575094870719 0) (0.169669862007 0.57565036907 0) (0.17040154056 0.57620030256 0) (0.171137392432 0.576744639195 0) (0.171877374811 0.577283347305 0) (0.172621444645 0.577816395548 0) (0.173369558646 0.578343752912 0) (0.174121673289 0.578865388717 0) (0.174877744816 0.579381272613 0) (0.17563772924 0.579891374587 0) (0.176401582345 0.580395664962 0) (0.177169259692 0.580894114398 0) (0.177940716616 0.581386693896 0) (0.178715908236 0.581873374799 0) (0.179494789451 0.582354128791 0) (0.180277314948 0.582828927902 0) (0.181063439198 0.58329774451 0) (0.181853116466 0.583760551338 0) (0.182646300809 0.584217321462 0) (0.183442946081 0.584668028306 0) (0.184243005933 0.585112645649 0) (0.185046433818 0.585551147623 0) (0.185853182994 0.585983508717 0) (0.186663206525 0.586409703777 0) (0.187476457283 0.586829708005 0) (0.188292887956 0.587243496968 0) (0.189112451043 0.587651046591 0) (0.189935098863 0.588052333163 0) (0.190760783554 0.588447333338 0) (0.191589457081 0.588836024134 0) (0.19242107123 0.589218382939 0) (0.193255577619 0.589594387507 0) (0.194092927697 0.589964015962 0) (0.194933072748 0.590327246799 0) (0.195775963894 0.590684058887 0) (0.196621552094 0.591034431465 0) (0.197469788154 0.59137834415 0) (0.198320622724 0.591715776933 0) (0.199174006303 0.592046710183 0) (0.200029889242 0.592371124646 0))
    polyLine 57 61 ((0.093094351024 1.10239056517 -0.03) (0.0957506289888 1.10574370296 -0.03) (0.0984222794348 1.10910615122 -0.03) (0.101109404488 1.11247795576 -0.03) (0.103812107108 1.11585916265 -0.03) (0.106530491095 1.11924981824 -0.03) (0.109264661099 1.12264996921 -0.03) (0.112014722629 1.12605966248 -0.03) (0.11478078206 1.12947894532 -0.03) (0.117562946642 1.13290786526 -0.03) (0.120361324509 1.13634647015 -0.03) (0.123176024686 1.13979480813 -0.03) (0.126007157103 1.14325292767 -0.03) (0.128854832598 1.14672087752 -0.03) (0.131719162927 1.15019870677 -0.03) (0.134600260779 1.15368646481 -0.03) (0.137498239778 1.15718420135 -0.03) (0.140413214496 1.16069196641 -0.03) (0.143345300463 1.16420981037 -0.03) (0.146294614175 1.16773778389 -0.03) (0.149261273104 1.17127593799 -0.03) (0.152245395709 1.17482432401 -0.03) (0.155247101446 1.17838299364 -0.03))
    polyLine 59 63 ((0.093094351024 1.10239056517 0) (0.0957506289888 1.10574370296 0) (0.0984222794348 1.10910615122 0) (0.101109404488 1.11247795576 0) (0.103812107108 1.11585916265 0) (0.106530491095 1.11924981824 0) (0.109264661099 1.12264996921 0) (0.112014722629 1.12605966248 0) (0.11478078206 1.12947894532 0) (0.117562946642 1.13290786526 0) (0.120361324509 1.13634647015 0) (0.123176024686 1.13979480813 0) (0.126007157103 1.14325292767 0) (0.128854832598 1.14672087752 0) (0.131719162927 1.15019870677 0) (0.134600260779 1.15368646481 0) (0.137498239778 1.15718420135 0) (0.140413214496 1.16069196641 0) (0.143345300463 1.16420981037 0) (0.146294614175 1.16773778389 0) (0.149261273104 1.17127593799 0) (0.152245395709 1.17482432401 0) (0.155247101446 1.17838299364 0))
    polyLine 60 64 ((0.200888221746 0.592689001447 -0.03) (0.201748953878 0.593000322094 -0.03) (0.202612035562 0.593305068473 -0.03) (0.203477416583 0.593603222855 -0.03) (0.204345046596 0.593894767894 -0.03) (0.205214875122 0.594179686627 -0.03) (0.206086851554 0.594457962478 -0.03) (0.206960925163 0.594729579258 -0.03) (0.207837045095 0.594994521164 -0.03) (0.208715160378 0.595252772781 -0.03) (0.209595219924 0.595504319086 -0.03) (0.210477172533 0.595749145442 -0.03) (0.211360966892 0.595987237607 -0.03) (0.212246551584 0.596218581728 -0.03) (0.213133875085 0.596443164347 -0.03) (0.214022885772 0.596660972396 -0.03) (0.214913531924 0.596871993204 -0.03) (0.215805761722 0.597076214494 -0.03) (0.216699523258 0.597273624385 -0.03) (0.217594764534 0.597464211391 -0.03) (0.218491433464 0.597647964424 -0.03) (0.219389477883 0.597824872794 -0.03) (0.220288845541 0.597994926209 -0.03) (0.221189484115 0.598158114774 -0.03) (0.222091341206 0.598314428995 -0.03) (0.222994364345 0.598463859779 -0.03) (0.223898500994 0.598606398431 -0.03) (0.224803698552 0.598742036659 -0.03) (0.225709904356 0.598870766571 -0.03) (0.226617065682 0.598992580678 -0.03) (0.227525129753 0.599107471893 -0.03) (0.228434043739 0.599215433532 -0.03) (0.229343754759 0.599316459313 -0.03) (0.230254209887 0.59941054336 -0.03) (0.231165356154 0.599497680197 -0.03) (0.23207714055 0.599577864756 -0.03) (0.232989510028 0.599651092372 -0.03) (0.233902411508 0.599717358784 -0.03) (0.234815791876 0.599776660137 -0.03) (0.235729597995 0.599828992981 -0.03) (0.236643776698 0.599874354271 -0.03) (0.237558274801 0.599912741368 -0.03) (0.238473039097 0.599944152038 -0.03) (0.239388016367 0.599968584455 -0.03) (0.240303153379 0.599986037197 -0.03) (0.24121839689 0.599996509249 -0.03))
    polyLine 62 66 ((0.200888221746 0.592689001447 0) (0.201748953878 0.593000322094 0) (0.202612035562 0.593305068473 0) (0.203477416583 0.593603222855 0) (0.204345046596 0.593894767894 0) (0.205214875122 0.594179686627 0) (0.206086851554 0.594457962478 0) (0.206960925163 0.594729579258 0) (0.207837045095 0.594994521164 0) (0.208715160378 0.595252772781 0) (0.209595219924 0.595504319086 0) (0.210477172533 0.595749145442 0) (0.211360966892 0.595987237607 0) (0.212246551584 0.596218581728 0) (0.213133875085 0.596443164347 0) (0.214022885772 0.596660972396 0) (0.214913531924 0.596871993204 0) (0.215805761722 0.597076214494 0) (0.216699523258 0.597273624385 0) (0.217594764534 0.597464211391 0) (0.218491433464 0.597647964424 0) (0.219389477883 0.597824872794 0) (0.220288845541 0.597994926209 0) (0.221189484115 0.598158114774 0) (0.222091341206 0.598314428995 0) (0.222994364345 0.598463859779 0) (0.223898500994 0.598606398431 0) (0.224803698552 0.598742036659 0) (0.225709904356 0.598870766571 0) (0.226617065682 0.598992580678 0) (0.227525129753 0.599107471893 0) (0.228434043739 0.599215433532 0) (0.229343754759 0.599316459313 0) (0.230254209887 0.59941054336 0) (0.231165356154 0.599497680197 0) (0.23207714055 0.599577864756 0) (0.232989510028 0.599651092372 0) (0.233902411508 0.599717358784 0) (0.234815791876 0.599776660137 0) (0.235729597995 0.599828992981 0) (0.236643776698 0.599874354271 0) (0.237558274801 0.599912741368 0) (0.238473039097 0.599944152038 0) (0.239388016367 0.599968584455 0) (0.240303153379 0.599986037197 0) (0.24121839689 0.599996509249 0))
    polyLine 61 65 ((0.161511948654 1.18577637086 -0.03) (0.16477788043 1.18961266333 -0.03) (0.168064456877 1.19346094104 -0.03) (0.171371830132 1.19732126917 -0.03) (0.174700153718 1.20119371339 -0.03) (0.178049582554 1.20507833981 -0.03) (0.181420272972 1.20897521503 -0.03) (0.184812382733 1.21288440611 -0.03) (0.188226071042 1.21680598061 -0.03) (0.191661498565 1.22074000656 -0.03) (0.195118827446 1.2246865525 -0.03) (0.198598221319 1.22864568743 -0.03) (0.202099845332 1.23261748089 -0.03) (0.205623866157 1.23660200291 -0.03) (0.20917045201 1.24059932401 -0.03) (0.212739772669 1.24460951526 -0.03) (0.216331999492 1.24863264823 -0.03) (0.21994730543 1.25266879503 -0.03) (0.223585865053 1.25671802828 -0.03) (0.22724785456 1.26078042116 -0.03) (0.230933451805 1.26485604737 -0.03) (0.234642836309 1.26894498118 -0.03) (0.238376189285 1.27304729739 -0.03))
    polyLine 63 67 ((0.161511948654 1.18577637086 0) (0.16477788043 1.18961266333 0) (0.168064456877 1.19346094104 0) (0.171371830132 1.19732126917 0) (0.174700153718 1.20119371339 0) (0.178049582554 1.20507833981 0) (0.181420272972 1.20897521503 0) (0.184812382733 1.21288440611 0) (0.188226071042 1.21680598061 0) (0.191661498565 1.22074000656 0) (0.195118827446 1.2246865525 0) (0.198598221319 1.22864568743 0) (0.202099845332 1.23261748089 0) (0.205623866157 1.23660200291 0) (0.20917045201 1.24059932401 0) (0.212739772669 1.24460951526 0) (0.216331999492 1.24863264823 0) (0.21994730543 1.25266879503 0) (0.223585865053 1.25671802828 0) (0.22724785456 1.26078042116 0) (0.230933451805 1.26485604737 0) (0.234642836309 1.26894498118 0) (0.238376189285 1.27304729739 0))
);

boundary
(
    body_fore
    {
        type wall;
        faces
        (
            (0 2 6 4)
            (4 6 10 8)
            (8 10 14 12)
            (12 14 18 16)
            (16 18 22 20)
            (20 22 26 24)
            (24 26 30 28)
            (28 30 34 32)
            (32 34 38 36)
            (36 38 42 40)
            (40 42 46 44)
            (44 46 50 48)
            (48 50 54 52)
            (52 54 58 56)
            (56 58 62 60)
            (60 62 66 64)
        );
    }
    freestream
    {
        type patch;
        faces
        (
            (1 5 7 3)
            (5 9 11 7)
            (9 13 15 11)
            (13 17 19 15)
            (17 21 23 19)
            (21 25 27 23)
            (25 29 31 27)
            (29 33 35 31)
            (33 37 39 35)
            (37 41 43 39)
            (41 45 47 43)
            (45 49 51 47)
            (49 53 55 51)
            (53 57 59 55)
            (57 61 63 59)
            (61 65 67 63)
        );
    }
    outlet
    {
        type patch;
        faces
        (
            (64 66 67 65)
        );
    }
    axis
    {
        type patch;
        faces
        (
            (0 1 3 2)
        );
    }
    front
    {
        type patch;
        faces
        (
            (2 6 7 3)
            (6 10 11 7)
            (10 14 15 11)
            (14 18 19 15)
            (18 22 23 19)
            (22 26 27 23)
            (26 30 31 27)
            (30 34 35 31)
            (34 38 39 35)
            (38 42 43 39)
            (42 46 47 43)
            (46 50 51 47)
            (50 54 55 51)
            (54 58 59 55)
            (58 62 63 59)
            (62 66 67 63)
        );
    }
    back
    {
        type patch;
        faces
        (
            (0 1 5 4)
            (4 5 9 8)
            (8 9 13 12)
            (12 13 17 16)
            (16 17 21 20)
            (20 21 25 24)
            (24 25 29 28)
            (28 29 33 32)
            (32 33 37 36)
            (36 37 41 40)
            (40 41 45 44)
            (44 45 49 48)
            (48 49 53 52)
            (52 53 57 56)
            (56 57 61 60)
            (60 61 65 64)
        );
    }
);
