FoamFile
{
    version     2.0;
    format      ascii;
    class       dictionary;
    object      blockMeshDict;
}
// Generated by aether.cfd - do not edit by hand. Regenerate from the run config.

scale 1;

vertices
(
    (0 0 -0.03)
    (-0.664090184354 9.73973006236e-17 -0.03)
    (0 0 0)
    (-0.664090184354 9.73973006236e-17 0)
    (0.000473807500335 0.0391759429196 -0.03)
    (-0.652330367061 0.234779262246 -0.03)
    (0.000473807500335 0.0391759429196 0)
    (-0.652330367061 0.234779262246 0)
    (0.00189482765575 0.078328971337 -0.03)
    (-0.619992942914 0.454993128406 -0.03)
    (0.00189482765575 0.078328971337 0)
    (-0.619992942914 0.454993128406 0)
    (0.00426222937941 0.117436187163 -0.03)
    (-0.573719868446 0.652074426206 -0.03)
    (0.00426222937941 0.117436187163 0)
    (-0.573719868446 0.652074426206 0)
    (0.00757462813906 0.156474719101 -0.03)
    (-0.52007635047 0.824228136155 -0.03)
    (0.00757462813906 0.156474719101 0)
    (-0.52007635047 0.824228136155 0)
    (0.0118301548331 0.195421727753 -0.03)
    (-0.463647958895 0.973707614806 -0.03)
    (0.0118301548331 0.195421727753 0)
    (-0.463647958895 0.973707614806 0)
    (0.017026308353 0.234254432318 -0.03)
    (-0.407034827789 1.10417076528 -0.03)
    (0.017026308353 0.234254432318 0)
    (-0.407034827789 1.10417076528 0)
    (0.0231599933701 0.272950127525 -0.03)
    (-0.351481589509 1.21926962396 -0.03)
    (0.0231599933701 0.272950127525 0)
    (-0.351481589509 1.21926962396 0)
    (0.0302276226806 0.311486182751 -0.03)
    (-0.297451434164 1.32214045682 -0.03)
    (0.0302276226806 0.311486182751 0)
    (-0.297451434164 1.32214045682 0)
    (0.0382250745344 0.349840058157 -0.03)
    (-0.244999012933 1.41531817571 -0.03)
    (0.0382250745344 0.349840058157 0)
    (-0.244999012933 1.41531817571 0)
    (0.0471477700697 0.387989297902 -0.03)
    (-0.193982177835 1.5008039258 -0.03)
    (0.0471477700697 0.387989297902 0)
    (-0.193982177835 1.5008039258 0)
    (0.0569903797214 0.425911612763 -0.03)
    (-0.144175498273 1.58016630696 -0.03)
    (0.0569903797214 0.425911612763 0)
    (-0.144175498273 1.58016630696 0)
    (0.06774714716 0.463584824419 -0.03)
    (-0.0953267019165 1.65463886481 -0.03)
    (0.06774714716 0.463584824419 0)
    (-0.0953267019165 1.65463886481 0)
    (0.079411781455 0.500986900228 -0.03)
    (-0.0471846109008 1.72519805727 -0.03)
    (0.079411781455 0.500986900228 0)
    (-0.0471846109008 1.72519805727 0)
    (0.0919775366606 0.538095939382 -0.03)
    (0.000488845926221 1.79262432907 -0.03)
    (0.0919775366606 0.538095939382 0)
    (0.000488845926221 1.79262432907 0)
    (0.105294144424 0.574942992954 -0.03)
    (0.0474857315227 1.85697039274 -0.03)
    (0.105294144424 0.574942992954 0)
    (0.0474857315227 1.85697039274 0)
    (0.131219130066 0.6 -0.03)
    (0.131219130066 1.96703518408 -0.03)
    (0.131219130066 0.6 0)
    (0.131219130066 1.96703518408 0)
);

blocks
(
    hex (0 4 5 1 2 6 7 3) (4 48 1) simpleGrading (1 4 1)
    hex (4 8 9 5 6 10 11 7) (4 48 1) simpleGrading (1 4 1)
    hex (8 12 13 9 10 14 15 11) (4 48 1) simpleGrading (1 4 1)
    hex (12 16 17 13 14 18 19 15) (4 48 1) simpleGrading (1 4 1)
    hex (16 20 21 17 18 22 23 19) (4 48 1) simpleGrading (1 4 1)
    hex (20 24 25 21 22 26 27 23) (4 48 1) simpleGrading (1 4 1)
    hex (24 28 29 25 26 30 31 27) (4 48 1) simpleGrading (1 4 1)
    hex (28 32 33 29 30 34 35 31) (4 48 1) simpleGrading (1 4 1)
    hex (32 36 37 33 34 38 39 35) (4 48 1) simpleGrading (1 4 1)
    hex (36 40 41 37 38 42 43 39) (4 48 1) simpleGrading (1 4 1)
    hex (40 44 45 41 42 46 47 43) (4 48 1) simpleGrading (1 4 1)
    hex (44 48 49 45 46 50 51 47) (4 48 1) simpleGrading (1 4 1)
    hex (48 52 53 49 50 54 55 51) (4 48 1) simpleGrading (1 4 1)
    hex (52 56 57 53 54 58 59 55) (4 48 1) simpleGrading (1 4 1)
    hex (56 60 61 57 58 62 63 59) (4 48 1) simpleGrading (1 4 1)
    hex (60 64 65 61 62 66 67 63) (4 48 1) simpleGrading (1 4 1)
);

edges
(
    polyLine 0 4 ((2.78782688174e-07 0.000950397723039 -0.03) (1.11513065665e-06 0.00190079511897 -0.03) (2.50904361785e-06 0.0028511918607 -0.03) (4.46052109173e-06 0.00380158762112 -0.03) (6.9695624067e-06 0.00475198207311 -0.03) (1.00361666995e-05 0.00570237488959 -0.03) (1.36603329143e-05 0.00665276574345 -0.03) (1.78420598038e-05 0.00760315430759 -0.03) (2.25813459288e-05 0.0085535402549 -0.03) (2.78781896583e-05 0.00950392325828 -0.03) (3.37325891691e-05 0.0104543029906 -0.03) (4.01445424462e-05 0.0114046791249 -0.03) (4.71140472829e-05 0.0123550513339 -0.03) (5.46411012806e-05 0.0133054192906 -0.03) (6.27257018482e-05 0.0142557826679 -0.03) (7.13678462037e-05 0.0152061411387 -0.03) (8.05675313723e-05 0.0161564943759 -0.03) (9.03247541879e-05 0.0171068420524 -0.03) (0.000100639511292 0.0180571838412 -0.03) (0.000111511799135 0.0190075194151 -0.03) (0.000122941613974 0.0199578484471 -0.03) (0.000134928951877 0.02090817061 -0.03) (0.000147473808716 0.0218584855769 -0.03) (0.000160576180175 0.0228087930206 -0.03) (0.000174236061743 0.0237590926141 -0.03) (0.00018845344872 0.0247093840302 -0.03) (0.000203228336212 0.0256596669419 -0.03) (0.000218560719135 0.0266099410223 -0.03) (0.00023445059221 0.0275602059441 -0.03) (0.000250897949969 0.0285104613803 -0.03) (0.000267902786751 0.0294607070039 -0.03) (0.000285465096704 0.0304109424879 -0.03) (0.000303584873783 0.0313611675051 -0.03) (0.000322262111752 0.0323113817285 -0.03) (0.000341496804182 0.0332615848312 -0.03) (0.000361288944453 0.034211776486 -0.03) (0.000381638525754 0.0351619563659 -0.03) (0.00040254554108 0.0361121241439 -0.03) (0.000424009983236 0.037062279493 -0.03) (0.000446031844835 0.0380124220862 -0.03) (0.000468611118295 0.0389625515963 -0.03))
    polyLine 2 6 ((2.78782688174e-07 0.000950397723039 0) (1.11513065665e-06 0.00190079511897 0) (2.50904361785e-06 0.0028511918607 0) (4.46052109173e-06 0.00380158762112 0) (6.9695624067e-06 0.00475198207311 0) (1.00361666995e-05 0.00570237488959 0) (1.36603329143e-05 0.00665276574345 0) (1.78420598038e-05 0.00760315430759 0) (2.25813459288e-05 0.0085535402549 0) (2.78781896583e-05 0.00950392325828 0) (3.37325891691e-05 0.0104543029906 0) (4.01445424462e-05 0.0114046791249 0) (4.71140472829e-05 0.0123550513339 0) (5.46411012806e-05 0.0133054192906 0) (6.27257018482e-05 0.0142557826679 0) (7.13678462037e-05 0.0152061411387 0) (8.05675313723e-05 0.0161564943759 0) (9.03247541879e-05 0.0171068420524 0) (0.000100639511292 0.0180571838412 0) (0.000111511799135 0.0190075194151 0) (0.000122941613974 0.0199578484471 0) (0.000134928951877 0.02090817061 0) (0.000147473808716 0.0218584855769 0) (0.000160576180175 0.0228087930206 0) (0.000174236061743 0.0237590926141 0) (0.00018845344872 0.0247093840302 0) (0.000203228336212 0.0256596669419 0) (0.000218560719135 0.0266099410223 0) (0.00023445059221 0.0275602059441 0) (0.000250897949969 0.0285104613803 0) (0.000267902786751 0.0294607070039 0) (0.000285465096704 0.0304109424879 0) (0.000303584873783 0.0313611675051 0) (0.000322262111752 0.0323113817285 0) (0.000341496804182 0.0332615848312 0) (0.000361288944453 0.034211776486 0) (0.000381638525754 0.0351619563659 0) (0.00040254554108 0.0361121241439 0) (0.000424009983236 0.037062279493 0) (0.000446031844835 0.0380124220862 0) (0.000468611118295 0.0389625515963 0))
    polyLine 1 5 ((-0.664070316556 0.00964741293219 -0.03) (-0.664010701913 0.0192962190412 -0.03) (-0.663911306674 0.0289478120631 -0.03) (-0.663772074551 0.0386035868534 -0.03) (-0.663592926666 0.0482649399467 -0.03) (-0.663373761481 0.0579332701183 -0.03) (-0.663114454704 0.067609978946 -0.03) (-0.66281485917 0.077296471374 -0.03) (-0.662474804708 0.086994156278 -0.03) (-0.662094097984 0.0967044470321 -0.03) (-0.661672522317 0.106428762079 -0.03) (-0.661209837484 0.1161685255 -0.03) (-0.660705779492 0.125925167593 -0.03) (-0.660160060334 0.135700125448 -0.03) (-0.659572367722 0.145494843525 -0.03) (-0.658942364795 0.155310774248 -0.03) (-0.658269689807 0.165149378582 -0.03) (-0.657553955786 0.175012126637 -0.03) (-0.656794750174 0.184900498254 -0.03) (-0.655991634445 0.19481598362 -0.03) (-0.655144143686 0.204760083862 -0.03) (-0.654251786169 0.214734311669 -0.03) (-0.653314042886 0.224740191908 -0.03))
    polyLine 3 7 ((-0.664070316556 0.00964741293219 0) (-0.664010701913 0.0192962190412 0) (-0.663911306674 0.0289478120631 0) (-0.663772074551 0.0386035868534 0) (-0.663592926666 0.0482649399467 0) (-0.663373761481 0.0579332701183 0) (-0.663114454704 0.067609978946 0) (-0.66281485917 0.077296471374 0) (-0.662474804708 0.086994156278 0) (-0.662094097984 0.0967044470321 0) (-0.661672522317 0.106428762079 0) (-0.661209837484 0.1161685255 0) (-0.660705779492 0.125925167593 0) (-0.660160060334 0.135700125448 0) (-0.659572367722 0.145494843525 0) (-0.658942364795 0.155310774248 0) (-0.658269689807 0.165149378582 0) (-0.657553955786 0.175012126637 0) (-0.656794750174 0.184900498254 0) (-0.655991634445 0.19481598362 0) (-0.655144143686 0.204760083862 0) (-0.654251786169 0.214734311669 0) (-0.653314042886 0.224740191908 0))
    polyLine 4 8 ((0.000491747795848 0.0399126676965 -0.03) (0.000515441869529 0.0408627700597 -0.03) (0.000539693331184 0.0418128583589 -0.03) (0.000564502172465 0.0427629322671 -0.03) (0.000589868384834 0.0437129914574 -0.03) (0.000615791959562 0.0446630356026 -0.03) (0.000642272887724 0.0456130643759 -0.03) (0.000669311160208 0.0465630774503 -0.03) (0.000696906767707 0.0475130744988 -0.03) (0.000725059700725 0.0484630551944 -0.03) (0.00075376994957 0.0494130192102 -0.03) (0.000783037504361 0.0503629662192 -0.03) (0.000812862355027 0.0513128958945 -0.03) (0.000843244491301 0.0522628079091 -0.03) (0.000874183902726 0.0532127019361 -0.03) (0.000905680578655 0.0541625776485 -0.03) (0.000937734508246 0.0551124347195 -0.03) (0.000970345680468 0.0560622728221 -0.03) (0.0010035140841 0.0570120916294 -0.03) (0.00103723970771 0.0579618908144 -0.03) (0.00107152253972 0.0589116700504 -0.03) (0.0011063625683 0.0598614290104 -0.03) (0.00114175978148 0.0608111673675 -0.03) (0.00117771416707 0.0617608847949 -0.03) (0.00121422571269 0.0627105809656 -0.03) (0.00125129440579 0.0636602555529 -0.03) (0.00128892023359 0.0646099082298 -0.03) (0.00132710318315 0.0655595386695 -0.03) (0.00136584324134 0.0665091465452 -0.03) (0.00140514039481 0.06745873153 -0.03) (0.00144499463003 0.0684082932972 -0.03) (0.00148540593331 0.0693578315198 -0.03) (0.00152637429072 0.0703073458711 -0.03) (0.00156789968816 0.0712568360243 -0.03) (0.00160998211134 0.0722063016526 -0.03) (0.00165262154579 0.0731557424293 -0.03) (0.00169581797681 0.0741051580274 -0.03) (0.00173957138956 0.0750545481203 -0.03) (0.00178388176896 0.0760039123813 -0.03) (0.00182874909977 0.0769532504835 -0.03) (0.00187417336654 0.0779025621002 -0.03))
    polyLine 6 10 ((0.000491747795848 0.0399126676965 0) (0.000515441869529 0.0408627700597 0) (0.000539693331184 0.0418128583589 0) (0.000564502172465 0.0427629322671 0) (0.000589868384834 0.0437129914574 0) (0.000615791959562 0.0446630356026 0) (0.000642272887724 0.0456130643759 0) (0.000669311160208 0.0465630774503 0) (0.000696906767707 0.0475130744988 0) (0.000725059700725 0.0484630551944 0) (0.00075376994957 0.0494130192102 0) (0.000783037504361 0.0503629662192 0) (0.000812862355027 0.0513128958945 0) (0.000843244491301 0.0522628079091 0) (0.000874183902726 0.0532127019361 0) (0.000905680578655 0.0541625776485 0) (0.000937734508246 0.0551124347195 0) (0.000970345680468 0.0560622728221 0) (0.0010035140841 0.0570120916294 0) (0.00103723970771 0.0579618908144 0) (0.00107152253972 0.0589116700504 0) (0.0011063625683 0.0598614290104 0) (0.00114175978148 0.0608111673675 0) (0.00117771416707 0.0617608847949 0) (0.00121422571269 0.0627105809656 0) (0.00125129440579 0.0636602555529 0) (0.00128892023359 0.0646099082298 0) (0.00132710318315 0.0655595386695 0) (0.00136584324134 0.0665091465452 0) (0.00140514039481 0.06745873153 0) (0.00144499463003 0.0684082932972 0) (0.00148540593331 0.0693578315198 0) (0.00152637429072 0.0703073458711 0) (0.00156789968816 0.0712568360243 0) (0.00160998211134 0.0722063016526 0) (0.00165262154579 0.0731557424293 0) (0.00169581797681 0.0741051580274 0) (0.00173957138956 0.0750545481203 0) (0.00178388176896 0.0760039123813 0) (0.00182874909977 0.0769532504835 0) (0.00187417336654 0.0779025621002 0))
    polyLine 5 9 ((-0.651436090329 0.243547892493 -0.03) (-0.650506163519 0.25234388902 -0.03) (-0.649540172504 0.261168292544 -0.03) (-0.648537686015 0.270022152512 -0.03) (-0.647498255331 0.278906527432 -0.03) (-0.646421413955 0.287822485201 -0.03) (-0.645306677281 0.296771103444 -0.03) (-0.644153542243 0.305753469852 -0.03) (-0.642961486951 0.314770682522 -0.03) (-0.641729970315 0.323823850308 -0.03) (-0.640458431653 0.332914093168 -0.03) (-0.639146290285 0.342042542523 -0.03) (-0.637792945106 0.35121034161 -0.03) (-0.636397774156 0.360418645853 -0.03) (-0.63496013416 0.369668623226 -0.03) (-0.633479360063 0.378961454628 -0.03) (-0.631954764538 0.388298334262 -0.03) (-0.630385637488 0.397680470017 -0.03) (-0.628771245519 0.407109083857 -0.03) (-0.627110831403 0.416585412213 -0.03) (-0.62540361352 0.426110706388 -0.03) (-0.62364878528 0.435686232955 -0.03) (-0.621845514526 0.445313274173 -0.03))
    polyLine 7 11 ((-0.651436090329 0.243547892493 0) (-0.650506163519 0.25234388902 0) (-0.649540172504 0.261168292544 0) (-0.648537686015 0.270022152512 0) (-0.647498255331 0.278906527432 0) (-0.646421413955 0.287822485201 0) (-0.645306677281 0.296771103444 0) (-0.644153542243 0.305753469852 0) (-0.642961486951 0.314770682522 0) (-0.641729970315 0.323823850308 0) (-0.640458431653 0.332914093168 0) (-0.639146290285 0.342042542523 0) (-0.637792945106 0.35121034161 0) (-0.636397774156 0.360418645853 0) (-0.63496013416 0.369668623226 0) (-0.633479360063 0.378961454628 0) (-0.631954764538 0.388298334262 0) (-0.630385637488 0.397680470017 0) (-0.628771245519 0.407109083857 0) (-0.627110831403 0.416585412213 0) (-0.62540361352 0.426110706388 0) (-0.62364878528 0.435686232955 0) (-0.621845514526 0.445313274173 0))
    polyLine 8 12 ((0.00192015455364 0.0788518469048 -0.03) (0.00196669264525 0.0798011045704 -0.03) (0.00201378762535 0.0807503347703 -0.03) (0.00206143947772 0.081699537178 -0.03) (0.00210964818597 0.0826487114665 -0.03) (0.00215841373351 0.0835978573094 -0.03) (0.00220773610355 0.0845469743799 -0.03) (0.00225761527912 0.0854960623513 -0.03) (0.00230805124304 0.0864451208971 -0.03) (0.00235904397797 0.0873941496905 -0.03) (0.00241059346634 0.0883431484049 -0.03) (0.00246269969042 0.0892921167136 -0.03) (0.00251536263228 0.0902410542902 -0.03) (0.00256858227378 0.091189960808 -0.03) (0.00262235859662 0.0921388359403 -0.03) (0.00267669158228 0.0930876793607 -0.03) (0.00273158121206 0.0940364907425 -0.03) (0.00278702746707 0.0949852697591 -0.03) (0.00284303032823 0.0959340160841 -0.03) (0.00289958977627 0.096882729391 -0.03) (0.00295670579171 0.097831409353 -0.03) (0.0030143783549 0.0987800556439 -0.03) (0.00307260744599 0.099728667937 -0.03) (0.00313139304494 0.100677245906 -0.03) (0.00319073513151 0.101625789224 -0.03) (0.00325063368528 0.102574297565 -0.03) (0.00331108868564 0.103522770602 -0.03) (0.00337210011178 0.10447120801 -0.03) (0.0034336679427 0.10541960946 -0.03) (0.00349579215721 0.106367974628 -0.03) (0.00355847273392 0.107316303187 -0.03) (0.00362170965127 0.10826459481 -0.03) (0.00368550288749 0.109212849171 -0.03) (0.00374985242063 0.110161065943 -0.03) (0.00381475822853 0.1111092448 -0.03) (0.00388022028886 0.112057385417 -0.03) (0.00394623857908 0.113005487465 -0.03) (0.00401281307649 0.113953550621 -0.03) (0.00407994375815 0.114901574555 -0.03) (0.00414763060097 0.115849558944 -0.03) (0.00421587358165 0.11679750346 -0.03))
    polyLine 10 14 ((0.00192015455364 0.0788518469048 0) (0.00196669264525 0.0798011045704 0) (0.00201378762535 0.0807503347703 0) (0.00206143947772 0.081699537178 0) (0.00210964818597 0.0826487114665 0) (0.00215841373351 0.0835978573094 0) (0.00220773610355 0.0845469743799 0) (0.00225761527912 0.0854960623513 0) (0.00230805124304 0.0864451208971 0) (0.00235904397797 0.0873941496905 0) (0.00241059346634 0.0883431484049 0) (0.00246269969042 0.0892921167136 0) (0.00251536263228 0.0902410542902 0) (0.00256858227378 0.091189960808 0) (0.00262235859662 0.0921388359403 0) (0.00267669158228 0.0930876793607 0) (0.00273158121206 0.0940364907425 0) (0.00278702746707 0.0949852697591 0) (0.00284303032823 0.0959340160841 0) (0.00289958977627 0.096882729391 0) (0.00295670579171 0.097831409353 0) (0.0030143783549 0.0987800556439 0) (0.00307260744599 0.099728667937 0) (0.00313139304494 0.100677245906 0) (0.00319073513151 0.101625789224 0) (0.00325063368528 0.102574297565 0) (0.00331108868564 0.103522770602 0) (0.00337210011178 0.10447120801 0) (0.0034336679427 0.10541960946 0) (0.00349579215721 0.106367974628 0) (0.00355847273392 0.107316303187 0) (0.00362170965127 0.10826459481 0) (0.00368550288749 0.109212849171 0) (0.00374985242063 0.110161065943 0) (0.00381475822853 0.1111092448 0) (0.00388022028886 0.112057385417 0) (0.00394623857908 0.113005487465 0) (0.00401281307649 0.113953550621 0) (0.00407994375815 0.114901574555 0) (0.00414763060097 0.115849558944 0) (0.00421587358165 0.11679750346 0))
    polyLine 9 13 ((-0.618481551851 0.462741569157 -0.03) (-0.616937864851 0.470525019041 -0.03) (-0.615361410956 0.478344157065 -0.03) (-0.613751707705 0.486199669343 -0.03) (-0.612108260909 0.494092249239 -0.03) (-0.610430564416 0.502022597512 -0.03) (-0.608718099867 0.509991422461 -0.03) (-0.606970336452 0.517999440079 -0.03) (-0.605186730656 0.526047374205 -0.03) (-0.603366725995 0.53413595667 -0.03) (-0.601509752753 0.542265927461 -0.03) (-0.599615227706 0.550438034877 -0.03) (-0.597682553841 0.558653035687 -0.03) (-0.595711120069 0.566911695294 -0.03) (-0.593700300931 0.575214787902 -0.03) (-0.591649456289 0.583563096681 -0.03) (-0.589557931022 0.591957413939 -0.03) (-0.587425054705 0.600398541296 -0.03) (-0.58525014128 0.608887289857 -0.03) (-0.583032488726 0.617424480391 -0.03) (-0.580771378708 0.626010943516 -0.03) (-0.578466076233 0.63464751988 -0.03) (-0.576115829283 0.643335060351 -0.03))
    polyLine 11 15 ((-0.618481551851 0.462741569157 0) (-0.616937864851 0.470525019041 0) (-0.615361410956 0.478344157065 0) (-0.613751707705 0.486199669343 0) (-0.612108260909 0.494092249239 0) (-0.610430564416 0.502022597512 0) (-0.608718099867 0.509991422461 0) (-0.606970336452 0.517999440079 0) (-0.605186730656 0.526047374205 0) (-0.603366725995 0.53413595667 0) (-0.601509752753 0.542265927461 0) (-0.599615227706 0.550438034877 0) (-0.597682553841 0.558653035687 0) (-0.595711120069 0.566911695294 0) (-0.593700300931 0.575214787902 0) (-0.591649456289 0.583563096681 0) (-0.589557931022 0.591957413939 0) (-0.587425054705 0.600398541296 0) (-0.58525014128 0.608887289857 0) (-0.583032488726 0.617424480391 0) (-0.580771378708 0.626010943516 0) (-0.578466076233 0.63464751988 0) (-0.576115829283 0.643335060351 0))
    polyLine 12 16 ((0.0042846726767 0.117745407777 -0.03) (0.00435402786245 0.118693271569 -0.03) (0.00442393911502 0.119641094509 -0.03) (0.00449440641036 0.120588876272 -0.03) (0.0045654297242 0.121536616531 -0.03) (0.00463700903211 0.12248431496 -0.03) (0.00470914430944 0.123431971233 -0.03) (0.00478183553138 0.124379585023 -0.03) (0.0048550826729 0.125327156005 -0.03) (0.00492888570879 0.126274683853 -0.03) (0.00500324461365 0.12722216824 -0.03) (0.00507815936189 0.128169608839 -0.03) (0.00515362992773 0.129117005326 -0.03) (0.00522965628519 0.130064357374 -0.03) (0.0053062384081 0.131011664657 -0.03) (0.0053833762701 0.131958926849 -0.03) (0.00546106984466 0.132906143623 -0.03) (0.00553931910501 0.133853314655 -0.03) (0.00561812402425 0.134800439617 -0.03) (0.00569748457523 0.135747518185 -0.03) (0.00577740073065 0.136694550031 -0.03) (0.00585787246301 0.13764153483 -0.03) (0.0059388997446 0.138588472256 -0.03) (0.00602048254754 0.139535361984 -0.03) (0.00610262084375 0.140482203686 -0.03) (0.00618531460497 0.141428997039 -0.03) (0.00626856380271 0.142375741714 -0.03) (0.00635236840835 0.143322437387 -0.03) (0.00643672839303 0.144269083732 -0.03) (0.00652164372771 0.145215680424 -0.03) (0.00660711438318 0.146162227135 -0.03) (0.00669314033001 0.147108723541 -0.03) (0.0067797215386 0.148055169315 -0.03) (0.00686685797915 0.149001564133 -0.03) (0.00695454962167 0.149947907667 -0.03) (0.00704279643597 0.150894199593 -0.03) (0.00713159839168 0.151840439585 -0.03) (0.00722095545825 0.152786627317 -0.03) (0.00731086760491 0.153732762464 -0.03) (0.00740133480072 0.154678844699 -0.03) (0.00749235701454 0.155624873698 -0.03))
    polyLine 14 18 ((0.0042846726767 0.117745407777 0) (0.00435402786245 0.118693271569 0) (0.00442393911502 0.119641094509 0) (0.00449440641036 0.120588876272 0) (0.0045654297242 0.121536616531 0) (0.00463700903211 0.12248431496 0) (0.00470914430944 0.123431971233 0) (0.00478183553138 0.124379585023 0) (0.0048550826729 0.125327156005 0) (0.00492888570879 0.126274683853 0) (0.00500324461365 0.12722216824 0) (0.00507815936189 0.128169608839 0) (0.00515362992773 0.129117005326 0) (0.00522965628519 0.130064357374 0) (0.0053062384081 0.131011664657 0) (0.0053833762701 0.131958926849 0) (0.00546106984466 0.132906143623 0) (0.00553931910501 0.133853314655 0) (0.00561812402425 0.134800439617 0) (0.00569748457523 0.135747518185 0) (0.00577740073065 0.136694550031 0) (0.00585787246301 0.13764153483 0) (0.0059388997446 0.138588472256 0) (0.00602048254754 0.139535361984 0) (0.00610262084375 0.140482203686 0) (0.00618531460497 0.141428997039 0) (0.00626856380271 0.142375741714 0) (0.00635236840835 0.143322437387 0) (0.00643672839303 0.144269083732 0) (0.00652164372771 0.145215680424 0) (0.00660711438318 0.146162227135 0) (0.00669314033001 0.147108723541 0) (0.0067797215386 0.148055169315 0) (0.00686685797915 0.149001564133 0) (0.00695454962167 0.149947907667 0) (0.00704279643597 0.150894199593 0) (0.00713159839168 0.151840439585 0) (0.00722095545825 0.152786627317 0) (0.00731086760491 0.153732762464 0) (0.00740133480072 0.154678844699 0) (0.00749235701454 0.155624873698 0))
    polyLine 13 17 ((-0.571841381631 0.658846599184 -0.03) (-0.569934899936 0.665650484311 -0.03) (-0.568000049006 0.6724864891 -0.03) (-0.566036447856 0.679355024991 -0.03) (-0.564043708758 0.686256507398 -0.03) (-0.562021437128 0.693191355777 -0.03) (-0.559969231405 0.700159993674 -0.03) (-0.557886682937 0.707162848791 -0.03) (-0.555773375855 0.714200353042 -0.03) (-0.553628886947 0.721272942612 -0.03) (-0.551452785539 0.728381058024 -0.03) (-0.549244633359 0.735525144197 -0.03) (-0.547003984406 0.742705650511 -0.03) (-0.544730384819 0.749923030871 -0.03) (-0.542423372738 0.757177743772 -0.03) (-0.540082478163 0.764470252368 -0.03) (-0.537707222813 0.771801024537 -0.03) (-0.535297119981 0.77917053295 -0.03) (-0.532851674385 0.786579255145 -0.03) (-0.530370382015 0.794027673591 -0.03) (-0.527852729983 0.801516275769 -0.03) (-0.52529819636 0.809045554239 -0.03) (-0.522706250019 0.816616006717 -0.03))
    polyLine 15 19 ((-0.571841381631 0.658846599184 0) (-0.569934899936 0.665650484311 0) (-0.568000049006 0.6724864891 0) (-0.566036447856 0.679355024991 0) (-0.564043708758 0.686256507398 0) (-0.562021437128 0.693191355777 0) (-0.559969231405 0.700159993674 0) (-0.557886682937 0.707162848791 0) (-0.555773375855 0.714200353042 0) (-0.553628886947 0.721272942612 0) (-0.551452785539 0.728381058024 0) (-0.549244633359 0.735525144197 0) (-0.547003984406 0.742705650511 0) (-0.544730384819 0.749923030871 0) (-0.542423372738 0.757177743772 0) (-0.540082478163 0.764470252368 0) (-0.537707222813 0.771801024537 0) (-0.535297119981 0.77917053295 0) (-0.532851674385 0.786579255145 0) (-0.530370382015 0.794027673591 0) (-0.527852729983 0.801516275769 0) (-0.52529819636 0.809045554239 0) (-0.522706250019 0.816616006717 0))
    polyLine 16 20 ((0.00758393421505 0.156570849134 -0.03) (0.00767606637073 0.157516770682 -0.03) (0.00776875344986 0.158462638017 -0.03) (0.00786199542056 0.159408450813 -0.03) (0.00795579225071 0.160354208744 -0.03) (0.00805014390805 0.161299911485 -0.03) (0.0081450503601 0.162245558711 -0.03) (0.00824051157419 0.163191150095 -0.03) (0.00833652751747 0.164136685313 -0.03) (0.00843309815689 0.165082164039 -0.03) (0.00853022345922 0.166027585948 -0.03) (0.00862790339102 0.166972950714 -0.03) (0.00872613791868 0.167918258011 -0.03) (0.00882492700839 0.168863507516 -0.03) (0.00892427062615 0.169808698901 -0.03) (0.00902416873776 0.170753831843 -0.03) (0.00912462130884 0.171698906015 -0.03) (0.00922562830483 0.172643921092 -0.03) (0.00932718969095 0.173588876749 -0.03) (0.00942930543224 0.174533772662 -0.03) (0.00953197549358 0.175478608504 -0.03) (0.00963519983961 0.17642338395 -0.03) (0.00973897843481 0.177368098676 -0.03) (0.00984331124346 0.178312752355 -0.03) (0.00994819822966 0.179257344664 -0.03) (0.0100536393573 0.180201875277 -0.03) (0.0101596345901 0.181146343868 -0.03) (0.0102661838916 0.182090750114 -0.03) (0.010373287225 0.183035093688 -0.03) (0.0104809445536 0.183979374265 -0.03) (0.0105891558403 0.184923591521 -0.03) (0.0106979210478 0.185867745132 -0.03) (0.0108072401388 0.18681183477 -0.03) (0.0109171130755 0.187755860113 -0.03) (0.0110275398202 0.188699820834 -0.03) (0.0111385203348 0.18964371661 -0.03) (0.0112500545812 0.190587547115 -0.03) (0.011362142521 0.191531312024 -0.03) (0.0114747841156 0.192475011012 -0.03) (0.0115879793262 0.193418643755 -0.03) (0.0117017281139 0.194362209928 -0.03) (0.0118160304395 0.195305709207 -0.03))
    polyLine 18 22 ((0.00758393421505 0.156570849134 0) (0.00767606637073 0.157516770682 0) (0.00776875344986 0.158462638017 0) (0.00786199542056 0.159408450813 0) (0.00795579225071 0.160354208744 0) (0.00805014390805 0.161299911485 0) (0.0081450503601 0.162245558711 0) (0.00824051157419 0.163191150095 0) (0.00833652751747 0.164136685313 0) (0.00843309815689 0.165082164039 0) (0.00853022345922 0.166027585948 0) (0.00862790339102 0.166972950714 0) (0.00872613791868 0.167918258011 0) (0.00882492700839 0.168863507516 0) (0.00892427062615 0.169808698901 0) (0.00902416873776 0.170753831843 0) (0.00912462130884 0.171698906015 0) (0.00922562830483 0.172643921092 0) (0.00932718969095 0.173588876749 0) (0.00942930543224 0.174533772662 0) (0.00953197549358 0.175478608504 0) (0.00963519983961 0.17642338395 0) (0.00973897843481 0.177368098676 0) (0.00984331124346 0.178312752355 0) (0.00994819822966 0.179257344664 0) (0.0100536393573 0.180201875277 0) (0.0101596345901 0.181146343868 0) (0.0102661838916 0.182090750114 0) (0.010373287225 0.183035093688 0) (0.0104809445536 0.183979374265 0) (0.0105891558403 0.184923591521 0) (0.0106979210478 0.185867745132 0) (0.0108072401388 0.18681183477 0) (0.0109171130755 0.187755860113 0) (0.0110275398202 0.188699820834 0) (0.0111385203348 0.18964371661 0) (0.0112500545812 0.190587547115 0) (0.011362142521 0.191531312024 0) (0.0114747841156 0.192475011012 0) (0.0115879793262 0.193418643755 0) (0.0117017281139 0.194362209928 0) (0.0118160304395 0.195305709207 0))
    polyLine 17 21 ((-0.518016582136 0.830142624313 -0.03) (-0.51593353789 0.836082568566 -0.03) (-0.513826956018 0.842048207996 -0.03) (-0.51169657124 0.848039783661 -0.03) (-0.509542114665 0.854057538612 -0.03) (-0.507363313735 0.860101717915 -0.03) (-0.505159892181 0.866172568682 -0.03) (-0.502931569963 0.872270340086 -0.03) (-0.500678063225 0.878395283392 -0.03) (-0.498399084234 0.884547651979 -0.03) (-0.496094341333 0.890727701366 -0.03) (-0.493763538877 0.896935689236 -0.03) (-0.491406377184 0.903171875465 -0.03) (-0.489022552474 0.909436522146 -0.03) (-0.486611756812 0.915729893615 -0.03) (-0.484173678048 0.922052256481 -0.03) (-0.481707999758 0.928403879653 -0.03) (-0.479214401181 0.934785034365 -0.03) (-0.476692557159 0.941195994211 -0.03) (-0.474142138071 0.947637035167 -0.03) (-0.471562809772 0.954108435626 -0.03) (-0.468954233527 0.960610476425 -0.03) (-0.466316065941 0.967143440878 -0.03))
    polyLine 19 23 ((-0.518016582136 0.830142624313 0) (-0.51593353789 0.836082568566 0) (-0.513826956018 0.842048207996 0) (-0.51169657124 0.848039783661 0) (-0.509542114665 0.854057538612 0) (-0.507363313735 0.860101717915 0) (-0.505159892181 0.866172568682 0) (-0.502931569963 0.872270340086 0) (-0.500678063225 0.878395283392 0) (-0.498399084234 0.884547651979 0) (-0.496094341333 0.890727701366 0) (-0.493763538877 0.896935689236 0) (-0.491406377184 0.903171875465 0) (-0.489022552474 0.909436522146 0) (-0.486611756812 0.915729893615 0) (-0.484173678048 0.922052256481 0) (-0.481707999758 0.928403879653 0) (-0.479214401181 0.934785034365 0) (-0.476692557159 0.941195994211 0) (-0.474142138071 0.947637035167 0) (-0.471562809772 0.954108435626 0) (-0.468954233527 0.960610476425 0) (-0.466316065941 0.967143440878 0))
    polyLine 20 24 ((0.0119308862637 0.196249141265 -0.03) (0.0120462955469 0.19719250578 -0.03) (0.0121622582495 0.198135802425 -0.03) (0.0122787743315 0.199079030877 -0.03) (0.0123958437528 0.20002219081 -0.03) (0.0125134664731 0.200965281901 -0.03) (0.0126316424519 0.201908303824 -0.03) (0.0127503716487 0.202851256256 -0.03) (0.0128696540224 0.20379413887 -0.03) (0.012989489532 0.204736951344 -0.03) (0.0131098781364 0.205679693352 -0.03) (0.0132308197941 0.20662236457 -0.03) (0.0133523144634 0.207564964673 -0.03) (0.0134743621025 0.208507493338 -0.03) (0.0135969626694 0.209449950239 -0.03) (0.013720116122 0.210392335052 -0.03) (0.0138438224178 0.211334647454 -0.03) (0.0139680815142 0.212276887119 -0.03) (0.0140928933686 0.213219053724 -0.03) (0.0142182579379 0.214161146943 -0.03) (0.014344175179 0.215103166454 -0.03) (0.0144706450485 0.216045111931 -0.03) (0.014597667503 0.21698698305 -0.03) (0.0147252424987 0.217928779488 -0.03) (0.0148533699917 0.21887050092 -0.03) (0.0149820499378 0.219812147022 -0.03) (0.0151112822929 0.220753717469 -0.03) (0.0152410670125 0.221695211939 -0.03) (0.0153714040517 0.222636630106 -0.03) (0.0155022933659 0.223577971648 -0.03) (0.01563373491 0.224519236239 -0.03) (0.0157657286387 0.225460423555 -0.03) (0.0158982745065 0.226401533274 -0.03) (0.0160313724679 0.227342565071 -0.03) (0.0161650224771 0.228283518621 -0.03) (0.0162992244881 0.229224393602 -0.03) (0.0164339784546 0.23016518969 -0.03) (0.0165692843303 0.23110590656 -0.03) (0.0167051420686 0.232046543889 -0.03) (0.0168415516228 0.232987101353 -0.03) (0.0169785129459 0.233927578628 -0.03))
    polyLine 22 26 ((0.0119308862637 0.196249141265 0) (0.0120462955469 0.19719250578 0) (0.0121622582495 0.198135802425 0) (0.0122787743315 0.199079030877 0) (0.0123958437528 0.20002219081 0) (0.0125134664731 0.200965281901 0) (0.0126316424519 0.201908303824 0) (0.0127503716487 0.202851256256 0) (0.0128696540224 0.20379413887 0) (0.012989489532 0.204736951344 0) (0.0131098781364 0.205679693352 0) (0.0132308197941 0.20662236457 0) (0.0133523144634 0.207564964673 0) (0.0134743621025 0.208507493338 0) (0.0135969626694 0.209449950239 0) (0.013720116122 0.210392335052 0) (0.0138438224178 0.211334647454 0) (0.0139680815142 0.212276887119 0) (0.0140928933686 0.213219053724 0) (0.0142182579379 0.214161146943 0) (0.014344175179 0.215103166454 0) (0.0144706450485 0.216045111931 0) (0.014597667503 0.21698698305 0) (0.0147252424987 0.217928779488 0) (0.0148533699917 0.21887050092 0) (0.0149820499378 0.219812147022 0) (0.0151112822929 0.220753717469 0) (0.0152410670125 0.221695211939 0) (0.0153714040517 0.222636630106 0) (0.0155022933659 0.223577971648 0) (0.01563373491 0.224519236239 0) (0.0157657286387 0.225460423555 0) (0.0158982745065 0.226401533274 0) (0.0160313724679 0.227342565071 0) (0.0161650224771 0.228283518621 0) (0.0162992244881 0.229224393602 0) (0.0164339784546 0.23016518969 0) (0.0165692843303 0.23110590656 0) (0.0167051420686 0.232046543889 0) (0.0168415516228 0.232987101353 0) (0.0169785129459 0.233927578628 0))
    polyLine 21 25 ((-0.461523374734 0.978904294485 -0.03) (-0.459379791806 0.984120689434 -0.03) (-0.45721703321 0.989356943033 -0.03) (-0.455034920124 0.994613199674 -0.03) (-0.452833271782 0.999889604774 -0.03) (-0.450611905452 1.00518630478 -0.03) (-0.448370636411 1.0105034472 -0.03) (-0.446109277927 1.01584118057 -0.03) (-0.44382764123 1.0211996545 -0.03) (-0.441525535492 1.0265790197 -0.03) (-0.439202767801 1.03197942794 -0.03) (-0.436859143137 1.03740103211 -0.03) (-0.434494464347 1.04284398618 -0.03) (-0.432108532121 1.04830844529 -0.03) (-0.429701144966 1.05379456567 -0.03) (-0.427272099179 1.05930250473 -0.03) (-0.424821188823 1.06483242101 -0.03) (-0.422348205698 1.07038447425 -0.03) (-0.419852939316 1.07595882536 -0.03) (-0.417335176873 1.08155563643 -0.03) (-0.414794703222 1.0871750708 -0.03) (-0.412231300842 1.09281729301 -0.03) (-0.409644749814 1.09848246882 -0.03))
    polyLine 23 27 ((-0.461523374734 0.978904294485 0) (-0.459379791806 0.984120689434 0) (-0.45721703321 0.989356943033 0) (-0.455034920124 0.994613199674 0) (-0.452833271782 0.999889604774 0) (-0.450611905452 1.00518630478 0) (-0.448370636411 1.0105034472 0) (-0.446109277927 1.01584118057 0) (-0.44382764123 1.0211996545 0) (-0.441525535492 1.0265790197 0) (-0.439202767801 1.03197942794 0) (-0.436859143137 1.03740103211 0) (-0.434494464347 1.04284398618 0) (-0.432108532121 1.04830844529 0) (-0.429701144966 1.05379456567 0) (-0.427272099179 1.05930250473 0) (-0.424821188823 1.06483242101 0) (-0.422348205698 1.07038447425 0) (-0.419852939316 1.07595882536 0) (-0.417335176873 1.08155563643 0) (-0.414794703222 1.0871750708 0) (-0.412231300842 1.09281729301 0) (-0.409644749814 1.09848246882 0))
    polyLine 24 28 ((0.0171160259908 0.234867975392 -0.03) (0.0172540907102 0.235808291319 -0.03) (0.0173927070564 0.236748526086 -0.03) (0.0175318749819 0.237688679371 -0.03) (0.0176715944387 0.238628750849 -0.03) (0.0178118653788 0.239568740196 -0.03) (0.0179526877538 0.240508647089 -0.03) (0.0180940615153 0.241448471205 -0.03) (0.0182359866146 0.242388212221 -0.03) (0.0183784630029 0.243327869812 -0.03) (0.0185214906312 0.244267443655 -0.03) (0.0186650694502 0.245206933428 -0.03) (0.0188091994105 0.246146338806 -0.03) (0.0189538804624 0.247085659466 -0.03) (0.0190991125563 0.248024895085 -0.03) (0.0192448956421 0.24896404534 -0.03) (0.0193912296697 0.249903109908 -0.03) (0.0195381145886 0.250842088465 -0.03) (0.0196855503483 0.251780980688 -0.03) (0.0198335368982 0.252719786254 -0.03) (0.0199820741871 0.25365850484 -0.03) (0.0201311621641 0.254597136122 -0.03) (0.0202808007778 0.255535679779 -0.03) (0.0204309899767 0.256474135486 -0.03) (0.0205817297092 0.257412502921 -0.03) (0.0207330199232 0.25835078176 -0.03) (0.0208848605668 0.259288971682 -0.03) (0.0210372515878 0.260227072362 -0.03) (0.0211901929336 0.261165083478 -0.03) (0.0213436845516 0.262103004708 -0.03) (0.021497726389 0.263040835728 -0.03) (0.0216523183927 0.263978576215 -0.03) (0.0218074605097 0.264916225848 -0.03) (0.0219631526864 0.265853784302 -0.03) (0.0221193948693 0.266791251256 -0.03) (0.0222761870045 0.267728626387 -0.03) (0.0224335290383 0.268665909372 -0.03) (0.0225914209163 0.269603099889 -0.03) (0.0227498625843 0.270540197615 -0.03) (0.0229088539877 0.271477202227 -0.03) (0.0230683950718 0.272414113403 -0.03))
    polyLine 26 30 ((0.0171160259908 0.234867975392 0) (0.0172540907102 0.235808291319 0) (0.0173927070564 0.236748526086 0) (0.0175318749819 0.237688679371 0) (0.0176715944387 0.238628750849 0) (0.0178118653788 0.239568740196 0) (0.0179526877538 0.240508647089 0) (0.0180940615153 0.241448471205 0) (0.0182359866146 0.242388212221 0) (0.0183784630029 0.243327869812 0) (0.0185214906312 0.244267443655 0) (0.0186650694502 0.245206933428 0) (0.0188091994105 0.246146338806 0) (0.0189538804624 0.247085659466 0) (0.0190991125563 0.248024895085 0) (0.0192448956421 0.24896404534 0) (0.0193912296697 0.249903109908 0) (0.0195381145886 0.250842088465 0) (0.0196855503483 0.251780980688 0) (0.0198335368982 0.252719786254 0) (0.0199820741871 0.25365850484 0) (0.0201311621641 0.254597136122 0) (0.0202808007778 0.255535679779 0) (0.0204309899767 0.256474135486 0) (0.0205817297092 0.257412502921 0) (0.0207330199232 0.25835078176 0) (0.0208848605668 0.259288971682 0) (0.0210372515878 0.260227072362 0) (0.0211901929336 0.261165083478 0) (0.0213436845516 0.262103004708 0) (0.021497726389 0.263040835728 0) (0.0216523183927 0.263978576215 0) (0.0218074605097 0.264916225848 0) (0.0219631526864 0.265853784302 0) (0.0221193948693 0.266791251256 0) (0.0222761870045 0.267728626387 0) (0.0224335290383 0.268665909372 0) (0.0225914209163 0.269603099889 0) (0.0227498625843 0.270540197615 0) (0.0229088539877 0.271477202227 0) (0.0230683950718 0.272414113403 0))
    polyLine 25 29 ((-0.404909247361 1.10878291334 -0.03) (-0.40276814909 1.11341034865 -0.03) (-0.400611412207 1.11805316107 -0.03) (-0.398438914866 1.12271144104 -0.03) (-0.396250534129 1.12738527955 -0.03) (-0.394046145955 1.13207476815 -0.03) (-0.39182562519 1.13677999898 -0.03) (-0.389588845558 1.14150106474 -0.03) (-0.387335679647 1.14623805869 -0.03) (-0.385065998898 1.15099107472 -0.03) (-0.382779673596 1.15576020728 -0.03) (-0.380476572855 1.16054555142 -0.03) (-0.378156564611 1.16534720279 -0.03) (-0.375819515603 1.17016525768 -0.03) (-0.37346529137 1.17499981294 -0.03) (-0.371093756231 1.17985096609 -0.03) (-0.368704773277 1.18471881524 -0.03) (-0.366298204357 1.18960345915 -0.03) (-0.363873910068 1.19450499721 -0.03) (-0.361431749737 1.19942352946 -0.03) (-0.358971581414 1.20435915659 -0.03) (-0.356493261854 1.20931197993 -0.03) (-0.353996646509 1.2142821015 -0.03))
    polyLine 27 31 ((-0.404909247361 1.10878291334 0) (-0.40276814909 1.11341034865 0) (-0.400611412207 1.11805316107 0) (-0.398438914866 1.12271144104 0) (-0.396250534129 1.12738527955 0) (-0.394046145955 1.13207476815 0) (-0.39182562519 1.13677999898 0) (-0.389588845558 1.14150106474 0) (-0.387335679647 1.14623805869 0) (-0.385065998898 1.15099107472 0) (-0.382779673596 1.15576020728 0) (-0.380476572855 1.16054555142 0) (-0.378156564611 1.16534720279 0) (-0.375819515603 1.17016525768 0) (-0.37346529137 1.17499981294 0) (-0.371093756231 1.17985096609 0) (-0.368704773277 1.18471881524 0) (-0.366298204357 1.18960345915 0) (-0.363873910068 1.19450499721 0) (-0.361431749737 1.19942352946 0) (-0.358971581414 1.20435915659 0) (-0.356493261854 1.20931197993 0) (-0.353996646509 1.2142821015 0))
    polyLine 28 32 ((0.0232284857816 0.273350930821 -0.03) (0.0233891260622 0.274287654158 -0.03) (0.0235503158581 0.275224283092 -0.03) (0.023712055114 0.2761608173 -0.03) (0.0238743437741 0.27709725646 -0.03) (0.0240371817826 0.27803360025 -0.03) (0.0242005690835 0.278969848347 -0.03) (0.0243645056205 0.279906000429 -0.03) (0.0245289913372 0.280842056175 -0.03) (0.0246940261769 0.281778015261 -0.03) (0.024859610083 0.282713877366 -0.03) (0.0250257429983 0.283649642168 -0.03) (0.0251924248658 0.284585309344 -0.03) (0.025359655628 0.285520878573 -0.03) (0.0255274352274 0.286456349532 -0.03) (0.0256957636062 0.2873917219 -0.03) (0.0258646407065 0.288326995355 -0.03) (0.0260340664702 0.289262169574 -0.03) (0.026204040839 0.290197244236 -0.03) (0.0263745637544 0.291132219019 -0.03) (0.0265456351576 0.292067093601 -0.03) (0.0267172549898 0.293001867661 -0.03) (0.026889423192 0.293936540877 -0.03) (0.0270621397049 0.294871112926 -0.03) (0.0272354044689 0.295805583488 -0.03) (0.0274092174246 0.296739952241 -0.03) (0.0275835785121 0.297674218863 -0.03) (0.0277584876713 0.298608383032 -0.03) (0.0279339448421 0.299542444428 -0.03) (0.0281099499641 0.300476402728 -0.03) (0.0282865029766 0.301410257612 -0.03) (0.028463603819 0.302344008757 -0.03) (0.0286412524303 0.303277655843 -0.03) (0.0288194487494 0.304211198548 -0.03) (0.0289981927148 0.30514463655 -0.03) (0.0291774842651 0.306077969529 -0.03) (0.0293573233387 0.307011197163 -0.03) (0.0295377098735 0.307944319132 -0.03) (0.0297186438075 0.308877335113 -0.03) (0.0299001250784 0.309810244786 -0.03) (0.0300821536238 0.31074304783 -0.03))
    polyLine 30 34 ((0.0232284857816 0.273350930821 0) (0.0233891260622 0.274287654158 0) (0.0235503158581 0.275224283092 0) (0.023712055114 0.2761608173 0) (0.0238743437741 0.27709725646 0) (0.0240371817826 0.27803360025 0) (0.0242005690835 0.278969848347 0) (0.0243645056205 0.279906000429 0) (0.0245289913372 0.280842056175 0) (0.0246940261769 0.281778015261 0) (0.024859610083 0.282713877366 0) (0.0250257429983 0.283649642168 0) (0.0251924248658 0.284585309344 0) (0.025359655628 0.285520878573 0) (0.0255274352274 0.286456349532 0) (0.0256957636062 0.2873917219 0) (0.0258646407065 0.288326995355 0) (0.0260340664702 0.289262169574 0) (0.026204040839 0.290197244236 0) (0.0263745637544 0.291132219019 0) (0.0265456351576 0.292067093601 0) (0.0267172549898 0.293001867661 0) (0.026889423192 0.293936540877 0) (0.0270621397049 0.294871112926 0) (0.0272354044689 0.295805583488 0) (0.0274092174246 0.296739952241 0) (0.0275835785121 0.297674218863 0) (0.0277584876713 0.298608383032 0) (0.0279339448421 0.299542444428 0) (0.0281099499641 0.300476402728 0) (0.0282865029766 0.301410257612 0) (0.028463603819 0.302344008757 0) (0.0286412524303 0.303277655843 0) (0.0288194487494 0.304211198548 0) (0.0289981927148 0.30514463655 0) (0.0291774842651 0.306077969529 0) (0.0293573233387 0.307011197163 0) (0.0295377098735 0.307944319132 0) (0.0297186438075 0.308877335113 0) (0.0299001250784 0.309810244786 0) (0.0300821536238 0.31074304783 0))
    polyLine 29 33 ((-0.349385281647 1.2234120995 -0.03) (-0.347276148031 1.22756663214 -0.03) (-0.345154103788 1.23173328121 -0.03) (-0.343019063407 1.23591210636 -0.03) (-0.340870940722 1.24010316758 -0.03) (-0.338709648917 1.24430652518 -0.03) (-0.336535100514 1.24852223979 -0.03) (-0.334347207368 1.25275037242 -0.03) (-0.332145880664 1.25699098437 -0.03) (-0.32993103091 1.26124413732 -0.03) (-0.32770256793 1.26550989328 -0.03) (-0.325460400856 1.2697883146 -0.03) (-0.32320443813 1.27407946401 -0.03) (-0.320934587488 1.27838340455 -0.03) (-0.318650755962 1.28270019967 -0.03) (-0.316352849868 1.28702991313 -0.03) (-0.314040774803 1.29137260909 -0.03) (-0.311714435637 1.29572835206 -0.03) (-0.309373736509 1.30009720692 -0.03) (-0.307018580818 1.30447923893 -0.03) (-0.304648871217 1.30887451373 -0.03) (-0.302264509607 1.31328309731 -0.03) (-0.299865397131 1.31770505608 -0.03))
    polyLine 31 35 ((-0.349385281647 1.2234120995 0) (-0.347276148031 1.22756663214 0) (-0.345154103788 1.23173328121 0) (-0.343019063407 1.23591210636 0) (-0.340870940722 1.24010316758 0) (-0.338709648917 1.24430652518 0) (-0.336535100514 1.24852223979 0) (-0.334347207368 1.25275037242 0) (-0.332145880664 1.25699098437 0) (-0.32993103091 1.26124413732 0) (-0.32770256793 1.26550989328 0) (-0.325460400856 1.2697883146 0) (-0.32320443813 1.27407946401 0) (-0.320934587488 1.27838340455 0) (-0.318650755962 1.28270019967 0) (-0.316352849868 1.28702991313 0) (-0.314040774803 1.29137260909 0) (-0.311714435637 1.29572835206 0) (-0.309373736509 1.30009720692 0) (-0.307018580818 1.30447923893 0) (-0.304648871217 1.30887451373 0) (-0.302264509607 1.31328309731 0) (-0.299865397131 1.31770505608 0))
    polyLine 32 36 ((0.030264729381 0.311675743923 -0.03) (0.0304478522872 0.312608332745 -0.03) (0.0306315222793 0.313540813975 -0.03) (0.0308157392942 0.314473187291 -0.03) (0.0310005032684 0.315405452373 -0.03) (0.0311858141383 0.3163376089 -0.03) (0.0313716718403 0.317269656552 -0.03) (0.0315580763102 0.318201595006 -0.03) (0.0317450274839 0.319133423944 -0.03) (0.0319325252972 0.320065143043 -0.03) (0.0321205696854 0.320996751983 -0.03) (0.0323091605838 0.321928250444 -0.03) (0.0324982979276 0.322859638105 -0.03) (0.0326879816516 0.323790914645 -0.03) (0.0328782116906 0.324722079744 -0.03) (0.033068987979 0.325653133082 -0.03) (0.0332603104513 0.326584074337 -0.03) (0.0334521790415 0.327514903191 -0.03) (0.0336445936837 0.328445619321 -0.03) (0.0338375543116 0.329376222408 -0.03) (0.0340310608588 0.330306712132 -0.03) (0.0342251132586 0.331237088172 -0.03) (0.0344197114444 0.332167350208 -0.03) (0.0346148553491 0.33309749792 -0.03) (0.0348105449056 0.334027530987 -0.03) (0.0350067800465 0.334957449091 -0.03) (0.0352035607043 0.33588725191 -0.03) (0.0354008868112 0.336816939125 -0.03) (0.0355987582994 0.337746510415 -0.03) (0.0357971751007 0.338675965461 -0.03) (0.0359961371468 0.339605303943 -0.03) (0.0361956443693 0.340534525541 -0.03) (0.0363956966995 0.341463629935 -0.03) (0.0365962940686 0.342392616805 -0.03) (0.0367974364074 0.343321485832 -0.03) (0.0369991236469 0.344250236696 -0.03) (0.0372013557174 0.345178869077 -0.03) (0.0374041325496 0.346107382656 -0.03) (0.0376074540735 0.347035777113 -0.03) (0.0378113202192 0.347964052128 -0.03) (0.0380157309165 0.348892207383 -0.03) (0.0382206860951 0.349820242557 -0.03))
    polyLine 34 38 ((0.030264729381 0.311675743923 0) (0.0304478522872 0.312608332745 0) (0.0306315222793 0.313540813975 0) (0.0308157392942 0.314473187291 0) (0.0310005032684 0.315405452373 0) (0.0311858141383 0.3163376089 0) (0.0313716718403 0.317269656552 0) (0.0315580763102 0.318201595006 0) (0.0317450274839 0.319133423944 0) (0.0319325252972 0.320065143043 0) (0.0321205696854 0.320996751983 0) (0.0323091605838 0.321928250444 0) (0.0324982979276 0.322859638105 0) (0.0326879816516 0.323790914645 0) (0.0328782116906 0.324722079744 0) (0.033068987979 0.325653133082 0) (0.0332603104513 0.326584074337 0) (0.0334521790415 0.327514903191 0) (0.0336445936837 0.328445619321 0) (0.0338375543116 0.329376222408 0) (0.0340310608588 0.330306712132 0) (0.0342251132586 0.331237088172 0) (0.0344197114444 0.332167350208 0) (0.0346148553491 0.33309749792 0) (0.0348105449056 0.334027530987 0) (0.0350067800465 0.334957449091 0) (0.0352035607043 0.33588725191 0) (0.0354008868112 0.336816939125 0) (0.0355987582994 0.337746510415 0) (0.0357971751007 0.338675965461 0) (0.0359961371468 0.339605303943 0) (0.0361956443693 0.340534525541 0) (0.0363956966995 0.341463629935 0) (0.0365962940686 0.342392616805 0) (0.0367974364074 0.343321485832 0) (0.0369991236469 0.344250236696 0) (0.0372013557174 0.345178869077 0) (0.0374041325496 0.346107382656 0) (0.0376074540735 0.347035777113 0) (0.0378113202192 0.347964052128 0) (0.0380157309165 0.348892207383 0) (0.0382206860951 0.349820242557 0))
    polyLine 33 37 ((-0.295395343449 1.32590739098 -0.03) (-0.293328467782 1.32968405559 -0.03) (-0.291250745337 1.3334704919 -0.03) (-0.28916211388 1.33726674133 -0.03) (-0.287062510768 1.34107284552 -0.03) (-0.284951872946 1.34488884632 -0.03) (-0.282830136939 1.34871478578 -0.03) (-0.280697238855 1.35255070618 -0.03) (-0.278553114379 1.35639664998 -0.03) (-0.276397698768 1.3602526599 -0.03) (-0.274230926852 1.36411877884 -0.03) (-0.272052733027 1.36799504994 -0.03) (-0.269863051253 1.37188151654 -0.03) (-0.26766181505 1.37577822221 -0.03) (-0.265448957498 1.37968521075 -0.03) (-0.263224411226 1.38360252619 -0.03) (-0.260988108418 1.38753021276 -0.03) (-0.258739980802 1.39146831494 -0.03) (-0.25647995965 1.39541687744 -0.03) (-0.254207975773 1.39937594519 -0.03) (-0.251923959519 1.40334556337 -0.03) (-0.249627840767 1.40732577738 -0.03) (-0.247319548928 1.41131663286 -0.03))
    polyLine 35 39 ((-0.295395343449 1.32590739098 0) (-0.293328467782 1.32968405559 0) (-0.291250745337 1.3334704919 0) (-0.28916211388 1.33726674133 0) (-0.287062510768 1.34107284552 0) (-0.284951872946 1.34488884632 0) (-0.282830136939 1.34871478578 0) (-0.280697238855 1.35255070618 0) (-0.278553114379 1.35639664998 0) (-0.276397698768 1.3602526599 0) (-0.274230926852 1.36411877884 0) (-0.272052733027 1.36799504994 0) (-0.269863051253 1.37188151654 0) (-0.26766181505 1.37577822221 0) (-0.265448957498 1.37968521075 0) (-0.263224411226 1.38360252619 0) (-0.260988108418 1.38753021276 0) (-0.258739980802 1.39146831494 0) (-0.25647995965 1.39541687744 0) (-0.254207975773 1.39937594519 0) (-0.251923959519 1.40334556337 0) (-0.249627840767 1.40732577738 0) (-0.247319548928 1.41131663286 0))
    polyLine 36 40 ((0.0384261856844 0.350748157331 -0.03) (0.0386322296137 0.351675951386 -0.03) (0.0388388178121 0.352603624403 -0.03) (0.0390459502085 0.353531176062 -0.03) (0.0392536267316 0.354458606044 -0.03) (0.0394618473099 0.35538591403 -0.03) (0.0396706118717 0.3563130997 -0.03) (0.0398799203452 0.357240162736 -0.03) (0.0400897726584 0.358167102819 -0.03) (0.040300168739 0.359093919628 -0.03) (0.0405111085147 0.360020612847 -0.03) (0.0407225919127 0.360947182154 -0.03) (0.0409346188604 0.361873627233 -0.03) (0.0411471892848 0.362799947763 -0.03) (0.0413603031126 0.363726143426 -0.03) (0.0415739602706 0.364652213903 -0.03) (0.0417881606852 0.365578158875 -0.03) (0.0420029042827 0.366503978024 -0.03) (0.0422181909891 0.367429671032 -0.03) (0.0424340207305 0.368355237578 -0.03) (0.0426503934324 0.369280677346 -0.03) (0.0428673090205 0.370205990016 -0.03) (0.04308476742 0.37113117527 -0.03) (0.0433027685562 0.372056232789 -0.03) (0.043521312354 0.372981162256 -0.03) (0.0437403987381 0.373905963351 -0.03) (0.0439600276332 0.374830635757 -0.03) (0.0441801989637 0.375755179155 -0.03) (0.0444009126538 0.376679593227 -0.03) (0.0446221686276 0.377603877655 -0.03) (0.0448439668088 0.378528032121 -0.03) (0.0450663071212 0.379452056306 -0.03) (0.0452891894882 0.380375949893 -0.03) (0.0455126138332 0.381299712564 -0.03) (0.0457365800791 0.382223344001 -0.03) (0.045961088149 0.383146843885 -0.03) (0.0461861379656 0.384070211899 -0.03) (0.0464117294513 0.384993447726 -0.03) (0.0466378625286 0.385916551046 -0.03) (0.0468645371197 0.386839521544 -0.03) (0.0470917531465 0.387762358901 -0.03))
    polyLine 38 42 ((0.0384261856844 0.350748157331 0) (0.0386322296137 0.351675951386 0) (0.0388388178121 0.352603624403 0) (0.0390459502085 0.353531176062 0) (0.0392536267316 0.354458606044 0) (0.0394618473099 0.35538591403 0) (0.0396706118717 0.3563130997 0) (0.0398799203452 0.357240162736 0) (0.0400897726584 0.358167102819 0) (0.040300168739 0.359093919628 0) (0.0405111085147 0.360020612847 0) (0.0407225919127 0.360947182154 0) (0.0409346188604 0.361873627233 0) (0.0411471892848 0.362799947763 0) (0.0413603031126 0.363726143426 0) (0.0415739602706 0.364652213903 0) (0.0417881606852 0.365578158875 0) (0.0420029042827 0.366503978024 0) (0.0422181909891 0.367429671032 0) (0.0424340207305 0.368355237578 0) (0.0426503934324 0.369280677346 0) (0.0428673090205 0.370205990016 0) (0.04308476742 0.37113117527 0) (0.0433027685562 0.372056232789 0) (0.043521312354 0.372981162256 0) (0.0437403987381 0.373905963351 0) (0.0439600276332 0.374830635757 0) (0.0441801989637 0.375755179155 0) (0.0444009126538 0.376679593227 0) (0.0446221686276 0.377603877655 0) (0.0448439668088 0.378528032121 0) (0.0450663071212 0.379452056306 0) (0.0452891894882 0.380375949893 0) (0.0455126138332 0.381299712564 0) (0.0457365800791 0.382223344001 0) (0.045961088149 0.383146843885 0) (0.0461861379656 0.384070211899 0) (0.0464117294513 0.384993447726 0) (0.0466378625286 0.385916551046 0) (0.0468645371197 0.386839521544 0) (0.0470917531465 0.387762358901 0))
    polyLine 37 41 ((-0.242983687194 1.41878495442 -0.03) (-0.240959117112 1.42225977926 -0.03) (-0.23892525595 1.42574268028 -0.03) (-0.236882056697 1.42923368768 -0.03) (-0.234829472068 1.43273283178 -0.03) (-0.2327674545 1.43624014304 -0.03) (-0.230695956152 1.43975565208 -0.03) (-0.228614928905 1.44327938965 -0.03) (-0.226524324353 1.44681138663 -0.03) (-0.224424093809 1.45035167407 -0.03) (-0.2223141883 1.45390028315 -0.03) (-0.220194558561 1.45745724518 -0.03) (-0.218065155042 1.46102259165 -0.03) (-0.215925927896 1.46459635416 -0.03) (-0.213776826983 1.4681785645 -0.03) (-0.211617801868 1.47176925457 -0.03) (-0.209448801816 1.47536845644 -0.03) (-0.207269775792 1.47897620233 -0.03) (-0.205080672458 1.48259252461 -0.03) (-0.20288144017 1.48621745582 -0.03) (-0.200672026979 1.48985102863 -0.03) (-0.198452380625 1.49349327587 -0.03) (-0.196222448539 1.49714423054 -0.03))
    polyLine 39 43 ((-0.242983687194 1.41878495442 0) (-0.240959117112 1.42225977926 0) (-0.23892525595 1.42574268028 0) (-0.236882056697 1.42923368768 0) (-0.234829472068 1.43273283178 0) (-0.2327674545 1.43624014304 0) (-0.230695956152 1.43975565208 0) (-0.228614928905 1.44327938965 0) (-0.226524324353 1.44681138663 0) (-0.224424093809 1.45035167407 0) (-0.2223141883 1.45390028315 0) (-0.220194558561 1.45745724518 0) (-0.218065155042 1.46102259165 0) (-0.215925927896 1.46459635416 0) (-0.213776826983 1.4681785645 0) (-0.211617801868 1.47176925457 0) (-0.209448801816 1.47536845644 0) (-0.207269775792 1.47897620233 0) (-0.205080672458 1.48259252461 0) (-0.20288144017 1.48621745582 0) (-0.200672026979 1.48985102863 0) (-0.198452380625 1.49349327587 0) (-0.196222448539 1.49714423054 0))
    polyLine 40 44 ((0.0473195105308 0.388685062799 -0.03) (0.0475478091942 0.389607632921 -0.03) (0.0477766490582 0.390530068949 -0.03) (0.048006030044 0.391452370566 -0.03) (0.0482359520726 0.392374537455 -0.03) (0.0484664150649 0.393296569297 -0.03) (0.0486974189417 0.394218465777 -0.03) (0.0489289636233 0.395140226576 -0.03) (0.0491610490301 0.396061851376 -0.03) (0.0493936750822 0.396983339862 -0.03) (0.0496268416996 0.397904691716 -0.03) (0.049860548802 0.39882590662 -0.03) (0.0500947963089 0.399746984258 -0.03) (0.0503295841398 0.400667924313 -0.03) (0.0505649122138 0.401588726467 -0.03) (0.0508007804499 0.402509390404 -0.03) (0.051037188767 0.403429915807 -0.03) (0.0512741370837 0.404350302359 -0.03) (0.0515116253185 0.405270549743 -0.03) (0.0517496533895 0.406190657643 -0.03) (0.051988221215 0.407110625741 -0.03) (0.0522273287127 0.408030453722 -0.03) (0.0524669758003 0.408950141268 -0.03) (0.0527071623955 0.409869688064 -0.03) (0.0529478884155 0.410789093792 -0.03) (0.0531891537775 0.411708358136 -0.03) (0.0534309583984 0.412627480781 -0.03) (0.053673302195 0.413546461408 -0.03) (0.0539161850839 0.414465299703 -0.03) (0.0541596069816 0.415383995349 -0.03) (0.0544035678041 0.416302548029 -0.03) (0.0546480674677 0.417220957428 -0.03) (0.054893105888 0.41813922323 -0.03) (0.0551386829808 0.419057345118 -0.03) (0.0553847986616 0.419975322776 -0.03) (0.0556314528456 0.420893155889 -0.03) (0.055878645448 0.42181084414 -0.03) (0.0561263763837 0.422728387215 -0.03) (0.0563746455674 0.423645784796 -0.03) (0.0566234529136 0.424563036569 -0.03) (0.0568727983368 0.425480142217 -0.03))
    polyLine 42 46 ((0.0473195105308 0.388685062799 0) (0.0475478091942 0.389607632921 0) (0.0477766490582 0.390530068949 0) (0.048006030044 0.391452370566 0) (0.0482359520726 0.392374537455 0) (0.0484664150649 0.393296569297 0) (0.0486974189417 0.394218465777 0) (0.0489289636233 0.395140226576 0) (0.0491610490301 0.396061851376 0) (0.0493936750822 0.396983339862 0) (0.0496268416996 0.397904691716 0) (0.049860548802 0.39882590662 0) (0.0500947963089 0.399746984258 0) (0.0503295841398 0.400667924313 0) (0.0505649122138 0.401588726467 0) (0.0508007804499 0.402509390404 0) (0.051037188767 0.403429915807 0) (0.0512741370837 0.404350302359 0) (0.0515116253185 0.405270549743 0) (0.0517496533895 0.406190657643 0) (0.051988221215 0.407110625741 0) (0.0522273287127 0.408030453722 0) (0.0524669758003 0.408950141268 0) (0.0527071623955 0.409869688064 0) (0.0529478884155 0.410789093792 0) (0.0531891537775 0.411708358136 0) (0.0534309583984 0.412627480781 0) (0.053673302195 0.413546461408 0) (0.0539161850839 0.414465299703 0) (0.0541596069816 0.415383995349 0) (0.0544035678041 0.416302548029 0) (0.0546480674677 0.417220957428 0) (0.054893105888 0.41813922323 0) (0.0551386829808 0.419057345118 0) (0.0553847986616 0.419975322776 0) (0.0556314528456 0.420893155889 0) (0.055878645448 0.42181084414 0) (0.0561263763837 0.422728387215 0) (0.0563746455674 0.423645784796 0) (0.0566234529136 0.424563036569 0) (0.0568727983368 0.425480142217 0))
    polyLine 41 45 ((-0.192002961996 1.50403038419 -0.03) (-0.190015668949 1.50726365426 -0.03) (-0.18802026209 1.51050375889 -0.03) (-0.186016704621 1.51375072105 -0.03) (-0.18400495955 1.5170045638 -0.03) (-0.181984989691 1.52026531031 -0.03) (-0.179956757659 1.52353298385 -0.03) (-0.177920225874 1.52680760778 -0.03) (-0.175875356556 1.53008920556 -0.03) (-0.173822111724 1.53337780076 -0.03) (-0.171760453196 1.53667341706 -0.03) (-0.169690342587 1.53997607822 -0.03) (-0.167611741308 1.54328580812 -0.03) (-0.165524610565 1.54660263073 -0.03) (-0.163428911356 1.54992657014 -0.03) (-0.161324604473 1.55325765054 -0.03) (-0.159211650496 1.55659589621 -0.03) (-0.157090009797 1.55994133157 -0.03) (-0.154959642533 1.56329398111 -0.03) (-0.152820508649 1.56665386945 -0.03) (-0.150672567877 1.57002102132 -0.03) (-0.148515779729 1.57339546155 -0.03) (-0.146350103502 1.57677721508 -0.03))
    polyLine 43 47 ((-0.192002961996 1.50403038419 0) (-0.190015668949 1.50726365426 0) (-0.18802026209 1.51050375889 0) (-0.186016704621 1.51375072105 0) (-0.18400495955 1.5170045638 0) (-0.181984989691 1.52026531031 0) (-0.179956757659 1.52353298385 0) (-0.177920225874 1.52680760778 0) (-0.175875356556 1.53008920556 0) (-0.173822111724 1.53337780076 0) (-0.171760453196 1.53667341706 0) (-0.169690342587 1.53997607822 0) (-0.167611741308 1.54328580812 0) (-0.165524610565 1.54660263073 0) (-0.163428911356 1.54992657014 0) (-0.161324604473 1.55325765054 0) (-0.159211650496 1.55659589621 0) (-0.157090009797 1.55994133157 0) (-0.154959642533 1.56329398111 0) (-0.152820508649 1.56665386945 0) (-0.150672567877 1.57002102132 0) (-0.148515779729 1.57339546155 0) (-0.146350103502 1.57677721508 0))
    polyLine 44 48 ((0.0571226817511 0.426397101424 -0.03) (0.0573731030705 0.427313913877 -0.03) (0.0576240622089 0.428230579258 -0.03) (0.0578755590797 0.429147097252 -0.03) (0.0581275935966 0.430063467544 -0.03) (0.0583801656727 0.430979689818 -0.03) (0.0586332752211 0.431895763759 -0.03) (0.0588869221548 0.432811689053 -0.03) (0.0591411063863 0.433727465382 -0.03) (0.0593958278283 0.434643092433 -0.03) (0.059651086393 0.435558569891 -0.03) (0.0599068819925 0.436473897439 -0.03) (0.060163214539 0.437389074764 -0.03) (0.0604200839441 0.438304101549 -0.03) (0.0606774901194 0.439218977481 -0.03) (0.0609354329763 0.440133702244 -0.03) (0.0611939124261 0.441048275524 -0.03) (0.0614529283798 0.441962697005 -0.03) (0.0617124807482 0.442876966373 -0.03) (0.061972569442 0.443791083314 -0.03) (0.0622331943718 0.444705047512 -0.03) (0.0624943554477 0.445618858654 -0.03) (0.0627560525799 0.446532516424 -0.03) (0.0630182856784 0.447446020508 -0.03) (0.0632810546529 0.448359370592 -0.03) (0.0635443594129 0.449272566361 -0.03) (0.0638081998678 0.450185607501 -0.03) (0.0640725759268 0.451098493698 -0.03) (0.064337487499 0.452011224638 -0.03) (0.0646029344931 0.452923800007 -0.03) (0.0648689168178 0.45383621949 -0.03) (0.0651354343815 0.454748482773 -0.03) (0.0654024870926 0.455660589542 -0.03) (0.065670074859 0.456572539484 -0.03) (0.0659381975888 0.457484332285 -0.03) (0.0662068551896 0.458395967631 -0.03) (0.0664760475689 0.459307445207 -0.03) (0.0667457746341 0.460218764701 -0.03) (0.0670160362925 0.461129925799 -0.03) (0.0672868324508 0.462040928186 -0.03) (0.067558163016 0.462951771551 -0.03))
    polyLine 46 50 ((0.0571226817511 0.426397101424 0) (0.0573731030705 0.427313913877 0) (0.0576240622089 0.428230579258 0) (0.0578755590797 0.429147097252 0) (0.0581275935966 0.430063467544 0) (0.0583801656727 0.430979689818 0) (0.0586332752211 0.431895763759 0) (0.0588869221548 0.432811689053 0) (0.0591411063863 0.433727465382 0) (0.0593958278283 0.434643092433 0) (0.059651086393 0.435558569891 0) (0.0599068819925 0.436473897439 0) (0.060163214539 0.437389074764 0) (0.0604200839441 0.438304101549 0) (0.0606774901194 0.439218977481 0) (0.0609354329763 0.440133702244 0) (0.0611939124261 0.441048275524 0) (0.0614529283798 0.441962697005 0) (0.0617124807482 0.442876966373 0) (0.061972569442 0.443791083314 0) (0.0622331943718 0.444705047512 0) (0.0624943554477 0.445618858654 0) (0.0627560525799 0.446532516424 0) (0.0630182856784 0.447446020508 0) (0.0632810546529 0.448359370592 0) (0.0635443594129 0.449272566361 0) (0.0638081998678 0.450185607501 0) (0.0640725759268 0.451098493698 0) (0.064337487499 0.452011224638 0) (0.0646029344931 0.452923800007 0) (0.0648689168178 0.45383621949 0) (0.0651354343815 0.454748482773 0) (0.0654024870926 0.455660589542 0) (0.065670074859 0.456572539484 0) (0.0659381975888 0.457484332285 0) (0.0662068551896 0.458395967631 0) (0.0664760475689 0.459307445207 0) (0.0667457746341 0.460218764701 0) (0.0670160362925 0.461129925799 0) (0.0672868324508 0.462040928186 0) (0.067558163016 0.462951771551 0))
    polyLine 45 49 ((-0.142225350013 1.58319999197 -0.03) (-0.140268014318 1.58623957091 -0.03) (-0.138303461567 1.58928506186 -0.03) (-0.136331661999 1.59233648298 -0.03) (-0.134352585706 1.5953938525 -0.03) (-0.132366202636 1.59845718873 -0.03) (-0.130372482595 1.60152651005 -0.03) (-0.128371395237 1.6046018349 -0.03) (-0.126362910074 1.60768318182 -0.03) (-0.124346996466 1.61077056941 -0.03) (-0.122323623626 1.61386401633 -0.03) (-0.120292760618 1.61696354136 -0.03) (-0.118254376354 1.62006916331 -0.03) (-0.116208439595 1.62318090109 -0.03) (-0.114154918948 1.62629877369 -0.03) (-0.112093782869 1.62942280016 -0.03) (-0.110024999658 1.63255299965 -0.03) (-0.107948537461 1.63568939137 -0.03) (-0.105864364266 1.63883199462 -0.03) (-0.103772447907 1.64198082878 -0.03) (-0.101672756057 1.6451359133 -0.03) (-0.099565256232 1.64829726772 -0.03) (-0.097449915787 1.65146491165 -0.03))
    polyLine 47 51 ((-0.142225350013 1.58319999197 0) (-0.140268014318 1.58623957091 0) (-0.138303461567 1.58928506186 0) (-0.136331661999 1.59233648298 0) (-0.134352585706 1.5953938525 0) (-0.132366202636 1.59845718873 0) (-0.130372482595 1.60152651005 0) (-0.128371395237 1.6046018349 0) (-0.126362910074 1.60768318182 0) (-0.124346996466 1.61077056941 0) (-0.122323623626 1.61386401633 0) (-0.120292760618 1.61696354136 0) (-0.118254376354 1.62006916331 0) (-0.116208439595 1.62318090109 0) (-0.114154918948 1.62629877369 0) (-0.112093782869 1.62942280016 0) (-0.110024999658 1.63255299965 0) (-0.107948537461 1.63568939137 0) (-0.105864364266 1.63883199462 0) (-0.103772447907 1.64198082878 0) (-0.101672756057 1.6451359133 0) (-0.099565256232 1.64829726772 0) (-0.097449915787 1.65146491165 0))
    polyLine 48 52 ((0.0678300278947 0.463862455578 -0.03) (0.0681024269933 0.464772979955 -0.03) (0.068375360218 0.465683344368 -0.03) (0.068648827475 0.466593548504 -0.03) (0.06892282867 0.467503592049 -0.03) (0.0691973637088 0.468413474691 -0.03) (0.0694724324969 0.469323196116 -0.03) (0.0697480349396 0.470232756012 -0.03) (0.0700241709421 0.471142154064 -0.03) (0.0703008404093 0.472051389961 -0.03) (0.070578043246 0.472960463388 -0.03) (0.0708557793568 0.473869374034 -0.03) (0.0711340486461 0.474778121586 -0.03) (0.0714128510182 0.47568670573 -0.03) (0.071692186377 0.476595126154 -0.03) (0.0719720546265 0.477503382546 -0.03) (0.0722524556702 0.478411474592 -0.03) (0.0725333894118 0.47931940198 -0.03) (0.0728148557545 0.480227164398 -0.03) (0.0730968546014 0.481134761534 -0.03) (0.0733793858555 0.482042193074 -0.03) (0.0736624494196 0.482949458706 -0.03) (0.0739460451961 0.48385655812 -0.03) (0.0742301730876 0.484763491001 -0.03) (0.0745148329962 0.485670257038 -0.03) (0.0748000248239 0.486576855919 -0.03) (0.0750857484727 0.487483287332 -0.03) (0.0753720038441 0.488389550965 -0.03) (0.0756587908396 0.489295646505 -0.03) (0.0759461093605 0.490201573642 -0.03) (0.076233959308 0.491107332063 -0.03) (0.0765223405829 0.492012921457 -0.03) (0.0768112530861 0.492918341511 -0.03) (0.077100696718 0.493823591915 -0.03) (0.0773906713791 0.494728672357 -0.03) (0.0776811769695 0.495633582524 -0.03) (0.0779722133894 0.496538322107 -0.03) (0.0782637805384 0.497442890793 -0.03) (0.0785558783162 0.49834728827 -0.03) (0.0788485066224 0.499251514229 -0.03) (0.0791416653561 0.500155568357 -0.03))
    polyLine 50 54 ((0.0678300278947 0.463862455578 0) (0.0681024269933 0.464772979955 0) (0.068375360218 0.465683344368 0) (0.068648827475 0.466593548504 0) (0.06892282867 0.467503592049 0) (0.0691973637088 0.468413474691 0) (0.0694724324969 0.469323196116 0) (0.0697480349396 0.470232756012 0) (0.0700241709421 0.471142154064 0) (0.0703008404093 0.472051389961 0) (0.070578043246 0.472960463388 0) (0.0708557793568 0.473869374034 0) (0.0711340486461 0.474778121586 0) (0.0714128510182 0.47568670573 0) (0.071692186377 0.476595126154 0) (0.0719720546265 0.477503382546 0) (0.0722524556702 0.478411474592 0) (0.0725333894118 0.47931940198 0) (0.0728148557545 0.480227164398 0) (0.0730968546014 0.481134761534 0) (0.0733793858555 0.482042193074 0) (0.0736624494196 0.482949458706 0) (0.0739460451961 0.48385655812 0) (0.0742301730876 0.484763491001 0) (0.0745148329962 0.485670257038 0) (0.0748000248239 0.486576855919 0) (0.0750857484727 0.487483287332 0) (0.0753720038441 0.488389550965 0) (0.0756587908396 0.489295646505 0) (0.0759461093605 0.490201573642 0) (0.076233959308 0.491107332063 0) (0.0765223405829 0.492012921457 0) (0.0768112530861 0.492918341511 0) (0.077100696718 0.493823591915 0) (0.0773906713791 0.494728672357 0) (0.0776811769695 0.495633582524 0) (0.0779722133894 0.496538322107 0) (0.0782637805384 0.497442890793 0) (0.0785558783162 0.49834728827 0) (0.0788485066224 0.499251514229 0) (0.0791416653561 0.500155568357 0))
    polyLine 49 53 ((-0.0933977157248 1.65751773645 -0.03) (-0.0914622249787 1.66040181 -0.03) (-0.0895202049921 1.66329110025 -0.03) (-0.0875716309686 1.66618562203 -0.03) (-0.0856164780003 1.66908539027 -0.03) (-0.0836547210678 1.67199041991 -0.03) (-0.0816863350392 1.67490072598 -0.03) (-0.0797112946697 1.67781632354 -0.03) (-0.0777295746007 1.68073722774 -0.03) (-0.0757411493597 1.68366345377 -0.03) (-0.0737459933592 1.68659501687 -0.03) (-0.071744080896 1.68953193235 -0.03) (-0.0697353861512 1.69247421558 -0.03) (-0.0677198831887 1.69542188198 -0.03) (-0.0656975459552 1.69837494704 -0.03) (-0.0636683482795 1.7013334263 -0.03) (-0.0616322638713 1.70429733538 -0.03) (-0.0595892663213 1.70726668993 -0.03) (-0.0575393290998 1.71024150568 -0.03) (-0.0554824255568 1.71322179843 -0.03) (-0.0534185289204 1.71620758402 -0.03) (-0.0513476122972 1.71919887836 -0.03) (-0.0492696486706 1.72219569744 -0.03))
    polyLine 51 55 ((-0.0933977157248 1.65751773645 0) (-0.0914622249787 1.66040181 0) (-0.0895202049921 1.66329110025 0) (-0.0875716309686 1.66618562203 0) (-0.0856164780003 1.66908539027 0) (-0.0836547210678 1.67199041991 0) (-0.0816863350392 1.67490072598 0) (-0.0797112946697 1.67781632354 0) (-0.0777295746007 1.68073722774 0) (-0.0757411493597 1.68366345377 0) (-0.0737459933592 1.68659501687 0) (-0.071744080896 1.68953193235 0) (-0.0697353861512 1.69247421558 0) (-0.0677198831887 1.69542188198 0) (-0.0656975459552 1.69837494704 0) (-0.0636683482795 1.7013334263 0) (-0.0616322638713 1.70429733538 0) (-0.0595892663213 1.70726668993 0) (-0.0575393290998 1.71024150568 0) (-0.0554824255568 1.71322179843 0) (-0.0534185289204 1.71620758402 0) (-0.0513476122972 1.71919887836 0) (-0.0492696486706 1.72219569744 0))
    polyLine 52 56 ((0.0794353544166 0.501059450343 -0.03) (0.0797295737027 0.501963159877 -0.03) (0.0800243231131 0.502866696647 -0.03) (0.0803196025465 0.503770060342 -0.03) (0.0806154119012 0.504673250652 -0.03) (0.0809117510753 0.505576267265 -0.03) (0.0812086199669 0.506479109871 -0.03) (0.0815060184738 0.507381778159 -0.03) (0.0818039464936 0.508284271818 -0.03) (0.0821024039239 0.509186590538 -0.03) (0.0824013906618 0.510088734007 -0.03) (0.0827009066046 0.510990701917 -0.03) (0.083000951649 0.511892493956 -0.03) (0.0833015256918 0.512794109813 -0.03) (0.0836026286297 0.513695549179 -0.03) (0.0839042603589 0.514596811743 -0.03) (0.0842064207756 0.515497897196 -0.03) (0.0845091097758 0.516398805226 -0.03) (0.0848123272554 0.517299535524 -0.03) (0.08511607311 0.51820008778 -0.03) (0.085420347235 0.519100461683 -0.03) (0.0857251495258 0.520000656925 -0.03) (0.0860304798774 0.520900673195 -0.03) (0.0863363381847 0.521800510183 -0.03) (0.0866427243425 0.52270016758 -0.03) (0.0869496382454 0.523599645076 -0.03) (0.0872570797876 0.524498942362 -0.03) (0.0875650488633 0.525398059127 -0.03) (0.0878735453667 0.526296995063 -0.03) (0.0881825691914 0.527195749861 -0.03) (0.0884921202312 0.528094323209 -0.03) (0.0888021983795 0.528992714801 -0.03) (0.0891128035295 0.529890924326 -0.03) (0.0894239355745 0.530788951475 -0.03) (0.0897355944072 0.531686795939 -0.03) (0.0900477799204 0.532584457409 -0.03) (0.0903604920067 0.533481935576 -0.03) (0.0906737305585 0.534379230132 -0.03) (0.0909874954679 0.535276340767 -0.03) (0.091301786627 0.536173267172 -0.03) (0.0916166039275 0.53707000904 -0.03) (0.0919319472612 0.537966566061 -0.03))
    polyLine 54 58 ((0.0794353544166 0.501059450343 0) (0.0797295737027 0.501963159877 0) (0.0800243231131 0.502866696647 0) (0.0803196025465 0.503770060342 0) (0.0806154119012 0.504673250652 0) (0.0809117510753 0.505576267265 0) (0.0812086199669 0.506479109871 0) (0.0815060184738 0.507381778159 0) (0.0818039464936 0.508284271818 0) (0.0821024039239 0.509186590538 0) (0.0824013906618 0.510088734007 0) (0.0827009066046 0.510990701917 0) (0.083000951649 0.511892493956 0) (0.0833015256918 0.512794109813 0) (0.0836026286297 0.513695549179 0) (0.0839042603589 0.514596811743 0) (0.0842064207756 0.515497897196 0) (0.0845091097758 0.516398805226 0) (0.0848123272554 0.517299535524 0) (0.08511607311 0.51820008778 0) (0.085420347235 0.519100461683 0) (0.0857251495258 0.520000656925 0) (0.0860304798774 0.520900673195 0) (0.0863363381847 0.521800510183 0) (0.0866427243425 0.52270016758 0) (0.0869496382454 0.523599645076 0) (0.0872570797876 0.524498942362 0) (0.0875650488633 0.525398059127 0) (0.0878735453667 0.526296995063 0) (0.0881825691914 0.527195749861 0) (0.0884921202312 0.528094323209 0) (0.0888021983795 0.528992714801 0) (0.0891128035295 0.529890924326 0) (0.0894239355745 0.530788951475 0) (0.0897355944072 0.531686795939 0) (0.0900477799204 0.532584457409 0) (0.0903604920067 0.533481935576 0) (0.0906737305585 0.534379230132 0) (0.0909874954679 0.535276340767 0) (0.091301786627 0.536173267172 0) (0.0916166039275 0.53707000904 0) (0.0919319472612 0.537966566061 0))
    polyLine 53 57 ((-0.0452687817405 1.72795266886 -0.03) (-0.0433469749074 1.73071195394 -0.03) (-0.0414191692768 1.73347592498 -0.03) (-0.0394853436351 1.73624459448 -0.03) (-0.0375454766796 1.739017975 -0.03) (-0.0355995470179 1.74179607912 -0.03) (-0.0336475331675 1.74457891949 -0.03) (-0.0316894135553 1.7473665088 -0.03) (-0.0297251665174 1.75015885979 -0.03) (-0.0277547702979 1.75295598523 -0.03) (-0.0257782030494 1.75575789794 -0.03) (-0.0237954428317 1.75856461082 -0.03) (-0.0218064676117 1.76137613677 -0.03) (-0.019811255263 1.76419248877 -0.03) (-0.0178097835652 1.76701367983 -0.03) (-0.0158020302034 1.76983972302 -0.03) (-0.0137879727679 1.77267063146 -0.03) (-0.0117675887535 1.77550641829 -0.03) (-0.00974085555921 1.77834709675 -0.03) (-0.00770775048748 1.78119268008 -0.03) (-0.00566825074393 1.78404318159 -0.03) (-0.00362233343673 1.78689861465 -0.03) (-0.00156997557609 1.78975899265 -0.03))
    polyLine 55 59 ((-0.0452687817405 1.72795266886 0) (-0.0433469749074 1.73071195394 0) (-0.0414191692768 1.73347592498 0) (-0.0394853436351 1.73624459448 0) (-0.0375454766796 1.739017975 0) (-0.0355995470179 1.74179607912 0) (-0.0336475331675 1.74457891949 0) (-0.0316894135553 1.7473665088 0) (-0.0297251665174 1.75015885979 0) (-0.0277547702979 1.75295598523 0) (-0.0257782030494 1.75575789794 0) (-0.0237954428317 1.75856461082 0) (-0.0218064676117 1.76137613677 0) (-0.019811255263 1.76419248877 0) (-0.0178097835652 1.76701367983 0) (-0.0158020302034 1.76983972302 0) (-0.0137879727679 1.77267063146 0) (-0.0117675887535 1.77550641829 0) (-0.00974085555921 1.77834709675 0) (-0.00770775048748 1.78119268008 0) (-0.00566825074393 1.78404318159 0) (-0.00362233343673 1.78689861465 0) (-0.00156997557609 1.78975899265 0))
    polyLine 56 60 ((0.0922478165194 0.538862937926 -0.03) (0.0925642115936 0.539759124328 -0.03) (0.0928811323747 0.540655124957 -0.03) (0.0931985787537 0.541550939506 -0.03) (0.0935165506214 0.542446567666 -0.03) (0.0938350478683 0.543342009129 -0.03) (0.0941540703847 0.544237263587 -0.03) (0.094473618061 0.545132330731 -0.03) (0.094793690787 0.546027210253 -0.03) (0.0951142884528 0.546921901846 -0.03) (0.0954354109478 0.547816405202 -0.03) (0.0957570581616 0.548710720012 -0.03) (0.0960792299835 0.549604845969 -0.03) (0.0964019263025 0.550498782765 -0.03) (0.0967251470078 0.551392530092 -0.03) (0.0970488919879 0.552286087644 -0.03) (0.0973731611314 0.553179455111 -0.03) (0.0976979543268 0.554072632188 -0.03) (0.0980205588221 0.554958980754 -0.03) (0.0983431633174 0.55584532932 -0.03) (0.0986657678127 0.556731677886 -0.03) (0.098988372308 0.557618026453 -0.03) (0.0993109768033 0.558504375019 -0.03) (0.0996335812986 0.559390723585 -0.03) (0.0999561857939 0.560277072151 -0.03) (0.100278790289 0.561163420718 -0.03) (0.100601394784 0.562049769284 -0.03) (0.10092399928 0.56293611785 -0.03) (0.101246603775 0.563822466416 -0.03) (0.10156920827 0.564708814982 -0.03) (0.101891812766 0.565595163549 -0.03) (0.102214417261 0.566481512115 -0.03) (0.102537021756 0.567367860681 -0.03) (0.102859626252 0.568254209247 -0.03) (0.103182230747 0.569140557814 -0.03) (0.103504835242 0.57002690638 -0.03) (0.103827439737 0.570913254946 -0.03) (0.104150044233 0.571799603512 -0.03) (0.104472648728 0.572685952079 -0.03) (0.104795253223 0.573572300645 -0.03) (0.105117857719 0.574458649211 -0.03))
    polyLine 58 62 ((0.0922478165194 0.538862937926 0) (0.0925642115936 0.539759124328 0) (0.0928811323747 0.540655124957 0) (0.0931985787537 0.541550939506 0) (0.0935165506214 0.542446567666 0) (0.0938350478683 0.543342009129 0) (0.0941540703847 0.544237263587 0) (0.094473618061 0.545132330731 0) (0.094793690787 0.546027210253 0) (0.0951142884528 0.546921901846 0) (0.0954354109478 0.547816405202 0) (0.0957570581616 0.548710720012 0) (0.0960792299835 0.549604845969 0) (0.0964019263025 0.550498782765 0) (0.0967251470078 0.551392530092 0) (0.0970488919879 0.552286087644 0) (0.0973731611314 0.553179455111 0) (0.0976979543268 0.554072632188 0) (0.0980205588221 0.554958980754 0) (0.0983431633174 0.55584532932 0) (0.0986657678127 0.556731677886 0) (0.098988372308 0.557618026453 0) (0.0993109768033 0.558504375019 0) (0.0996335812986 0.559390723585 0) (0.0999561857939 0.560277072151 0) (0.100278790289 0.561163420718 0) (0.100601394784 0.562049769284 0) (0.10092399928 0.56293611785 0) (0.101246603775 0.563822466416 0) (0.10156920827 0.564708814982 0) (0.101891812766 0.565595163549 0) (0.102214417261 0.566481512115 0) (0.102537021756 0.567367860681 0) (0.102859626252 0.568254209247 0) (0.103182230747 0.569140557814 0) (0.103504835242 0.57002690638 0) (0.103827439737 0.570913254946 0) (0.104150044233 0.571799603512 0) (0.104472648728 0.572685952079 0) (0.104795253223 0.573572300645 0) (0.105117857719 0.574458649211 0))
    polyLine 57 61 ((0.00238255699417 1.79525631055 -0.03) (0.00428174112621 1.79789248363 -0.03) (0.00618641634815 1.80053285881 -0.03) (0.00809660075686 1.8031774466 -0.03) (0.0100123125206 1.80582625757 -0.03) (0.0119335698794 1.80847930232 -0.03) (0.0138603911454 1.8111365915 -0.03) (0.0157927947032 1.81379813576 -0.03) (0.0177307990101 1.81646394584 -0.03) (0.0196744225967 1.81913403246 -0.03) (0.0216236840671 1.82180840643 -0.03) (0.0235786020991 1.82448707856 -0.03) (0.025539195445 1.82717005971 -0.03) (0.0275054829317 1.82985736079 -0.03) (0.0294774834608 1.83254899272 -0.03) (0.0314552160096 1.8352449665 -0.03) (0.0334386996308 1.83794529312 -0.03) (0.0354279534534 1.84064998365 -0.03) (0.0374229966829 1.84335904918 -0.03) (0.0394238486014 1.84607250083 -0.03) (0.0414305285685 1.84879034979 -0.03) (0.0434430560213 1.85151260725 -0.03) (0.0454614504749 1.85423928447 -0.03))
    polyLine 59 63 ((0.00238255699417 1.79525631055 0) (0.00428174112621 1.79789248363 0) (0.00618641634815 1.80053285881 0) (0.00809660075686 1.8031774466 0) (0.0100123125206 1.80582625757 0) (0.0119335698794 1.80847930232 0) (0.0138603911454 1.8111365915 0) (0.0157927947032 1.81379813576 0) (0.0177307990101 1.81646394584 0) (0.0196744225967 1.81913403246 0) (0.0216236840671 1.82180840643 0) (0.0235786020991 1.82448707856 0) (0.025539195445 1.82717005971 0) (0.0275054829317 1.82985736079 0) (0.0294774834608 1.83254899272 0) (0.0314552160096 1.8352449665 0) (0.0334386996308 1.83794529312 0) (0.0354279534534 1.84064998365 0) (0.0374229966829 1.84335904918 0) (0.0394238486014 1.84607250083 0) (0.0414305285685 1.84879034979 0) (0.0434430560213 1.85151260725 0) (0.0454614504749 1.85423928447 0))
    polyLine 60 64 ((0.105440462214 0.575344997777 -0.03) (0.105763066709 0.576231346344 -0.03) (0.106085671205 0.57711769491 -0.03) (0.1064082757 0.578004043476 -0.03) (0.106730880195 0.578890392042 -0.03) (0.10705348469 0.579776740609 -0.03) (0.107376089186 0.580663089175 -0.03) (0.107698693681 0.581549437741 -0.03) (0.108021298176 0.582435786307 -0.03) (0.108343902672 0.583322134874 -0.03) (0.108666507167 0.58420848344 -0.03) (0.109007437286 0.585090693255 -0.03) (0.109382862145 0.585958785231 -0.03) (0.109792198708 0.586811411222 -0.03) (0.110234811278 0.587647247101 -0.03) (0.110710012477 0.588464994815 -0.03) (0.111217064318 0.589263384403 -0.03) (0.11175517935 0.590041175966 -0.03) (0.11232352188 0.590797161596 -0.03) (0.112921209273 0.591530167246 -0.03) (0.113547313322 0.592239054559 -0.03) (0.114200861687 0.592922722635 -0.03) (0.114880839408 0.593580109738 -0.03) (0.11558619048 0.594210194945 -0.03) (0.116315819494 0.594811999735 -0.03) (0.117068593337 0.595384589505 -0.03) (0.117843342951 0.595927075025 -0.03) (0.118638865151 0.596438613815 -0.03) (0.119453924491 0.596918411454 -0.03) (0.120287255185 0.597365722819 -0.03) (0.121137563072 0.597779853235 -0.03) (0.122003527623 0.598160159558 -0.03) (0.122883803998 0.598506051172 -0.03) (0.123777025126 0.598816990907 -0.03) (0.124681803837 0.599092495876 -0.03) (0.12559673501 0.599332138218 -0.03) (0.126520397757 0.59953554577 -0.03) (0.127451357632 0.59970240264 -0.03) (0.128388168854 0.599832449698 -0.03) (0.129329376557 0.599925484983 -0.03) (0.130273519045 0.59998136401 -0.03))
    polyLine 62 66 ((0.105440462214 0.575344997777 0) (0.105763066709 0.576231346344 0) (0.106085671205 0.57711769491 0) (0.1064082757 0.578004043476 0) (0.106730880195 0.578890392042 0) (0.10705348469 0.579776740609 0) (0.107376089186 0.580663089175 0) (0.107698693681 0.581549437741 0) (0.108021298176 0.582435786307 0) (0.108343902672 0.583322134874 0) (0.108666507167 0.58420848344 0) (0.109007437286 0.585090693255 0) (0.109382862145 0.585958785231 0) (0.109792198708 0.586811411222 0) (0.110234811278 0.587647247101 0) (0.110710012477 0.588464994815 0) (0.111217064318 0.589263384403 0) (0.11175517935 0.590041175966 0) (0.11232352188 0.590797161596 0) (0.112921209273 0.591530167246 0) (0.113547313322 0.592239054559 0) (0.114200861687 0.592922722635 0) (0.114880839408 0.593580109738 0) (0.11558619048 0.594210194945 0) (0.116315819494 0.594811999735 0) (0.117068593337 0.595384589505 0) (0.117843342951 0.595927075025 0) (0.118638865151 0.596438613815 0) (0.119453924491 0.596918411454 0) (0.120287255185 0.597365722819 0) (0.121137563072 0.597779853235 0) (0.122003527623 0.598160159558 0) (0.122883803998 0.598506051172 0) (0.123777025126 0.598816990907 0) (0.124681803837 0.599092495876 0) (0.12559673501 0.599332138218 0) (0.126520397757 0.59953554577 0) (0.127451357632 0.59970240264 0) (0.128388168854 0.599832449698 0) (0.129329376557 0.599925484983 0) (0.130273519045 0.59998136401 0))
    polyLine 61 65 ((0.050786930222 1.86141676134 -0.03) (0.05410380184 1.86587490331 -0.03) (0.0574364317268 1.87034486772 -0.03) (0.0607849057927 1.87482670395 -0.03) (0.0641493105132 1.87932046167 -0.03) (0.0675297329334 1.88382619084 -0.03) (0.0709262606727 1.88834394169 -0.03) (0.0743389819293 1.89287376478 -0.03) (0.0777679854855 1.89741571095 -0.03) (0.0812133607119 1.90196983132 -0.03) (0.0846751975727 1.90653617736 -0.03) (0.0881535866301 1.9111148008 -0.03) (0.0916486190498 1.9157057537 -0.03) (0.0951603866058 1.92030908843 -0.03) (0.0986889816851 1.92492485767 -0.03) (0.102234497293 1.92955311441 -0.03) (0.10579702706 1.93419391197 -0.03) (0.109376665242 1.93884730398 -0.03) (0.112973506732 1.94351334439 -0.03) (0.116587647061 1.9481920875 -0.03) (0.120219182404 1.95288358791 -0.03) (0.123868209588 1.95758790057 -0.03) (0.127534826095 1.96230508075 -0.03))
    polyLine 63 67 ((0.050786930222 1.86141676134 0) (0.05410380184 1.86587490331 0) (0.0574364317268 1.87034486772 0) (0.0607849057927 1.87482670395 0) (0.0641493105132 1.87932046167 0) (0.0675297329334 1.88382619084 0) (0.0709262606727 1.88834394169 0) (0.0743389819293 1.89287376478 0) (0.0777679854855 1.89741571095 0) (0.0812133607119 1.90196983132 0) (0.0846751975727 1.90653617736 0) (0.0881535866301 1.9111148008 0) (0.0916486190498 1.9157057537 0) (0.0951603866058 1.92030908843 0) (0.0986889816851 1.92492485767 0) (0.102234497293 1.92955311441 0) (0.10579702706 1.93419391197 0) (0.109376665242 1.93884730398 0) (0.112973506732 1.94351334439 0) (0.116587647061 1.9481920875 0) (0.120219182404 1.95288358791 0) (0.123868209588 1.95758790057 0) (0.127534826095 1.96230508075 0))
);

boundary
(
    body_fore
    {
        type wall;
        faces
        (
            (0 2 6 4)
            (4 6 10 8)
            (8 10 14 12)
            (12 14 18 16)
            (16 18 22 20)
            (20 22 26 24)
            (24 26 30 28)
            (28 30 34 32)
            (32 34 38 36)
            (36 38 42 40)
            (40 42 46 44)
            (44 46 50 48)
            (48 50 54 52)
            (52 54 58 56)
            (56 58 62 60)
            (60 62 66 64)
        );
    }
    freestream
    {
        type patch;
        faces
        (
            (1 5 7 3)
            (5 9 11 7)
            (9 13 15 11)
            (13 17 19 15)
            (17 21 23 19)
            (21 25 27 23)
            (25 29 31 27)
            (29 33 35 31)
            (33 37 39 35)
            (37 41 43 39)
            (41 45 47 43)
            (45 49 51 47)
            (49 53 55 51)
            (53 57 59 55)
            (57 61 63 59)
            (61 65 67 63)
        );
    }
    outlet
    {
        type patch;
        faces
        (
            (64 66 67 65)
        );
    }
    axis
    {
        type patch;
        faces
        (
            (0 1 3 2)
        );
    }
    front
    {
        type patch;
        faces
        (
            (2 6 7 3)
            (6 10 11 7)
            (10 14 15 11)
            (14 18 19 15)
            (18 22 23 19)
            (22 26 27 23)
            (26 30 31 27)
            (30 34 35 31)
            (34 38 39 35)
            (38 42 43 39)
            (42 46 47 43)
            (46 50 51 47)
            (50 54 55 51)
            (54 58 59 55)
            (58 62 63 59)
            (62 66 67 63)
        );
    }
    back
    {
        type patch;
        faces
        (
            (0 1 5 4)
            (4 5 9 8)
            (8 9 13 12)
            (12 13 17 16)
            (16 17 21 20)
            (20 21 25 24)
            (24 25 29 28)
            (28 29 33 32)
            (32 33 37 36)
            (36 37 41 40)
            (40 41 45 44)
            (44 45 49 48)
            (48 49 53 52)
            (52 53 57 56)
            (56 57 61 60)
            (60 61 65 64)
        );
    }
);
