FoamFile
{
    version     2.0;
    format      ascii;
    class       dictionary;
    object      blockMeshDict;
}
// Generated by aether.cfd - do not edit by hand. Regenerate from the run config.

scale 1;

vertices
(
    (0 0 -0.03)
    (-0.334822036253 7.57927709776e-17 -0.03)
    (0 0 0)
    (-0.334822036253 7.57927709776e-17 0)
    (0.00192543195577 0.0436005591369 -0.03)
    (-0.33146717061 0.0951200843223 -0.03)
    (0.00192543195577 0.0436005591369 0)
    (-0.33146717061 0.0951200843223 0)
    (0.00768615177739 0.0868617370889 -0.03)
    (-0.321397489828 0.190284843815 -0.03)
    (0.00768615177739 0.0868617370889 0)
    (-0.321397489828 0.190284843815 0)
    (0.0172374634967 0.12944680892 -0.03)
    (-0.304590821136 0.285571662906 -0.03)
    (0.0172374634967 0.12944680892 0)
    (-0.304590821136 0.285571662906 0)
    (0.0305053122748 0.171024205759 -0.03)
    (-0.280988605827 0.381118087255 -0.03)
    (0.0305053122748 0.171024205759 0)
    (-0.280988605827 0.381118087255 0)
    (0.0466096008029 0.211600822203 -0.03)
    (-0.250687478518 0.476518833125 -0.03)
    (0.0466096008029 0.211600822203 0)
    (-0.250687478518 0.476518833125 0)
    (0.0629192953483 0.252097080228 -0.03)
    (-0.214960243915 0.568857093166 -0.03)
    (0.0629192953483 0.252097080228 0)
    (-0.214960243915 0.568857093166 0)
    (0.0792289898936 0.292593338253 -0.03)
    (-0.175362369878 0.656244538347 -0.03)
    (0.0792289898936 0.292593338253 0)
    (-0.175362369878 0.656244538347 0)
    (0.095538684439 0.333089596278 -0.03)
    (-0.13343616118 0.737626970662 -0.03)
    (0.095538684439 0.333089596278 0)
    (-0.13343616118 0.737626970662 0)
    (0.111848378984 0.373585854303 -0.03)
    (-0.0905272038141 0.812574750915 -0.03)
    (0.111848378984 0.373585854303 0)
    (-0.0905272038141 0.812574750915 0)
    (0.12815807353 0.414082112328 -0.03)
    (-0.0476918720237 0.881108346165 -0.03)
    (0.12815807353 0.414082112328 0)
    (-0.0476918720237 0.881108346165 0)
    (0.144467768075 0.454578370354 -0.03)
    (-0.00569318972577 0.943528308782 -0.03)
    (0.144467768075 0.454578370354 0)
    (-0.00569318972577 0.943528308782 0)
    (0.16077746262 0.495074628379 -0.03)
    (0.0349581173519 1.00028361261 -0.03)
    (0.16077746262 0.495074628379 0)
    (0.0349581173519 1.00028361261 0)
    (0.177598482137 0.535345593326 -0.03)
    (0.0746776825488 1.0528238255 -0.03)
    (0.177598482137 0.535345593326 0)
    (0.0746776825488 1.0528238255 0)
    (0.204261943231 0.569610373577 -0.03)
    (0.127323568766 1.11871910274 -0.03)
    (0.204261943231 0.569610373577 0)
    (0.127323568766 1.11871910274 0)
    (0.241372549982 0.592145036508 -0.03)
    (0.197467349471 1.20099819641 -0.03)
    (0.241372549982 0.592145036508 0)
    (0.197467349471 1.20099819641 0)
    (0.284072905785 0.6 -0.03)
    (0.284072905785 1.29552476631 -0.03)
    (0.284072905785 0.6 0)
    (0.284072905785 1.29552476631 0)
);

blocks
(
    hex (0 4 5 1 2 6 7 3) (4 48 1) simpleGrading (1 4 1)
    hex (4 8 9 5 6 10 11 7) (4 48 1) simpleGrading (1 4 1)
    hex (8 12 13 9 10 14 15 11) (4 48 1) simpleGrading (1 4 1)
    hex (12 16 17 13 14 18 19 15) (4 48 1) simpleGrading (1 4 1)
    hex (16 20 21 17 18 22 23 19) (4 48 1) simpleGrading (1 4 1)
    hex (20 24 25 21 22 26 27 23) (4 48 1) simpleGrading (1 4 1)
    hex (24 28 29 25 26 30 31 27) (4 48 1) simpleGrading (1 4 1)
    hex (28 32 33 29 30 34 35 31) (4 48 1) simpleGrading (1 4 1)
    hex (32 36 37 33 34 38 39 35) (4 48 1) simpleGrading (1 4 1)
    hex (36 40 41 37 38 42 43 39) (4 48 1) simpleGrading (1 4 1)
    hex (40 44 45 41 42 46 47 43) (4 48 1) simpleGrading (1 4 1)
    hex (44 48 49 45 46 50 51 47) (4 48 1) simpleGrading (1 4 1)
    hex (48 52 53 49 50 54 55 51) (4 48 1) simpleGrading (1 4 1)
    hex (52 56 57 53 54 58 59 55) (4 48 1) simpleGrading (1 4 1)
    hex (56 60 61 57 58 62 63 59) (4 48 1) simpleGrading (1 4 1)
    hex (60 64 65 61 62 66 67 63) (4 48 1) simpleGrading (1 4 1)
);

edges
(
    polyLine 0 4 ((8.14375575495e-07 0.000897603316702 -0.03) (3.25749962055e-06 0.00179520367795 -0.03) (7.32936409097e-06 0.00269279812829 -0.03) (1.30299555796e-05 0.0035903837123 -0.03) (2.03592553168e-05 0.00448795747457 -0.03) (2.93172391698e-05 0.00538551645976 -0.03) (3.99038776436e-05 0.00628305771254 -0.03) (5.21191358805e-05 0.00718057827767 -0.03) (6.59629736605e-05 0.00807807519996 -0.03) (8.14353454011e-05 0.0089755455243 -0.03) (9.8536200158e-05 0.00987298629568 -0.03) (0.000117265481625 0.0107703945592 -0.03) (0.000137623128133 0.01166776736 -0.03) (0.000159609072653 0.0125651017433 -0.03) (0.000183223242793 0.0134623947548 -0.03) (0.000208465560803 0.0143596434398 -0.03) (0.000235335943567 0.0152568448441 -0.03) (0.000263834302613 0.0161539960135 -0.03) (0.000293960544107 0.0170510939942 -0.03) (0.000325714568854 0.0179481358323 -0.03) (0.000359096272302 0.0188451185742 -0.03) (0.000394105544537 0.0197420392665 -0.03) (0.000430742270287 0.0206388949559 -0.03) (0.000469006328922 0.0215356826895 -0.03) (0.000508897594454 0.0224323995146 -0.03) (0.000550415935535 0.0233290424785 -0.03) (0.000593561215463 0.0242256086289 -0.03) (0.000638333292176 0.025122095014 -0.03) (0.000684732018259 0.0260184986817 -0.03) (0.000732757240937 0.0269148166807 -0.03) (0.000782408802083 0.0278110460598 -0.03) (0.000833686538213 0.0287071838679 -0.03) (0.00088659028049 0.0296032271545 -0.03) (0.000941119854723 0.0304991729692 -0.03) (0.000997275081366 0.031395018362 -0.03) (0.00105505577552 0.0322907603833 -0.03) (0.00111446174694 0.0331863960838 -0.03) (0.00117549280003 0.0340819225144 -0.03) (0.00123814873383 0.0349773367265 -0.03) (0.00130242934204 0.035872635772 -0.03) (0.001368334413 0.0367678167028 -0.03) (0.00143586372973 0.0376628765716 -0.03) (0.00150501706987 0.0385578124313 -0.03) (0.00157579420573 0.0394526213352 -0.03) (0.00164819490427 0.0403473003369 -0.03) (0.00172221892709 0.0412418464908 -0.03) (0.00179786603047 0.0421362568514 -0.03) (0.00187513596533 0.0430305284737 -0.03))
    polyLine 2 6 ((8.14375575495e-07 0.000897603316702 0) (3.25749962055e-06 0.00179520367795 0) (7.32936409097e-06 0.00269279812829 0) (1.30299555796e-05 0.0035903837123 0) (2.03592553168e-05 0.00448795747457 0) (2.93172391698e-05 0.00538551645976 0) (3.99038776436e-05 0.00628305771254 0) (5.21191358805e-05 0.00718057827767 0) (6.59629736605e-05 0.00807807519996 0) (8.14353454011e-05 0.0089755455243 0) (9.8536200158e-05 0.00987298629568 0) (0.000117265481625 0.0107703945592 0) (0.000137623128133 0.01166776736 0) (0.000159609072653 0.0125651017433 0) (0.000183223242793 0.0134623947548 0) (0.000208465560803 0.0143596434398 0) (0.000235335943567 0.0152568448441 0) (0.000263834302613 0.0161539960135 0) (0.000293960544107 0.0170510939942 0) (0.000325714568854 0.0179481358323 0) (0.000359096272302 0.0188451185742 0) (0.000394105544537 0.0197420392665 0) (0.000430742270287 0.0206388949559 0) (0.000469006328922 0.0215356826895 0) (0.000508897594454 0.0224323995146 0) (0.000550415935535 0.0233290424785 0) (0.000593561215463 0.0242256086289 0) (0.000638333292176 0.025122095014 0) (0.000684732018259 0.0260184986817 0) (0.000732757240937 0.0269148166807 0) (0.000782408802083 0.0278110460598 0) (0.000833686538213 0.0287071838679 0) (0.00088659028049 0.0296032271545 0) (0.000941119854723 0.0304991729692 0) (0.000997275081366 0.031395018362 0) (0.00105505577552 0.0322907603833 0) (0.00111446174694 0.0331863960838 0) (0.00117549280003 0.0340819225144 0) (0.00123814873383 0.0349773367265 0) (0.00130242934204 0.035872635772 0) (0.001368334413 0.0367678167028 0) (0.00143586372973 0.0376628765716 0) (0.00150501706987 0.0385578124313 0) (0.00157579420573 0.0394526213352 0) (0.00164819490427 0.0403473003369 0) (0.00172221892709 0.0412418464908 0) (0.00179786603047 0.0421362568514 0) (0.00187513596533 0.0430305284737 0))
    polyLine 1 5 ((-0.334816240001 0.00395368184408 -0.03) (-0.33479885066 0.00790746422155 -0.03) (-0.334769866472 0.0118614476733 -0.03) (-0.334729284506 0.0158157327552 -0.03) (-0.334677100661 0.0197704200455 -0.03) (-0.334613309659 0.0237256101525 -0.03) (-0.33453790505 0.0276814037218 -0.03) (-0.334450879209 0.0316379014441 -0.03) (-0.334352223331 0.0355952040623 -0.03) (-0.334241927437 0.0395534123796 -0.03) (-0.334119980364 0.0435126272664 -0.03) (-0.33398636977 0.0474729496682 -0.03) (-0.333841082128 0.0514344806132 -0.03) (-0.333684102722 0.0553973212194 -0.03) (-0.333515415651 0.0593615727029 -0.03) (-0.333335003821 0.0633273363849 -0.03) (-0.33314284894 0.0672947136994 -0.03) (-0.332938931523 0.0712638062012 -0.03) (-0.33272323088 0.075234715573 -0.03) (-0.332495725117 0.0792075436335 -0.03) (-0.332256391133 0.083182392345 -0.03) (-0.332005204612 0.0871593638209 -0.03) (-0.331742140022 0.0911385603336 -0.03))
    polyLine 3 7 ((-0.334816240001 0.00395368184408 0) (-0.33479885066 0.00790746422155 0) (-0.334769866472 0.0118614476733 0) (-0.334729284506 0.0158157327552 0) (-0.334677100661 0.0197704200455 0) (-0.334613309659 0.0237256101525 0) (-0.33453790505 0.0276814037218 0) (-0.334450879209 0.0316379014441 0) (-0.334352223331 0.0355952040623 0) (-0.334241927437 0.0395534123796 0) (-0.334119980364 0.0435126272664 0) (-0.33398636977 0.0474729496682 0) (-0.333841082128 0.0514344806132 0) (-0.333684102722 0.0553973212194 0) (-0.333515415651 0.0593615727029 0) (-0.333335003821 0.0633273363849 0) (-0.33314284894 0.0672947136994 0) (-0.332938931523 0.0712638062012 0) (-0.33272323088 0.075234715573 0) (-0.332495725117 0.0792075436335 0) (-0.332256391133 0.083182392345 0) (-0.332005204612 0.0871593638209 0) (-0.331742140022 0.0911385603336 0))
    polyLine 4 8 ((0.00195402847725 0.0439246584133 -0.03) (0.00203454330647 0.0448186437262 -0.03) (0.00211668018789 0.0457124814688 -0.03) (0.00220043885105 0.046606168698 -0.03) (0.00228581902018 0.0474997024714 -0.03) (0.00237282041415 0.0483930798467 -0.03) (0.00246144274651 0.0492862978826 -0.03) (0.00255168572544 0.0501793536379 -0.03) (0.00264354905382 0.0510722441722 -0.03) (0.00273703242917 0.0519649665456 -0.03) (0.0028321355437 0.0528575178186 -0.03) (0.00292885808427 0.0537498950525 -0.03) (0.00302719973239 0.0546420953089 -0.03) (0.00312716016429 0.0555341156503 -0.03) (0.00322873905081 0.0564259531395 -0.03) (0.00333193605752 0.0573176048401 -0.03) (0.0034367508446 0.0582090678162 -0.03) (0.00354318306697 0.0591003391326 -0.03) (0.00365123237416 0.0599914158546 -0.03) (0.00376089841042 0.0608822950484 -0.03) (0.00387218081467 0.0617729737805 -0.03) (0.00398507922048 0.0626634491184 -0.03) (0.00409959325614 0.06355371813 -0.03) (0.00421572254459 0.064443777884 -0.03) (0.00433346670346 0.0653336254498 -0.03) (0.00445282534507 0.0662232578975 -0.03) (0.00457379807642 0.0671126722979 -0.03) (0.00469638449919 0.0680018657225 -0.03) (0.00482058420975 0.0688908352435 -0.03) (0.00494639679916 0.0697795779339 -0.03) (0.00507382185316 0.0706680908674 -0.03) (0.00520285895221 0.0715563711184 -0.03) (0.00533350767142 0.0724444157623 -0.03) (0.00546576758063 0.073332221875 -0.03) (0.00559963824435 0.0742197865334 -0.03) (0.00573511922179 0.075107106815 -0.03) (0.00587221006689 0.0759941797982 -0.03) (0.00601091032823 0.0768810025623 -0.03) (0.00615121954915 0.0777675721872 -0.03) (0.00629313726766 0.0786538857539 -0.03) (0.00643666301648 0.0795399403441 -0.03) (0.00658179632303 0.0804257330403 -0.03) (0.00672853670944 0.081311260926 -0.03) (0.00687688369257 0.0821965210855 -0.03) (0.00702683678395 0.0830815106039 -0.03) (0.00717839548985 0.0839662265674 -0.03) (0.00733155931125 0.0848506660629 -0.03) (0.00748632774385 0.0857348261783 -0.03) (0.00764270027804 0.0866187040024 -0.03))
    polyLine 6 10 ((0.00195402847725 0.0439246584133 0) (0.00203454330647 0.0448186437262 0) (0.00211668018789 0.0457124814688 0) (0.00220043885105 0.046606168698 0) (0.00228581902018 0.0474997024714 0) (0.00237282041415 0.0483930798467 0) (0.00246144274651 0.0492862978826 0) (0.00255168572544 0.0501793536379 0) (0.00264354905382 0.0510722441722 0) (0.00273703242917 0.0519649665456 0) (0.0028321355437 0.0528575178186 0) (0.00292885808427 0.0537498950525 0) (0.00302719973239 0.0546420953089 0) (0.00312716016429 0.0555341156503 0) (0.00322873905081 0.0564259531395 0) (0.00333193605752 0.0573176048401 0) (0.0034367508446 0.0582090678162 0) (0.00354318306697 0.0591003391326 0) (0.00365123237416 0.0599914158546 0) (0.00376089841042 0.0608822950484 0) (0.00387218081467 0.0617729737805 0) (0.00398507922048 0.0626634491184 0) (0.00409959325614 0.06355371813 0) (0.00421572254459 0.064443777884 0) (0.00433346670346 0.0653336254498 0) (0.00445282534507 0.0662232578975 0) (0.00457379807642 0.0671126722979 0) (0.00469638449919 0.0680018657225 0) (0.00482058420975 0.0688908352435 0) (0.00494639679916 0.0697795779339 0) (0.00507382185316 0.0706680908674 0) (0.00520285895221 0.0715563711184 0) (0.00533350767142 0.0724444157623 0) (0.00546576758063 0.073332221875 0) (0.00559963824435 0.0742197865334 0) (0.00573511922179 0.075107106815 0) (0.00587221006689 0.0759941797982 0) (0.00601091032823 0.0768810025623 0) (0.00615121954915 0.0777675721872 0) (0.00629313726766 0.0786538857539 0) (0.00643666301648 0.0795399403441 0) (0.00658179632303 0.0804257330403 0) (0.00672853670944 0.081311260926 0) (0.00687688369257 0.0821965210855 0) (0.00702683678395 0.0830815106039 0) (0.00717839548985 0.0839662265674 0) (0.00733155931125 0.0848506660629 0) (0.00748632774385 0.0857348261783 0) (0.00764270027804 0.0866187040024 0))
    polyLine 5 9 ((-0.331184344972 0.0990485527546 -0.03) (-0.330889888501 0.10297948264 -0.03) (-0.33058377203 0.106912972718 -0.03) (-0.330265965217 0.110849121917 -0.03) (-0.329936436541 0.114788029358 -0.03) (-0.329595153298 0.118729794365 -0.03) (-0.329242081592 0.122674516471 -0.03) (-0.328877186333 0.126622295426 -0.03) (-0.32850043123 0.130573231203 -0.03) (-0.328111778784 0.134527424008 -0.03) (-0.327711190279 0.138484974287 -0.03) (-0.327298625782 0.142445982732 -0.03) (-0.32687404413 0.146410550288 -0.03) (-0.326437402926 0.150378778166 -0.03) (-0.325988658529 0.154350767845 -0.03) (-0.325527766051 0.15832662108 -0.03) (-0.325054679345 0.162306439916 -0.03) (-0.324569351 0.166290326689 -0.03) (-0.324071732328 0.170278384035 -0.03) (-0.323561773361 0.174270714903 -0.03) (-0.323039422842 0.178267422557 -0.03) (-0.322504628212 0.182268610587 -0.03) (-0.321957335602 0.186274382918 -0.03))
    polyLine 7 11 ((-0.331184344972 0.0990485527546 0) (-0.330889888501 0.10297948264 0) (-0.33058377203 0.106912972718 0) (-0.330265965217 0.110849121917 0) (-0.329936436541 0.114788029358 0) (-0.329595153298 0.118729794365 0) (-0.329242081592 0.122674516471 0) (-0.328877186333 0.126622295426 0) (-0.32850043123 0.130573231203 0) (-0.328111778784 0.134527424008 0) (-0.327711190279 0.138484974287 0) (-0.327298625782 0.142445982732 0) (-0.32687404413 0.146410550288 0) (-0.326437402926 0.150378778166 0) (-0.325988658529 0.154350767845 0) (-0.325527766051 0.15832662108 0) (-0.325054679345 0.162306439916 0) (-0.324569351 0.166290326689 0) (-0.324071732328 0.170278384035 0) (-0.323561773361 0.174270714903 0) (-0.323039422842 0.178267422557 0) (-0.322504628212 0.182268610587 0) (-0.321957335602 0.186274382918 0))
    polyLine 8 12 ((0.00780067639895 0.0875022966249 -0.03) (0.00796025558644 0.0883856011365 -0.03) (0.00812143731506 0.0892686146289 -0.03) (0.00828422105411 0.0901513341946 -0.03) (0.00844860626761 0.0910337569272 -0.03) (0.0086145924143 0.0919158799211 -0.03) (0.00878217894765 0.092797700272 -0.03) (0.00895136531587 0.0936792150763 -0.03) (0.00912215096189 0.0945604214315 -0.03) (0.00929453532338 0.0954413164362 -0.03) (0.00946851783275 0.0963218971899 -0.03) (0.00964409791714 0.0972021607932 -0.03) (0.00982127499843 0.0980821043478 -0.03) (0.0100000484932 0.0989617249563 -0.03) (0.010180417813 0.0998410197225 -0.03) (0.0103623823637 0.100719985751 -0.03) (0.0105459415463 0.101598620148 -0.03) (0.0107310947564 0.102476920021 -0.03) (0.0109178413843 0.103354882477 -0.03) (0.0111061808152 0.104232504626 -0.03) (0.0112961124289 0.105109783578 -0.03) (0.0114876356001 0.105986716444 -0.03) (0.0116807496982 0.106863300338 -0.03) (0.0118754540872 0.107739532372 -0.03) (0.0120717481262 0.108615409663 -0.03) (0.0122696311688 0.109490929325 -0.03) (0.0124691025634 0.110366088476 -0.03) (0.0126701616533 0.111240884235 -0.03) (0.0128728077764 0.112115313721 -0.03) (0.0130770402656 0.112989374055 -0.03) (0.0132828584483 0.113863062359 -0.03) (0.013490261647 0.114736375757 -0.03) (0.0136992491786 0.115609311373 -0.03) (0.013909820355 0.116481866332 -0.03) (0.0141219744831 0.117354037762 -0.03) (0.0143357108641 0.118225822791 -0.03) (0.0145510287944 0.119097218549 -0.03) (0.014767927565 0.119968222165 -0.03) (0.0149864064617 0.120838830774 -0.03) (0.0152064647652 0.121709041507 -0.03) (0.0154281017509 0.1225788515 -0.03) (0.015651316689 0.123448257889 -0.03) (0.0158761088446 0.124317257811 -0.03) (0.0161024774775 0.125185848404 -0.03) (0.0163304218424 0.12605402681 -0.03) (0.0165599411888 0.126921790169 -0.03) (0.0167910347609 0.127789135624 -0.03) (0.0170237017978 0.128656060319 -0.03))
    polyLine 10 14 ((0.00780067639895 0.0875022966249 0) (0.00796025558644 0.0883856011365 0) (0.00812143731506 0.0892686146289 0) (0.00828422105411 0.0901513341946 0) (0.00844860626761 0.0910337569272 0) (0.0086145924143 0.0919158799211 0) (0.00878217894765 0.092797700272 0) (0.00895136531587 0.0936792150763 0) (0.00912215096189 0.0945604214315 0) (0.00929453532338 0.0954413164362 0) (0.00946851783275 0.0963218971899 0) (0.00964409791714 0.0972021607932 0) (0.00982127499843 0.0980821043478 0) (0.0100000484932 0.0989617249563 0) (0.010180417813 0.0998410197225 0) (0.0103623823637 0.100719985751 0) (0.0105459415463 0.101598620148 0) (0.0107310947564 0.102476920021 0) (0.0109178413843 0.103354882477 0) (0.0111061808152 0.104232504626 0) (0.0112961124289 0.105109783578 0) (0.0114876356001 0.105986716444 0) (0.0116807496982 0.106863300338 0) (0.0118754540872 0.107739532372 0) (0.0120717481262 0.108615409663 0) (0.0122696311688 0.109490929325 0) (0.0124691025634 0.110366088476 0) (0.0126701616533 0.111240884235 0) (0.0128728077764 0.112115313721 0) (0.0130770402656 0.112989374055 0) (0.0132828584483 0.113863062359 0) (0.013490261647 0.114736375757 0) (0.0136992491786 0.115609311373 0) (0.013909820355 0.116481866332 0) (0.0141219744831 0.117354037762 0) (0.0143357108641 0.118225822791 0) (0.0145510287944 0.119097218549 0) (0.014767927565 0.119968222165 0) (0.0149864064617 0.120838830774 0) (0.0152064647652 0.121709041507 0) (0.0154281017509 0.1225788515 0) (0.015651316689 0.123448257889 0) (0.0158761088446 0.124317257811 0) (0.0161024774775 0.125185848404 0) (0.0163304218424 0.12605402681 0) (0.0165599411888 0.126921790169 0) (0.0167910347609 0.127789135624 0) (0.0170237017978 0.128656060319 0))
    polyLine 9 13 ((-0.320840397232 0.194193425015 -0.03) (-0.320271302332 0.198106645072 -0.03) (-0.319690150567 0.202024601146 -0.03) (-0.31909688616 0.205947390729 -0.03) (-0.318491452105 0.209875111659 -0.03) (-0.317873790156 0.213807862126 -0.03) (-0.317243840821 0.217745740678 -0.03) (-0.316601543349 0.221688846229 -0.03) (-0.315946835722 0.225637278069 -0.03) (-0.315279654641 0.229591135869 -0.03) (-0.31459993552 0.233550519687 -0.03) (-0.313907612473 0.237515529984 -0.03) (-0.313202618299 0.24148626762 -0.03) (-0.31248488448 0.245462833873 -0.03) (-0.311754341158 0.249445330441 -0.03) (-0.311010917132 0.25343385945 -0.03) (-0.310254539841 0.257428523465 -0.03) (-0.309485135354 0.261429425496 -0.03) (-0.308702628355 0.265436669009 -0.03) (-0.307906942132 0.26945035793 -0.03) (-0.307097998564 0.273470596658 -0.03) (-0.306275718105 0.27749749007 -0.03) (-0.305440019774 0.281531143532 -0.03))
    polyLine 11 15 ((-0.320840397232 0.194193425015 0) (-0.320271302332 0.198106645072 0) (-0.319690150567 0.202024601146 0) (-0.31909688616 0.205947390729 0) (-0.318491452105 0.209875111659 0) (-0.317873790156 0.213807862126 0) (-0.317243840821 0.217745740678 0) (-0.316601543349 0.221688846229 0) (-0.315946835722 0.225637278069 0) (-0.315279654641 0.229591135869 0) (-0.31459993552 0.233550519687 0) (-0.313907612473 0.237515529984 0) (-0.313202618299 0.24148626762 0) (-0.31248488448 0.245462833873 0) (-0.311754341158 0.249445330441 0) (-0.311010917132 0.25343385945 0) (-0.310254539841 0.257428523465 0) (-0.309485135354 0.261429425496 0) (-0.308702628355 0.265436669009 0) (-0.307906942132 0.26945035793 0) (-0.307097998564 0.273470596658 0) (-0.306275718105 0.27749749007 0) (-0.305440019774 0.281531143532 0))
    polyLine 12 16 ((0.0172579415335 0.1295225614 -0.03) (0.0174937531966 0.130388636014 -0.03) (0.0177311360108 0.131254281309 -0.03) (0.0179700891945 0.132119494435 -0.03) (0.0182106119608 0.132984272543 -0.03) (0.0184527035179 0.133848612786 -0.03) (0.0186963630685 0.134712512318 -0.03) (0.0189415898105 0.135575968294 -0.03) (0.0191883829364 0.136438977871 -0.03) (0.0194367416336 0.137301538208 -0.03) (0.0196866650843 0.138163646465 -0.03) (0.0199381524657 0.139025299802 -0.03) (0.0201912029497 0.139886495384 -0.03) (0.0204458157031 0.140747230374 -0.03) (0.0207019898875 0.141607501938 -0.03) (0.0209597246596 0.142467307245 -0.03) (0.0212190191706 0.143326643462 -0.03) (0.0214798725668 0.14418550776 -0.03) (0.0217422839893 0.145043897312 -0.03) (0.0220062525742 0.145901809291 -0.03) (0.0222717774521 0.146759240872 -0.03) (0.022538857749 0.147616189233 -0.03) (0.0228074925854 0.14847265155 -0.03) (0.0230776810768 0.149328625006 -0.03) (0.0233494223335 0.150184106781 -0.03) (0.0236227154608 0.151039094058 -0.03) (0.0238975595589 0.151893584022 -0.03) (0.0241739537229 0.15274757386 -0.03) (0.0244518970426 0.15360106076 -0.03) (0.0247313886029 0.154454041912 -0.03) (0.0250124274836 0.155306514506 -0.03) (0.0252950127592 0.156158475738 -0.03) (0.0255791434994 0.1570099228 -0.03) (0.0258648187686 0.15786085289 -0.03) (0.0261520376263 0.158711263206 -0.03) (0.0264407991266 0.159561150947 -0.03) (0.0267311023189 0.160410513316 -0.03) (0.0270229462472 0.161259347516 -0.03) (0.0273163299507 0.162107650752 -0.03) (0.0276112524633 0.16295542023 -0.03) (0.027907712814 0.163802653161 -0.03) (0.0282057100267 0.164649346752 -0.03) (0.0285052431201 0.165495498218 -0.03) (0.0288063111081 0.166341104772 -0.03) (0.0291089129992 0.16718616363 -0.03) (0.0294130477973 0.168030672009 -0.03) (0.0297187145008 0.168874627128 -0.03) (0.0300259121033 0.16971802621 -0.03) (0.0303346395934 0.170560866476 -0.03))
    polyLine 14 18 ((0.0172579415335 0.1295225614 0) (0.0174937531966 0.130388636014 0) (0.0177311360108 0.131254281309 0) (0.0179700891945 0.132119494435 0) (0.0182106119608 0.132984272543 0) (0.0184527035179 0.133848612786 0) (0.0186963630685 0.134712512318 0) (0.0189415898105 0.135575968294 0) (0.0191883829364 0.136438977871 0) (0.0194367416336 0.137301538208 0) (0.0196866650843 0.138163646465 0) (0.0199381524657 0.139025299802 0) (0.0201912029497 0.139886495384 0) (0.0204458157031 0.140747230374 0) (0.0207019898875 0.141607501938 0) (0.0209597246596 0.142467307245 0) (0.0212190191706 0.143326643462 0) (0.0214798725668 0.14418550776 0) (0.0217422839893 0.145043897312 0) (0.0220062525742 0.145901809291 0) (0.0222717774521 0.146759240872 0) (0.022538857749 0.147616189233 0) (0.0228074925854 0.14847265155 0) (0.0230776810768 0.149328625006 0) (0.0233494223335 0.150184106781 0) (0.0236227154608 0.151039094058 0) (0.0238975595589 0.151893584022 0) (0.0241739537229 0.15274757386 0) (0.0244518970426 0.15360106076 0) (0.0247313886029 0.154454041912 0) (0.0250124274836 0.155306514506 0) (0.0252950127592 0.156158475738 0) (0.0255791434994 0.1570099228 0) (0.0258648187686 0.15786085289 0) (0.0261520376263 0.158711263206 0) (0.0264407991266 0.159561150947 0) (0.0267311023189 0.160410513316 0) (0.0270229462472 0.161259347516 0) (0.0273163299507 0.162107650752 0) (0.0276112524633 0.16295542023 0) (0.027907712814 0.163802653161 0) (0.0282057100267 0.164649346752 0) (0.0285052431201 0.165495498218 0) (0.0288063111081 0.166341104772 0) (0.0291089129992 0.16718616363 0) (0.0294130477973 0.168030672009 0) (0.0297187145008 0.168874627128 0) (0.0300259121033 0.16971802621 0) (0.0303346395934 0.170560866476 0))
    polyLine 13 17 ((-0.303760258976 0.289469016876 -0.03) (-0.302917024692 0.2933729313 -0.03) (-0.302061040788 0.297283502054 -0.03) (-0.301192228475 0.301200825469 -0.03) (-0.30031050765 0.305124998343 -0.03) (-0.299415796886 0.309056117947 -0.03) (-0.298508013422 0.31299428203 -0.03) (-0.297587073145 0.31693958883 -0.03) (-0.296652890576 0.320892137083 -0.03) (-0.295705378859 0.324852026026 -0.03) (-0.294744449747 0.328819355409 -0.03) (-0.293770013582 0.332794225504 -0.03) (-0.292781979286 0.336776737109 -0.03) (-0.291780254341 0.34076699156 -0.03) (-0.29076474478 0.344765090737 -0.03) (-0.289735355162 0.348771137075 -0.03) (-0.288691988564 0.352785233571 -0.03) (-0.287634546562 0.35680748379 -0.03) (-0.286562929213 0.360837991882 -0.03) (-0.285477035038 0.36487686258 -0.03) (-0.284376761007 0.368924201218 -0.03) (-0.283262002522 0.372980113735 -0.03) (-0.282132653393 0.377044706687 -0.03))
    polyLine 15 19 ((-0.303760258976 0.289469016876 0) (-0.302917024692 0.2933729313 0) (-0.302061040788 0.297283502054 0) (-0.301192228475 0.301200825469 0) (-0.30031050765 0.305124998343 0) (-0.299415796886 0.309056117947 0) (-0.298508013422 0.31299428203 0) (-0.297587073145 0.31693958883 0) (-0.296652890576 0.320892137083 0) (-0.295705378859 0.324852026026 0) (-0.294744449747 0.328819355409 0) (-0.293770013582 0.332794225504 0) (-0.292781979286 0.336776737109 0) (-0.291780254341 0.34076699156 0) (-0.29076474478 0.344765090737 0) (-0.289735355162 0.348771137075 0) (-0.288691988564 0.352785233571 0) (-0.287634546562 0.35680748379 0) (-0.286562929213 0.360837991882 0) (-0.285477035038 0.36487686258 0) (-0.284376761007 0.368924201218 0) (-0.283262002522 0.372980113735 0) (-0.282132653393 0.377044706687 0))
    polyLine 16 20 ((0.0306448959545 0.171403145152 -0.03) (0.0309566801651 0.172244859464 -0.03) (0.0312699911986 0.173086006641 -0.03) (0.0315848280234 0.173926583913 -0.03) (0.0319011896028 0.174766588514 -0.03) (0.0322190748952 0.175606017676 -0.03) (0.032538482854 0.176444868636 -0.03) (0.0328594124273 0.177283138632 -0.03) (0.0331818625587 0.178120824904 -0.03) (0.0335058321862 0.178957924694 -0.03) (0.0338313202433 0.179794435245 -0.03) (0.0341583256582 0.180630353803 -0.03) (0.0344868473542 0.181465677616 -0.03) (0.0348168842497 0.182300403933 -0.03) (0.0351484352579 0.183134530007 -0.03) (0.0354814992872 0.18396805309 -0.03) (0.035816075241 0.184800970438 -0.03) (0.0361517255568 0.185634375487 -0.03) (0.0364873758726 0.186467780537 -0.03) (0.0368230261884 0.187301185587 -0.03) (0.0371586765042 0.188134590637 -0.03) (0.03749432682 0.188967995687 -0.03) (0.0378299771358 0.189801400736 -0.03) (0.0381656274516 0.190634805786 -0.03) (0.0385012777674 0.191468210836 -0.03) (0.0388369280832 0.192301615886 -0.03) (0.039172578399 0.193135020936 -0.03) (0.0395082287148 0.193968425985 -0.03) (0.0398438790306 0.194801831035 -0.03) (0.0401795293464 0.195635236085 -0.03) (0.0405151796622 0.196468641135 -0.03) (0.040850829978 0.197302046185 -0.03) (0.0411864802938 0.198135451234 -0.03) (0.0415221306096 0.198968856284 -0.03) (0.0418577809254 0.199802261334 -0.03) (0.0421934312412 0.200635666384 -0.03) (0.042529081557 0.201469071434 -0.03) (0.0428647318728 0.202302476483 -0.03) (0.0432003821886 0.203135881533 -0.03) (0.0435360325044 0.203969286583 -0.03) (0.0438716828202 0.204802691633 -0.03) (0.044207333136 0.205636096683 -0.03) (0.0445429834518 0.206469501732 -0.03) (0.0448786337676 0.207302906782 -0.03) (0.0452142840834 0.208136311832 -0.03) (0.0455499343992 0.208969716882 -0.03) (0.045885584715 0.209803121932 -0.03) (0.0462212350308 0.210636526981 -0.03) (0.0465568853466 0.211469932031 -0.03))
    polyLine 18 22 ((0.0306448959545 0.171403145152 0) (0.0309566801651 0.172244859464 0) (0.0312699911986 0.173086006641 0) (0.0315848280234 0.173926583913 0) (0.0319011896028 0.174766588514 0) (0.0322190748952 0.175606017676 0) (0.032538482854 0.176444868636 0) (0.0328594124273 0.177283138632 0) (0.0331818625587 0.178120824904 0) (0.0335058321862 0.178957924694 0) (0.0338313202433 0.179794435245 0) (0.0341583256582 0.180630353803 0) (0.0344868473542 0.181465677616 0) (0.0348168842497 0.182300403933 0) (0.0351484352579 0.183134530007 0) (0.0354814992872 0.18396805309 0) (0.035816075241 0.184800970438 0) (0.0361517255568 0.185634375487 0) (0.0364873758726 0.186467780537 0) (0.0368230261884 0.187301185587 0) (0.0371586765042 0.188134590637 0) (0.03749432682 0.188967995687 0) (0.0378299771358 0.189801400736 0) (0.0381656274516 0.190634805786 0) (0.0385012777674 0.191468210836 0) (0.0388369280832 0.192301615886 0) (0.039172578399 0.193135020936 0) (0.0395082287148 0.193968425985 0) (0.0398438790306 0.194801831035 0) (0.0401795293464 0.195635236085 0) (0.0405151796622 0.196468641135 0) (0.040850829978 0.197302046185 0) (0.0411864802938 0.198135451234 0) (0.0415221306096 0.198968856284 0) (0.0418577809254 0.199802261334 0) (0.0421934312412 0.200635666384 0) (0.042529081557 0.201469071434 0) (0.0428647318728 0.202302476483 0) (0.0432003821886 0.203135881533 0) (0.0435360325044 0.203969286583 0) (0.0438716828202 0.204802691633 0) (0.044207333136 0.205636096683 0) (0.0445429834518 0.206469501732 0) (0.0448786337676 0.207302906782 0) (0.0452142840834 0.208136311832 0) (0.0455499343992 0.208969716882 0) (0.045885584715 0.209803121932 0) (0.0462212350308 0.210636526981 0) (0.0465568853466 0.211469932031 0))
    polyLine 17 21 ((-0.279889249857 0.384991817882 -0.03) (-0.278776463966 0.388873651864 -0.03) (-0.277650151928 0.392763682403 -0.03) (-0.276510216159 0.396662003239 -0.03) (-0.275356557695 0.400568708656 -0.03) (-0.274189076178 0.404483893492 -0.03) (-0.273007669841 0.408407653143 -0.03) (-0.27181223549 0.412340083575 -0.03) (-0.270602668491 0.416281281329 -0.03) (-0.269378862749 0.42023134353 -0.03) (-0.268140710696 0.424190367896 -0.03) (-0.266888103267 0.428158452744 -0.03) (-0.26562092989 0.432135697002 -0.03) (-0.264339078461 0.436122200212 -0.03) (-0.263042435332 0.440118062546 -0.03) (-0.261730885289 0.444123384806 -0.03) (-0.260404311533 0.44813826844 -0.03) (-0.259062595661 0.452162815547 -0.03) (-0.25770561765 0.456197128887 -0.03) (-0.256333255832 0.460241311891 -0.03) (-0.254945386878 0.464295468668 -0.03) (-0.253541885773 0.468359704018 -0.03) (-0.252122625801 0.472434123435 -0.03))
    polyLine 19 23 ((-0.279889249857 0.384991817882 0) (-0.278776463966 0.388873651864 0) (-0.277650151928 0.392763682403 0) (-0.276510216159 0.396662003239 0) (-0.275356557695 0.400568708656 0) (-0.274189076178 0.404483893492 0) (-0.273007669841 0.408407653143 0) (-0.27181223549 0.412340083575 0) (-0.270602668491 0.416281281329 0) (-0.269378862749 0.42023134353 0) (-0.268140710696 0.424190367896 0) (-0.266888103267 0.428158452744 0) (-0.26562092989 0.432135697002 0) (-0.264339078461 0.436122200212 0) (-0.263042435332 0.440118062546 0) (-0.261730885289 0.444123384806 0) (-0.260404311533 0.44813826844 0) (-0.259062595661 0.452162815547 0) (-0.25770561765 0.456197128887 0) (-0.256333255832 0.460241311891 0) (-0.254945386878 0.464295468668 0) (-0.253541885773 0.468359704018 0) (-0.252122625801 0.472434123435 0))
    polyLine 20 24 ((0.0468925356624 0.212303337081 -0.03) (0.0472281859782 0.213136742131 -0.03) (0.047563836294 0.213970147181 -0.03) (0.0478994866098 0.21480355223 -0.03) (0.0482351369256 0.21563695728 -0.03) (0.0485707872414 0.21647036233 -0.03) (0.0489064375572 0.21730376738 -0.03) (0.049242087873 0.21813717243 -0.03) (0.0495777381888 0.218970577479 -0.03) (0.0499133885046 0.219803982529 -0.03) (0.0502490388204 0.220637387579 -0.03) (0.0505846891362 0.221470792629 -0.03) (0.050920339452 0.222304197679 -0.03) (0.0512559897678 0.223137602729 -0.03) (0.0515916400836 0.223971007778 -0.03) (0.0519272903994 0.224804412828 -0.03) (0.0522629407152 0.225637817878 -0.03) (0.052598591031 0.226471222928 -0.03) (0.0529342413468 0.227304627978 -0.03) (0.0532698916626 0.228138033027 -0.03) (0.0536055419784 0.228971438077 -0.03) (0.0539411922942 0.229804843127 -0.03) (0.05427684261 0.230638248177 -0.03) (0.0546124929258 0.231471653227 -0.03) (0.0549481432416 0.232305058276 -0.03) (0.0552837935574 0.233138463326 -0.03) (0.0556194438732 0.233971868376 -0.03) (0.055955094189 0.234805273426 -0.03) (0.0562907445048 0.235638678476 -0.03) (0.0566263948206 0.236472083525 -0.03) (0.0569620451364 0.237305488575 -0.03) (0.0572976954522 0.238138893625 -0.03) (0.057633345768 0.238972298675 -0.03) (0.0579689960838 0.239805703725 -0.03) (0.0583046463996 0.240639108774 -0.03) (0.0586402967154 0.241472513824 -0.03) (0.0589759470312 0.242305918874 -0.03) (0.059311597347 0.243139323924 -0.03) (0.0596472476628 0.243972728974 -0.03) (0.0599828979786 0.244806134023 -0.03) (0.0603185482944 0.245639539073 -0.03) (0.0606541986102 0.246472944123 -0.03) (0.060989848926 0.247306349173 -0.03) (0.0613254992418 0.248139754223 -0.03) (0.0616611495576 0.248973159272 -0.03) (0.0619967998734 0.249806564322 -0.03) (0.0623324501892 0.250639969372 -0.03) (0.062668100505 0.251473374422 -0.03))
    polyLine 22 26 ((0.0468925356624 0.212303337081 0) (0.0472281859782 0.213136742131 0) (0.047563836294 0.213970147181 0) (0.0478994866098 0.21480355223 0) (0.0482351369256 0.21563695728 0) (0.0485707872414 0.21647036233 0) (0.0489064375572 0.21730376738 0) (0.049242087873 0.21813717243 0) (0.0495777381888 0.218970577479 0) (0.0499133885046 0.219803982529 0) (0.0502490388204 0.220637387579 0) (0.0505846891362 0.221470792629 0) (0.050920339452 0.222304197679 0) (0.0512559897678 0.223137602729 0) (0.0515916400836 0.223971007778 0) (0.0519272903994 0.224804412828 0) (0.0522629407152 0.225637817878 0) (0.052598591031 0.226471222928 0) (0.0529342413468 0.227304627978 0) (0.0532698916626 0.228138033027 0) (0.0536055419784 0.228971438077 0) (0.0539411922942 0.229804843127 0) (0.05427684261 0.230638248177 0) (0.0546124929258 0.231471653227 0) (0.0549481432416 0.232305058276 0) (0.0552837935574 0.233138463326 0) (0.0556194438732 0.233971868376 0) (0.055955094189 0.234805273426 0) (0.0562907445048 0.235638678476 0) (0.0566263948206 0.236472083525 0) (0.0569620451364 0.237305488575 0) (0.0572976954522 0.238138893625 0) (0.057633345768 0.238972298675 0) (0.0579689960838 0.239805703725 0) (0.0583046463996 0.240639108774 0) (0.0586402967154 0.241472513824 0) (0.0589759470312 0.242305918874 0) (0.059311597347 0.243139323924 0) (0.0596472476628 0.243972728974 0) (0.0599828979786 0.244806134023 0) (0.0603185482944 0.245639539073 0) (0.0606541986102 0.246472944123 0) (0.060989848926 0.247306349173 0) (0.0613254992418 0.248139754223 0) (0.0616611495576 0.248973159272 0) (0.0619967998734 0.249806564322 0) (0.0623324501892 0.250639969372 0) (0.062668100505 0.251473374422 0))
    polyLine 21 25 ((-0.249362798761 0.480258391136 -0.03) (-0.24802465873 0.484006703179 -0.03) (-0.246672956722 0.487763851743 -0.03) (-0.245307589773 0.491529919836 -0.03) (-0.243928453645 0.495304990989 -0.03) (-0.242535442812 0.499089149267 -0.03) (-0.241128450444 0.502882479273 -0.03) (-0.239707368392 0.506685066154 -0.03) (-0.238272087171 0.510496995609 -0.03) (-0.236822495948 0.514318353897 -0.03) (-0.23535848252 0.518149227842 -0.03) (-0.233879933304 0.521989704839 -0.03) (-0.232386733316 0.525839872867 -0.03) (-0.230878766155 0.529699820488 -0.03) (-0.229355913987 0.53356963686 -0.03) (-0.227818057526 0.537449411745 -0.03) (-0.226265076018 0.541339235511 -0.03) (-0.224696847223 0.545239199145 -0.03) (-0.223113247394 0.54914939426 -0.03) (-0.221514151262 0.553069913098 -0.03) (-0.219899432015 0.557000848545 -0.03) (-0.218268961278 0.560942294135 -0.03) (-0.216622609097 0.564894344057 -0.03))
    polyLine 23 27 ((-0.249362798761 0.480258391136 0) (-0.24802465873 0.484006703179 0) (-0.246672956722 0.487763851743 0) (-0.245307589773 0.491529919836 0) (-0.243928453645 0.495304990989 0) (-0.242535442812 0.499089149267 0) (-0.241128450444 0.502882479273 0) (-0.239707368392 0.506685066154 0) (-0.238272087171 0.510496995609 0) (-0.236822495948 0.514318353897 0) (-0.23535848252 0.518149227842 0) (-0.233879933304 0.521989704839 0) (-0.232386733316 0.525839872867 0) (-0.230878766155 0.529699820488 0) (-0.229355913987 0.53356963686 0) (-0.227818057526 0.537449411745 0) (-0.226265076018 0.541339235511 0) (-0.224696847223 0.545239199145 0) (-0.223113247394 0.54914939426 0) (-0.221514151262 0.553069913098 0) (-0.219899432015 0.557000848545 0) (-0.218268961278 0.560942294135 0) (-0.216622609097 0.564894344057 0))
    polyLine 24 28 ((0.0630037508208 0.252306779472 -0.03) (0.0633394011366 0.253140184521 -0.03) (0.0636750514524 0.253973589571 -0.03) (0.0640107017682 0.254806994621 -0.03) (0.064346352084 0.255640399671 -0.03) (0.0646820023998 0.256473804721 -0.03) (0.0650176527156 0.25730720977 -0.03) (0.0653533030314 0.25814061482 -0.03) (0.0656889533472 0.25897401987 -0.03) (0.066024603663 0.25980742492 -0.03) (0.0663602539788 0.26064082997 -0.03) (0.0666959042946 0.261474235019 -0.03) (0.0670315546104 0.262307640069 -0.03) (0.0673672049262 0.263141045119 -0.03) (0.067702855242 0.263974450169 -0.03) (0.0680385055578 0.264807855219 -0.03) (0.0683741558736 0.265641260269 -0.03) (0.0687098061894 0.266474665318 -0.03) (0.0690454565052 0.267308070368 -0.03) (0.069381106821 0.268141475418 -0.03) (0.0697167571368 0.268974880468 -0.03) (0.0700524074526 0.269808285518 -0.03) (0.0703880577684 0.270641690567 -0.03) (0.0707237080842 0.271475095617 -0.03) (0.0710593584 0.272308500667 -0.03) (0.0713950087158 0.273141905717 -0.03) (0.0717306590316 0.273975310767 -0.03) (0.0720663093474 0.274808715816 -0.03) (0.0724019596632 0.275642120866 -0.03) (0.072737609979 0.276475525916 -0.03) (0.0730732602948 0.277308930966 -0.03) (0.0734089106106 0.278142336016 -0.03) (0.0737445609264 0.278975741065 -0.03) (0.0740802112422 0.279809146115 -0.03) (0.074415861558 0.280642551165 -0.03) (0.0747515118738 0.281475956215 -0.03) (0.0750871621896 0.282309361265 -0.03) (0.0754228125054 0.283142766314 -0.03) (0.0757584628212 0.283976171364 -0.03) (0.076094113137 0.284809576414 -0.03) (0.0764297634528 0.285642981464 -0.03) (0.0767654137686 0.286476386514 -0.03) (0.0771010640844 0.287309791563 -0.03) (0.0774367144002 0.288143196613 -0.03) (0.077772364716 0.288976601663 -0.03) (0.0781080150318 0.289810006713 -0.03) (0.0784436653476 0.290643411763 -0.03) (0.0787793156634 0.291476816812 -0.03) (0.0791149659792 0.292310221862 -0.03))
    polyLine 26 30 ((0.0630037508208 0.252306779472 0) (0.0633394011366 0.253140184521 0) (0.0636750514524 0.253973589571 0) (0.0640107017682 0.254806994621 0) (0.064346352084 0.255640399671 0) (0.0646820023998 0.256473804721 0) (0.0650176527156 0.25730720977 0) (0.0653533030314 0.25814061482 0) (0.0656889533472 0.25897401987 0) (0.066024603663 0.25980742492 0) (0.0663602539788 0.26064082997 0) (0.0666959042946 0.261474235019 0) (0.0670315546104 0.262307640069 0) (0.0673672049262 0.263141045119 0) (0.067702855242 0.263974450169 0) (0.0680385055578 0.264807855219 0) (0.0683741558736 0.265641260269 0) (0.0687098061894 0.266474665318 0) (0.0690454565052 0.267308070368 0) (0.069381106821 0.268141475418 0) (0.0697167571368 0.268974880468 0) (0.0700524074526 0.269808285518 0) (0.0703880577684 0.270641690567 0) (0.0707237080842 0.271475095617 0) (0.0710593584 0.272308500667 0) (0.0713950087158 0.273141905717 0) (0.0717306590316 0.273975310767 0) (0.0720663093474 0.274808715816 0) (0.0724019596632 0.275642120866 0) (0.072737609979 0.276475525916 0) (0.0730732602948 0.277308930966 0) (0.0734089106106 0.278142336016 0) (0.0737445609264 0.278975741065 0) (0.0740802112422 0.279809146115 0) (0.074415861558 0.280642551165 0) (0.0747515118738 0.281475956215 0) (0.0750871621896 0.282309361265 0) (0.0754228125054 0.283142766314 0) (0.0757584628212 0.283976171364 0) (0.076094113137 0.284809576414 0) (0.0764297634528 0.285642981464 0) (0.0767654137686 0.286476386514 0) (0.0771010640844 0.287309791563 0) (0.0774367144002 0.288143196613 0) (0.077772364716 0.288976601663 0) (0.0781080150318 0.289810006713 0) (0.0784436653476 0.290643411763 0) (0.0787793156634 0.291476816812 0) (0.0791149659792 0.292310221862 0))
    polyLine 25 29 ((-0.213467101927 0.572393160713 -0.03) (-0.211961074538 0.575937847251 -0.03) (-0.210442065714 0.579491221021 -0.03) (-0.20890997837 0.5830533507 -0.03) (-0.207364714355 0.586624305406 -0.03) (-0.205806174441 0.590204154707 -0.03) (-0.204234258308 0.593792968622 -0.03) (-0.202648864538 0.597390817626 -0.03) (-0.201049890592 0.600997772661 -0.03) (-0.199437232809 0.604613905132 -0.03) (-0.197810786384 0.60823928692 -0.03) (-0.196170445359 0.611873990382 -0.03) (-0.194516102607 0.615518088363 -0.03) (-0.192847649822 0.619171654193 -0.03) (-0.191164977502 0.622834761698 -0.03) (-0.189467974937 0.626507485207 -0.03) (-0.187756530192 0.630189899552 -0.03) (-0.186030530095 0.633882080078 -0.03) (-0.184289860225 0.637584102648 -0.03) (-0.182534404889 0.641296043648 -0.03) (-0.180764047115 0.645017979995 -0.03) (-0.178978668632 0.64874998914 -0.03) (-0.177178149857 0.652492149077 -0.03))
    polyLine 27 31 ((-0.213467101927 0.572393160713 0) (-0.211961074538 0.575937847251 0) (-0.210442065714 0.579491221021 0) (-0.20890997837 0.5830533507 0) (-0.207364714355 0.586624305406 0) (-0.205806174441 0.590204154707 0) (-0.204234258308 0.593792968622 0) (-0.202648864538 0.597390817626 0) (-0.201049890592 0.600997772661 0) (-0.199437232809 0.604613905132 0) (-0.197810786384 0.60823928692 0) (-0.196170445359 0.611873990382 0) (-0.194516102607 0.615518088363 0) (-0.192847649822 0.619171654193 0) (-0.191164977502 0.622834761698 0) (-0.189467974937 0.626507485207 0) (-0.187756530192 0.630189899552 0) (-0.186030530095 0.633882080078 0) (-0.184289860225 0.637584102648 0) (-0.182534404889 0.641296043648 0) (-0.180764047115 0.645017979995 0) (-0.178978668632 0.64874998914 0) (-0.177178149857 0.652492149077 0))
    polyLine 28 32 ((0.079450616295 0.293143626912 -0.03) (0.0797862666108 0.293977031962 -0.03) (0.0801219169266 0.294810437012 -0.03) (0.0804575672424 0.295643842061 -0.03) (0.0807932175582 0.296477247111 -0.03) (0.081128867874 0.297310652161 -0.03) (0.0814645181898 0.298144057211 -0.03) (0.0818001685056 0.298977462261 -0.03) (0.0821358188214 0.29981086731 -0.03) (0.0824714691372 0.30064427236 -0.03) (0.082807119453 0.30147767741 -0.03) (0.0831427697688 0.30231108246 -0.03) (0.0834784200846 0.30314448751 -0.03) (0.0838140704004 0.303977892559 -0.03) (0.0841497207162 0.304811297609 -0.03) (0.084485371032 0.305644702659 -0.03) (0.0848210213478 0.306478107709 -0.03) (0.0851566716636 0.307311512759 -0.03) (0.0854923219794 0.308144917808 -0.03) (0.0858279722952 0.308978322858 -0.03) (0.086163622611 0.309811727908 -0.03) (0.0864992729268 0.310645132958 -0.03) (0.0868349232426 0.311478538008 -0.03) (0.0871705735584 0.312311943058 -0.03) (0.0875062238742 0.313145348107 -0.03) (0.08784187419 0.313978753157 -0.03) (0.0881775245058 0.314812158207 -0.03) (0.0885131748216 0.315645563257 -0.03) (0.0888488251375 0.316478968307 -0.03) (0.0891844754533 0.317312373356 -0.03) (0.0895201257691 0.318145778406 -0.03) (0.0898557760849 0.318979183456 -0.03) (0.0901914264007 0.319812588506 -0.03) (0.0905270767165 0.320645993556 -0.03) (0.0908627270323 0.321479398605 -0.03) (0.0911983773481 0.322312803655 -0.03) (0.0915340276639 0.323146208705 -0.03) (0.0918696779797 0.323979613755 -0.03) (0.0922053282955 0.324813018805 -0.03) (0.0925409786113 0.325646423854 -0.03) (0.0928766289271 0.326479828904 -0.03) (0.0932122792429 0.327313233954 -0.03) (0.0935479295587 0.328146639004 -0.03) (0.0938835798745 0.328980044054 -0.03) (0.0942192301903 0.329813449103 -0.03) (0.0945548805061 0.330646854153 -0.03) (0.0948905308219 0.331480259203 -0.03) (0.0952261811377 0.332313664253 -0.03))
    polyLine 30 34 ((0.079450616295 0.293143626912 0) (0.0797862666108 0.293977031962 0) (0.0801219169266 0.294810437012 0) (0.0804575672424 0.295643842061 0) (0.0807932175582 0.296477247111 0) (0.081128867874 0.297310652161 0) (0.0814645181898 0.298144057211 0) (0.0818001685056 0.298977462261 0) (0.0821358188214 0.29981086731 0) (0.0824714691372 0.30064427236 0) (0.082807119453 0.30147767741 0) (0.0831427697688 0.30231108246 0) (0.0834784200846 0.30314448751 0) (0.0838140704004 0.303977892559 0) (0.0841497207162 0.304811297609 0) (0.084485371032 0.305644702659 0) (0.0848210213478 0.306478107709 0) (0.0851566716636 0.307311512759 0) (0.0854923219794 0.308144917808 0) (0.0858279722952 0.308978322858 0) (0.086163622611 0.309811727908 0) (0.0864992729268 0.310645132958 0) (0.0868349232426 0.311478538008 0) (0.0871705735584 0.312311943058 0) (0.0875062238742 0.313145348107 0) (0.08784187419 0.313978753157 0) (0.0881775245058 0.314812158207 0) (0.0885131748216 0.315645563257 0) (0.0888488251375 0.316478968307 0) (0.0891844754533 0.317312373356 0) (0.0895201257691 0.318145778406 0) (0.0898557760849 0.318979183456 0) (0.0901914264007 0.319812588506 0) (0.0905270767165 0.320645993556 0) (0.0908627270323 0.321479398605 0) (0.0911983773481 0.322312803655 0) (0.0915340276639 0.323146208705 0) (0.0918696779797 0.323979613755 0) (0.0922053282955 0.324813018805 0) (0.0925409786113 0.325646423854 0) (0.0928766289271 0.326479828904 0) (0.0932122792429 0.327313233954 0) (0.0935479295587 0.328146639004 0) (0.0938835798745 0.328980044054 0) (0.0942192301903 0.329813449103 0) (0.0945548805061 0.330646854153 0) (0.0948905308219 0.331480259203 0) (0.0952261811377 0.332313664253 0))
    polyLine 29 33 ((-0.173759528462 0.659539241741 -0.03) (-0.172144805323 0.66284190494 -0.03) (-0.170518116677 0.666152581757 -0.03) (-0.168879377918 0.669471326342 -0.03) (-0.167228503617 0.672798193187 -0.03) (-0.165565407508 0.676133237126 -0.03) (-0.163890002482 0.679476513339 -0.03) (-0.162202200575 0.682828077357 -0.03) (-0.160501912962 0.686187985065 -0.03) (-0.158789049945 0.689556292705 -0.03) (-0.157063520945 0.69293305688 -0.03) (-0.155325234492 0.696318334558 -0.03) (-0.153574098216 0.699712183076 -0.03) (-0.151810018836 0.703114660141 -0.03) (-0.15003290215 0.706525823839 -0.03) (-0.148242653027 0.709945732633 -0.03) (-0.146439175395 0.713374445372 -0.03) (-0.144622372228 0.716812021291 -0.03) (-0.142792145543 0.720258520019 -0.03) (-0.140948396382 0.723714001577 -0.03) (-0.139091024803 0.72717852639 -0.03) (-0.137219929872 0.730652155283 -0.03) (-0.13533500965 0.734134949491 -0.03))
    polyLine 31 35 ((-0.173759528462 0.659539241741 0) (-0.172144805323 0.66284190494 0) (-0.170518116677 0.666152581757 0) (-0.168879377918 0.669471326342 0) (-0.167228503617 0.672798193187 0) (-0.165565407508 0.676133237126 0) (-0.163890002482 0.679476513339 0) (-0.162202200575 0.682828077357 0) (-0.160501912962 0.686187985065 0) (-0.158789049945 0.689556292705 0) (-0.157063520945 0.69293305688 0) (-0.155325234492 0.696318334558 0) (-0.153574098216 0.699712183076 0) (-0.151810018836 0.703114660141 0) (-0.15003290215 0.706525823839 0) (-0.148242653027 0.709945732633 0) (-0.146439175395 0.713374445372 0) (-0.144622372228 0.716812021291 0) (-0.142792145543 0.720258520019 0) (-0.140948396382 0.723714001577 0) (-0.139091024803 0.72717852639 0) (-0.137219929872 0.730652155283 0) (-0.13533500965 0.734134949491 0))
    polyLine 32 36 ((0.0955618314535 0.333147069303 -0.03) (0.0958974817693 0.333980474352 -0.03) (0.0962331320851 0.334813879402 -0.03) (0.0965687824009 0.335647284452 -0.03) (0.0969044327167 0.336480689502 -0.03) (0.0972400830325 0.337314094552 -0.03) (0.0975757333483 0.338147499601 -0.03) (0.0979113836641 0.338980904651 -0.03) (0.0982470339799 0.339814309701 -0.03) (0.0985826842957 0.340647714751 -0.03) (0.0989183346115 0.341481119801 -0.03) (0.0992539849273 0.34231452485 -0.03) (0.0995896352431 0.3431479299 -0.03) (0.0999252855589 0.34398133495 -0.03) (0.100260935875 0.34481474 -0.03) (0.10059658619 0.34564814505 -0.03) (0.100932236506 0.346481550099 -0.03) (0.101267886822 0.347314955149 -0.03) (0.101603537138 0.348148360199 -0.03) (0.101939187454 0.348981765249 -0.03) (0.102274837769 0.349815170299 -0.03) (0.102610488085 0.350648575348 -0.03) (0.102946138401 0.351481980398 -0.03) (0.103281788717 0.352315385448 -0.03) (0.103617439033 0.353148790498 -0.03) (0.103953089348 0.353982195548 -0.03) (0.104288739664 0.354815600597 -0.03) (0.10462438998 0.355649005647 -0.03) (0.104960040296 0.356482410697 -0.03) (0.105295690612 0.357315815747 -0.03) (0.105631340927 0.358149220797 -0.03) (0.105966991243 0.358982625847 -0.03) (0.106302641559 0.359816030896 -0.03) (0.106638291875 0.360649435946 -0.03) (0.106973942191 0.361482840996 -0.03) (0.107309592506 0.362316246046 -0.03) (0.107645242822 0.363149651096 -0.03) (0.107980893138 0.363983056145 -0.03) (0.108316543454 0.364816461195 -0.03) (0.10865219377 0.365649866245 -0.03) (0.108987844085 0.366483271295 -0.03) (0.109323494401 0.367316676345 -0.03) (0.109659144717 0.368150081394 -0.03) (0.109994795033 0.368983486444 -0.03) (0.110330445349 0.369816891494 -0.03) (0.110666095664 0.370650296544 -0.03) (0.11100174598 0.371483701594 -0.03) (0.111337396296 0.372317106643 -0.03) (0.111673046612 0.373150511693 -0.03))
    polyLine 34 38 ((0.0955618314535 0.333147069303 0) (0.0958974817693 0.333980474352 0) (0.0962331320851 0.334813879402 0) (0.0965687824009 0.335647284452 0) (0.0969044327167 0.336480689502 0) (0.0972400830325 0.337314094552 0) (0.0975757333483 0.338147499601 0) (0.0979113836641 0.338980904651 0) (0.0982470339799 0.339814309701 0) (0.0985826842957 0.340647714751 0) (0.0989183346115 0.341481119801 0) (0.0992539849273 0.34231452485 0) (0.0995896352431 0.3431479299 0) (0.0999252855589 0.34398133495 0) (0.100260935875 0.34481474 0) (0.10059658619 0.34564814505 0) (0.100932236506 0.346481550099 0) (0.101267886822 0.347314955149 0) (0.101603537138 0.348148360199 0) (0.101939187454 0.348981765249 0) (0.102274837769 0.349815170299 0) (0.102610488085 0.350648575348 0) (0.102946138401 0.351481980398 0) (0.103281788717 0.352315385448 0) (0.103617439033 0.353148790498 0) (0.103953089348 0.353982195548 0) (0.104288739664 0.354815600597 0) (0.10462438998 0.355649005647 0) (0.104960040296 0.356482410697 0) (0.105295690612 0.357315815747 0) (0.105631340927 0.358149220797 0) (0.105966991243 0.358982625847 0) (0.106302641559 0.359816030896 0) (0.106638291875 0.360649435946 0) (0.106973942191 0.361482840996 0) (0.107309592506 0.362316246046 0) (0.107645242822 0.363149651096 0) (0.107980893138 0.363983056145 0) (0.108316543454 0.364816461195 0) (0.10865219377 0.365649866245 0) (0.108987844085 0.366483271295 0) (0.109323494401 0.367316676345 0) (0.109659144717 0.368150081394 0) (0.109994795033 0.368983486444 0) (0.110330445349 0.369816891494 0) (0.110666095664 0.370650296544 0) (0.11100174598 0.371483701594 0) (0.111337396296 0.372317106643 0) (0.111673046612 0.373150511693 0))
    polyLine 33 37 ((-0.131776748144 0.740665281549 -0.03) (-0.130106696317 0.743710630495 -0.03) (-0.128425936484 0.746763058573 -0.03) (-0.126734398832 0.749822607102 -0.03) (-0.12503201294 0.752889317643 -0.03) (-0.123318707773 0.755963232007 -0.03) (-0.121594411676 0.759044392255 -0.03) (-0.119859052371 0.762132840698 -0.03) (-0.118112556946 0.765228619903 -0.03) (-0.116354851852 0.768331772694 -0.03) (-0.114585862896 0.771442342152 -0.03) (-0.112805515234 0.774560371623 -0.03) (-0.111013733365 0.777685904713 -0.03) (-0.109210441124 0.780818985297 -0.03) (-0.107395561676 0.783959657517 -0.03) (-0.105569017509 0.787107965787 -0.03) (-0.103730730425 0.790263954795 -0.03) (-0.101880621538 0.793427669505 -0.03) (-0.100018611263 0.796599155159 -0.03) (-0.0981446193078 0.79977845728 -0.03) (-0.0962585646715 0.802965621678 -0.03) (-0.094360365632 0.806160694445 -0.03) (-0.0924499397404 0.809363721966 -0.03))
    polyLine 35 39 ((-0.131776748144 0.740665281549 0) (-0.130106696317 0.743710630495 0) (-0.128425936484 0.746763058573 0) (-0.126734398832 0.749822607102 0) (-0.12503201294 0.752889317643 0) (-0.123318707773 0.755963232007 0) (-0.121594411676 0.759044392255 0) (-0.119859052371 0.762132840698 0) (-0.118112556946 0.765228619903 0) (-0.116354851852 0.768331772694 0) (-0.114585862896 0.771442342152 0) (-0.112805515234 0.774560371623 0) (-0.111013733365 0.777685904713 0) (-0.109210441124 0.780818985297 0) (-0.107395561676 0.783959657517 0) (-0.105569017509 0.787107965787 0) (-0.103730730425 0.790263954795 0) (-0.101880621538 0.793427669505 0) (-0.100018611263 0.796599155159 0) (-0.0981446193078 0.79977845728 0) (-0.0962585646715 0.802965621678 0) (-0.094360365632 0.806160694445 0) (-0.0924499397404 0.809363721966 0))
    polyLine 36 40 ((0.112008696928 0.373983916743 -0.03) (0.112344347243 0.374817321793 -0.03) (0.112679997559 0.375650726843 -0.03) (0.113015647875 0.376484131892 -0.03) (0.113351298191 0.377317536942 -0.03) (0.113686948507 0.378150941992 -0.03) (0.114022598822 0.378984347042 -0.03) (0.114358249138 0.379817752092 -0.03) (0.114693899454 0.380651157141 -0.03) (0.11502954977 0.381484562191 -0.03) (0.115365200086 0.382317967241 -0.03) (0.115700850401 0.383151372291 -0.03) (0.116036500717 0.383984777341 -0.03) (0.116372151033 0.38481818239 -0.03) (0.116707801349 0.38565158744 -0.03) (0.117043451665 0.38648499249 -0.03) (0.11737910198 0.38731839754 -0.03) (0.117714752296 0.38815180259 -0.03) (0.118050402612 0.388985207639 -0.03) (0.118386052928 0.389818612689 -0.03) (0.118721703244 0.390652017739 -0.03) (0.119057353559 0.391485422789 -0.03) (0.119393003875 0.392318827839 -0.03) (0.119728654191 0.393152232888 -0.03) (0.120064304507 0.393985637938 -0.03) (0.120399954823 0.394819042988 -0.03) (0.120735605138 0.395652448038 -0.03) (0.121071255454 0.396485853088 -0.03) (0.12140690577 0.397319258137 -0.03) (0.121742556086 0.398152663187 -0.03) (0.122078206402 0.398986068237 -0.03) (0.122413856717 0.399819473287 -0.03) (0.122749507033 0.400652878337 -0.03) (0.123085157349 0.401486283386 -0.03) (0.123420807665 0.402319688436 -0.03) (0.123756457981 0.403153093486 -0.03) (0.124092108296 0.403986498536 -0.03) (0.124427758612 0.404819903586 -0.03) (0.124763408928 0.405653308636 -0.03) (0.125099059244 0.406486713685 -0.03) (0.12543470956 0.407320118735 -0.03) (0.125770359876 0.408153523785 -0.03) (0.126106010191 0.408986928835 -0.03) (0.126441660507 0.409820333885 -0.03) (0.126777310823 0.410653738934 -0.03) (0.127112961139 0.411487143984 -0.03) (0.127448611455 0.412320549034 -0.03) (0.12778426177 0.413153954084 -0.03) (0.128119912086 0.413987359134 -0.03))
    polyLine 38 42 ((0.112008696928 0.373983916743 0) (0.112344347243 0.374817321793 0) (0.112679997559 0.375650726843 0) (0.113015647875 0.376484131892 0) (0.113351298191 0.377317536942 0) (0.113686948507 0.378150941992 0) (0.114022598822 0.378984347042 0) (0.114358249138 0.379817752092 0) (0.114693899454 0.380651157141 0) (0.11502954977 0.381484562191 0) (0.115365200086 0.382317967241 0) (0.115700850401 0.383151372291 0) (0.116036500717 0.383984777341 0) (0.116372151033 0.38481818239 0) (0.116707801349 0.38565158744 0) (0.117043451665 0.38648499249 0) (0.11737910198 0.38731839754 0) (0.117714752296 0.38815180259 0) (0.118050402612 0.388985207639 0) (0.118386052928 0.389818612689 0) (0.118721703244 0.390652017739 0) (0.119057353559 0.391485422789 0) (0.119393003875 0.392318827839 0) (0.119728654191 0.393152232888 0) (0.120064304507 0.393985637938 0) (0.120399954823 0.394819042988 0) (0.120735605138 0.395652448038 0) (0.121071255454 0.396485853088 0) (0.12140690577 0.397319258137 0) (0.121742556086 0.398152663187 0) (0.122078206402 0.398986068237 0) (0.122413856717 0.399819473287 0) (0.122749507033 0.400652878337 0) (0.123085157349 0.401486283386 0) (0.123420807665 0.402319688436 0) (0.123756457981 0.403153093486 0) (0.124092108296 0.403986498536 0) (0.124427758612 0.404819903586 0) (0.124763408928 0.405653308636 0) (0.125099059244 0.406486713685 0) (0.12543470956 0.407320118735 0) (0.125770359876 0.408153523785 0) (0.126106010191 0.408986928835 0) (0.126441660507 0.409820333885 0) (0.126777310823 0.410653738934 0) (0.127112961139 0.411487143984 0) (0.127448611455 0.412320549034 0) (0.12778426177 0.413153954084 0) (0.128119912086 0.413987359134 0))
    polyLine 37 41 ((-0.0888544656589 0.815358079397 -0.03) (-0.087172403987 0.818147457411 -0.03) (-0.085480963648 0.820942915682 -0.03) (-0.0837800890646 0.823744485101 -0.03) (-0.0820697242294 0.826552196732 -0.03) (-0.0803498127004 0.829366081809 -0.03) (-0.0786202975978 0.832186171741 -0.03) (-0.0768811215993 0.835012498111 -0.03) (-0.0751322269369 0.837845092676 -0.03) (-0.0733735553924 0.840683987374 -0.03) (-0.0716050482932 0.843529214318 -0.03) (-0.0698266465088 0.846380805805 -0.03) (-0.0680382904461 0.84923879431 -0.03) (-0.0662399200453 0.852103212496 -0.03) (-0.0644314747759 0.854974093206 -0.03) (-0.062612893632 0.857851469474 -0.03) (-0.0607841151284 0.860735374517 -0.03) (-0.058945077296 0.863625841745 -0.03) (-0.0570957176773 0.866522904758 -0.03) (-0.0552359733219 0.869426597349 -0.03) (-0.0533657807822 0.872336953503 -0.03) (-0.0514850761086 0.875254007405 -0.03) (-0.0495937948449 0.878177793432 -0.03))
    polyLine 39 43 ((-0.0888544656589 0.815358079397 0) (-0.087172403987 0.818147457411 0) (-0.085480963648 0.820942915682 0) (-0.0837800890646 0.823744485101 0) (-0.0820697242294 0.826552196732 0) (-0.0803498127004 0.829366081809 0) (-0.0786202975978 0.832186171741 0) (-0.0768811215993 0.835012498111 0) (-0.0751322269369 0.837845092676 0) (-0.0733735553924 0.840683987374 0) (-0.0716050482932 0.843529214318 0) (-0.0698266465088 0.846380805805 0) (-0.0680382904461 0.84923879431 0) (-0.0662399200453 0.852103212496 0) (-0.0644314747759 0.854974093206 0) (-0.062612893632 0.857851469474 0) (-0.0607841151284 0.860735374517 0) (-0.058945077296 0.863625841745 0) (-0.0570957176773 0.866522904758 0) (-0.0552359733219 0.869426597349 0) (-0.0533657807822 0.872336953503 0) (-0.0514850761086 0.875254007405 0) (-0.0495937948449 0.878177793432 0))
    polyLine 40 44 ((0.128455562402 0.414820764183 -0.03) (0.128791212718 0.415654169233 -0.03) (0.129126863034 0.416487574283 -0.03) (0.129462513349 0.417320979333 -0.03) (0.129798163665 0.418154384383 -0.03) (0.130133813981 0.418987789432 -0.03) (0.130469464297 0.419821194482 -0.03) (0.130805114613 0.420654599532 -0.03) (0.131140764928 0.421488004582 -0.03) (0.131476415244 0.422321409632 -0.03) (0.13181206556 0.423154814681 -0.03) (0.132147715876 0.423988219731 -0.03) (0.132483366192 0.424821624781 -0.03) (0.132819016507 0.425655029831 -0.03) (0.133154666823 0.426488434881 -0.03) (0.133490317139 0.42732183993 -0.03) (0.133825967455 0.42815524498 -0.03) (0.134161617771 0.42898865003 -0.03) (0.134497268086 0.42982205508 -0.03) (0.134832918402 0.43065546013 -0.03) (0.135168568718 0.431488865179 -0.03) (0.135504219034 0.432322270229 -0.03) (0.13583986935 0.433155675279 -0.03) (0.136175519665 0.433989080329 -0.03) (0.136511169981 0.434822485379 -0.03) (0.136846820297 0.435655890428 -0.03) (0.137182470613 0.436489295478 -0.03) (0.137518120929 0.437322700528 -0.03) (0.137853771244 0.438156105578 -0.03) (0.13818942156 0.438989510628 -0.03) (0.138525071876 0.439822915677 -0.03) (0.138860722192 0.440656320727 -0.03) (0.139196372508 0.441489725777 -0.03) (0.139532022823 0.442323130827 -0.03) (0.139867673139 0.443156535877 -0.03) (0.140203323455 0.443989940926 -0.03) (0.140538973771 0.444823345976 -0.03) (0.140874624087 0.445656751026 -0.03) (0.141210274402 0.446490156076 -0.03) (0.141545924718 0.447323561126 -0.03) (0.141881575034 0.448156966176 -0.03) (0.14221722535 0.448990371225 -0.03) (0.142552875666 0.449823776275 -0.03) (0.142888525981 0.450657181325 -0.03) (0.143224176297 0.451490586375 -0.03) (0.143559826613 0.452323991425 -0.03) (0.143895476929 0.453157396474 -0.03) (0.144231127245 0.453990801524 -0.03))
    polyLine 42 46 ((0.128455562402 0.414820764183 0) (0.128791212718 0.415654169233 0) (0.129126863034 0.416487574283 0) (0.129462513349 0.417320979333 0) (0.129798163665 0.418154384383 0) (0.130133813981 0.418987789432 0) (0.130469464297 0.419821194482 0) (0.130805114613 0.420654599532 0) (0.131140764928 0.421488004582 0) (0.131476415244 0.422321409632 0) (0.13181206556 0.423154814681 0) (0.132147715876 0.423988219731 0) (0.132483366192 0.424821624781 0) (0.132819016507 0.425655029831 0) (0.133154666823 0.426488434881 0) (0.133490317139 0.42732183993 0) (0.133825967455 0.42815524498 0) (0.134161617771 0.42898865003 0) (0.134497268086 0.42982205508 0) (0.134832918402 0.43065546013 0) (0.135168568718 0.431488865179 0) (0.135504219034 0.432322270229 0) (0.13583986935 0.433155675279 0) (0.136175519665 0.433989080329 0) (0.136511169981 0.434822485379 0) (0.136846820297 0.435655890428 0) (0.137182470613 0.436489295478 0) (0.137518120929 0.437322700528 0) (0.137853771244 0.438156105578 0) (0.13818942156 0.438989510628 0) (0.138525071876 0.439822915677 0) (0.138860722192 0.440656320727 0) (0.139196372508 0.441489725777 0) (0.139532022823 0.442323130827 0) (0.139867673139 0.443156535877 0) (0.140203323455 0.443989940926 0) (0.140538973771 0.444823345976 0) (0.140874624087 0.445656751026 0) (0.141210274402 0.446490156076 0) (0.141545924718 0.447323561126 0) (0.141881575034 0.448156966176 0) (0.14221722535 0.448990371225 0) (0.142552875666 0.449823776275 0) (0.142888525981 0.450657181325 0) (0.143224176297 0.451490586375 0) (0.143559826613 0.452323991425 0) (0.143895476929 0.453157396474 0) (0.144231127245 0.453990801524 0))
    polyLine 41 45 ((-0.0460382836772 0.883648438681 -0.03) (-0.0443766434027 0.886193641576 -0.03) (-0.0427069082264 0.888743977586 -0.03) (-0.0410290348788 0.891299469565 -0.03) (-0.0393429797918 0.893860140481 -0.03) (-0.037648699096 0.896426013417 -0.03) (-0.0359461486192 0.898997111577 -0.03) (-0.034235283883 0.90157345828 -0.03) (-0.0325160601008 0.904155076966 -0.03) (-0.0307884321752 0.906741991193 -0.03) (-0.0290523546955 0.909334224644 -0.03) (-0.027307781935 0.911931801118 -0.03) (-0.0255546678486 0.914534744542 -0.03) (-0.0237929660701 0.917143078963 -0.03) (-0.0220226299095 0.919756828553 -0.03) (-0.0202436123506 0.922376017612 -0.03) (-0.0184558660479 0.925000670562 -0.03) (-0.0166593433244 0.927630811956 -0.03) (-0.0148539961683 0.930266466473 -0.03) (-0.0130397762308 0.932907658922 -0.03) (-0.0112166348228 0.935554414242 -0.03) (-0.00938452291252 0.938206757502 -0.03) (-0.00754339112224 0.940864713904 -0.03))
    polyLine 43 47 ((-0.0460382836772 0.883648438681 0) (-0.0443766434027 0.886193641576 0) (-0.0427069082264 0.888743977586 0) (-0.0410290348788 0.891299469565 0) (-0.0393429797918 0.893860140481 0) (-0.037648699096 0.896426013417 0) (-0.0359461486192 0.898997111577 0) (-0.034235283883 0.90157345828 0) (-0.0325160601008 0.904155076966 0) (-0.0307884321752 0.906741991193 0) (-0.0290523546955 0.909334224644 0) (-0.027307781935 0.911931801118 0) (-0.0255546678486 0.914534744542 0) (-0.0237929660701 0.917143078963 0) (-0.0220226299095 0.919756828553 0) (-0.0202436123506 0.922376017612 0) (-0.0184558660479 0.925000670562 0) (-0.0166593433244 0.927630811956 0) (-0.0148539961683 0.930266466473 0) (-0.0130397762308 0.932907658922 0) (-0.0112166348228 0.935554414242 0) (-0.00938452291252 0.938206757502 0) (-0.00754339112224 0.940864713904 0))
    polyLine 44 48 ((0.14456677756 0.454824206574 -0.03) (0.144902427876 0.455657611624 -0.03) (0.145238078192 0.456491016674 -0.03) (0.145573728508 0.457324421723 -0.03) (0.145909378824 0.458157826773 -0.03) (0.146245029139 0.458991231823 -0.03) (0.146580679455 0.459824636873 -0.03) (0.146916329771 0.460658041923 -0.03) (0.147251980087 0.461491446972 -0.03) (0.147587630403 0.462324852022 -0.03) (0.147923280718 0.463158257072 -0.03) (0.148258931034 0.463991662122 -0.03) (0.14859458135 0.464825067172 -0.03) (0.148930231666 0.465658472221 -0.03) (0.149265881982 0.466491877271 -0.03) (0.149601532297 0.467325282321 -0.03) (0.149937182613 0.468158687371 -0.03) (0.150272832929 0.468992092421 -0.03) (0.150608483245 0.46982549747 -0.03) (0.150944133561 0.47065890252 -0.03) (0.151279783876 0.47149230757 -0.03) (0.151615434192 0.47232571262 -0.03) (0.151951084508 0.47315911767 -0.03) (0.152286734824 0.473992522719 -0.03) (0.15262238514 0.474825927769 -0.03) (0.152958035455 0.475659332819 -0.03) (0.153293685771 0.476492737869 -0.03) (0.153629336087 0.477326142919 -0.03) (0.153964986403 0.478159547968 -0.03) (0.154300636719 0.478992953018 -0.03) (0.154636287034 0.479826358068 -0.03) (0.15497193735 0.480659763118 -0.03) (0.155307587666 0.481493168168 -0.03) (0.155643237982 0.482326573217 -0.03) (0.155978888298 0.483159978267 -0.03) (0.156314538613 0.483993383317 -0.03) (0.156650188929 0.484826788367 -0.03) (0.156985839245 0.485660193417 -0.03) (0.157321489561 0.486493598466 -0.03) (0.157657139877 0.487327003516 -0.03) (0.157992790192 0.488160408566 -0.03) (0.158328440508 0.488993813616 -0.03) (0.158664090824 0.489827218666 -0.03) (0.15899974114 0.490660623715 -0.03) (0.159335391456 0.491494028765 -0.03) (0.159671041771 0.492327433815 -0.03) (0.160006692087 0.493160838865 -0.03) (0.160342342403 0.493994243915 -0.03) (0.160677992719 0.494827648965 -0.03))
    polyLine 46 50 ((0.14456677756 0.454824206574 0) (0.144902427876 0.455657611624 0) (0.145238078192 0.456491016674 0) (0.145573728508 0.457324421723 0) (0.145909378824 0.458157826773 0) (0.146245029139 0.458991231823 0) (0.146580679455 0.459824636873 0) (0.146916329771 0.460658041923 0) (0.147251980087 0.461491446972 0) (0.147587630403 0.462324852022 0) (0.147923280718 0.463158257072 0) (0.148258931034 0.463991662122 0) (0.14859458135 0.464825067172 0) (0.148930231666 0.465658472221 0) (0.149265881982 0.466491877271 0) (0.149601532297 0.467325282321 0) (0.149937182613 0.468158687371 0) (0.150272832929 0.468992092421 0) (0.150608483245 0.46982549747 0) (0.150944133561 0.47065890252 0) (0.151279783876 0.47149230757 0) (0.151615434192 0.47232571262 0) (0.151951084508 0.47315911767 0) (0.152286734824 0.473992522719 0) (0.15262238514 0.474825927769 0) (0.152958035455 0.475659332819 0) (0.153293685771 0.476492737869 0) (0.153629336087 0.477326142919 0) (0.153964986403 0.478159547968 0) (0.154300636719 0.478992953018 0) (0.154636287034 0.479826358068 0) (0.15497193735 0.480659763118 0) (0.155307587666 0.481493168168 0) (0.155643237982 0.482326573217 0) (0.155978888298 0.483159978267 0) (0.156314538613 0.483993383317 0) (0.156650188929 0.484826788367 0) (0.156985839245 0.485660193417 0) (0.157321489561 0.486493598466 0) (0.157657139877 0.487327003516 0) (0.157992790192 0.488160408566 0) (0.158328440508 0.488993813616 0) (0.158664090824 0.489827218666 0) (0.15899974114 0.490660623715 0) (0.159335391456 0.491494028765 0) (0.159671041771 0.492327433815 0) (0.160006692087 0.493160838865 0) (0.160342342403 0.493994243915 0) (0.160677992719 0.494827648965 0))
    polyLine 45 49 ((-0.00408149716868 0.945842499454 -0.03) (-0.00246291498474 0.948160965331 -0.03) (-0.000837410108698 0.950483723175 -0.03) (0.000795050727994 0.952810789828 -0.03) (0.00243450099863 0.955142182207 -0.03) (0.00408097438277 0.957477917308 -0.03) (0.0057345047677 0.959818012207 -0.03) (0.00739512625 0.962162484058 -0.03) (0.00906287313704 0.964511350095 -0.03) (0.0107377799485 0.966864627633 -0.03) (0.012419881418 0.969222334067 -0.03) (0.0141092124946 0.971584486873 -0.03) (0.0158058083444 0.973951103611 -0.03) (0.0175097043521 0.976322201922 -0.03) (0.0192209361227 0.978697799529 -0.03) (0.020939539483 0.98107791424 -0.03) (0.0226655504836 0.983462563948 -0.03) (0.0243990053998 0.985851766628 -0.03) (0.0261399407341 0.988245540342 -0.03) (0.0278883932174 0.990643903237 -0.03) (0.0296443998108 0.993046873547 -0.03) (0.0314079977073 0.995454469592 -0.03) (0.0331792243336 0.997866709781 -0.03))
    polyLine 47 51 ((-0.00408149716868 0.945842499454 0) (-0.00246291498474 0.948160965331 0) (-0.000837410108698 0.950483723175 0) (0.000795050727994 0.952810789828 0) (0.00243450099863 0.955142182207 0) (0.00408097438277 0.957477917308 0) (0.0057345047677 0.959818012207 0) (0.00739512625 0.962162484058 0) (0.00906287313704 0.964511350095 0) (0.0107377799485 0.966864627633 0) (0.012419881418 0.969222334067 0) (0.0141092124946 0.971584486873 0) (0.0158058083444 0.973951103611 0) (0.0175097043521 0.976322201922 0) (0.0192209361227 0.978697799529 0) (0.020939539483 0.98107791424 0) (0.0226655504836 0.983462563948 0) (0.0243990053998 0.985851766628 0) (0.0261399407341 0.988245540342 0) (0.0278883932174 0.990643903237 0) (0.0296443998108 0.993046873547 0) (0.0314079977073 0.995454469592 0) (0.0331792243336 0.997866709781 0))
    polyLine 48 52 ((0.161013643035 0.495661054014 -0.03) (0.16134929335 0.496494459064 -0.03) (0.161684943666 0.497327864114 -0.03) (0.162020593982 0.498161269164 -0.03) (0.162356244298 0.498994674214 -0.03) (0.162691894614 0.499828079263 -0.03) (0.163027544929 0.500661484313 -0.03) (0.163363195245 0.501494889363 -0.03) (0.163698845561 0.502328294413 -0.03) (0.164034495877 0.503161699463 -0.03) (0.164370146193 0.503995104512 -0.03) (0.164705796508 0.504828509562 -0.03) (0.165041446824 0.505661914612 -0.03) (0.16537709714 0.506495319662 -0.03) (0.165712747456 0.507328724712 -0.03) (0.166048397772 0.508162129761 -0.03) (0.166384048087 0.508995534811 -0.03) (0.166719698403 0.509828939861 -0.03) (0.167055348719 0.510662344911 -0.03) (0.167390999035 0.511495749961 -0.03) (0.167726649351 0.51232915501 -0.03) (0.168062299666 0.51316256006 -0.03) (0.168397949982 0.51399596511 -0.03) (0.168733600298 0.51482937016 -0.03) (0.169069250614 0.51566277521 -0.03) (0.16940490093 0.516496180259 -0.03) (0.169740551245 0.517329585309 -0.03) (0.170076201561 0.518162990359 -0.03) (0.170411851877 0.518996395409 -0.03) (0.170747502193 0.519829800459 -0.03) (0.171083152509 0.520663205508 -0.03) (0.171418802824 0.521496610558 -0.03) (0.17175445314 0.522330015608 -0.03) (0.172090103456 0.523163420658 -0.03) (0.172425753772 0.523996825708 -0.03) (0.172761404088 0.524830230757 -0.03) (0.173099444478 0.525660605399 -0.03) (0.173443679294 0.526488431313 -0.03) (0.173794089321 0.527313662289 -0.03) (0.174150654999 0.528136252265 -0.03) (0.174513356426 0.528956155324 -0.03) (0.174882173355 0.529773325701 -0.03) (0.1752570852 0.530587717781 -0.03) (0.175638071033 0.531399286106 -0.03) (0.176025109588 0.532207985375 -0.03) (0.176418179262 0.533013770448 -0.03) (0.176817258112 0.533816596346 -0.03) (0.177222323864 0.534616418256 -0.03))
    polyLine 50 54 ((0.161013643035 0.495661054014 0) (0.16134929335 0.496494459064 0) (0.161684943666 0.497327864114 0) (0.162020593982 0.498161269164 0) (0.162356244298 0.498994674214 0) (0.162691894614 0.499828079263 0) (0.163027544929 0.500661484313 0) (0.163363195245 0.501494889363 0) (0.163698845561 0.502328294413 0) (0.164034495877 0.503161699463 0) (0.164370146193 0.503995104512 0) (0.164705796508 0.504828509562 0) (0.165041446824 0.505661914612 0) (0.16537709714 0.506495319662 0) (0.165712747456 0.507328724712 0) (0.166048397772 0.508162129761 0) (0.166384048087 0.508995534811 0) (0.166719698403 0.509828939861 0) (0.167055348719 0.510662344911 0) (0.167390999035 0.511495749961 0) (0.167726649351 0.51232915501 0) (0.168062299666 0.51316256006 0) (0.168397949982 0.51399596511 0) (0.168733600298 0.51482937016 0) (0.169069250614 0.51566277521 0) (0.16940490093 0.516496180259 0) (0.169740551245 0.517329585309 0) (0.170076201561 0.518162990359 0) (0.170411851877 0.518996395409 0) (0.170747502193 0.519829800459 0) (0.171083152509 0.520663205508 0) (0.171418802824 0.521496610558 0) (0.17175445314 0.522330015608 0) (0.172090103456 0.523163420658 0) (0.172425753772 0.523996825708 0) (0.172761404088 0.524830230757 0) (0.173099444478 0.525660605399 0) (0.173443679294 0.526488431313 0) (0.173794089321 0.527313662289 0) (0.174150654999 0.528136252265 0) (0.174513356426 0.528956155324 0) (0.174882173355 0.529773325701 0) (0.1752570852 0.530587717781 0) (0.175638071033 0.531399286106 0) (0.176025109588 0.532207985375 0) (0.176418179262 0.533013770448 0) (0.176817258112 0.533816596346 0) (0.177222323864 0.534616418256 0))
    polyLine 49 53 ((0.0365409043076 1.00242924037 -0.03) (0.0381297675491 1.00457855703 -0.03) (0.0397247337529 1.00673157563 -0.03) (0.0413258297452 1.00888830928 -0.03) (0.0429330825024 1.01104877114 -0.03) (0.044546519152 1.01321297441 -0.03) (0.0461661669739 1.01538093237 -0.03) (0.0477920534015 1.01755265835 -0.03) (0.0494242060222 1.01972816573 -0.03) (0.051062652579 1.02190746795 -0.03) (0.0527074209712 1.02409057852 -0.03) (0.0543585392556 1.02627751098 -0.03) (0.0560160356475 1.02846827897 -0.03) (0.0576799385218 1.03066289615 -0.03) (0.059350276414 1.03286137627 -0.03) (0.0610270780214 1.03506373311 -0.03) (0.0627103722042 1.03726998053 -0.03) (0.0644001879863 1.03948013245 -0.03) (0.0660965545568 1.04169420285 -0.03) (0.067799501271 1.04391220577 -0.03) (0.0695090576515 1.0461341553 -0.03) (0.0712252533891 1.0483600656 -0.03) (0.0729481183445 1.05058995091 -0.03))
    polyLine 51 55 ((0.0365409043076 1.00242924037 0) (0.0381297675491 1.00457855703 0) (0.0397247337529 1.00673157563 0) (0.0413258297452 1.00888830928 0) (0.0429330825024 1.01104877114 0) (0.044546519152 1.01321297441 0) (0.0461661669739 1.01538093237 0) (0.0477920534015 1.01755265835 0) (0.0494242060222 1.01972816573 0) (0.051062652579 1.02190746795 0) (0.0527074209712 1.02409057852 0) (0.0543585392556 1.02627751098 0) (0.0560160356475 1.02846827897 0) (0.0576799385218 1.03066289615 0) (0.059350276414 1.03286137627 0) (0.0610270780214 1.03506373311 0) (0.0627103722042 1.03726998053 0) (0.0644001879863 1.03948013245 0) (0.0660965545568 1.04169420285 0) (0.067799501271 1.04391220577 0) (0.0695090576515 1.0461341553 0) (0.0712252533891 1.0483600656 0) (0.0729481183445 1.05058995091 0))
    polyLine 52 56 ((0.177633353907 0.535413191533 -0.03) (0.178050325297 0.536206871703 -0.03) (0.17847321476 0.536997414462 -0.03) (0.17890199869 0.537784775683 -0.03) (0.179336653153 0.538568911417 -0.03) (0.179777153887 0.539349777894 -0.03) (0.180223476304 0.540127331526 -0.03) (0.180675595491 0.540901528912 -0.03) (0.18113348621 0.541672326837 -0.03) (0.181597122903 0.542439682275 -0.03) (0.18206647969 0.543203552394 -0.03) (0.182541530372 0.543963894554 -0.03) (0.183022248431 0.544720666316 -0.03) (0.183508607036 0.545473825435 -0.03) (0.184000579038 0.546223329872 -0.03) (0.184498136975 0.54696913779 -0.03) (0.185001253074 0.547711207559 -0.03) (0.185509899253 0.548449497757 -0.03) (0.186024047118 0.549183967174 -0.03) (0.18654366797 0.549914574812 -0.03) (0.187068732806 0.55064127989 -0.03) (0.187599212315 0.551364041843 -0.03) (0.188135076888 0.552082820329 -0.03) (0.188676296613 0.552797575224 -0.03) (0.18922284128 0.553508266633 -0.03) (0.189774680381 0.554214854885 -0.03) (0.190331783113 0.55491730054 -0.03) (0.190894118379 0.555615564387 -0.03) (0.19146165479 0.55630960745 -0.03) (0.192034360667 0.556999390988 -0.03) (0.192612204042 0.557684876499 -0.03) (0.193195152661 0.558366025719 -0.03) (0.193783173983 0.559042800627 -0.03) (0.194376235186 0.559715163446 -0.03) (0.194974303165 0.560383076647 -0.03) (0.195577344539 0.561046502945 -0.03) (0.196185325644 0.56170540531 -0.03) (0.196798212545 0.562359746963 -0.03) (0.19741597103 0.563009491378 -0.03) (0.198038566618 0.563654602288 -0.03) (0.198665964554 0.564295043683 -0.03) (0.19929812982 0.564930779815 -0.03) (0.199935027126 0.565561775196 -0.03) (0.200576620924 0.566187994607 -0.03) (0.2012228754 0.566809403091 -0.03) (0.20187375448 0.567425965963 -0.03) (0.202529221832 0.568037648806 -0.03) (0.203189240871 0.568644417478 -0.03) (0.203853774753 0.569246238108 -0.03))
    polyLine 54 58 ((0.177633353907 0.535413191533 0) (0.178050325297 0.536206871703 0) (0.17847321476 0.536997414462 0) (0.17890199869 0.537784775683 0) (0.179336653153 0.538568911417 0) (0.179777153887 0.539349777894 0) (0.180223476304 0.540127331526 0) (0.180675595491 0.540901528912 0) (0.18113348621 0.541672326837 0) (0.181597122903 0.542439682275 0) (0.18206647969 0.543203552394 0) (0.182541530372 0.543963894554 0) (0.183022248431 0.544720666316 0) (0.183508607036 0.545473825435 0) (0.184000579038 0.546223329872 0) (0.184498136975 0.54696913779 0) (0.185001253074 0.547711207559 0) (0.185509899253 0.548449497757 0) (0.186024047118 0.549183967174 0) (0.18654366797 0.549914574812 0) (0.187068732806 0.55064127989 0) (0.187599212315 0.551364041843 0) (0.188135076888 0.552082820329 0) (0.188676296613 0.552797575224 0) (0.18922284128 0.553508266633 0) (0.189774680381 0.554214854885 0) (0.190331783113 0.55491730054 0) (0.190894118379 0.555615564387 0) (0.19146165479 0.55630960745 0) (0.192034360667 0.556999390988 0) (0.192612204042 0.557684876499 0) (0.193195152661 0.558366025719 0) (0.193783173983 0.559042800627 0) (0.194376235186 0.559715163446 0) (0.194974303165 0.560383076647 0) (0.195577344539 0.561046502945 0) (0.196185325644 0.56170540531 0) (0.196798212545 0.562359746963 0) (0.19741597103 0.563009491378 0) (0.198038566618 0.563654602288 0) (0.198665964554 0.564295043683 0) (0.19929812982 0.564930779815 0) (0.199935027126 0.565561775196 0) (0.200576620924 0.566187994607 0) (0.2012228754 0.566809403091 0) (0.20187375448 0.567425965963 0) (0.202529221832 0.568037648806 0) (0.203189240871 0.568644417478 0) (0.203853774753 0.569246238108 0))
    polyLine 53 57 ((0.0767553540817 1.05550114968 -0.03) (0.0788427060802 1.0581842269 -0.03) (0.0809397909179 1.06087308198 -0.03) (0.083046661329 1.06356773986 -0.03) (0.0851633704104 1.06626822561 -0.03) (0.0872899716252 1.06897456444 -0.03) (0.0894265188055 1.0716867817 -0.03) (0.0915730661558 1.07440490285 -0.03) (0.0937296682554 1.07712895352 -0.03) (0.0958963800622 1.07985895945 -0.03) (0.0980732569154 1.08259494654 -0.03) (0.100260354539 1.08533694082 -0.03) (0.102457729044 1.08808496845 -0.03) (0.104665436934 1.09083905575 -0.03) (0.106883535105 1.09359922918 -0.03) (0.109112080852 1.09636551533 -0.03) (0.11135113187 1.09913794095 -0.03) (0.11360074626 1.10191653292 -0.03) (0.115860982527 1.10470131829 -0.03) (0.118131899591 1.10749232423 -0.03) (0.120413556785 1.11028957809 -0.03) (0.12270601386 1.11309310735 -0.03) (0.125009330987 1.11590293963 -0.03))
    polyLine 55 59 ((0.0767553540817 1.05550114968 0) (0.0788427060802 1.0581842269 0) (0.0809397909179 1.06087308198 0) (0.083046661329 1.06356773986 0) (0.0851633704104 1.06626822561 0) (0.0872899716252 1.06897456444 0) (0.0894265188055 1.0716867817 0) (0.0915730661558 1.07440490285 0) (0.0937296682554 1.07712895352 0) (0.0958963800622 1.07985895945 0) (0.0980732569154 1.08259494654 0) (0.100260354539 1.08533694082 0) (0.102457729044 1.08808496845 0) (0.104665436934 1.09083905575 0) (0.106883535105 1.09359922918 0) (0.109112080852 1.09636551533 0) (0.11135113187 1.09913794095 0) (0.11360074626 1.10191653292 0) (0.115860982527 1.10470131829 0) (0.118131899591 1.10749232423 0) (0.120413556785 1.11028957809 0) (0.12270601386 1.11309310735 0) (0.125009330987 1.11590293963 0))
    polyLine 56 60 ((0.204522786385 0.569843077104 -0.03) (0.205196238425 0.57043490115 -0.03) (0.205874093279 0.571021677213 -0.03) (0.206556313112 0.571603372538 -0.03) (0.207242859842 0.572179954656 -0.03) (0.207933695147 0.572751391383 -0.03) (0.208628780466 0.573317650821 -0.03) (0.209328076999 0.573878701363 -0.03) (0.210031545712 0.574434511692 -0.03) (0.210739147338 0.574985050782 -0.03) (0.21145084238 0.575530287903 -0.03) (0.212166591112 0.57607019262 -0.03) (0.212886353582 0.576604734798 -0.03) (0.213610089612 0.577133884597 -0.03) (0.214337758805 0.577657612481 -0.03) (0.215069320543 0.578175889217 -0.03) (0.21580473399 0.578688685875 -0.03) (0.216543958098 0.579195973831 -0.03) (0.217286951603 0.579697724768 -0.03) (0.218033673032 0.58019391068 -0.03) (0.218784080704 0.58068450387 -0.03) (0.219538132731 0.581169476953 -0.03) (0.220295787024 0.581648802858 -0.03) (0.221057001291 0.582122454831 -0.03) (0.221821733042 0.582590406433 -0.03) (0.222589939589 0.583052631542 -0.03) (0.223361578053 0.583509104358 -0.03) (0.224136605362 0.583959799401 -0.03) (0.224914978254 0.584404691514 -0.03) (0.225696653282 0.584843755864 -0.03) (0.226481586812 0.585276967941 -0.03) (0.227269735032 0.585704303566 -0.03) (0.228061053946 0.586125738883 -0.03) (0.228855499385 0.58654125037 -0.03) (0.229653027004 0.586950814833 -0.03) (0.230453592285 0.58735440941 -0.03) (0.231257150541 0.587752011573 -0.03) (0.232063656919 0.588143599128 -0.03) (0.232873066401 0.588529150218 -0.03) (0.233685333805 0.588908643321 -0.03) (0.234500413793 0.589282057254 -0.03) (0.235318260866 0.589649371174 -0.03) (0.236138829374 0.590010564577 -0.03) (0.236962073514 0.590365617303 -0.03) (0.237787947332 0.590714509532 -0.03) (0.23861640473 0.59105722179 -0.03) (0.239447399463 0.591393734947 -0.03) (0.240280885147 0.591724030219 -0.03) (0.241116815256 0.592048089169 -0.03))
    polyLine 58 62 ((0.204522786385 0.569843077104 0) (0.205196238425 0.57043490115 0) (0.205874093279 0.571021677213 0) (0.206556313112 0.571603372538 0) (0.207242859842 0.572179954656 0) (0.207933695147 0.572751391383 0) (0.208628780466 0.573317650821 0) (0.209328076999 0.573878701363 0) (0.210031545712 0.574434511692 0) (0.210739147338 0.574985050782 0) (0.21145084238 0.575530287903 0) (0.212166591112 0.57607019262 0) (0.212886353582 0.576604734798 0) (0.213610089612 0.577133884597 0) (0.214337758805 0.577657612481 0) (0.215069320543 0.578175889217 0) (0.21580473399 0.578688685875 0) (0.216543958098 0.579195973831 0) (0.217286951603 0.579697724768 0) (0.218033673032 0.58019391068 0) (0.218784080704 0.58068450387 0) (0.219538132731 0.581169476953 0) (0.220295787024 0.581648802858 0) (0.221057001291 0.582122454831 0) (0.221821733042 0.582590406433 0) (0.222589939589 0.583052631542 0) (0.223361578053 0.583509104358 0) (0.224136605362 0.583959799401 0) (0.224914978254 0.584404691514 0) (0.225696653282 0.584843755864 0) (0.226481586812 0.585276967941 0) (0.227269735032 0.585704303566 0) (0.228061053946 0.586125738883 0) (0.228855499385 0.58654125037 0) (0.229653027004 0.586950814833 0) (0.230453592285 0.58735440941 0) (0.231257150541 0.587752011573 0) (0.232063656919 0.588143599128 0) (0.232873066401 0.588529150218 0) (0.233685333805 0.588908643321 0) (0.234500413793 0.589282057254 0) (0.235318260866 0.589649371174 0) (0.236138829374 0.590010564577 0) (0.236962073514 0.590365617303 0) (0.237787947332 0.590714509532 0) (0.23861640473 0.59105722179 0) (0.239447399463 0.591393734947 0) (0.240280885147 0.591724030219 0) (0.241116815256 0.592048089169 0))
    polyLine 57 61 ((0.130061239465 1.122041559 -0.03) (0.132814220769 1.12537286839 -0.03) (0.135582613762 1.12871307703 -0.03) (0.138366520371 1.13206223135 -0.03) (0.14116604338 1.13542037808 -0.03) (0.143981286435 1.13878756425 -0.03) (0.146812354054 1.1421638372 -0.03) (0.149659351637 1.14554924461 -0.03) (0.152522385472 1.14894383444 -0.03) (0.155401562745 1.15234765498 -0.03) (0.158296991553 1.15576075486 -0.03) (0.161208780907 1.15918318302 -0.03) (0.164137040745 1.16261498872 -0.03) (0.167081881941 1.16605622156 -0.03) (0.170043416314 1.16950693147 -0.03) (0.17302175664 1.17296716872 -0.03) (0.176017016656 1.17643698392 -0.03) (0.179029311078 1.17991642801 -0.03) (0.182058755604 1.18340555229 -0.03) (0.185105466927 1.1869044084 -0.03) (0.188169562746 1.19041304834 -0.03) (0.191251161777 1.19393152446 -0.03) (0.194350383759 1.19745988946 -0.03))
    polyLine 59 63 ((0.130061239465 1.122041559 0) (0.132814220769 1.12537286839 0) (0.135582613762 1.12871307703 0) (0.138366520371 1.13206223135 0) (0.14116604338 1.13542037808 0) (0.143981286435 1.13878756425 0) (0.146812354054 1.1421638372 0) (0.149659351637 1.14554924461 0) (0.152522385472 1.14894383444 0) (0.155401562745 1.15234765498 0) (0.158296991553 1.15576075486 0) (0.161208780907 1.15918318302 0) (0.164137040745 1.16261498872 0) (0.167081881941 1.16605622156 0) (0.170043416314 1.16950693147 0) (0.17302175664 1.17296716872 0) (0.176017016656 1.17643698392 0) (0.179029311078 1.17991642801 0) (0.182058755604 1.18340555229 0) (0.185105466927 1.1869044084 0) (0.188169562746 1.19041304834 0) (0.191251161777 1.19393152446 0) (0.194350383759 1.19745988946 0))
    polyLine 60 64 ((0.241955143131 0.592365893709 -0.03) (0.242795821977 0.592677426099 -0.03) (0.243638804868 0.59298266895 -0.03) (0.244484044748 0.593281605223 -0.03) (0.245331494439 0.593574218232 -0.03) (0.246181106636 0.593860491643 -0.03) (0.247032833915 0.594140409478 -0.03) (0.247886628733 0.594413956111 -0.03) (0.248742443431 0.594681116274 -0.03) (0.249600230241 0.594941875053 -0.03) (0.25045994128 0.595196217894 -0.03) (0.251321528561 0.595444130599 -0.03) (0.25218494399 0.595685599331 -0.03) (0.253050139372 0.59592061061 -0.03) (0.253917066414 0.596149151318 -0.03) (0.254785676725 0.596371208698 -0.03) (0.255655921818 0.596586770357 -0.03) (0.256527753119 0.59679582426 -0.03) (0.257401121962 0.596998358739 -0.03) (0.258275979597 0.597194362489 -0.03) (0.25915227719 0.597383824569 -0.03) (0.260029965828 0.597566734403 -0.03) (0.260908996517 0.597743081782 -0.03) (0.261789320193 0.597912856861 -0.03) (0.262670887716 0.598076050165 -0.03) (0.263553649877 0.598232652584 -0.03) (0.264437557403 0.598382655376 -0.03) (0.265322560953 0.598526050169 -0.03) (0.266208611129 0.598662828959 -0.03) (0.267095658472 0.59879298411 -0.03) (0.267983653467 0.598916508357 -0.03) (0.268872546548 0.599033394806 -0.03) (0.269762288098 0.599143636932 -0.03) (0.270652828452 0.599247228581 -0.03) (0.271544117901 0.599344163972 -0.03) (0.272436106693 0.599434437692 -0.03) (0.273328745041 0.599518044704 -0.03) (0.274221983116 0.59959498034 -0.03) (0.27511577106 0.599665240306 -0.03) (0.276010058982 0.59972882068 -0.03) (0.276904796964 0.599785717913 -0.03) (0.277799935063 0.599835928829 -0.03) (0.278695423312 0.599879450625 -0.03) (0.279591211727 0.599916280873 -0.03) (0.280487250305 0.599946417515 -0.03) (0.281383489032 0.599969858871 -0.03) (0.282279877878 0.599986603631 -0.03) (0.28317636681 0.599996650861 -0.03))
    polyLine 62 66 ((0.241955143131 0.592365893709 0) (0.242795821977 0.592677426099 0) (0.243638804868 0.59298266895 0) (0.244484044748 0.593281605223 0) (0.245331494439 0.593574218232 0) (0.246181106636 0.593860491643 0) (0.247032833915 0.594140409478 0) (0.247886628733 0.594413956111 0) (0.248742443431 0.594681116274 0) (0.249600230241 0.594941875053 0) (0.25045994128 0.595196217894 0) (0.251321528561 0.595444130599 0) (0.25218494399 0.595685599331 0) (0.253050139372 0.59592061061 0) (0.253917066414 0.596149151318 0) (0.254785676725 0.596371208698 0) (0.255655921818 0.596586770357 0) (0.256527753119 0.59679582426 0) (0.257401121962 0.596998358739 0) (0.258275979597 0.597194362489 0) (0.25915227719 0.597383824569 0) (0.260029965828 0.597566734403 0) (0.260908996517 0.597743081782 0) (0.261789320193 0.597912856861 0) (0.262670887716 0.598076050165 0) (0.263553649877 0.598232652584 0) (0.264437557403 0.598382655376 0) (0.265322560953 0.598526050169 0) (0.266208611129 0.598662828959 0) (0.267095658472 0.59879298411 0) (0.267983653467 0.598916508357 0) (0.268872546548 0.599033394806 0) (0.269762288098 0.599143636932 0) (0.270652828452 0.599247228581 0) (0.271544117901 0.599344163972 0) (0.272436106693 0.599434437692 0) (0.273328745041 0.599518044704 0) (0.274221983116 0.59959498034 0) (0.27511577106 0.599665240306 0) (0.276010058982 0.59972882068 0) (0.276904796964 0.599785717913 0) (0.277799935063 0.599835928829 0) (0.278695423312 0.599879450625 0) (0.279591211727 0.599916280873 0) (0.280487250305 0.599946417515 0) (0.281383489032 0.599969858871 0) (0.282279877878 0.599986603631 0) (0.28317636681 0.599996650861 0))
    polyLine 61 65 ((0.200825057843 1.20479838206 -0.03) (0.204203405106 1.20861009635 -0.03) (0.207602543624 1.21243340585 -0.03) (0.211022627184 1.21626837763 -0.03) (0.214463811013 1.22011507926 -0.03) (0.217926251794 1.22397357882 -0.03) (0.221410107683 1.22784394488 -0.03) (0.224915538323 1.23172624654 -0.03) (0.228442704864 1.23562055341 -0.03) (0.231991769978 1.23952693563 -0.03) (0.235562897878 1.24344546386 -0.03) (0.239156254335 1.2473762093 -0.03) (0.242772006695 1.25131924369 -0.03) (0.246410323897 1.25527463931 -0.03) (0.250071376493 1.25924246899 -0.03) (0.253755336666 1.26322280613 -0.03) (0.257462378245 1.26721572468 -0.03) (0.261192676732 1.27122129915 -0.03) (0.264946409312 1.27523960463 -0.03) (0.268723754881 1.2792707168 -0.03) (0.272524894058 1.28331471191 -0.03) (0.276350009213 1.28737166681 -0.03) (0.280199284481 1.29144165892 -0.03))
    polyLine 63 67 ((0.200825057843 1.20479838206 0) (0.204203405106 1.20861009635 0) (0.207602543624 1.21243340585 0) (0.211022627184 1.21626837763 0) (0.214463811013 1.22011507926 0) (0.217926251794 1.22397357882 0) (0.221410107683 1.22784394488 0) (0.224915538323 1.23172624654 0) (0.228442704864 1.23562055341 0) (0.231991769978 1.23952693563 0) (0.235562897878 1.24344546386 0) (0.239156254335 1.2473762093 0) (0.242772006695 1.25131924369 0) (0.246410323897 1.25527463931 0) (0.250071376493 1.25924246899 0) (0.253755336666 1.26322280613 0) (0.257462378245 1.26721572468 0) (0.261192676732 1.27122129915 0) (0.264946409312 1.27523960463 0) (0.268723754881 1.2792707168 0) (0.272524894058 1.28331471191 0) (0.276350009213 1.28737166681 0) (0.280199284481 1.29144165892 0))
);

boundary
(
    body_fore
    {
        type wall;
        faces
        (
            (0 2 6 4)
            (4 6 10 8)
            (8 10 14 12)
            (12 14 18 16)
            (16 18 22 20)
            (20 22 26 24)
            (24 26 30 28)
            (28 30 34 32)
            (32 34 38 36)
            (36 38 42 40)
            (40 42 46 44)
            (44 46 50 48)
            (48 50 54 52)
            (52 54 58 56)
            (56 58 62 60)
            (60 62 66 64)
        );
    }
    freestream
    {
        type patch;
        faces
        (
            (1 5 7 3)
            (5 9 11 7)
            (9 13 15 11)
            (13 17 19 15)
            (17 21 23 19)
            (21 25 27 23)
            (25 29 31 27)
            (29 33 35 31)
            (33 37 39 35)
            (37 41 43 39)
            (41 45 47 43)
            (45 49 51 47)
            (49 53 55 51)
            (53 57 59 55)
            (57 61 63 59)
            (61 65 67 63)
        );
    }
    outlet
    {
        type patch;
        faces
        (
            (64 66 67 65)
        );
    }
    axis
    {
        type patch;
        faces
        (
            (0 1 3 2)
        );
    }
    front
    {
        type patch;
        faces
        (
            (2 6 7 3)
            (6 10 11 7)
            (10 14 15 11)
            (14 18 19 15)
            (18 22 23 19)
            (22 26 27 23)
            (26 30 31 27)
            (30 34 35 31)
            (34 38 39 35)
            (38 42 43 39)
            (42 46 47 43)
            (46 50 51 47)
            (50 54 55 51)
            (54 58 59 55)
            (58 62 63 59)
            (62 66 67 63)
        );
    }
    back
    {
        type patch;
        faces
        (
            (0 1 5 4)
            (4 5 9 8)
            (8 9 13 12)
            (12 13 17 16)
            (16 17 21 20)
            (20 21 25 24)
            (24 25 29 28)
            (28 29 33 32)
            (32 33 37 36)
            (36 37 41 40)
            (40 41 45 44)
            (44 45 49 48)
            (48 49 53 52)
            (52 53 57 56)
            (56 57 61 60)
            (60 61 65 64)
        );
    }
);
