FoamFile
{
    version     2.0;
    format      ascii;
    class       dictionary;
    object      blockMeshDict;
}
// Generated by aether.cfd - do not edit by hand. Regenerate from the run config.

scale 1;

vertices
(
    (0 0 -0.03)
    (-0.278074288087 6.98477001851e-17 -0.03)
    (0 0 0)
    (-0.278074288087 6.98477001851e-17 0)
    (0.00117737715021 0.0441745937901 -0.03)
    (-0.274768452575 0.0860498082453 -0.03)
    (0.00117737715021 0.0441745937901 0)
    (-0.274768452575 0.0860498082453 0)
    (0.00470606879647 0.0882237607134 -0.03)
    (-0.26502461968 0.170974762292 -0.03)
    (0.00470606879647 0.0882237607134 0)
    (-0.26502461968 0.170974762292 0)
    (0.0105760559888 0.132022435176 -0.03)
    (-0.249318061025 0.253825509253 -0.03)
    (0.0105760559888 0.132022435176 0)
    (-0.249318061025 0.253825509253 0)
    (0.0187706723611 0.175446262791 -0.03)
    (-0.228311256041 0.333942939286 -0.03)
    (0.0187706723611 0.175446262791 0)
    (-0.228311256041 0.333942939286 0)
    (0.0292666514505 0.218371953447 -0.03)
    (-0.20272143237 0.410987896573 -0.03)
    (0.0292666514505 0.218371953447 0)
    (-0.20272143237 0.410987896573 0)
    (0.0420341927549 0.260677631344 -0.03)
    (-0.173213852481 0.484902634885 -0.03)
    (0.0420341927549 0.260677631344 0)
    (-0.173213852481 0.484902634885 0)
    (0.0570370463429 0.302243181029 -0.03)
    (-0.140338799224 0.55583909992 -0.03)
    (0.0570370463429 0.302243181029 0)
    (-0.140338799224 0.55583909992 0)
    (0.0742326157728 0.342950588419 -0.03)
    (-0.104507986789 0.624084294493 -0.03)
    (0.0742326157728 0.342950588419 0)
    (-0.104507986789 0.624084294493 0)
    (0.0935720790325 0.38268427587 -0.03)
    (-0.0659967801468 0.689999083025 -0.03)
    (0.0935720790325 0.38268427587 0)
    (-0.0659967801468 0.689999083025 0)
    (0.115000527153 0.421331430319 -0.03)
    (-0.0249590375536 0.753974970716 -0.03)
    (0.115000527153 0.421331430319 0)
    (-0.0249590375536 0.753974970716 0)
    (0.138108060918 0.459003676697 -0.03)
    (0.018220474005 0.815945812613 -0.03)
    (0.138108060918 0.459003676697 0)
    (0.018220474005 0.815945812613 0)
    (0.161382585475 0.496574138303 -0.03)
    (0.0618521963634 0.874166996423 -0.03)
    (0.161382585475 0.496574138303 0)
    (0.0618521963634 0.874166996423 0)
    (0.184657110033 0.53414459991 -0.03)
    (0.105210627173 0.928463106835 -0.03)
    (0.184657110033 0.53414459991 0)
    (0.105210627173 0.928463106835 0)
    (0.211663800757 0.568890740808 -0.03)
    (0.152755228483 0.984618921611 -0.03)
    (0.211663800757 0.568890740808 0)
    (0.152755228483 0.984618921611 0)
    (0.249072483633 0.591952383847 -0.03)
    (0.215345160708 1.05407253602 -0.03)
    (0.249072483633 0.591952383847 0)
    (0.215345160708 1.05407253602 0)
    (0.29227546691 0.6 -0.03)
    (0.29227546691 1.13373990535 -0.03)
    (0.29227546691 0.6 0)
    (0.29227546691 1.13373990535 0)
);

blocks
(
    hex (0 4 5 1 2 6 7 3) (4 48 1) simpleGrading (1 4 1)
    hex (4 8 9 5 6 10 11 7) (4 48 1) simpleGrading (1 4 1)
    hex (8 12 13 9 10 14 15 11) (4 48 1) simpleGrading (1 4 1)
    hex (12 16 17 13 14 18 19 15) (4 48 1) simpleGrading (1 4 1)
    hex (16 20 21 17 18 22 23 19) (4 48 1) simpleGrading (1 4 1)
    hex (20 24 25 21 22 26 27 23) (4 48 1) simpleGrading (1 4 1)
    hex (24 28 29 25 26 30 31 27) (4 48 1) simpleGrading (1 4 1)
    hex (28 32 33 29 30 34 35 31) (4 48 1) simpleGrading (1 4 1)
    hex (32 36 37 33 34 38 39 35) (4 48 1) simpleGrading (1 4 1)
    hex (36 40 41 37 38 42 43 39) (4 48 1) simpleGrading (1 4 1)
    hex (40 44 45 41 42 46 47 43) (4 48 1) simpleGrading (1 4 1)
    hex (44 48 49 45 46 50 51 47) (4 48 1) simpleGrading (1 4 1)
    hex (48 52 53 49 50 54 55 51) (4 48 1) simpleGrading (1 4 1)
    hex (52 56 57 53 54 58 59 55) (4 48 1) simpleGrading (1 4 1)
    hex (56 60 61 57 58 62 63 59) (4 48 1) simpleGrading (1 4 1)
    hex (60 64 65 61 62 66 67 63) (4 48 1) simpleGrading (1 4 1)
);

edges
(
    polyLine 0 4 ((4.88488760579e-07 0.000900127922171 -0.03) (1.95395446667e-06 0.00180025478395 -0.03) (4.39639539209e-06 0.00270037952496 -0.03) (7.81580865935e-06 0.00360050108481 -0.03) (1.22121902404e-05 0.00450061840312 -0.03) (1.7585534956e-05 0.00540073041952 -0.03) (2.39358364762e-05 0.00630083607363 -0.03) (3.12630873201e-05 0.00720093430509 -0.03) (3.95672788559e-05 0.00810102405356 -0.03) (4.88484013008e-05 0.00900110425869 -0.03) (5.91064437213e-05 0.00990117386014 -0.03) (7.03413940331e-05 0.0108012317976 -0.03) (8.25532390009e-05 0.0117012770108 -0.03) (9.57419642386e-05 0.0126013084393 -0.03) (0.000109907554209 0.013501325023 -0.03) (0.000125049992226 0.0144013257016 -0.03) (0.000141169260449 0.0153013094149 -0.03) (0.00015826533989 0.0162012751025 -0.03) (0.000176338210409 0.0171012217044 -0.03) (0.000195387850715 0.0180011481603 -0.03) (0.000215414238368 0.0189010534102 -0.03) (0.000236417349774 0.0198009363938 -0.03) (0.000258397160193 0.0207007960511 -0.03) (0.000281353643729 0.021600631322 -0.03) (0.000305286773341 0.0225004411465 -0.03) (0.000330196520833 0.0234002244645 -0.03) (0.000356082856862 0.0242999802161 -0.03) (0.00038294575093 0.0251997073412 -0.03) (0.000410785171394 0.0260994047801 -0.03) (0.000439601085458 0.0269990714729 -0.03) (0.000469393459174 0.0278987063596 -0.03) (0.000500162257446 0.0287983083804 -0.03) (0.000531907444027 0.0296978764757 -0.03) (0.00056462898152 0.0305974095856 -0.03) (0.000598326831379 0.0314969066506 -0.03) (0.000633000953904 0.0323963666108 -0.03) (0.000668651308249 0.0332957884068 -0.03) (0.000705277852417 0.034195170979 -0.03) (0.000742880543259 0.0350945132679 -0.03) (0.000781459336478 0.0359938142139 -0.03) (0.000821014186626 0.0368930727578 -0.03) (0.000861545047107 0.0377922878401 -0.03) (0.000903051870174 0.0386914584015 -0.03) (0.000945534606929 0.0395905833828 -0.03) (0.000988993207326 0.0404896617248 -0.03) (0.00103342762017 0.0413886923682 -0.03) (0.00107883779311 0.0422876742541 -0.03) (0.00112522367266 0.0431866063233 -0.03) (0.00117258520417 0.0440854875169 -0.03))
    polyLine 2 6 ((4.88488760579e-07 0.000900127922171 0) (1.95395446667e-06 0.00180025478395 0) (4.39639539209e-06 0.00270037952496 0) (7.81580865935e-06 0.00360050108481 0) (1.22121902404e-05 0.00450061840312 0) (1.7585534956e-05 0.00540073041952 0) (2.39358364762e-05 0.00630083607363 0) (3.12630873201e-05 0.00720093430509 0) (3.95672788559e-05 0.00810102405356 0) (4.88484013008e-05 0.00900110425869 0) (5.91064437213e-05 0.00990117386014 0) (7.03413940331e-05 0.0108012317976 0) (8.25532390009e-05 0.0117012770108 0) (9.57419642386e-05 0.0126013084393 0) (0.000109907554209 0.013501325023 0) (0.000125049992226 0.0144013257016 0) (0.000141169260449 0.0153013094149 0) (0.00015826533989 0.0162012751025 0) (0.000176338210409 0.0171012217044 0) (0.000195387850715 0.0180011481603 0) (0.000215414238368 0.0189010534102 0) (0.000236417349774 0.0198009363938 0) (0.000258397160193 0.0207007960511 0) (0.000281353643729 0.021600631322 0) (0.000305286773341 0.0225004411465 0) (0.000330196520833 0.0234002244645 0) (0.000356082856862 0.0242999802161 0) (0.00038294575093 0.0251997073412 0) (0.000410785171394 0.0260994047801 0) (0.000439601085458 0.0269990714729 0) (0.000469393459174 0.0278987063596 0) (0.000500162257446 0.0287983083804 0) (0.000531907444027 0.0296978764757 0) (0.00056462898152 0.0305974095856 0) (0.000598326831379 0.0314969066506 0) (0.000633000953904 0.0323963666108 0) (0.000668651308249 0.0332957884068 0) (0.000705277852417 0.034195170979 0) (0.000742880543259 0.0350945132679 0) (0.000781459336478 0.0359938142139 0) (0.000821014186626 0.0368930727578 0) (0.000861545047107 0.0377922878401 0) (0.000903051870174 0.0386914584015 0) (0.000945534606929 0.0395905833828 0) (0.000988993207326 0.0404896617248 0) (0.00103342762017 0.0413886923682 0) (0.00107883779311 0.0422876742541 0) (0.00112522367266 0.0431866063233 0) (0.00117258520417 0.0440854875169 0))
    polyLine 1 5 ((-0.278068569031 0.00357901612353 -0.03) (-0.278051411444 0.0071580987844 -0.03) (-0.278022814062 0.0107373145258 -0.03) (-0.277982774779 0.0143167299026 -0.03) (-0.277931290647 0.0178964114872 -0.03) (-0.277868357875 0.0214764258754 -0.03) (-0.277793971827 0.0250568396923 -0.03) (-0.277708127023 0.0286377195981 -0.03) (-0.277610817138 0.0322191322939 -0.03) (-0.277502034998 0.0358011445277 -0.03) (-0.277381772583 0.0393838231002 -0.03) (-0.277250021023 0.0429672348708 -0.03) (-0.277106770597 0.0465514467633 -0.03) (-0.276952010729 0.0501365257721 -0.03) (-0.276785729992 0.0537225389677 -0.03) (-0.276607916101 0.057309553503 -0.03) (-0.27641855591 0.0608976366193 -0.03) (-0.276217635415 0.0644868556519 -0.03) (-0.276005139746 0.0680772780362 -0.03) (-0.275781053168 0.0716689713139 -0.03) (-0.275545359076 0.075262003139 -0.03) (-0.275298039994 0.0788564412833 -0.03) (-0.275039077571 0.0824523536432 -0.03))
    polyLine 3 7 ((-0.278068569031 0.00357901612353 0) (-0.278051411444 0.0071580987844 0) (-0.278022814062 0.0107373145258 0) (-0.277982774779 0.0143167299026 0) (-0.277931290647 0.0178964114872 0) (-0.277868357875 0.0214764258754 0) (-0.277793971827 0.0250568396923 0) (-0.277708127023 0.0286377195981 0) (-0.277610817138 0.0322191322939 0) (-0.277502034998 0.0358011445277 0) (-0.277381772583 0.0393838231002 0) (-0.277250021023 0.0429672348708 0) (-0.277106770597 0.0465514467633 0) (-0.276952010729 0.0501365257721 0) (-0.276785729992 0.0537225389677 0) (-0.276607916101 0.057309553503 0) (-0.27641855591 0.0608976366193 0) (-0.276217635415 0.0644868556519 0) (-0.276005139746 0.0680772780362 0) (-0.275781053168 0.0716689713139 0) (-0.275545359076 0.075262003139 0) (-0.275298039994 0.0788564412833 0) (-0.275039077571 0.0824523536432 0))
    polyLine 4 8 ((0.00122092233185 0.044984316776 -0.03) (0.00127023499875 0.0458830930417 -0.03) (0.00132052314679 0.0467818152552 -0.03) (0.00137178671671 0.0476804823578 -0.03) (0.00142402564813 0.0485790932908 -0.03) (0.00147723987951 0.0494776469956 -0.03) (0.00153142934817 0.0503761424137 -0.03) (0.00158659399026 0.0512745784867 -0.03) (0.00164273374079 0.052172954156 -0.03) (0.00169984853364 0.0530712683635 -0.03) (0.00175793830152 0.0539695200508 -0.03) (0.00181700297599 0.0548677081598 -0.03) (0.00187704248749 0.0557658316324 -0.03) (0.00193805676526 0.0566638894105 -0.03) (0.00200004573745 0.0575618804361 -0.03) (0.00206300933102 0.0584598036516 -0.03) (0.00212694747181 0.0593576579989 -0.03) (0.00219186008448 0.0602554424205 -0.03) (0.00225774709257 0.0611531558586 -0.03) (0.00232460841847 0.0620507972558 -0.03) (0.0023924439834 0.0629483655547 -0.03) (0.00246125370745 0.0638458596977 -0.03) (0.00253103750956 0.0647432786276 -0.03) (0.00260179530753 0.0656406212873 -0.03) (0.002673527018 0.0665378866197 -0.03) (0.00274623255646 0.0674350735676 -0.03) (0.00281991183727 0.0683321810743 -0.03) (0.00289456477363 0.0692292080828 -0.03) (0.00297019127759 0.0701261535364 -0.03) (0.00304679126006 0.0710230163785 -0.03) (0.00312436463081 0.0719197955526 -0.03) (0.00320291129845 0.0728164900022 -0.03) (0.00328243117045 0.0737130986709 -0.03) (0.00336292415313 0.0746096205026 -0.03) (0.00344439015166 0.075506054441 -0.03) (0.00352682907009 0.0764023994302 -0.03) (0.00361024081128 0.0772986544141 -0.03) (0.00369462527698 0.0781948183371 -0.03) (0.00377998236778 0.0790908901434 -0.03) (0.00386631198313 0.0799868687773 -0.03) (0.00395361402132 0.0808827531833 -0.03) (0.00404188837951 0.0817785423062 -0.03) (0.00413113495371 0.0826742350905 -0.03) (0.00422135363879 0.0835698304811 -0.03) (0.00431254432846 0.0844653274231 -0.03) (0.00440470691529 0.0853607248613 -0.03) (0.00449784129071 0.0862560217412 -0.03) (0.00459194734502 0.0871512170078 -0.03) (0.00468702496734 0.0880463096067 -0.03))
    polyLine 6 10 ((0.00122092233185 0.044984316776 0) (0.00127023499875 0.0458830930417 0) (0.00132052314679 0.0467818152552 0) (0.00137178671671 0.0476804823578 0) (0.00142402564813 0.0485790932908 0) (0.00147723987951 0.0494776469956 0) (0.00153142934817 0.0503761424137 0) (0.00158659399026 0.0512745784867 0) (0.00164273374079 0.052172954156 0) (0.00169984853364 0.0530712683635 0) (0.00175793830152 0.0539695200508 0) (0.00181700297599 0.0548677081598 0) (0.00187704248749 0.0557658316324 0) (0.00193805676526 0.0566638894105 0) (0.00200004573745 0.0575618804361 0) (0.00206300933102 0.0584598036516 0) (0.00212694747181 0.0593576579989 0) (0.00219186008448 0.0602554424205 0) (0.00225774709257 0.0611531558586 0) (0.00232460841847 0.0620507972558 0) (0.0023924439834 0.0629483655547 0) (0.00246125370745 0.0638458596977 0) (0.00253103750956 0.0647432786276 0) (0.00260179530753 0.0656406212873 0) (0.002673527018 0.0665378866197 0) (0.00274623255646 0.0674350735676 0) (0.00281991183727 0.0683321810743 0) (0.00289456477363 0.0692292080828 0) (0.00297019127759 0.0701261535364 0) (0.00304679126006 0.0710230163785 0) (0.00312436463081 0.0719197955526 0) (0.00320291129845 0.0728164900022 0) (0.00328243117045 0.0737130986709 0) (0.00336292415313 0.0746096205026 0) (0.00344439015166 0.075506054441 0) (0.00352682907009 0.0764023994302 0) (0.00361024081128 0.0772986544141 0) (0.00369462527698 0.0781948183371 0) (0.00377998236778 0.0790908901434 0) (0.00386631198313 0.0799868687773 0) (0.00395361402132 0.0808827531833 0) (0.00404188837951 0.0817785423062 0) (0.00413113495371 0.0826742350905 0) (0.00422135363879 0.0835698304811 0) (0.00431254432846 0.0844653274231 0) (0.00440470691529 0.0853607248613 0) (0.00449784129071 0.0862560217412 0) (0.00459194734502 0.0871512170078 0) (0.00468702496734 0.0880463096067 0))
    polyLine 5 9 ((-0.274492894916 0.089564506469 -0.03) (-0.274206176206 0.0930808041121 -0.03) (-0.273908276091 0.0965987649228 -0.03) (-0.273599173404 0.10011845279 -0.03) (-0.273278846163 0.103639931748 -0.03) (-0.272947271566 0.107163265984 -0.03) (-0.272604425989 0.110688519841 -0.03) (-0.27225028498 0.114215757825 -0.03) (-0.271884823255 0.117745044611 -0.03) (-0.271508014694 0.121276445047 -0.03) (-0.271119832338 0.124810024161 -0.03) (-0.270720248383 0.128345847166 -0.03) (-0.270309234172 0.131883979466 -0.03) (-0.269886760197 0.135424486662 -0.03) (-0.26945279609 0.138967434557 -0.03) (-0.269007310616 0.142512889162 -0.03) (-0.26855027167 0.146060916702 -0.03) (-0.268081646274 0.149611583623 -0.03) (-0.267601400564 0.153164956596 -0.03) (-0.267109499791 0.156721102524 -0.03) (-0.266605908313 0.160280088548 -0.03) (-0.266090589586 0.163841982051 -0.03) (-0.265563506162 0.167406850669 -0.03))
    polyLine 7 11 ((-0.274492894916 0.089564506469 0) (-0.274206176206 0.0930808041121 0) (-0.273908276091 0.0965987649228 0) (-0.273599173404 0.10011845279 0) (-0.273278846163 0.103639931748 0) (-0.272947271566 0.107163265984 0) (-0.272604425989 0.110688519841 0) (-0.27225028498 0.114215757825 0) (-0.271884823255 0.117745044611 0) (-0.271508014694 0.121276445047 0) (-0.271119832338 0.124810024161 0) (-0.270720248383 0.128345847166 0) (-0.270309234172 0.131883979466 0) (-0.269886760197 0.135424486662 0) (-0.26945279609 0.138967434557 0) (-0.269007310616 0.142512889162 0) (-0.26855027167 0.146060916702 0) (-0.268081646274 0.149611583623 0) (-0.267601400564 0.153164956596 0) (-0.267109499791 0.156721102524 0) (-0.266605908313 0.160280088548 0) (-0.266090589586 0.163841982051 0) (-0.265563506162 0.167406850669 0))
    polyLine 8 12 ((0.00478307404567 0.0889412984834 -0.03) (0.00488009446687 0.0898361825836 -0.03) (0.00497808611663 0.0907309608531 -0.03) (0.00507704887952 0.0916256322377 -0.03) (0.00517698263896 0.0925201956835 -0.03) (0.00527788727722 0.0934146501367 -0.03) (0.00537976267543 0.0943089945436 -0.03) (0.00548260871358 0.0952032278506 -0.03) (0.00558642527051 0.0960973490042 -0.03) (0.00569121222393 0.0969913569512 -0.03) (0.00579696945038 0.0978852506384 -0.03) (0.00590369682528 0.0987790290127 -0.03) (0.0060113942229 0.0996726910212 -0.03) (0.00612006151637 0.100566235611 -0.03) (0.00622969857768 0.10145966173 -0.03) (0.00634030527767 0.102352968325 -0.03) (0.00645188148603 0.103246154344 -0.03) (0.00656442707133 0.104139218735 -0.03) (0.00667794190099 0.105032160445 -0.03) (0.00679242584128 0.105924978424 -0.03) (0.00690787875733 0.106817671618 -0.03) (0.00702430051313 0.107710238976 -0.03) (0.00714169097154 0.108602679448 -0.03) (0.00726004999426 0.109494991981 -0.03) (0.00737937744186 0.110387175524 -0.03) (0.00749967317377 0.111279229027 -0.03) (0.00762093704828 0.112171151438 -0.03) (0.00774316892253 0.113062941707 -0.03) (0.00786636865253 0.113954598783 -0.03) (0.00799053609314 0.114846121616 -0.03) (0.00811567109809 0.115737509156 -0.03) (0.00824177351996 0.116628760352 -0.03) (0.0083688432102 0.117519874154 -0.03) (0.00849688001912 0.118410849513 -0.03) (0.00862588379589 0.119301685379 -0.03) (0.00875585438853 0.120192380703 -0.03) (0.00888679164393 0.121082934435 -0.03) (0.00901869540785 0.121973345527 -0.03) (0.00915156552489 0.122863612929 -0.03) (0.00928540183852 0.123753735592 -0.03) (0.0094202041911 0.124643712469 -0.03) (0.0095559724238 0.12553354251 -0.03) (0.00969270637669 0.126423224667 -0.03) (0.00983040588869 0.127312757893 -0.03) (0.00996907079759 0.128202141138 -0.03) (0.01010870094 0.129091373357 -0.03) (0.0102492961515 0.1299804535 -0.03) (0.0103908562665 0.130869380521 -0.03) (0.010533381118 0.131758153373 -0.03))
    polyLine 10 14 ((0.00478307404567 0.0889412984834 0) (0.00488009446687 0.0898361825836 0) (0.00497808611663 0.0907309608531 0) (0.00507704887952 0.0916256322377 0) (0.00517698263896 0.0925201956835 0) (0.00527788727722 0.0934146501367 0) (0.00537976267543 0.0943089945436 0) (0.00548260871358 0.0952032278506 0) (0.00558642527051 0.0960973490042 0) (0.00569121222393 0.0969913569512 0) (0.00579696945038 0.0978852506384 0) (0.00590369682528 0.0987790290127 0) (0.0060113942229 0.0996726910212 0) (0.00612006151637 0.100566235611 0) (0.00622969857768 0.10145966173 0) (0.00634030527767 0.102352968325 0) (0.00645188148603 0.103246154344 0) (0.00656442707133 0.104139218735 0) (0.00667794190099 0.105032160445 0) (0.00679242584128 0.105924978424 0) (0.00690787875733 0.106817671618 0) (0.00702430051313 0.107710238976 0) (0.00714169097154 0.108602679448 0) (0.00726004999426 0.109494991981 0) (0.00737937744186 0.110387175524 0) (0.00749967317377 0.111279229027 0) (0.00762093704828 0.112171151438 0) (0.00774316892253 0.113062941707 0) (0.00786636865253 0.113954598783 0) (0.00799053609314 0.114846121616 0) (0.00811567109809 0.115737509156 0) (0.00824177351996 0.116628760352 0) (0.0083688432102 0.117519874154 0) (0.00849688001912 0.118410849513 0) (0.00862588379589 0.119301685379 0) (0.00875585438853 0.120192380703 0) (0.00888679164393 0.121082934435 0) (0.00901869540785 0.121973345527 0) (0.00915156552489 0.122863612929 0) (0.00928540183852 0.123753735592 0) (0.0094202041911 0.124643712469 0) (0.0095559724238 0.12553354251 0) (0.00969270637669 0.126423224667 0) (0.00983040588869 0.127312757893 0) (0.00996907079759 0.128202141138 0) (0.01010870094 0.129091373357 0) (0.0102492961515 0.1299804535 0) (0.0103908562665 0.130869380521 0) (0.010533381118 0.131758153373 0))
    polyLine 9 13 ((-0.264498414575 0.174388323692 -0.03) (-0.263961352944 0.1778047878 -0.03) (-0.263413398904 0.181224214607 -0.03) (-0.262854515788 0.184646664337 -0.03) (-0.262284666138 0.188072197452 -0.03) (-0.261703811698 0.191500874659 -0.03) (-0.261111913413 0.194932756917 -0.03) (-0.260508931414 0.198367905435 -0.03) (-0.259894825019 0.201806381683 -0.03) (-0.259269552725 0.205248247397 -0.03) (-0.258633072196 0.208693564583 -0.03) (-0.257985340264 0.212142395521 -0.03) (-0.257326312917 0.215594802772 -0.03) (-0.256655945292 0.219050849184 -0.03) (-0.255974191668 0.222510597896 -0.03) (-0.255281005462 0.225974112345 -0.03) (-0.254576339216 0.229441456268 -0.03) (-0.253860144593 0.232912693714 -0.03) (-0.253132372365 0.236387889043 -0.03) (-0.25239297241 0.239867106936 -0.03) (-0.251641893702 0.243350412398 -0.03) (-0.250879084298 0.246837870765 -0.03) (-0.250104491337 0.250329547711 -0.03))
    polyLine 11 15 ((-0.264498414575 0.174388323692 0) (-0.263961352944 0.1778047878 0) (-0.263413398904 0.181224214607 0) (-0.262854515788 0.184646664337 0) (-0.262284666138 0.188072197452 0) (-0.261703811698 0.191500874659 0) (-0.261111913413 0.194932756917 0) (-0.260508931414 0.198367905435 0) (-0.259894825019 0.201806381683 0) (-0.259269552725 0.205248247397 0) (-0.258633072196 0.208693564583 0) (-0.257985340264 0.212142395521 0) (-0.257326312917 0.215594802772 0) (-0.256655945292 0.219050849184 0) (-0.255974191668 0.222510597896 0) (-0.255281005462 0.225974112345 0) (-0.254576339216 0.229441456268 0) (-0.253860144593 0.232912693714 0) (-0.253132372365 0.236387889043 0) (-0.25239297241 0.239867106936 0) (-0.251641893702 0.243350412398 0) (-0.250879084298 0.246837870765 0) (-0.250104491337 0.250329547711 0))
    polyLine 12 16 ((0.0106768705384 0.132646771008 -0.03) (0.0108213243585 0.133535232379 -0.03) (0.0109667424081 0.134423536441 -0.03) (0.0111131245159 0.135311682146 -0.03) (0.0112604705096 0.136199668448 -0.03) (0.0114087802155 0.137087494302 -0.03) (0.0115580534589 0.13797515866 -0.03) (0.011708290064 0.138862660478 -0.03) (0.0118594898537 0.139749998711 -0.03) (0.01201165265 0.140637172312 -0.03) (0.0121647782735 0.141524180236 -0.03) (0.012318866544 0.14241102144 -0.03) (0.0124739172799 0.143297694877 -0.03) (0.0126299302985 0.144184199503 -0.03) (0.012786905416 0.145070534275 -0.03) (0.0129448424476 0.145956698147 -0.03) (0.0131037412071 0.146842690077 -0.03) (0.0132636015074 0.14772850902 -0.03) (0.0134244231601 0.148614153932 -0.03) (0.0135862059758 0.149499623771 -0.03) (0.013748949764 0.150384917493 -0.03) (0.0139126543328 0.151270034055 -0.03) (0.0140773194895 0.152154972415 -0.03) (0.01424294504 0.153039731531 -0.03) (0.0144095307893 0.153924310359 -0.03) (0.014577076541 0.154808707857 -0.03) (0.0147455820979 0.155692922985 -0.03) (0.0149150472614 0.1565769547 -0.03) (0.0150854718319 0.157460801961 -0.03) (0.0152568556086 0.158344463727 -0.03) (0.0154291983896 0.159227938956 -0.03) (0.0156024999719 0.160111226608 -0.03) (0.0157767601513 0.160994325643 -0.03) (0.0159519787226 0.161877235019 -0.03) (0.0161281554793 0.162759953698 -0.03) (0.0163052902139 0.163642480638 -0.03) (0.0164833827177 0.164524814801 -0.03) (0.0166624327809 0.165406955147 -0.03) (0.0168424401926 0.166288900637 -0.03) (0.0170234047407 0.167170650231 -0.03) (0.0172053262121 0.168052202891 -0.03) (0.0173882043924 0.168933557579 -0.03) (0.0175720390662 0.169814713257 -0.03) (0.0177568300169 0.170695668885 -0.03) (0.0179425770269 0.171576423427 -0.03) (0.0181292798773 0.172456975845 -0.03) (0.0183169383482 0.173337325101 -0.03) (0.0185055522185 0.174217470159 -0.03) (0.018695121266 0.175097409982 -0.03))
    polyLine 14 18 ((0.0106768705384 0.132646771008 0) (0.0108213243585 0.133535232379 0) (0.0109667424081 0.134423536441 0) (0.0111131245159 0.135311682146 0) (0.0112604705096 0.136199668448 0) (0.0114087802155 0.137087494302 0) (0.0115580534589 0.13797515866 0) (0.011708290064 0.138862660478 0) (0.0118594898537 0.139749998711 0) (0.01201165265 0.140637172312 0) (0.0121647782735 0.141524180236 0) (0.012318866544 0.14241102144 0) (0.0124739172799 0.143297694877 0) (0.0126299302985 0.144184199503 0) (0.012786905416 0.145070534275 0) (0.0129448424476 0.145956698147 0) (0.0131037412071 0.146842690077 0) (0.0132636015074 0.14772850902 0) (0.0134244231601 0.148614153932 0) (0.0135862059758 0.149499623771 0) (0.013748949764 0.150384917493 0) (0.0139126543328 0.151270034055 0) (0.0140773194895 0.152154972415 0) (0.01424294504 0.153039731531 0) (0.0144095307893 0.153924310359 0) (0.014577076541 0.154808707857 0) (0.0147455820979 0.155692922985 0) (0.0149150472614 0.1565769547 0) (0.0150854718319 0.157460801961 0) (0.0152568556086 0.158344463727 0) (0.0154291983896 0.159227938956 0) (0.0156024999719 0.160111226608 0) (0.0157767601513 0.160994325643 0) (0.0159519787226 0.161877235019 0) (0.0161281554793 0.162759953698 0) (0.0163052902139 0.163642480638 0) (0.0164833827177 0.164524814801 0) (0.0166624327809 0.165406955147 0) (0.0168424401926 0.166288900637 0) (0.0170234047407 0.167170650231 0) (0.0172053262121 0.168052202891 0) (0.0173882043924 0.168933557579 0) (0.0175720390662 0.169814713257 0) (0.0177568300169 0.170695668885 0) (0.0179425770269 0.171576423427 0) (0.0181292798773 0.172456975845 0) (0.0183169383482 0.173337325101 0) (0.0185055522185 0.174217470159 0) (0.018695121266 0.175097409982 0))
    polyLine 13 17 ((-0.2485683354 0.257114105461 -0.03) (-0.247808065821 0.260406597828 -0.03) (-0.247037205386 0.263703041963 -0.03) (-0.246255706434 0.267003493758 -0.03) (-0.24546352055 0.270308009399 -0.03) (-0.244660598545 0.273616645364 -0.03) (-0.24384689046 0.276929458428 -0.03) (-0.243022345551 0.280246505674 -0.03) (-0.242186912285 0.28356784449 -0.03) (-0.241340538331 0.286893532578 -0.03) (-0.240483170552 0.290223627957 -0.03) (-0.239614754997 0.293558188971 -0.03) (-0.238735236893 0.29689727429 -0.03) (-0.237844560638 0.300240942914 -0.03) (-0.23694266979 0.303589254185 -0.03) (-0.236029507061 0.306942267785 -0.03) (-0.235105014303 0.310300043742 -0.03) (-0.234169132509 0.313662642438 -0.03) (-0.233221801792 0.317030124615 -0.03) (-0.232262961384 0.320402551374 -0.03) (-0.231292549626 0.323779984185 -0.03) (-0.230310503953 0.327162484895 -0.03) (-0.229316760891 0.330550115726 -0.03))
    polyLine 15 19 ((-0.2485683354 0.257114105461 0) (-0.247808065821 0.260406597828 0) (-0.247037205386 0.263703041963 0) (-0.246255706434 0.267003493758 0) (-0.24546352055 0.270308009399 0) (-0.244660598545 0.273616645364 0) (-0.24384689046 0.276929458428 0) (-0.243022345551 0.280246505674 0) (-0.242186912285 0.28356784449 0) (-0.241340538331 0.286893532578 0) (-0.240483170552 0.290223627957 0) (-0.239614754997 0.293558188971 0) (-0.238735236893 0.29689727429 0) (-0.237844560638 0.300240942914 0) (-0.23694266979 0.303589254185 0) (-0.236029507061 0.306942267785 0) (-0.235105014303 0.310300043742 0) (-0.234169132509 0.313662642438 0) (-0.233221801792 0.317030124615 0) (-0.232262961384 0.320402551374 0) (-0.231292549626 0.323779984185 0) (-0.230310503953 0.327162484895 0) (-0.229316760891 0.330550115726 0))
    polyLine 16 20 ((0.0188856452674 0.175977143532 -0.03) (0.0190771239982 0.176856669774 -0.03) (0.0192695572329 0.177735987672 -0.03) (0.0194629447448 0.178615096189 -0.03) (0.0196572863061 0.17949399429 -0.03) (0.0198525816878 0.18037268094 -0.03) (0.0200488306599 0.181251155104 -0.03) (0.0202460329911 0.182129415746 -0.03) (0.0204441884492 0.183007461832 -0.03) (0.0206432968007 0.183885292328 -0.03) (0.0208433578111 0.184762906199 -0.03) (0.0210443712446 0.185640302412 -0.03) (0.0212463368646 0.186517479933 -0.03) (0.021449254433 0.187394437728 -0.03) (0.0216531237108 0.188271174766 -0.03) (0.0218579444578 0.189147690012 -0.03) (0.0220637164328 0.190023982434 -0.03) (0.0222704393934 0.190900051 -0.03) (0.0224781130959 0.191775894678 -0.03) (0.0226867372959 0.192651512436 -0.03) (0.0228963117475 0.193526903242 -0.03) (0.0231068362037 0.194402066066 -0.03) (0.0233183104167 0.195276999876 -0.03) (0.0235307341373 0.196151703642 -0.03) (0.0237441071152 0.197026176333 -0.03) (0.0239584290991 0.197900416919 -0.03) (0.0241736998365 0.19877442437 -0.03) (0.0243899190738 0.199648197657 -0.03) (0.0246070865563 0.200521735749 -0.03) (0.0248252020281 0.201395037619 -0.03) (0.0250442652324 0.202268102237 -0.03) (0.025264275911 0.203140928575 -0.03) (0.0254852338047 0.204013515605 -0.03) (0.0257071386533 0.204885862298 -0.03) (0.0259299901954 0.205757967627 -0.03) (0.0261537881683 0.206629830565 -0.03) (0.0263785323086 0.207501450084 -0.03) (0.0266042223513 0.208372825158 -0.03) (0.0268308580308 0.20924395476 -0.03) (0.0270584390798 0.210114837864 -0.03) (0.0272869652305 0.210985473444 -0.03) (0.0275164362135 0.211855860475 -0.03) (0.0277468517585 0.21272599793 -0.03) (0.027978211594 0.213595884786 -0.03) (0.0282105154476 0.214465520017 -0.03) (0.0284437630456 0.215334902598 -0.03) (0.0286779541132 0.216204031506 -0.03) (0.0289130883745 0.217072905717 -0.03) (0.0291491655525 0.217941524207 -0.03))
    polyLine 18 22 ((0.0188856452674 0.175977143532 0) (0.0190771239982 0.176856669774 0) (0.0192695572329 0.177735987672 0) (0.0194629447448 0.178615096189 0) (0.0196572863061 0.17949399429 0) (0.0198525816878 0.18037268094 0) (0.0200488306599 0.181251155104 0) (0.0202460329911 0.182129415746 0) (0.0204441884492 0.183007461832 0) (0.0206432968007 0.183885292328 0) (0.0208433578111 0.184762906199 0) (0.0210443712446 0.185640302412 0) (0.0212463368646 0.186517479933 0) (0.021449254433 0.187394437728 0) (0.0216531237108 0.188271174766 0) (0.0218579444578 0.189147690012 0) (0.0220637164328 0.190023982434 0) (0.0222704393934 0.190900051 0) (0.0224781130959 0.191775894678 0) (0.0226867372959 0.192651512436 0) (0.0228963117475 0.193526903242 0) (0.0231068362037 0.194402066066 0) (0.0233183104167 0.195276999876 0) (0.0235307341373 0.196151703642 0) (0.0237441071152 0.197026176333 0) (0.0239584290991 0.197900416919 0) (0.0241736998365 0.19877442437 0) (0.0243899190738 0.199648197657 0) (0.0246070865563 0.200521735749 0) (0.0248252020281 0.201395037619 0) (0.0250442652324 0.202268102237 0) (0.025264275911 0.203140928575 0) (0.0254852338047 0.204013515605 0) (0.0257071386533 0.204885862298 0) (0.0259299901954 0.205757967627 0) (0.0261537881683 0.206629830565 0) (0.0263785323086 0.207501450084 0) (0.0266042223513 0.208372825158 0) (0.0268308580308 0.20924395476 0) (0.0270584390798 0.210114837864 0) (0.0272869652305 0.210985473444 0) (0.0275164362135 0.211855860475 0) (0.0277468517585 0.21272599793 0) (0.027978211594 0.213595884786 0) (0.0282105154476 0.214465520017 0) (0.0284437630456 0.215334902598 0) (0.0286779541132 0.216204031506 0) (0.0289130883745 0.217072905717 0) (0.0291491655525 0.217941524207 0))
    polyLine 17 21 ((-0.227367598751 0.337096079355 -0.03) (-0.226413703865 0.340253795926 -0.03) (-0.225449517746 0.343416139941 -0.03) (-0.224474986044 0.346583162645 -0.03) (-0.223490053687 0.349754915588 -0.03) (-0.222494664876 0.352931450626 -0.03) (-0.221488763077 0.356112819933 -0.03) (-0.220472291011 0.359299075995 -0.03) (-0.219445190647 0.362490271622 -0.03) (-0.218407403195 0.365686459949 -0.03) (-0.217358869099 0.368887694441 -0.03) (-0.216299528024 0.372094028894 -0.03) (-0.215229318852 0.375305517445 -0.03) (-0.214148179674 0.378522214573 -0.03) (-0.213056047775 0.381744175104 -0.03) (-0.211952859634 0.384971454212 -0.03) (-0.210838550908 0.388204107431 -0.03) (-0.209713056427 0.391442190653 -0.03) (-0.208576310181 0.394685760135 -0.03) (-0.207428245316 0.397934872504 -0.03) (-0.20626879412 0.40118958476 -0.03) (-0.205097888015 0.404449954283 -0.03) (-0.203915457545 0.407716038837 -0.03))
    polyLine 19 23 ((-0.227367598751 0.337096079355 0) (-0.226413703865 0.340253795926 0) (-0.225449517746 0.343416139941 0) (-0.224474986044 0.346583162645 0) (-0.223490053687 0.349754915588 0) (-0.222494664876 0.352931450626 0) (-0.221488763077 0.356112819933 0) (-0.220472291011 0.359299075995 0) (-0.219445190647 0.362490271622 0) (-0.218407403195 0.365686459949 0) (-0.217358869099 0.368887694441 0) (-0.216299528024 0.372094028894 0) (-0.215229318852 0.375305517445 0) (-0.214148179674 0.378522214573 0) (-0.213056047775 0.381744175104 0) (-0.211952859634 0.384971454212 0) (-0.210838550908 0.388204107431 0) (-0.209713056427 0.391442190653 0) (-0.208576310181 0.394685760135 0) (-0.207428245316 0.397934872504 0) (-0.20626879412 0.40118958476 0) (-0.205097888015 0.404449954283 0) (-0.203915457545 0.407716038837 0))
    polyLine 20 24 ((0.029386185369 0.218809885952 -0.03) (0.029624147545 0.219677989931 -0.03) (0.0298630518 0.22054583512 -0.03) (0.0301028978526 0.221413420497 -0.03) (0.0303436854203 0.222280745039 -0.03) (0.0305854142194 0.223147807726 -0.03) (0.0308280839651 0.224014607535 -0.03) (0.0310716943716 0.224881143446 -0.03) (0.0313162451518 0.225747414437 -0.03) (0.0315617360178 0.226613419489 -0.03) (0.0318081666802 0.227479157581 -0.03) (0.0320555368489 0.228344627693 -0.03) (0.0323038462322 0.229209828805 -0.03) (0.0325530945379 0.230074759899 -0.03) (0.0328032814722 0.230939419955 -0.03) (0.0330544067404 0.231803807955 -0.03) (0.0333064700466 0.232667922881 -0.03) (0.033559471094 0.233531763714 -0.03) (0.0338134095844 0.234395329437 -0.03) (0.0340682852187 0.235258619033 -0.03) (0.0343240976968 0.236121631484 -0.03) (0.0345808467171 0.236984365774 -0.03) (0.0348385319773 0.237846820887 -0.03) (0.0350971531738 0.238708995806 -0.03) (0.0353567100019 0.239570889516 -0.03) (0.0356172021559 0.240432501002 -0.03) (0.0358786293288 0.241293829249 -0.03) (0.0361409912128 0.242154873241 -0.03) (0.0364042874987 0.243015631965 -0.03) (0.0366685178763 0.243876104406 -0.03) (0.0369336820345 0.244736289552 -0.03) (0.0371997796607 0.245596186387 -0.03) (0.0374668104416 0.246455793901 -0.03) (0.0377347740626 0.247315111079 -0.03) (0.038003670208 0.24817413691 -0.03) (0.038273498561 0.249032870381 -0.03) (0.0385442588037 0.249891310481 -0.03) (0.0388159506172 0.250749456199 -0.03) (0.0390885736815 0.251607306524 -0.03) (0.0393621276753 0.252464860445 -0.03) (0.0396366122765 0.253322116952 -0.03) (0.0399120271615 0.254179075035 -0.03) (0.0401883720061 0.255035733685 -0.03) (0.0404656464847 0.255892091891 -0.03) (0.0407438502705 0.256748148647 -0.03) (0.041022983036 0.257603902942 -0.03) (0.0413030444521 0.25845935377 -0.03) (0.0415840341891 0.259314500121 -0.03) (0.041865951916 0.26016934099 -0.03))
    polyLine 22 26 ((0.029386185369 0.218809885952 0) (0.029624147545 0.219677989931 0) (0.0298630518 0.22054583512 0) (0.0301028978526 0.221413420497 0) (0.0303436854203 0.222280745039 0) (0.0305854142194 0.223147807726 0) (0.0308280839651 0.224014607535 0) (0.0310716943716 0.224881143446 0) (0.0313162451518 0.225747414437 0) (0.0315617360178 0.226613419489 0) (0.0318081666802 0.227479157581 0) (0.0320555368489 0.228344627693 0) (0.0323038462322 0.229209828805 0) (0.0325530945379 0.230074759899 0) (0.0328032814722 0.230939419955 0) (0.0330544067404 0.231803807955 0) (0.0333064700466 0.232667922881 0) (0.033559471094 0.233531763714 0) (0.0338134095844 0.234395329437 0) (0.0340682852187 0.235258619033 0) (0.0343240976968 0.236121631484 0) (0.0345808467171 0.236984365774 0) (0.0348385319773 0.237846820887 0) (0.0350971531738 0.238708995806 0) (0.0353567100019 0.239570889516 0) (0.0356172021559 0.240432501002 0) (0.0358786293288 0.241293829249 0) (0.0361409912128 0.242154873241 0) (0.0364042874987 0.243015631965 0) (0.0366685178763 0.243876104406 0) (0.0369336820345 0.244736289552 0) (0.0371997796607 0.245596186387 0) (0.0374668104416 0.246455793901 0) (0.0377347740626 0.247315111079 0) (0.038003670208 0.24817413691 0) (0.038273498561 0.249032870381 0) (0.0385442588037 0.249891310481 0) (0.0388159506172 0.250749456199 0) (0.0390885736815 0.251607306524 0) (0.0393621276753 0.252464860445 0) (0.0396366122765 0.253322116952 0) (0.0399120271615 0.254179075035 0) (0.0401883720061 0.255035733685 0) (0.0404656464847 0.255892091891 0) (0.0407438502705 0.256748148647 0) (0.041022983036 0.257603902942 0) (0.0413030444521 0.25845935377 0) (0.0415840341891 0.259314500121 0) (0.041865951916 0.26016934099 0))
    polyLine 21 25 ((-0.201611493808 0.414006226737 -0.03) (-0.200491604769 0.417029548952 -0.03) (-0.199361708274 0.420057909532 -0.03) (-0.198221746678 0.423091355089 -0.03) (-0.19707166166 0.426129932526 -0.03) (-0.195911394222 0.429173689052 -0.03) (-0.194740884677 0.432222672174 -0.03) (-0.193560072641 0.43527692971 -0.03) (-0.192368897029 0.438336509786 -0.03) (-0.191167296046 0.441401460843 -0.03) (-0.189955207176 0.444471831641 -0.03) (-0.18873256718 0.447547671258 -0.03) (-0.187499312083 0.450629029101 -0.03) (-0.186255377167 0.453715954903 -0.03) (-0.185000696964 0.45680849873 -0.03) (-0.183735205248 0.459906710985 -0.03) (-0.182458835024 0.463010642412 -0.03) (-0.181171518522 0.466120344097 -0.03) (-0.179873187186 0.469235867476 -0.03) (-0.178563771667 0.472357264336 -0.03) (-0.177243201813 0.475484586821 -0.03) (-0.175911406659 0.478617887434 -0.03) (-0.174568314421 0.481757219043 -0.03))
    polyLine 23 27 ((-0.201611493808 0.414006226737 0) (-0.200491604769 0.417029548952 0) (-0.199361708274 0.420057909532 0) (-0.198221746678 0.423091355089 0) (-0.19707166166 0.426129932526 0) (-0.195911394222 0.429173689052 0) (-0.194740884677 0.432222672174 0) (-0.193560072641 0.43527692971 0) (-0.192368897029 0.438336509786 0) (-0.191167296046 0.441401460843 0) (-0.189955207176 0.444471831641 0) (-0.18873256718 0.447547671258 0) (-0.187499312083 0.450629029101 0) (-0.186255377167 0.453715954903 0) (-0.185000696964 0.45680849873 0) (-0.183735205248 0.459906710985 0) (-0.182458835024 0.463010642412 0) (-0.181171518522 0.466120344097 0) (-0.179873187186 0.469235867476 0) (-0.178563771667 0.472357264336 0) (-0.177243201813 0.475484586821 0) (-0.175911406659 0.478617887434 0) (-0.174568314421 0.481757219043 0))
    polyLine 24 28 ((0.0421487973005 0.261023875368 -0.03) (0.0424325700095 0.261878102249 -0.03) (0.0427172697087 0.262732020627 -0.03) (0.0430028960627 0.263585629495 -0.03) (0.043289448735 0.264438927849 -0.03) (0.0435769273881 0.265291914683 -0.03) (0.0438653316833 0.266144588992 -0.03) (0.0441546612809 0.266996949772 -0.03) (0.0444449158399 0.267848996019 -0.03) (0.0447360950186 0.268700726728 -0.03) (0.0450281984737 0.269552140896 -0.03) (0.0453212258613 0.270403237521 -0.03) (0.0456151768362 0.2712540156 -0.03) (0.045910051052 0.27210447413 -0.03) (0.0462058481614 0.27295461211 -0.03) (0.0465025678159 0.273804428538 -0.03) (0.046800209666 0.274653922413 -0.03) (0.047098773361 0.275503092735 -0.03) (0.0473982585492 0.276351938502 -0.03) (0.0476986648778 0.277200458716 -0.03) (0.047999991993 0.278048652376 -0.03) (0.0483022395397 0.278896518483 -0.03) (0.0486054071619 0.279744056038 -0.03) (0.0489094945024 0.280591264043 -0.03) (0.0492145012031 0.2814381415 -0.03) (0.0495204269045 0.282284687412 -0.03) (0.0498272712464 0.28313090078 -0.03) (0.0501350338672 0.283976780609 -0.03) (0.0504437144043 0.284822325901 -0.03) (0.0507533124942 0.28566753566 -0.03) (0.0510638277722 0.286512408892 -0.03) (0.0513752598723 0.287356944599 -0.03) (0.0516876084278 0.288201141789 -0.03) (0.0520008730706 0.289044999466 -0.03) (0.0523150534318 0.289888516635 -0.03) (0.0526301491413 0.290731692304 -0.03) (0.0529461598277 0.291574525479 -0.03) (0.0532630851189 0.292417015167 -0.03) (0.0535809246415 0.293259160376 -0.03) (0.0538996780211 0.294100960114 -0.03) (0.0542193448821 0.294942413388 -0.03) (0.0545399248481 0.295783519208 -0.03) (0.0548614175412 0.296624276583 -0.03) (0.0551838225829 0.297464684522 -0.03) (0.0555071395933 0.298304742035 -0.03) (0.0558313681915 0.299144448133 -0.03) (0.0561565079955 0.299983801826 -0.03) (0.0564825586224 0.300822802127 -0.03) (0.056809519688 0.301661448045 -0.03))
    polyLine 26 30 ((0.0421487973005 0.261023875368 0) (0.0424325700095 0.261878102249 0) (0.0427172697087 0.262732020627 0) (0.0430028960627 0.263585629495 0) (0.043289448735 0.264438927849 0) (0.0435769273881 0.265291914683 0) (0.0438653316833 0.266144588992 0) (0.0441546612809 0.266996949772 0) (0.0444449158399 0.267848996019 0) (0.0447360950186 0.268700726728 0) (0.0450281984737 0.269552140896 0) (0.0453212258613 0.270403237521 0) (0.0456151768362 0.2712540156 0) (0.045910051052 0.27210447413 0) (0.0462058481614 0.27295461211 0) (0.0465025678159 0.273804428538 0) (0.046800209666 0.274653922413 0) (0.047098773361 0.275503092735 0) (0.0473982585492 0.276351938502 0) (0.0476986648778 0.277200458716 0) (0.047999991993 0.278048652376 0) (0.0483022395397 0.278896518483 0) (0.0486054071619 0.279744056038 0) (0.0489094945024 0.280591264043 0) (0.0492145012031 0.2814381415 0) (0.0495204269045 0.282284687412 0) (0.0498272712464 0.28313090078 0) (0.0501350338672 0.283976780609 0) (0.0504437144043 0.284822325901 0) (0.0507533124942 0.28566753566 0) (0.0510638277722 0.286512408892 0) (0.0513752598723 0.287356944599 0) (0.0516876084278 0.288201141789 0) (0.0520008730706 0.289044999466 0) (0.0523150534318 0.289888516635 0) (0.0526301491413 0.290731692304 0) (0.0529461598277 0.291574525479 0) (0.0532630851189 0.292417015167 0) (0.0535809246415 0.293259160376 0) (0.0538996780211 0.294100960114 0) (0.0542193448821 0.294942413388 0) (0.0545399248481 0.295783519208 0) (0.0548614175412 0.296624276583 0) (0.0551838225829 0.297464684522 0) (0.0555071395933 0.298304742035 0) (0.0558313681915 0.299144448133 0) (0.0561565079955 0.299983801826 0) (0.0564825586224 0.300822802127 0) (0.056809519688 0.301661448045 0))
    polyLine 25 29 ((-0.171960734174 0.48779472326 -0.03) (-0.170697920408 0.490692022977 -0.03) (-0.169425353165 0.493594576027 -0.03) (-0.16814297381 0.496502424669 -0.03) (-0.166850723086 0.499415611441 -0.03) (-0.165548541105 0.50233417916 -0.03) (-0.164236367347 0.505258170924 -0.03) (-0.162914140644 0.508187630116 -0.03) (-0.161581799184 0.511122600407 -0.03) (-0.160239280493 0.514063125759 -0.03) (-0.158886521436 0.517009250427 -0.03) (-0.157523458207 0.519961018965 -0.03) (-0.15615002632 0.522918476225 -0.03) (-0.154766160604 0.525881667363 -0.03) (-0.153371795194 0.528850637844 -0.03) (-0.151966863523 0.531825433439 -0.03) (-0.150551298318 0.534806100234 -0.03) (-0.149125031586 0.537792684631 -0.03) (-0.147687994609 0.540785233353 -0.03) (-0.14624011794 0.543783793445 -0.03) (-0.144781331387 0.546788412279 -0.03) (-0.143311564009 0.549799137556 -0.03) (-0.14183074411 0.552816017313 -0.03))
    polyLine 27 31 ((-0.171960734174 0.48779472326 0) (-0.170697920408 0.490692022977 0) (-0.169425353165 0.493594576027 0) (-0.16814297381 0.496502424669 0) (-0.166850723086 0.499415611441 0) (-0.165548541105 0.50233417916 0) (-0.164236367347 0.505258170924 0) (-0.162914140644 0.508187630116 0) (-0.161581799184 0.511122600407 0) (-0.160239280493 0.514063125759 0) (-0.158886521436 0.517009250427 0) (-0.157523458207 0.519961018965 0) (-0.15615002632 0.522918476225 0) (-0.154766160604 0.525881667363 0) (-0.153371795194 0.528850637844 0) (-0.151966863523 0.531825433439 0) (-0.150551298318 0.534806100234 0) (-0.149125031586 0.537792684631 0) (-0.147687994609 0.540785233353 0) (-0.14624011794 0.543783793445 0) (-0.144781331387 0.546788412279 0) (-0.143311564009 0.549799137556 0) (-0.14183074411 0.552816017313 0))
    polyLine 28 32 ((0.0571373908071 0.302499738594 -0.03) (0.0574661715936 0.303337672785 -0.03) (0.05779586166 0.304175249633 -0.03) (0.0581264606181 0.305012468149 -0.03) (0.0584579680783 0.305849327348 -0.03) (0.0587903836501 0.306685826243 -0.03) (0.059123706942 0.30752196385 -0.03) (0.0594579375612 0.308357739184 -0.03) (0.059793075114 0.309193151259 -0.03) (0.0601291192056 0.310028199092 -0.03) (0.0604660694401 0.310862881699 -0.03) (0.0608039254206 0.311697198097 -0.03) (0.0611426867491 0.312531147302 -0.03) (0.0614823530265 0.313364728333 -0.03) (0.0618229238527 0.314197940207 -0.03) (0.0621643988264 0.315030781943 -0.03) (0.0625067775454 0.31586325256 -0.03) (0.0628500596064 0.316695351076 -0.03) (0.0631942446049 0.317527076513 -0.03) (0.0635393321355 0.318358427889 -0.03) (0.0638853217917 0.319189404226 -0.03) (0.0642322131658 0.320020004545 -0.03) (0.0645800058492 0.320850227867 -0.03) (0.0649286994323 0.321680073214 -0.03) (0.0652782935042 0.322509539609 -0.03) (0.065628787653 0.323338626074 -0.03) (0.065980181466 0.324167331633 -0.03) (0.0663324745291 0.324995655309 -0.03) (0.0666856664273 0.325823596127 -0.03) (0.0670397567445 0.326651153111 -0.03) (0.0673947450637 0.327478325286 -0.03) (0.0677506309666 0.328305111679 -0.03) (0.068107414034 0.329131511315 -0.03) (0.0684650938455 0.32995752322 -0.03) (0.0688236699799 0.330783146421 -0.03) (0.0691831420146 0.331608379946 -0.03) (0.0695435095262 0.332433222823 -0.03) (0.0699047720903 0.33325767408 -0.03) (0.0702669292811 0.334081732745 -0.03) (0.0706299806722 0.334905397849 -0.03) (0.0709939258357 0.33572866842 -0.03) (0.0713587643429 0.336551543488 -0.03) (0.0717244957641 0.337374022085 -0.03) (0.0720911196683 0.338196103241 -0.03) (0.0724586356238 0.339017785989 -0.03) (0.0728270431975 0.339839069359 -0.03) (0.0731963419555 0.340659952385 -0.03) (0.0735665314627 0.3414804341 -0.03) (0.073937611283 0.342300513536 -0.03))
    polyLine 30 34 ((0.0571373908071 0.302499738594 0) (0.0574661715936 0.303337672785 0) (0.05779586166 0.304175249633 0) (0.0581264606181 0.305012468149 0) (0.0584579680783 0.305849327348 0) (0.0587903836501 0.306685826243 0) (0.059123706942 0.30752196385 0) (0.0594579375612 0.308357739184 0) (0.059793075114 0.309193151259 0) (0.0601291192056 0.310028199092 0) (0.0604660694401 0.310862881699 0) (0.0608039254206 0.311697198097 0) (0.0611426867491 0.312531147302 0) (0.0614823530265 0.313364728333 0) (0.0618229238527 0.314197940207 0) (0.0621643988264 0.315030781943 0) (0.0625067775454 0.31586325256 0) (0.0628500596064 0.316695351076 0) (0.0631942446049 0.317527076513 0) (0.0635393321355 0.318358427889 0) (0.0638853217917 0.319189404226 0) (0.0642322131658 0.320020004545 0) (0.0645800058492 0.320850227867 0) (0.0649286994323 0.321680073214 0) (0.0652782935042 0.322509539609 0) (0.065628787653 0.323338626074 0) (0.065980181466 0.324167331633 0) (0.0663324745291 0.324995655309 0) (0.0666856664273 0.325823596127 0) (0.0670397567445 0.326651153111 0) (0.0673947450637 0.327478325286 0) (0.0677506309666 0.328305111679 0) (0.068107414034 0.329131511315 0) (0.0684650938455 0.32995752322 0) (0.0688236699799 0.330783146421 0) (0.0691831420146 0.331608379946 0) (0.0695435095262 0.332433222823 0) (0.0699047720903 0.33325767408 0) (0.0702669292811 0.334081732745 0) (0.0706299806722 0.334905397849 0) (0.0709939258357 0.33572866842 0) (0.0713587643429 0.336551543488 0) (0.0717244957641 0.337374022085 0) (0.0720911196683 0.338196103241 0) (0.0724586356238 0.339017785989 0) (0.0728270431975 0.339839069359 0) (0.0731963419555 0.340659952385 0) (0.0735665314627 0.3414804341 0) (0.073937611283 0.342300513536 0))
    polyLine 29 33 ((-0.138960049228 0.558618360278 -0.03) (-0.137571814781 0.561402921438 -0.03) (-0.13617403817 0.56419282153 -0.03) (-0.134766661114 0.566988098931 -0.03) (-0.133349624759 0.569788792271 -0.03) (-0.131922869671 0.572594940433 -0.03) (-0.13048633583 0.575406582554 -0.03) (-0.129039962627 0.578223758034 -0.03) (-0.127583688853 0.581046506531 -0.03) (-0.126117452696 0.583874867968 -0.03) (-0.124641191733 0.586708882534 -0.03) (-0.123154842924 0.589548590688 -0.03) (-0.121658342606 0.592394033161 -0.03) (-0.120151626483 0.595245250957 -0.03) (-0.118634629625 0.598102285357 -0.03) (-0.117107286457 0.600965177925 -0.03) (-0.115569530752 0.603833970504 -0.03) (-0.114021295627 0.606708705225 -0.03) (-0.112462513531 0.609589424505 -0.03) (-0.110893116243 0.612476171055 -0.03) (-0.109313034862 0.615368987877 -0.03) (-0.107722199798 0.618267918274 -0.03) (-0.106120540769 0.621173005844 -0.03))
    polyLine 31 35 ((-0.138960049228 0.558618360278 0) (-0.137571814781 0.561402921438 0) (-0.13617403817 0.56419282153 0) (-0.134766661114 0.566988098931 0) (-0.133349624759 0.569788792271 0) (-0.131922869671 0.572594940433 0) (-0.13048633583 0.575406582554 0) (-0.129039962627 0.578223758034 0) (-0.127583688853 0.581046506531 0) (-0.126117452696 0.583874867968 0) (-0.124641191733 0.586708882534 0) (-0.123154842924 0.589548590688 0) (-0.121658342606 0.592394033161 0) (-0.120151626483 0.595245250957 0) (-0.118634629625 0.598102285357 0) (-0.117107286457 0.600965177925 0) (-0.115569530752 0.603833970504 0) (-0.114021295627 0.606708705225 0) (-0.112462513531 0.609589424505 0) (-0.110893116243 0.612476171055 0) (-0.109313034862 0.615368987877 0) (-0.107722199798 0.618267918274 0) (-0.106120540769 0.621173005844 0))
    polyLine 32 36 ((0.0743095809792 0.343120189728 -0.03) (0.0746824401132 0.34393946171 -0.03) (0.0750561882457 0.344758328518 -0.03) (0.0754308249365 0.345576789186 -0.03) (0.0758063497441 0.34639484275 -0.03) (0.0761827622262 0.347212488247 -0.03) (0.0765600619394 0.348029724712 -0.03) (0.0769382484392 0.348846551185 -0.03) (0.0773173212801 0.349662966702 -0.03) (0.0776972800155 0.350478970301 -0.03) (0.0780781241978 0.351294561022 -0.03) (0.0784598533784 0.352109737903 -0.03) (0.0788424671075 0.352924499985 -0.03) (0.0792259649345 0.353738846306 -0.03) (0.0796103464075 0.354552775909 -0.03) (0.0799956110738 0.355366287834 -0.03) (0.0803817584794 0.356179381122 -0.03) (0.0807687881695 0.356992054817 -0.03) (0.0811566996882 0.35780430796 -0.03) (0.0815454925784 0.358616139595 -0.03) (0.0819351663822 0.359427548765 -0.03) (0.0823257206405 0.360238534515 -0.03) (0.0827171548932 0.361049095889 -0.03) (0.0831094686793 0.361859231932 -0.03) (0.0835026615364 0.36266894169 -0.03) (0.0838967330015 0.363478224208 -0.03) (0.0842916826102 0.364287078535 -0.03) (0.0846875098974 0.365095503716 -0.03) (0.0850842143967 0.3659034988 -0.03) (0.0854817956409 0.366711062834 -0.03) (0.0858802531614 0.367518194867 -0.03) (0.086279586489 0.368324893949 -0.03) (0.0866797951531 0.369131159128 -0.03) (0.0870808786825 0.369936989456 -0.03) (0.0874828366044 0.370742383983 -0.03) (0.0878856684455 0.37154734176 -0.03) (0.0882893737311 0.372351861839 -0.03) (0.0886939519857 0.373155943272 -0.03) (0.0890994027327 0.373959585112 -0.03) (0.0895057254945 0.374762786412 -0.03) (0.0899129197923 0.375565546226 -0.03) (0.0903209851465 0.376367863608 -0.03) (0.0907299210763 0.377169737613 -0.03) (0.0911397271001 0.377971167296 -0.03) (0.091550402735 0.378772151714 -0.03) (0.0919619474973 0.379572689923 -0.03) (0.0923743609021 0.380372780979 -0.03) (0.0927876424636 0.381172423941 -0.03) (0.093201791695 0.381971617865 -0.03))
    polyLine 34 38 ((0.0743095809792 0.343120189728 0) (0.0746824401132 0.34393946171 0) (0.0750561882457 0.344758328518 0) (0.0754308249365 0.345576789186 0) (0.0758063497441 0.34639484275 0) (0.0761827622262 0.347212488247 0) (0.0765600619394 0.348029724712 0) (0.0769382484392 0.348846551185 0) (0.0773173212801 0.349662966702 0) (0.0776972800155 0.350478970301 0) (0.0780781241978 0.351294561022 0) (0.0784598533784 0.352109737903 0) (0.0788424671075 0.352924499985 0) (0.0792259649345 0.353738846306 0) (0.0796103464075 0.354552775909 0) (0.0799956110738 0.355366287834 0) (0.0803817584794 0.356179381122 0) (0.0807687881695 0.356992054817 0) (0.0811566996882 0.35780430796 0) (0.0815454925784 0.358616139595 0) (0.0819351663822 0.359427548765 0) (0.0823257206405 0.360238534515 0) (0.0827171548932 0.361049095889 0) (0.0831094686793 0.361859231932 0) (0.0835026615364 0.36266894169 0) (0.0838967330015 0.363478224208 0) (0.0842916826102 0.364287078535 0) (0.0846875098974 0.365095503716 0) (0.0850842143967 0.3659034988 0) (0.0854817956409 0.366711062834 0) (0.0858802531614 0.367518194867 0) (0.086279586489 0.368324893949 0) (0.0866797951531 0.369131159128 0) (0.0870808786825 0.369936989456 0) (0.0874828366044 0.370742383983 0) (0.0878856684455 0.37154734176 0) (0.0882893737311 0.372351861839 0) (0.0886939519857 0.373155943272 0) (0.0890994027327 0.373959585112 0) (0.0895057254945 0.374762786412 0) (0.0899129197923 0.375565546226 0) (0.0903209851465 0.376367863608 0) (0.0907299210763 0.377169737613 0) (0.0911397271001 0.377971167296 0) (0.091550402735 0.378772151714 0) (0.0919619474973 0.379572689923 0) (0.0923743609021 0.380372780979 0) (0.0927876424636 0.381172423941 0) (0.093201791695 0.381971617865 0))
    polyLine 33 37 ((-0.103015647861 0.62676659001 -0.03) (-0.101513981593 0.629454199816 -0.03) (-0.100002931203 0.632147158729 -0.03) (-0.0984824393856 0.63484550179 -0.03) (-0.0969524483059 0.63754926427 -0.03) (-0.0954128995951 0.640258481666 -0.03) (-0.0938637343445 0.642973189708 -0.03) (-0.0923048931003 0.64569342436 -0.03) (-0.0907363158574 0.648419221821 -0.03) (-0.0891579420544 0.651150618527 -0.03) (-0.0875697105675 0.653887651155 -0.03) (-0.0859715597045 0.656630356624 -0.03) (-0.0843634271993 0.659378772097 -0.03) (-0.0827452502057 0.662132934984 -0.03) (-0.0811169652913 0.664892882945 -0.03) (-0.0794785084315 0.66765865389 -0.03) (-0.0778298150034 0.670430285984 -0.03) (-0.0761708197791 0.673207817647 -0.03) (-0.0745014569198 0.675991287559 -0.03) (-0.0728216599693 0.678780734659 -0.03) (-0.0711313618471 0.681576198152 -0.03) (-0.0694304948422 0.684377717507 -0.03) (-0.0677189906062 0.687185332461 -0.03))
    polyLine 35 39 ((-0.103015647861 0.62676659001 0) (-0.101513981593 0.629454199816 0) (-0.100002931203 0.632147158729 0) (-0.0984824393856 0.63484550179 0) (-0.0969524483059 0.63754926427 0) (-0.0954128995951 0.640258481666 0) (-0.0938637343445 0.642973189708 0) (-0.0923048931003 0.64569342436 0) (-0.0907363158574 0.648419221821 0) (-0.0891579420544 0.651150618527 0) (-0.0875697105675 0.653887651155 0) (-0.0859715597045 0.656630356624 0) (-0.0843634271993 0.659378772097 0) (-0.0827452502057 0.662132934984 0) (-0.0811169652913 0.664892882945 0) (-0.0794785084315 0.66765865389 0) (-0.0778298150034 0.670430285984 0) (-0.0761708197791 0.673207817647 0) (-0.0745014569198 0.675991287559 0) (-0.0728216599693 0.678780734659 0) (-0.0711313618471 0.681576198152 0) (-0.0694304948422 0.684377717507 0) (-0.0677189906062 0.687185332461 0))
    polyLine 36 40 ((0.0936168081083 0.382770361812 -0.03) (0.0940326912146 0.383568654838 -0.03) (0.0944494405241 0.384366496006 -0.03) (0.0948670555458 0.385163884373 -0.03) (0.0952855357876 0.385960819001 -0.03) (0.0957048807567 0.386757298952 -0.03) (0.096125089959 0.387553323287 -0.03) (0.0965461628994 0.388348891067 -0.03) (0.0969680990821 0.389144001357 -0.03) (0.0973908980098 0.389938653219 -0.03) (0.0978145591845 0.390732845717 -0.03) (0.0982390821071 0.391526577916 -0.03) (0.0986644662776 0.39231984888 -0.03) (0.0990907111947 0.393112657675 -0.03) (0.0995178163564 0.393905003367 -0.03) (0.0999457812596 0.394696885022 -0.03) (0.1003746054 0.395488301709 -0.03) (0.100804288272 0.396279252494 -0.03) (0.101234829371 0.397069736445 -0.03) (0.101666228188 0.397859752632 -0.03) (0.102098484215 0.398649300124 -0.03) (0.102531596944 0.39943837799 -0.03) (0.102965565864 0.400226985301 -0.03) (0.103400390464 0.401015121129 -0.03) (0.103836070231 0.401802784543 -0.03) (0.104272604653 0.402589974618 -0.03) (0.104709993215 0.403376690425 -0.03) (0.105148235401 0.404162931038 -0.03) (0.105587330696 0.40494869553 -0.03) (0.106027278582 0.405733982975 -0.03) (0.106468078542 0.406518792449 -0.03) (0.106909730055 0.407303123027 -0.03) (0.107352232601 0.408086973786 -0.03) (0.10779558566 0.408870343801 -0.03) (0.108239788709 0.409653232149 -0.03) (0.108684841224 0.41043563791 -0.03) (0.109130742681 0.41121756016 -0.03) (0.109577492555 0.411998997979 -0.03) (0.11002509032 0.412779950445 -0.03) (0.110473535449 0.413560416641 -0.03) (0.110922827413 0.414340395644 -0.03) (0.111372965682 0.415119886538 -0.03) (0.111823949727 0.415898888403 -0.03) (0.112275779016 0.416677400322 -0.03) (0.112728453018 0.417455421378 -0.03) (0.113181971198 0.418232950654 -0.03) (0.113636333022 0.419009987235 -0.03) (0.114091537956 0.419786530204 -0.03) (0.114547585462 0.420562578648 -0.03))
    polyLine 38 42 ((0.0936168081083 0.382770361812 0) (0.0940326912146 0.383568654838 0) (0.0944494405241 0.384366496006 0) (0.0948670555458 0.385163884373 0) (0.0952855357876 0.385960819001 0) (0.0957048807567 0.386757298952 0) (0.096125089959 0.387553323287 0) (0.0965461628994 0.388348891067 0) (0.0969680990821 0.389144001357 0) (0.0973908980098 0.389938653219 0) (0.0978145591845 0.390732845717 0) (0.0982390821071 0.391526577916 0) (0.0986644662776 0.39231984888 0) (0.0990907111947 0.393112657675 0) (0.0995178163564 0.393905003367 0) (0.0999457812596 0.394696885022 0) (0.1003746054 0.395488301709 0) (0.100804288272 0.396279252494 0) (0.101234829371 0.397069736445 0) (0.101666228188 0.397859752632 0) (0.102098484215 0.398649300124 0) (0.102531596944 0.39943837799 0) (0.102965565864 0.400226985301 0) (0.103400390464 0.401015121129 0) (0.103836070231 0.401802784543 0) (0.104272604653 0.402589974618 0) (0.104709993215 0.403376690425 0) (0.105148235401 0.404162931038 0) (0.105587330696 0.40494869553 0) (0.106027278582 0.405733982975 0) (0.106468078542 0.406518792449 0) (0.106909730055 0.407303123027 0) (0.107352232601 0.408086973786 0) (0.10779558566 0.408870343801 0) (0.108239788709 0.409653232149 0) (0.108684841224 0.41043563791 0) (0.109130742681 0.41121756016 0) (0.109577492555 0.411998997979 0) (0.11002509032 0.412779950445 0) (0.110473535449 0.413560416641 0) (0.110922827413 0.414340395644 0) (0.111372965682 0.415119886538 0) (0.111823949727 0.415898888403 0) (0.112275779016 0.416677400322 0) (0.112728453018 0.417455421378 0) (0.113181971198 0.418232950654 0) (0.113636333022 0.419009987235 0) (0.114091537956 0.419786530204 0) (0.114547585462 0.420562578648 0))
    polyLine 37 41 ((-0.0643979596175 0.692601100296 -0.03) (-0.0627899075041 0.69520840861 -0.03) (-0.0611725681004 0.697821040032 -0.03) (-0.0595458852133 0.700439026833 -0.03) (-0.0579098021585 0.703062401486 -0.03) (-0.0562642617553 0.705691196676 -0.03) (-0.0546092063221 0.708325445294 -0.03) (-0.0529445776707 0.710965180442 -0.03) (-0.0512703171021 0.713610435437 -0.03) (-0.0495863654007 0.716261243809 -0.03) (-0.0478926628295 0.718917639306 -0.03) (-0.0461891491246 0.721579655893 -0.03) (-0.0444757634902 0.724247327757 -0.03) (-0.0427524445931 0.726920689307 -0.03) (-0.0410191305572 0.729599775177 -0.03) (-0.0392757589582 0.732284620227 -0.03) (-0.0375222668177 0.734975259546 -0.03) (-0.035758590598 0.737671728453 -0.03) (-0.0339846661961 0.740374062501 -0.03) (-0.032200428938 0.743082297475 -0.03) (-0.0304058135731 0.745796469401 -0.03) (-0.0286007542679 0.748516614539 -0.03) (-0.0267851846003 0.751242769396 -0.03))
    polyLine 39 43 ((-0.0643979596175 0.692601100296 0) (-0.0627899075041 0.69520840861 0) (-0.0611725681004 0.697821040032 0) (-0.0595458852133 0.700439026833 0) (-0.0579098021585 0.703062401486 0) (-0.0562642617553 0.705691196676 0) (-0.0546092063221 0.708325445294 0) (-0.0529445776707 0.710965180442 0) (-0.0512703171021 0.713610435437 0) (-0.0495863654007 0.716261243809 0) (-0.0478926628295 0.718917639306 0) (-0.0461891491246 0.721579655893 0) (-0.0444757634902 0.724247327757 0) (-0.0427524445931 0.726920689307 0) (-0.0410191305572 0.729599775177 0) (-0.0392757589582 0.732284620227 0) (-0.0375222668177 0.734975259546 0) (-0.035758590598 0.737671728453 0) (-0.0339846661961 0.740374062501 0) (-0.032200428938 0.743082297475 0) (-0.0304058135731 0.745796469401 0) (-0.0286007542679 0.748516614539 0) (-0.0267851846003 0.751242769396 0))
    polyLine 40 44 ((0.115004475005 0.421338131651 -0.03) (0.115462206045 0.422113188301 -0.03) (0.115920778043 0.422887747683 -0.03) (0.116380190459 0.423661808887 -0.03) (0.116840442752 0.424435370999 -0.03) (0.11730153438 0.425208433109 -0.03) (0.117763464799 0.425980994306 -0.03) (0.118226233465 0.426753053679 -0.03) (0.118689839834 0.42752461032 -0.03) (0.119154283359 0.428295663319 -0.03) (0.119619563492 0.429066211768 -0.03) (0.120085679686 0.42983625476 -0.03) (0.120552631392 0.430605791386 -0.03) (0.121020418059 0.431374820741 -0.03) (0.121489039137 0.432143341919 -0.03) (0.121958494073 0.432911354013 -0.03) (0.122428782314 0.433678856121 -0.03) (0.122899903307 0.434445847336 -0.03) (0.123371856496 0.435212326757 -0.03) (0.123844641326 0.435978293479 -0.03) (0.124318257239 0.436743746601 -0.03) (0.124789297189 0.437504113943 -0.03) (0.12526033714 0.438264481285 -0.03) (0.12573137709 0.439024848627 -0.03) (0.126202417041 0.439785215969 -0.03) (0.126673456991 0.440545583311 -0.03) (0.127144496941 0.441305950653 -0.03) (0.127615536892 0.442066317995 -0.03) (0.128086576842 0.442826685337 -0.03) (0.128557616793 0.443587052678 -0.03) (0.129028656743 0.44434742002 -0.03) (0.129499696694 0.445107787362 -0.03) (0.129970736644 0.445868154704 -0.03) (0.130441776594 0.446628522046 -0.03) (0.130912816545 0.447388889388 -0.03) (0.131383856495 0.44814925673 -0.03) (0.131854896446 0.448909624072 -0.03) (0.132325936396 0.449669991414 -0.03) (0.132796976346 0.450430358756 -0.03) (0.133268016297 0.451190726097 -0.03) (0.133739056247 0.451951093439 -0.03) (0.134210096198 0.452711460781 -0.03) (0.134681136148 0.453471828123 -0.03) (0.135152176098 0.454232195465 -0.03) (0.135623216049 0.454992562807 -0.03) (0.136094255999 0.455752930149 -0.03) (0.13656529595 0.456513297491 -0.03) (0.1370363359 0.457273664833 -0.03) (0.137507375851 0.458034032175 -0.03) (0.137978415801 0.458794399516 -0.03))
    polyLine 42 46 ((0.115004475005 0.421338131651 0) (0.115462206045 0.422113188301 0) (0.115920778043 0.422887747683 0) (0.116380190459 0.423661808887 0) (0.116840442752 0.424435370999 0) (0.11730153438 0.425208433109 0) (0.117763464799 0.425980994306 0) (0.118226233465 0.426753053679 0) (0.118689839834 0.42752461032 0) (0.119154283359 0.428295663319 0) (0.119619563492 0.429066211768 0) (0.120085679686 0.42983625476 0) (0.120552631392 0.430605791386 0) (0.121020418059 0.431374820741 0) (0.121489039137 0.432143341919 0) (0.121958494073 0.432911354013 0) (0.122428782314 0.433678856121 0) (0.122899903307 0.434445847336 0) (0.123371856496 0.435212326757 0) (0.123844641326 0.435978293479 0) (0.124318257239 0.436743746601 0) (0.124789297189 0.437504113943 0) (0.12526033714 0.438264481285 0) (0.12573137709 0.439024848627 0) (0.126202417041 0.439785215969 0) (0.126673456991 0.440545583311 0) (0.127144496941 0.441305950653 0) (0.127615536892 0.442066317995 0) (0.128086576842 0.442826685337 0) (0.128557616793 0.443587052678 0) (0.129028656743 0.44434742002 0) (0.129499696694 0.445107787362 0) (0.129970736644 0.445868154704 0) (0.130441776594 0.446628522046 0) (0.130912816545 0.447388889388 0) (0.131383856495 0.44814925673 0) (0.131854896446 0.448909624072 0) (0.132325936396 0.449669991414 0) (0.132796976346 0.450430358756 0) (0.133268016297 0.451190726097 0) (0.133739056247 0.451951093439 0) (0.134210096198 0.452711460781 0) (0.134681136148 0.453471828123 0) (0.135152176098 0.454232195465 0) (0.135623216049 0.454992562807 0) (0.136094255999 0.455752930149 0) (0.13656529595 0.456513297491 0) (0.1370363359 0.457273664833 0) (0.137507375851 0.458034032175 0) (0.137978415801 0.458794399516 0))
    polyLine 41 45 ((-0.0232689227245 0.756494949649 -0.03) (-0.0215697377911 0.759020110653 -0.03) (-0.0198614291451 0.761550482931 -0.03) (-0.0181439427339 0.764086095868 -0.03) (-0.0164172240573 0.766626979031 -0.03) (-0.0146812181622 0.769173162172 -0.03) (-0.0129358696391 0.771724675226 -0.03) (-0.0111811226174 0.774281548317 -0.03) (-0.00941692076077 0.776843811757 -0.03) (-0.00764320726294 0.779411496046 -0.03) (-0.00585992484313 0.781984631878 -0.03) (-0.00406701574137 0.78456325014 -0.03) (-0.00226442171395 0.787147381913 -0.03) (-0.000452084028671 0.789737058476 -0.03) (0.00137005653984 0.792332311304 -0.03) (0.00320205971504 0.794933172074 -0.03) (0.00504398572316 0.797539672663 -0.03) (0.00689589529826 0.800151845153 -0.03) (0.00875784968711 0.80276972183 -0.03) (0.0106299106543 0.805393335187 -0.03) (0.0125121404871 0.808022717925 -0.03) (0.0144046020011 0.810657902957 -0.03) (0.0163073585447 0.813298923407 -0.03))
    polyLine 43 47 ((-0.0232689227245 0.756494949649 0) (-0.0215697377911 0.759020110653 0) (-0.0198614291451 0.761550482931 0) (-0.0181439427339 0.764086095868 0) (-0.0164172240573 0.766626979031 0) (-0.0146812181622 0.769173162172 0) (-0.0129358696391 0.771724675226 0) (-0.0111811226174 0.774281548317 0) (-0.00941692076077 0.776843811757 0) (-0.00764320726294 0.779411496046 0) (-0.00585992484313 0.781984631878 0) (-0.00406701574137 0.78456325014 0) (-0.00226442171395 0.787147381913 0) (-0.000452084028671 0.789737058476 0) (0.00137005653984 0.792332311304 0) (0.00320205971504 0.794933172074 0) (0.00504398572316 0.797539672663 0) (0.00689589529826 0.800151845153 0) (0.00875784968711 0.80276972183 0) (0.0106299106543 0.805393335187 0) (0.0125121404871 0.808022717925 0) (0.0144046020011 0.810657902957 0) (0.0163073585447 0.813298923407 0))
    polyLine 44 48 ((0.138449455751 0.459554766858 -0.03) (0.138920495702 0.4603151342 -0.03) (0.139391535652 0.461075501542 -0.03) (0.139862575603 0.461835868884 -0.03) (0.140333615553 0.462596236226 -0.03) (0.140804655503 0.463356603568 -0.03) (0.141275695454 0.46411697091 -0.03) (0.141746735404 0.464877338252 -0.03) (0.142217775355 0.465637705594 -0.03) (0.142688815305 0.466398072936 -0.03) (0.143159855256 0.467158440277 -0.03) (0.143630895206 0.467918807619 -0.03) (0.144101935156 0.468679174961 -0.03) (0.144572975107 0.469439542303 -0.03) (0.145044015057 0.470199909645 -0.03) (0.145515055008 0.470960276987 -0.03) (0.145986094958 0.471720644329 -0.03) (0.146457134908 0.472481011671 -0.03) (0.146928174859 0.473241379013 -0.03) (0.147399214809 0.474001746355 -0.03) (0.14787025476 0.474762113696 -0.03) (0.14834129471 0.475522481038 -0.03) (0.14881233466 0.47628284838 -0.03) (0.149283374611 0.477043215722 -0.03) (0.149754414561 0.477803583064 -0.03) (0.150225454512 0.478563950406 -0.03) (0.150696494462 0.479324317748 -0.03) (0.151167534413 0.48008468509 -0.03) (0.151638574363 0.480845052432 -0.03) (0.152109614313 0.481605419774 -0.03) (0.152580654264 0.482365787115 -0.03) (0.153051694214 0.483126154457 -0.03) (0.153522734165 0.483886521799 -0.03) (0.153993774115 0.484646889141 -0.03) (0.154464814065 0.485407256483 -0.03) (0.154935854016 0.486167623825 -0.03) (0.155406893966 0.486927991167 -0.03) (0.155877933917 0.487688358509 -0.03) (0.156348973867 0.488448725851 -0.03) (0.156820013818 0.489209093193 -0.03) (0.157291053768 0.489969460534 -0.03) (0.157762093718 0.490729827876 -0.03) (0.158233133669 0.491490195218 -0.03) (0.158704173619 0.49225056256 -0.03) (0.15917521357 0.493010929902 -0.03) (0.15964625352 0.493771297244 -0.03) (0.16011729347 0.494531664586 -0.03) (0.160588333421 0.495292031928 -0.03) (0.161059373371 0.49605239927 -0.03))
    polyLine 46 50 ((0.138449455751 0.459554766858 0) (0.138920495702 0.4603151342 0) (0.139391535652 0.461075501542 0) (0.139862575603 0.461835868884 0) (0.140333615553 0.462596236226 0) (0.140804655503 0.463356603568 0) (0.141275695454 0.46411697091 0) (0.141746735404 0.464877338252 0) (0.142217775355 0.465637705594 0) (0.142688815305 0.466398072936 0) (0.143159855256 0.467158440277 0) (0.143630895206 0.467918807619 0) (0.144101935156 0.468679174961 0) (0.144572975107 0.469439542303 0) (0.145044015057 0.470199909645 0) (0.145515055008 0.470960276987 0) (0.145986094958 0.471720644329 0) (0.146457134908 0.472481011671 0) (0.146928174859 0.473241379013 0) (0.147399214809 0.474001746355 0) (0.14787025476 0.474762113696 0) (0.14834129471 0.475522481038 0) (0.14881233466 0.47628284838 0) (0.149283374611 0.477043215722 0) (0.149754414561 0.477803583064 0) (0.150225454512 0.478563950406 0) (0.150696494462 0.479324317748 0) (0.151167534413 0.48008468509 0) (0.151638574363 0.480845052432 0) (0.152109614313 0.481605419774 0) (0.152580654264 0.482365787115 0) (0.153051694214 0.483126154457 0) (0.153522734165 0.483886521799 0) (0.153993774115 0.484646889141 0) (0.154464814065 0.485407256483 0) (0.154935854016 0.486167623825 0) (0.155406893966 0.486927991167 0) (0.155877933917 0.487688358509 0) (0.156348973867 0.488448725851 0) (0.156820013818 0.489209093193 0) (0.157291053768 0.489969460534 0) (0.157762093718 0.490729827876 0) (0.158233133669 0.491490195218 0) (0.158704173619 0.49225056256 0) (0.15917521357 0.493010929902 0) (0.15964625352 0.493771297244 0) (0.16011729347 0.494531664586 0) (0.160588333421 0.495292031928 0) (0.161059373371 0.49605239927 0))
    polyLine 45 49 ((0.0199381890799 0.81831515404 -0.03) (0.0216642673077 0.820689229024 -0.03) (0.0233987553337 0.823068061767 -0.03) (0.0251417001588 0.825451676611 -0.03) (0.0268931491433 0.827840098041 -0.03) (0.0286531500094 0.830233350684 -0.03) (0.030421750845 0.832631459312 -0.03) (0.0321990001065 0.83503444884 -0.03) (0.0339849466224 0.837442344333 -0.03) (0.0357796395965 0.839855170999 -0.03) (0.0375831286115 0.842272954199 -0.03) (0.039395463632 0.844695719441 -0.03) (0.0412166950082 0.847123492384 -0.03) (0.0430468734793 0.84955629884 -0.03) (0.0448860501773 0.851994164775 -0.03) (0.04673427663 0.854437116308 -0.03) (0.048591604765 0.856885179715 -0.03) (0.0504580869132 0.859338381427 -0.03) (0.0523337758126 0.861796748036 -0.03) (0.0542187246118 0.86426030629 -0.03) (0.0561129868738 0.866729083102 -0.03) (0.0580166165798 0.869203105543 -0.03) (0.0599296681333 0.87168240085 -0.03))
    polyLine 47 51 ((0.0199381890799 0.81831515404 0) (0.0216642673077 0.820689229024 0) (0.0233987553337 0.823068061767 0) (0.0251417001588 0.825451676611 0) (0.0268931491433 0.827840098041 0) (0.0286531500094 0.830233350684 0) (0.030421750845 0.832631459312 0) (0.0321990001065 0.83503444884 0) (0.0339849466224 0.837442344333 0) (0.0357796395965 0.839855170999 0) (0.0375831286115 0.842272954199 0) (0.039395463632 0.844695719441 0) (0.0412166950082 0.847123492384 0) (0.0430468734793 0.84955629884 0) (0.0448860501773 0.851994164775 0) (0.04673427663 0.854437116308 0) (0.048591604765 0.856885179715 0) (0.0504580869132 0.859338381427 0) (0.0523337758126 0.861796748036 0) (0.0542187246118 0.86426030629 0) (0.0561129868738 0.866729083102 0) (0.0580166165798 0.869203105543 0) (0.0599296681333 0.87168240085 0))
    polyLine 48 52 ((0.161530413322 0.496812766612 -0.03) (0.162001453272 0.497573133954 -0.03) (0.162472493222 0.498333501295 -0.03) (0.162943533173 0.499093868637 -0.03) (0.163414573123 0.499854235979 -0.03) (0.163885613074 0.500614603321 -0.03) (0.164356653024 0.501374970663 -0.03) (0.164827692975 0.502135338005 -0.03) (0.165298732925 0.502895705347 -0.03) (0.165769772875 0.503656072689 -0.03) (0.166240812826 0.504416440031 -0.03) (0.166711852776 0.505176807373 -0.03) (0.167182892727 0.505937174714 -0.03) (0.167653932677 0.506697542056 -0.03) (0.168124972627 0.507457909398 -0.03) (0.168596012578 0.50821827674 -0.03) (0.169067052528 0.508978644082 -0.03) (0.169538092479 0.509739011424 -0.03) (0.170009132429 0.510499378766 -0.03) (0.17048017238 0.511259746108 -0.03) (0.17095121233 0.51202011345 -0.03) (0.17142225228 0.512780480792 -0.03) (0.171893292231 0.513540848133 -0.03) (0.172364332181 0.514301215475 -0.03) (0.172835372132 0.515061582817 -0.03) (0.173306412082 0.515821950159 -0.03) (0.173777452032 0.516582317501 -0.03) (0.174248491983 0.517342684843 -0.03) (0.174719531933 0.518103052185 -0.03) (0.175190571884 0.518863419527 -0.03) (0.175661611834 0.519623786869 -0.03) (0.176132651785 0.520384154211 -0.03) (0.176603691735 0.521144521552 -0.03) (0.177074731685 0.521904888894 -0.03) (0.177545771636 0.522665256236 -0.03) (0.178016811586 0.523425623578 -0.03) (0.178487851537 0.52418599092 -0.03) (0.178958891487 0.524946358262 -0.03) (0.179429931437 0.525706725604 -0.03) (0.179900971388 0.526467092946 -0.03) (0.180372011338 0.527227460288 -0.03) (0.180843051289 0.52798782763 -0.03) (0.181314091239 0.528748194972 -0.03) (0.181785131189 0.529508562313 -0.03) (0.18225617114 0.530268929655 -0.03) (0.18272721109 0.531029296997 -0.03) (0.183198251041 0.531789664339 -0.03) (0.183669290991 0.532550031681 -0.03) (0.184140330942 0.533310399023 -0.03) (0.184611370892 0.534070766365 -0.03))
    polyLine 50 54 ((0.161530413322 0.496812766612 0) (0.162001453272 0.497573133954 0) (0.162472493222 0.498333501295 0) (0.162943533173 0.499093868637 0) (0.163414573123 0.499854235979 0) (0.163885613074 0.500614603321 0) (0.164356653024 0.501374970663 0) (0.164827692975 0.502135338005 0) (0.165298732925 0.502895705347 0) (0.165769772875 0.503656072689 0) (0.166240812826 0.504416440031 0) (0.166711852776 0.505176807373 0) (0.167182892727 0.505937174714 0) (0.167653932677 0.506697542056 0) (0.168124972627 0.507457909398 0) (0.168596012578 0.50821827674 0) (0.169067052528 0.508978644082 0) (0.169538092479 0.509739011424 0) (0.170009132429 0.510499378766 0) (0.17048017238 0.511259746108 0) (0.17095121233 0.51202011345 0) (0.17142225228 0.512780480792 0) (0.171893292231 0.513540848133 0) (0.172364332181 0.514301215475 0) (0.172835372132 0.515061582817 0) (0.173306412082 0.515821950159 0) (0.173777452032 0.516582317501 0) (0.174248491983 0.517342684843 0) (0.174719531933 0.518103052185 0) (0.175190571884 0.518863419527 0) (0.175661611834 0.519623786869 0) (0.176132651785 0.520384154211 0) (0.176603691735 0.521144521552 0) (0.177074731685 0.521904888894 0) (0.177545771636 0.522665256236 0) (0.178016811586 0.523425623578 0) (0.178487851537 0.52418599092 0) (0.178958891487 0.524946358262 0) (0.179429931437 0.525706725604 0) (0.179900971388 0.526467092946 0) (0.180372011338 0.527227460288 0) (0.180843051289 0.52798782763 0) (0.181314091239 0.528748194972 0) (0.181785131189 0.529508562313 0) (0.18225617114 0.530268929655 0) (0.18272721109 0.531029296997 0) (0.183198251041 0.531789664339 0) (0.183669290991 0.532550031681 0) (0.184140330942 0.533310399023 0) (0.184611370892 0.534070766365 0))
    polyLine 49 53 ((0.0635683702722 0.876379044481 -0.03) (0.0652921081478 0.878595318005 -0.03) (0.0670234493101 0.880815836549 -0.03) (0.0687624333535 0.883040619769 -0.03) (0.0705091001499 0.885269687428 -0.03) (0.0722634898503 0.887503059397 -0.03) (0.0740256428873 0.889740755655 -0.03) (0.0757955999775 0.89198279629 -0.03) (0.0775734021237 0.894229201499 -0.03) (0.0793590906175 0.896479991588 -0.03) (0.0811527070414 0.898735186976 -0.03) (0.0829542932715 0.900994808195 -0.03) (0.0847638914795 0.903258875885 -0.03) (0.0865815441358 0.905527410805 -0.03) (0.0884072940115 0.907800433824 -0.03) (0.0902411841808 0.910077965929 -0.03) (0.0920832580243 0.912360028222 -0.03) (0.0939335592305 0.914646641921 -0.03) (0.0957921317992 0.916937828363 -0.03) (0.0976590200438 0.919233609002 -0.03) (0.0995342685939 0.921534005414 -0.03) (0.101417922398 0.923839039293 -0.03) (0.103310026726 0.926148732454 -0.03))
    polyLine 51 55 ((0.0635683702722 0.876379044481 0) (0.0652921081478 0.878595318005 0) (0.0670234493101 0.880815836549 0) (0.0687624333535 0.883040619769 0) (0.0705091001499 0.885269687428 0) (0.0722634898503 0.887503059397 0) (0.0740256428873 0.889740755655 0) (0.0757955999775 0.89198279629 0) (0.0775734021237 0.894229201499 0) (0.0793590906175 0.896479991588 0) (0.0811527070414 0.898735186976 0) (0.0829542932715 0.900994808195 0) (0.0847638914795 0.903258875885 0) (0.0865815441358 0.905527410805 0) (0.0884072940115 0.907800433824 0) (0.0902411841808 0.910077965929 0) (0.0920832580243 0.912360028222 0) (0.0939335592305 0.914646641921 0) (0.0957921317992 0.916937828363 0) (0.0976590200438 0.919233609002 0) (0.0995342685939 0.921534005414 0) (0.101417922398 0.923839039293 0) (0.103310026726 0.926148732454 0))
    polyLine 52 56 ((0.185082410842 0.534831133707 -0.03) (0.185553450793 0.535591501049 -0.03) (0.186024490743 0.536351868391 -0.03) (0.186495530694 0.537112235732 -0.03) (0.186966570644 0.537872603074 -0.03) (0.187437610594 0.538632970416 -0.03) (0.187908650545 0.539393337758 -0.03) (0.188379690495 0.5401537051 -0.03) (0.188850730446 0.540914072442 -0.03) (0.189321770396 0.541674439784 -0.03) (0.189792810347 0.542434807126 -0.03) (0.190263850297 0.543195174468 -0.03) (0.190738877153 0.543955616958 -0.03) (0.191219572594 0.544712488935 -0.03) (0.191705909785 0.545465748141 -0.03) (0.192197861574 0.546215352526 -0.03) (0.192695400495 0.546961260239 -0.03) (0.193198498774 0.547703429639 -0.03) (0.193707128322 0.548441819292 -0.03) (0.194221260743 0.549176387974 -0.03) (0.194740867336 0.549907094676 -0.03) (0.195265919091 0.550633898604 -0.03) (0.195796386696 0.551356759183 -0.03) (0.196332240535 0.552075636056 -0.03) (0.196873450694 0.552790489089 -0.03) (0.197419986957 0.553501278375 -0.03) (0.197971818812 0.554207964231 -0.03) (0.198528915452 0.554910507205 -0.03) (0.199091245775 0.555608868074 -0.03) (0.199658778387 0.556303007851 -0.03) (0.200231481605 0.556992887783 -0.03) (0.200809323454 0.557678469355 -0.03) (0.201392271676 0.558359714293 -0.03) (0.201980293726 0.559036584565 -0.03) (0.202573356775 0.559709042382 -0.03) (0.203171427715 0.560377050201 -0.03) (0.203774473155 0.561040570731 -0.03) (0.204382459429 0.561699566926 -0.03) (0.204995352595 0.562354001998 -0.03) (0.205613118435 0.56300383941 -0.03) (0.206235722462 0.563649042883 -0.03) (0.206863129916 0.564289576397 -0.03) (0.20749530577 0.564925404192 -0.03) (0.208132214732 0.565556490771 -0.03) (0.208773821244 0.566182800901 -0.03) (0.209420089487 0.566804299617 -0.03) (0.21007098338 0.567420952223 -0.03) (0.210726466585 0.568032724291 -0.03) (0.211386502509 0.568639581667 -0.03))
    polyLine 54 58 ((0.185082410842 0.534831133707 0) (0.185553450793 0.535591501049 0) (0.186024490743 0.536351868391 0) (0.186495530694 0.537112235732 0) (0.186966570644 0.537872603074 0) (0.187437610594 0.538632970416 0) (0.187908650545 0.539393337758 0) (0.188379690495 0.5401537051 0) (0.188850730446 0.540914072442 0) (0.189321770396 0.541674439784 0) (0.189792810347 0.542434807126 0) (0.190263850297 0.543195174468 0) (0.190738877153 0.543955616958 0) (0.191219572594 0.544712488935 0) (0.191705909785 0.545465748141 0) (0.192197861574 0.546215352526 0) (0.192695400495 0.546961260239 0) (0.193198498774 0.547703429639 0) (0.193707128322 0.548441819292 0) (0.194221260743 0.549176387974 0) (0.194740867336 0.549907094676 0) (0.195265919091 0.550633898604 0) (0.195796386696 0.551356759183 0) (0.196332240535 0.552075636056 0) (0.196873450694 0.552790489089 0) (0.197419986957 0.553501278375 0) (0.197971818812 0.554207964231 0) (0.198528915452 0.554910507205 0) (0.199091245775 0.555608868074 0) (0.199658778387 0.556303007851 0) (0.200231481605 0.556992887783 0) (0.200809323454 0.557678469355 0) (0.201392271676 0.558359714293 0) (0.201980293726 0.559036584565 0) (0.202573356775 0.559709042382 0) (0.203171427715 0.560377050201 0) (0.203774473155 0.561040570731 0) (0.204382459429 0.561699566926 0) (0.204995352595 0.562354001998 0) (0.205613118435 0.56300383941 0) (0.206235722462 0.563649042883 0) (0.206863129916 0.564289576397 0) (0.20749530577 0.564925404192 0) (0.208132214732 0.565556490771 0) (0.208773821244 0.566182800901 0) (0.209420089487 0.566804299617 0) (0.21007098338 0.567420952223 0) (0.210726466585 0.568032724291 0) (0.211386502509 0.568639581667 0))
    polyLine 53 57 ((0.107091852171 0.930748313448 -0.03) (0.108981416011 0.93303810832 -0.03) (0.110879363261 0.935332512796 -0.03) (0.112785738803 0.937631548337 -0.03) (0.114700587842 0.939935236527 -0.03) (0.1166239559 0.942243599067 -0.03) (0.118555888827 0.94455665778 -0.03) (0.120496432797 0.94687443461 -0.03) (0.122445634316 0.949196951627 -0.03) (0.124403540221 0.951524231021 -0.03) (0.126370197686 0.953856295107 -0.03) (0.12834565422 0.956193166329 -0.03) (0.130329957677 0.958534867254 -0.03) (0.132323156253 0.960881420576 -0.03) (0.13432529849 0.96323284912 -0.03) (0.13633643328 0.965589175838 -0.03) (0.13835660987 0.967950423814 -0.03) (0.14038587786 0.970316616262 -0.03) (0.142424287211 0.972687776527 -0.03) (0.144471888244 0.975063928089 -0.03) (0.146528731647 0.977445094562 -0.03) (0.148594868474 0.979831299694 -0.03) (0.150670350153 0.98222256737 -0.03))
    polyLine 55 59 ((0.107091852171 0.930748313448 0) (0.108981416011 0.93303810832 0) (0.110879363261 0.935332512796 0) (0.112785738803 0.937631548337 0) (0.114700587842 0.939935236527 0) (0.1166239559 0.942243599067 0) (0.118555888827 0.94455665778 0) (0.120496432797 0.94687443461 0) (0.122445634316 0.949196951627 0) (0.124403540221 0.951524231021 0) (0.126370197686 0.953856295107 0) (0.12834565422 0.956193166329 0) (0.130329957677 0.958534867254 0) (0.132323156253 0.960881420576 0) (0.13432529849 0.96323284912 0) (0.13633643328 0.965589175838 0) (0.13835660987 0.967950423814 0) (0.14038587786 0.970316616262 0) (0.142424287211 0.972687776527 0) (0.144471888244 0.975063928089 0) (0.146528731647 0.977445094562 0) (0.148594868474 0.979831299694 0) (0.150670350153 0.98222256737 0))
    polyLine 56 60 ((0.212051054302 0.569241490472 -0.03) (0.212720084864 0.569838417103 -0.03) (0.213393556845 0.570430328234 -0.03) (0.214071432645 0.57101719082 -0.03) (0.214753674421 0.571598972098 -0.03) (0.215440244084 0.572175639587 -0.03) (0.216131103305 0.572747161095 -0.03) (0.216826213513 0.573313504713 -0.03) (0.217525535903 0.573874638824 -0.03) (0.218229031432 0.574430532102 -0.03) (0.218936660826 0.574981153511 -0.03) (0.21964838458 0.575526472311 -0.03) (0.220364162959 0.576066458059 -0.03) (0.221083956002 0.576601080608 -0.03) (0.221807723526 0.577130310112 -0.03) (0.222535425124 0.577654117023 -0.03) (0.223267020168 0.578172472101 -0.03) (0.224002467817 0.578685346404 -0.03) (0.224741727012 0.579192711302 -0.03) (0.22548475648 0.579694538468 -0.03) (0.226231514741 0.580190799887 -0.03) (0.226981960104 0.580681467853 -0.03) (0.227736050673 0.581166514973 -0.03) (0.228493744349 0.581645914169 -0.03) (0.229254998832 0.582119638676 -0.03) (0.230019771622 0.582587662047 -0.03) (0.230788020023 0.583049958153 -0.03) (0.231559701145 0.583506501185 -0.03) (0.232334771908 0.583957265656 -0.03) (0.233113189041 0.5844022264 -0.03) (0.233894909085 0.584841358576 -0.03) (0.2346798884 0.585274637668 -0.03) (0.235468083161 0.585702039486 -0.03) (0.236259449365 0.586123540171 -0.03) (0.237053942831 0.586539116189 -0.03) (0.237851519205 0.586948744342 -0.03) (0.23865213396 0.587352401759 -0.03) (0.239455742398 0.587750065905 -0.03) (0.240262299657 0.58814171458 -0.03) (0.241071760707 0.588527325919 -0.03) (0.241884080357 0.588906878393 -0.03) (0.242699213259 0.589280350813 -0.03) (0.243517113903 0.58964772233 -0.03) (0.24433773663 0.590008972432 -0.03) (0.245161035624 0.590364080953 -0.03) (0.245986964923 0.590713028067 -0.03) (0.246815478417 0.591055794294 -0.03) (0.247646529852 0.591392360497 -0.03) (0.248480072831 0.591722707886 -0.03))
    polyLine 58 62 ((0.212051054302 0.569241490472 0) (0.212720084864 0.569838417103 0) (0.213393556845 0.570430328234 0) (0.214071432645 0.57101719082 0) (0.214753674421 0.571598972098 0) (0.215440244084 0.572175639587 0) (0.216131103305 0.572747161095 0) (0.216826213513 0.573313504713 0) (0.217525535903 0.573874638824 0) (0.218229031432 0.574430532102 0) (0.218936660826 0.574981153511 0) (0.21964838458 0.575526472311 0) (0.220364162959 0.576066458059 0) (0.221083956002 0.576601080608 0) (0.221807723526 0.577130310112 0) (0.222535425124 0.577654117023 0) (0.223267020168 0.578172472101 0) (0.224002467817 0.578685346404 0) (0.224741727012 0.579192711302 0) (0.22548475648 0.579694538468 0) (0.226231514741 0.580190799887 0) (0.226981960104 0.580681467853 0) (0.227736050673 0.581166514973 0) (0.228493744349 0.581645914169 0) (0.229254998832 0.582119638676 0) (0.230019771622 0.582587662047 0) (0.230788020023 0.583049958153 0) (0.231559701145 0.583506501185 0) (0.232334771908 0.583957265656 0) (0.233113189041 0.5844022264 0) (0.233894909085 0.584841358576 0) (0.2346798884 0.585274637668 0) (0.235468083161 0.585702039486 0) (0.236259449365 0.586123540171 0) (0.237053942831 0.586539116189 0) (0.237851519205 0.586948744342 0) (0.23865213396 0.587352401759 0) (0.239455742398 0.587750065905 0) (0.240262299657 0.58814171458 0) (0.241071760707 0.588527325919 0) (0.241884080357 0.588906878393 0) (0.242699213259 0.589280350813 0) (0.243517113903 0.58964772233 0) (0.24433773663 0.590008972432 0) (0.245161035624 0.590364080953 0) (0.245986964923 0.590713028067 0) (0.246815478417 0.591055794294 0) (0.247646529852 0.591392360497 0) (0.248480072831 0.591722707886 0))
    polyLine 57 61 ((0.155205996781 0.987428529783 -0.03) (0.157669778116 0.99024516988 -0.03) (0.160146657384 0.993068881078 -0.03) (0.162636720212 0.995899702815 -0.03) (0.165140052962 0.998737674796 -0.03) (0.167656742736 1.001582837 -0.03) (0.17018687739 1.00443522967 -0.03) (0.172730545535 1.00729489333 -0.03) (0.17528783655 1.01016186878 -0.03) (0.177858840586 1.01303619711 -0.03) (0.180443648578 1.01591791966 -0.03) (0.183042352248 1.01880707809 -0.03) (0.185655044116 1.02170371433 -0.03) (0.188281817511 1.0246078706 -0.03) (0.190922766574 1.02751958941 -0.03) (0.193577986268 1.03043891358 -0.03) (0.19624757239 1.03336588621 -0.03) (0.198931621576 1.0363005507 -0.03) (0.20163023131 1.03924295076 -0.03) (0.204343499934 1.04219313041 -0.03) (0.207071526658 1.04515113397 -0.03) (0.209814411566 1.04811700608 -0.03) (0.212572255628 1.05109079167 -0.03))
    polyLine 59 63 ((0.155205996781 0.987428529783 0) (0.157669778116 0.99024516988 0) (0.160146657384 0.993068881078 0) (0.162636720212 0.995899702815 0) (0.165140052962 0.998737674796 0) (0.167656742736 1.001582837 0) (0.17018687739 1.00443522967 0) (0.172730545535 1.00729489333 0) (0.17528783655 1.01016186878 0) (0.177858840586 1.01303619711 0) (0.180443648578 1.01591791966 0) (0.183042352248 1.01880707809 0) (0.185655044116 1.02170371433 0) (0.188281817511 1.0246078706 0) (0.190922766574 1.02751958941 0) (0.193577986268 1.03043891358 0) (0.19624757239 1.03336588621 0) (0.198931621576 1.0363005507 0) (0.20163023131 1.03924295076 0) (0.204343499934 1.04219313041 0) (0.207071526658 1.04515113397 0) (0.209814411566 1.04811700608 0) (0.212572255628 1.05109079167 0))
    polyLine 60 64 ((0.249316060819 0.59204681802 -0.03) (0.250154447146 0.592364672803 -0.03) (0.250995185005 0.59267625449 -0.03) (0.25183822746 0.592981545686 -0.03) (0.252683527446 0.593280529348 -0.03) (0.25353103777 0.593573188784 -0.03) (0.254380711119 0.593859507655 -0.03) (0.255232500057 0.594139469977 -0.03) (0.256086357029 0.59441306012 -0.03) (0.256942234367 0.59468026281 -0.03) (0.25780008429 0.594941063129 -0.03) (0.258659858904 0.595195446518 -0.03) (0.259521510211 0.595443398774 -0.03) (0.260384990105 0.595684906056 -0.03) (0.261250250382 0.59591995488 -0.03) (0.262117242734 0.596148532124 -0.03) (0.26298591876 0.596370625027 -0.03) (0.263856229963 0.59658622119 -0.03) (0.264728127756 0.596795308577 -0.03) (0.265601563461 0.596997875514 -0.03) (0.266476488317 0.597193910693 -0.03) (0.267352853479 0.59738340317 -0.03) (0.268230610021 0.597566342365 -0.03) (0.269109708939 0.597742718066 -0.03) (0.269990101155 0.597912520426 -0.03) (0.270871737519 0.598075739964 -0.03) (0.27175456881 0.59823236757 -0.03) (0.272638545742 0.598382394498 -0.03) (0.273523618965 0.598525812373 -0.03) (0.274409739065 0.598662613188 -0.03) (0.275296856574 0.598792789306 -0.03) (0.276184921964 0.598916333459 -0.03) (0.277073885658 0.599033238751 -0.03) (0.277963698026 0.599143498654 -0.03) (0.278854309391 0.599247107012 -0.03) (0.279745670032 0.599344058043 -0.03) (0.280637730187 0.599434346333 -0.03) (0.281530440054 0.599517966841 -0.03) (0.282423749794 0.5995949149 -0.03) (0.283317609536 0.599665186213 -0.03) (0.284211969378 0.599728776856 -0.03) (0.285106779388 0.599785683281 -0.03) (0.286001989612 0.599835902311 -0.03) (0.286897550071 0.59987943114 -0.03) (0.287793410769 0.59991626734 -0.03) (0.288689521691 0.599946408854 -0.03) (0.28958583281 0.599969853998 -0.03) (0.290482294085 0.599986601465 -0.03) (0.291378855469 0.59999665032 -0.03))
    polyLine 62 66 ((0.249316060819 0.59204681802 0) (0.250154447146 0.592364672803 0) (0.250995185005 0.59267625449 0) (0.25183822746 0.592981545686 0) (0.252683527446 0.593280529348 0) (0.25353103777 0.593573188784 0) (0.254380711119 0.593859507655 0) (0.255232500057 0.594139469977 0) (0.256086357029 0.59441306012 0) (0.256942234367 0.59468026281 0) (0.25780008429 0.594941063129 0) (0.258659858904 0.595195446518 0) (0.259521510211 0.595443398774 0) (0.260384990105 0.595684906056 0) (0.261250250382 0.59591995488 0) (0.262117242734 0.596148532124 0) (0.26298591876 0.596370625027 0) (0.263856229963 0.59658622119 0) (0.264728127756 0.596795308577 0) (0.265601563461 0.596997875514 0) (0.266476488317 0.597193910693 0) (0.267352853479 0.59738340317 0) (0.268230610021 0.597566342365 0) (0.269109708939 0.597742718066 0) (0.269990101155 0.597912520426 0) (0.270871737519 0.598075739964 0) (0.27175456881 0.59823236757 0) (0.272638545742 0.598382394498 0) (0.273523618965 0.598525812373 0) (0.274409739065 0.598662613188 0) (0.275296856574 0.598792789306 0) (0.276184921964 0.598916333459 0) (0.277073885658 0.599033238751 0) (0.277963698026 0.599143498654 0) (0.278854309391 0.599247107012 0) (0.279745670032 0.599344058043 0) (0.280637730187 0.599434346333 0) (0.281530440054 0.599517966841 0) (0.282423749794 0.5995949149 0) (0.283317609536 0.599665186213 0) (0.284211969378 0.599728776856 0) (0.285106779388 0.599785683281 0) (0.286001989612 0.599835902311 0) (0.286897550071 0.59987943114 0) (0.287793410769 0.59991626734 0) (0.288689521691 0.599946408854 0) (0.28958583281 0.599969853998 0) (0.290482294085 0.599986601465 0) (0.291378855469 0.59999665032 0))
    polyLine 61 65 ((0.218336924112 1.05728038946 -0.03) (0.221346269091 1.06049751258 -0.03) (0.22437332494 1.06372396252 -0.03) (0.227418222191 1.06695979684 -0.03) (0.230481092629 1.07020507355 -0.03) (0.233562069303 1.07345985111 -0.03) (0.236661286545 1.07672418842 -0.03) (0.239778879981 1.07999814482 -0.03) (0.242914986547 1.08328178013 -0.03) (0.246069744502 1.08657515463 -0.03) (0.24924329345 1.08987832905 -0.03) (0.252435774348 1.0931913646 -0.03) (0.255647329524 1.09651432298 -0.03) (0.258878102695 1.09984726636 -0.03) (0.262128238981 1.10319025737 -0.03) (0.265397884924 1.10654335918 -0.03) (0.2686871885 1.10990663542 -0.03) (0.27199629914 1.11328015024 -0.03) (0.275325367744 1.11666396827 -0.03) (0.278674546702 1.12005815467 -0.03) (0.282043989908 1.12346277512 -0.03) (0.285433852779 1.12687789582 -0.03) (0.288844292274 1.13030358348 -0.03))
    polyLine 63 67 ((0.218336924112 1.05728038946 0) (0.221346269091 1.06049751258 0) (0.22437332494 1.06372396252 0) (0.227418222191 1.06695979684 0) (0.230481092629 1.07020507355 0) (0.233562069303 1.07345985111 0) (0.236661286545 1.07672418842 0) (0.239778879981 1.07999814482 0) (0.242914986547 1.08328178013 0) (0.246069744502 1.08657515463 0) (0.24924329345 1.08987832905 0) (0.252435774348 1.0931913646 0) (0.255647329524 1.09651432298 0) (0.258878102695 1.09984726636 0) (0.262128238981 1.10319025737 0) (0.265397884924 1.10654335918 0) (0.2686871885 1.10990663542 0) (0.27199629914 1.11328015024 0) (0.275325367744 1.11666396827 0) (0.278674546702 1.12005815467 0) (0.282043989908 1.12346277512 0) (0.285433852779 1.12687789582 0) (0.288844292274 1.13030358348 0))
);

boundary
(
    body_fore
    {
        type wall;
        faces
        (
            (0 2 6 4)
            (4 6 10 8)
            (8 10 14 12)
            (12 14 18 16)
            (16 18 22 20)
            (20 22 26 24)
            (24 26 30 28)
            (28 30 34 32)
            (32 34 38 36)
            (36 38 42 40)
            (40 42 46 44)
            (44 46 50 48)
            (48 50 54 52)
            (52 54 58 56)
            (56 58 62 60)
            (60 62 66 64)
        );
    }
    freestream
    {
        type patch;
        faces
        (
            (1 5 7 3)
            (5 9 11 7)
            (9 13 15 11)
            (13 17 19 15)
            (17 21 23 19)
            (21 25 27 23)
            (25 29 31 27)
            (29 33 35 31)
            (33 37 39 35)
            (37 41 43 39)
            (41 45 47 43)
            (45 49 51 47)
            (49 53 55 51)
            (53 57 59 55)
            (57 61 63 59)
            (61 65 67 63)
        );
    }
    outlet
    {
        type patch;
        faces
        (
            (64 66 67 65)
        );
    }
    axis
    {
        type patch;
        faces
        (
            (0 1 3 2)
        );
    }
    front
    {
        type patch;
        faces
        (
            (2 6 7 3)
            (6 10 11 7)
            (10 14 15 11)
            (14 18 19 15)
            (18 22 23 19)
            (22 26 27 23)
            (26 30 31 27)
            (30 34 35 31)
            (34 38 39 35)
            (38 42 43 39)
            (42 46 47 43)
            (46 50 51 47)
            (50 54 55 51)
            (54 58 59 55)
            (58 62 63 59)
            (62 66 67 63)
        );
    }
    back
    {
        type patch;
        faces
        (
            (0 1 5 4)
            (4 5 9 8)
            (8 9 13 12)
            (12 13 17 16)
            (16 17 21 20)
            (20 21 25 24)
            (24 25 29 28)
            (28 29 33 32)
            (32 33 37 36)
            (36 37 41 40)
            (40 41 45 44)
            (44 45 49 48)
            (48 49 53 52)
            (52 53 57 56)
            (56 57 61 60)
            (60 61 65 64)
        );
    }
);
