FoamFile
{
    version     2.0;
    format      ascii;
    class       dictionary;
    object      blockMeshDict;
}
// Generated by aether.cfd - do not edit by hand. Regenerate from the run config.

scale 1;

vertices
(
    (0 0 -0.03)
    (-0.266015703504 7.44066870447e-17 -0.03)
    (0 0 0)
    (-0.266015703504 7.44066870447e-17 0)
    (0.00151712921927 0.0452395836388 -0.03)
    (-0.262786844751 0.0804026982037 -0.03)
    (0.00151712921927 0.0452395836388 0)
    (-0.262786844751 0.0804026982037 0)
    (0.006061137957 0.0902759419701 -0.03)
    (-0.253435211028 0.160100939511 -0.03)
    (0.006061137957 0.0902759419701 0)
    (-0.253435211028 0.160100939511 0)
    (0.0136121576619 0.134906690208 -0.03)
    (-0.238782921917 0.238733202056 -0.03)
    (0.0136121576619 0.134906690208 0)
    (-0.238782921917 0.238733202056 0)
    (0.0241357381165 0.178931408504 -0.03)
    (-0.219764410259 0.316416989308 -0.03)
    (0.0241357381165 0.178931408504 0)
    (-0.219764410259 0.316416989308 0)
    (0.0375851060712 0.222152191325 -0.03)
    (-0.197135851695 0.393691367364 -0.03)
    (0.0375851060712 0.222152191325 0)
    (-0.197135851695 0.393691367364 0)
    (0.0538993570879 0.264375014074 -0.03)
    (-0.171358633399 0.471398039155 -0.03)
    (0.0538993570879 0.264375014074 0)
    (-0.171358633399 0.471398039155 0)
    (0.073005654641 0.305410010604 -0.03)
    (-0.142594228685 0.550597316449 -0.03)
    (0.073005654641 0.305410010604 0)
    (-0.142594228685 0.550597316449 0)
    (0.0948177309779 0.345073026812 -0.03)
    (-0.110734503157 0.632539958113 -0.03)
    (0.0948177309779 0.345073026812 0)
    (-0.110734503157 0.632539958113 0)
    (0.119237996571 0.383185651444 -0.03)
    (-0.0754231211371 0.718694548892 -0.03)
    (0.119237996571 0.383185651444 0)
    (-0.0754231211371 0.718694548892 0)
    (0.146156365551 0.419576899335 -0.03)
    (-0.0360526313358 0.810819842361 -0.03)
    (0.146156365551 0.419576899335 0)
    (-0.0360526313358 0.810819842361 0)
    (0.175452250943 0.454083023571 -0.03)
    (0.00827314992571 0.911092001933 -0.03)
    (0.175452250943 0.454083023571 0)
    (0.00827314992571 0.911092001933 0)
    (0.206160990167 0.487349475098 -0.03)
    (0.058019233332 1.02056070035 -0.03)
    (0.206160990167 0.487349475098 0)
    (0.058019233332 1.02056070035 0)
    (0.236888029699 0.520599111751 -0.03)
    (0.112704926441 1.13823335304 -0.03)
    (0.236888029699 0.520599111751 0)
    (0.112704926441 1.13823335304 0)
    (0.267615069231 0.553848748404 -0.03)
    (0.172672664411 1.26495926491 -0.03)
    (0.267615069231 0.553848748404 0)
    (0.172672664411 1.26495926491 0)
    (0.299250109668 0.586144642689 -0.03)
    (0.240113652598 1.40537850202 -0.03)
    (0.299250109668 0.586144642689 0)
    (0.240113652598 1.40537850202 0)
    (0.341561004299 0.6 -0.03)
    (0.341561004299 1.61365003464 -0.03)
    (0.341561004299 0.6 0)
    (0.341561004299 1.61365003464 0)
);

blocks
(
    hex (0 4 5 1 2 6 7 3) (4 48 1) simpleGrading (1 4 1)
    hex (4 8 9 5 6 10 11 7) (4 48 1) simpleGrading (1 4 1)
    hex (8 12 13 9 10 14 15 11) (4 48 1) simpleGrading (1 4 1)
    hex (12 16 17 13 14 18 19 15) (4 48 1) simpleGrading (1 4 1)
    hex (16 20 21 17 18 22 23 19) (4 48 1) simpleGrading (1 4 1)
    hex (20 24 25 21 22 26 27 23) (4 48 1) simpleGrading (1 4 1)
    hex (24 28 29 25 26 30 31 27) (4 48 1) simpleGrading (1 4 1)
    hex (28 32 33 29 30 34 35 31) (4 48 1) simpleGrading (1 4 1)
    hex (32 36 37 33 34 38 39 35) (4 48 1) simpleGrading (1 4 1)
    hex (36 40 41 37 38 42 43 39) (4 48 1) simpleGrading (1 4 1)
    hex (40 44 45 41 42 46 47 43) (4 48 1) simpleGrading (1 4 1)
    hex (44 48 49 45 46 50 51 47) (4 48 1) simpleGrading (1 4 1)
    hex (48 52 53 49 50 54 55 51) (4 48 1) simpleGrading (1 4 1)
    hex (52 56 57 53 54 58 59 55) (4 48 1) simpleGrading (1 4 1)
    hex (56 60 61 57 58 62 63 59) (4 48 1) simpleGrading (1 4 1)
    hex (60 64 65 61 62 66 67 63) (4 48 1) simpleGrading (1 4 1)
);

edges
(
    polyLine 0 4 ((5.72319893226e-07 0.00087920710798 -0.03) (2.28927860286e-06 0.00175841272575 -0.03) (5.1508732187e-06 0.00263761536312 -0.03) (9.15709889053e-06 0.00351681352988 -0.03) (1.4307948828e-05 0.00439600573584 -0.03) (2.06034143009e-05 0.00527519049081 -0.03) (2.80434846386e-05 0.00615436630465 -0.03) (3.66281472305e-05 0.00703353168718 -0.03) (4.63573875263e-05 0.00791268514827 -0.03) (5.72311890354e-05 0.00879182519782 -0.03) (6.92495333273e-05 0.00967095034572 -0.03) (8.24124000317e-05 0.0105500591019 -0.03) (9.67197668382e-05 0.0114291499764 -0.03) (0.000112171609497 0.012308221479 -0.03) (0.000128767901817 0.01318727212 -0.03) (0.000146508615669 0.0140663004093 -0.03) (0.000165393720985 0.014945304857 -0.03) (0.000185423185753 0.0158242839732 -0.03) (0.000206596976027 0.0167032362682 -0.03) (0.000228915055917 0.0175821602522 -0.03) (0.000252377387595 0.0184610544354 -0.03) (0.000276983931294 0.0193399173281 -0.03) (0.000302734645308 0.0202187474408 -0.03) (0.00032962948599 0.0210975432839 -0.03) (0.000357668407756 0.0219763033679 -0.03) (0.00038685136308 0.0228550262032 -0.03) (0.0004171783025 0.0237337103006 -0.03) (0.000448649174613 0.0246123541708 -0.03) (0.000481263926077 0.0254909563243 -0.03) (0.000515022501613 0.0263695152722 -0.03) (0.000549924844002 0.0272480295252 -0.03) (0.000585970894085 0.0281264975944 -0.03) (0.000623160590768 0.0290049179907 -0.03) (0.000661493871016 0.0298832892254 -0.03) (0.000700970669855 0.0307616098096 -0.03) (0.000741590920376 0.0316398782546 -0.03) (0.000783354553728 0.0325180930718 -0.03) (0.000826261499126 0.0333962527728 -0.03) (0.000870311683844 0.0342743558689 -0.03) (0.00091550503322 0.035152400872 -0.03) (0.000961841470653 0.0360303862938 -0.03) (0.00100932091761 0.0369083106461 -0.03) (0.0010579432936 0.0377861724409 -0.03) (0.00110770851624 0.0386639701904 -0.03) (0.00115861650115 0.0395417024065 -0.03) (0.00121066716206 0.0404193676018 -0.03) (0.00126386041075 0.0412969642885 -0.03) (0.00131819615705 0.0421744909793 -0.03) (0.00137367430887 0.0430519461866 -0.03) (0.00143029477218 0.0439293284234 -0.03) (0.001488057451 0.0448066362025 -0.03))
    polyLine 2 6 ((5.72319893226e-07 0.00087920710798 0) (2.28927860286e-06 0.00175841272575 0) (5.1508732187e-06 0.00263761536312 0) (9.15709889053e-06 0.00351681352988 0) (1.4307948828e-05 0.00439600573584 0) (2.06034143009e-05 0.00527519049081 0) (2.80434846386e-05 0.00615436630465 0) (3.66281472305e-05 0.00703353168718 0) (4.63573875263e-05 0.00791268514827 0) (5.72311890354e-05 0.00879182519782 0) (6.92495333273e-05 0.00967095034572 0) (8.24124000317e-05 0.0105500591019 0) (9.67197668382e-05 0.0114291499764 0) (0.000112171609497 0.012308221479 0) (0.000128767901817 0.01318727212 0) (0.000146508615669 0.0140663004093 0) (0.000165393720985 0.014945304857 0) (0.000185423185753 0.0158242839732 0) (0.000206596976027 0.0167032362682 0) (0.000228915055917 0.0175821602522 0) (0.000252377387595 0.0184610544354 0) (0.000276983931294 0.0193399173281 0) (0.000302734645308 0.0202187474408 0) (0.00032962948599 0.0210975432839 0) (0.000357668407756 0.0219763033679 0) (0.00038685136308 0.0228550262032 0) (0.0004171783025 0.0237337103006 0) (0.000448649174613 0.0246123541708 0) (0.000481263926077 0.0254909563243 0) (0.000515022501613 0.0263695152722 0) (0.000549924844002 0.0272480295252 0) (0.000585970894085 0.0281264975944 0) (0.000623160590768 0.0290049179907 0) (0.000661493871016 0.0298832892254 0) (0.000700970669855 0.0307616098096 0) (0.000741590920376 0.0316398782546 0) (0.000783354553728 0.0325180930718 0) (0.000826261499126 0.0333962527728 0) (0.000870311683844 0.0342743558689 0) (0.00091550503322 0.035152400872 0) (0.000961841470653 0.0360303862938 0) (0.00100932091761 0.0369083106461 0) (0.0010579432936 0.0377861724409 0) (0.00110770851624 0.0386639701904 0) (0.00115861650115 0.0395417024065 0) (0.00121066716206 0.0404193676018 0) (0.00126386041075 0.0412969642885 0) (0.00131819615705 0.0421744909793 0) (0.00137367430887 0.0430519461866 0) (0.00143029477218 0.0439293284234 0) (0.001488057451 0.0448066362025 0))
    polyLine 1 5 ((-0.266010069467 0.00334835137534 -0.03) (-0.265993167962 0.00669671985098 -0.03) (-0.265965000814 0.0100451225724 -0.03) (-0.26592557106 0.0133935767755 -0.03) (-0.265874882943 0.0167420998315 -0.03) (-0.265812941912 0.0200907092922 -0.03) (-0.265739754609 0.0234394229342 -0.03) (-0.265655328864 0.026788258804 -0.03) (-0.26555967368 0.0301372352619 -0.03) (-0.265452799224 0.0334863710262 -0.03) (-0.26533471681 0.0368356852166 -0.03) (-0.265205438887 0.0401851973976 -0.03) (-0.265064979016 0.0435349276211 -0.03) (-0.26491335186 0.0468848964691 -0.03) (-0.264750573154 0.050235125095 -0.03) (-0.264576659692 0.0535856352656 -0.03) (-0.264391629299 0.0569364494011 -0.03) (-0.264195500806 0.0602875906157 -0.03) (-0.263988294031 0.063639082757 -0.03) (-0.263770029744 0.0669909504448 -0.03) (-0.263540729644 0.0703432191094 -0.03) (-0.263300416328 0.0736959150289 -0.03) (-0.263049113263 0.0770490653659 -0.03))
    polyLine 3 7 ((-0.266010069467 0.00334835137534 0) (-0.265993167962 0.00669671985098 0) (-0.265965000814 0.0100451225724 0) (-0.26592557106 0.0133935767755 0) (-0.265874882943 0.0167420998315 0) (-0.265812941912 0.0200907092922 0) (-0.265739754609 0.0234394229342 0) (-0.265655328864 0.026788258804 0) (-0.26555967368 0.0301372352619 0) (-0.265452799224 0.0334863710262 0) (-0.26533471681 0.0368356852166 0) (-0.265205438887 0.0401851973976 0) (-0.265064979016 0.0435349276211 0) (-0.26491335186 0.0468848964691 0) (-0.264750573154 0.050235125095 0) (-0.264576659692 0.0535856352656 0) (-0.264391629299 0.0569364494011 0) (-0.264195500806 0.0602875906157 0) (-0.263988294031 0.063639082757 0) (-0.263770029744 0.0669909504448 0) (-0.263540729644 0.0703432191094 0) (-0.263300416328 0.0736959150289 0) (-0.263049113263 0.0770490653659 0))
    polyLine 4 8 ((0.00154696224744 0.0456838680369 -0.03) (0.00160700906166 0.0465610224397 -0.03) (0.00166819779187 0.0474380979242 -0.03) (0.00173052833436 0.0483150930039 -0.03) (0.0017940005835 0.0491920061922 -0.03) (0.00185861443169 0.0500688360029 -0.03) (0.00192436976943 0.0509455809497 -0.03) (0.00199126648525 0.0518222395467 -0.03) (0.00205930446578 0.052698810308 -0.03) (0.00212848359569 0.0535752917477 -0.03) (0.00219880375773 0.0544516823804 -0.03) (0.0022702648327 0.0553279807206 -0.03) (0.0023428666995 0.0562041852831 -0.03) (0.00241660923505 0.0570802945826 -0.03) (0.00249149231438 0.0579563071343 -0.03) (0.00256751581055 0.0588322214533 -0.03) (0.00264467959472 0.0597080360551 -0.03) (0.0027229835361 0.0605837494551 -0.03) (0.00280242750195 0.0614593601692 -0.03) (0.00288301135764 0.0623348667131 -0.03) (0.00296473496658 0.063210267603 -0.03) (0.00304759819024 0.0640855613551 -0.03) (0.00313160088819 0.0649607464858 -0.03) (0.00321674291804 0.0658358215118 -0.03) (0.00330302413548 0.0667107849497 -0.03) (0.00339044439426 0.0675856353167 -0.03) (0.00347900354623 0.0684603711299 -0.03) (0.00356870144126 0.0693349909067 -0.03) (0.00365953792734 0.0702094931646 -0.03) (0.00375151285049 0.0710838764214 -0.03) (0.00384462605484 0.0719581391951 -0.03) (0.00393887738254 0.0728322800038 -0.03) (0.00403426667386 0.073706297366 -0.03) (0.00413079376711 0.0745801898002 -0.03) (0.00422845849869 0.0754539558252 -0.03) (0.00432726070306 0.07632759396 -0.03) (0.00442720021276 0.077201102724 -0.03) (0.00452827685839 0.0780744806364 -0.03) (0.00463049046863 0.0789477262171 -0.03) (0.00473384087025 0.0798208379859 -0.03) (0.00483832788806 0.0806938144629 -0.03) (0.00494395134496 0.0815666541684 -0.03) (0.00505071106194 0.0824393556232 -0.03) (0.00515860685803 0.0833119173479 -0.03) (0.00526763855037 0.0841843378637 -0.03) (0.00537780595414 0.0850566156918 -0.03) (0.00548910888263 0.0859287493538 -0.03) (0.00560154714718 0.0868007373714 -0.03) (0.00571512055721 0.0876725782668 -0.03) (0.00582982892022 0.0885442705621 -0.03) (0.00594567204179 0.08941581278 -0.03))
    polyLine 6 10 ((0.00154696224744 0.0456838680369 0) (0.00160700906166 0.0465610224397 0) (0.00166819779187 0.0474380979242 0) (0.00173052833436 0.0483150930039 0) (0.0017940005835 0.0491920061922 0) (0.00185861443169 0.0500688360029 0) (0.00192436976943 0.0509455809497 0) (0.00199126648525 0.0518222395467 0) (0.00205930446578 0.052698810308 0) (0.00212848359569 0.0535752917477 0) (0.00219880375773 0.0544516823804 0) (0.0022702648327 0.0553279807206 0) (0.0023428666995 0.0562041852831 0) (0.00241660923505 0.0570802945826 0) (0.00249149231438 0.0579563071343 0) (0.00256751581055 0.0588322214533 0) (0.00264467959472 0.0597080360551 0) (0.0027229835361 0.0605837494551 0) (0.00280242750195 0.0614593601692 0) (0.00288301135764 0.0623348667131 0) (0.00296473496658 0.063210267603 0) (0.00304759819024 0.0640855613551 0) (0.00313160088819 0.0649607464858 0) (0.00321674291804 0.0658358215118 0) (0.00330302413548 0.0667107849497 0) (0.00339044439426 0.0675856353167 0) (0.00347900354623 0.0684603711299 0) (0.00356870144126 0.0693349909067 0) (0.00365953792734 0.0702094931646 0) (0.00375151285049 0.0710838764214 0) (0.00384462605484 0.0719581391951 0) (0.00393887738254 0.0728322800038 0) (0.00403426667386 0.073706297366 0) (0.00413079376711 0.0745801898002 0) (0.00422845849869 0.0754539558252 0) (0.00432726070306 0.07632759396 0) (0.00442720021276 0.077201102724 0) (0.00452827685839 0.0780744806364 0) (0.00463049046863 0.0789477262171 0) (0.00473384087025 0.0798208379859 0) (0.00483832788806 0.0806938144629 0) (0.00494395134496 0.0815666541684 0) (0.00505071106194 0.0824393556232 0) (0.00515860685803 0.0833119173479 0) (0.00526763855037 0.0841843378637 0) (0.00537780595414 0.0850566156918 0) (0.00548910888263 0.0859287493538 0) (0.00560154714718 0.0868007373714 0) (0.00571512055721 0.0876725782668 0) (0.00582982892022 0.0885442705621 0) (0.00594567204179 0.08941581278 0))
    polyLine 5 9 ((-0.262517162719 0.0837143790828 -0.03) (-0.262236840484 0.0870265875274 -0.03) (-0.261945903651 0.0903393534071 -0.03) (-0.261644378492 0.0936527075947 -0.03) (-0.261332291917 0.0969666819967 -0.03) (-0.261009671433 0.100281309582 -0.03) (-0.260676545115 0.103596624411 -0.03) (-0.260332941568 0.106912661664 -0.03) (-0.259978889892 0.110229457664 -0.03) (-0.259614419645 0.113547049911 -0.03) (-0.259239560808 0.116865477099 -0.03) (-0.258854343744 0.120184779146 -0.03) (-0.258458799168 0.123504997215 -0.03) (-0.258052958101 0.126826173739 -0.03) (-0.257636851839 0.130148352443 -0.03) (-0.257210511909 0.133471578365 -0.03) (-0.256773970037 0.136795897876 -0.03) (-0.256327258106 0.140121358705 -0.03) (-0.255870408119 0.143448009952 -0.03) (-0.25540345216 0.146775902112 -0.03) (-0.254926422357 0.150105087089 -0.03) (-0.254439350845 0.153435618217 -0.03) (-0.253942269725 0.156767550278 -0.03))
    polyLine 7 11 ((-0.262517162719 0.0837143790828 0) (-0.262236840484 0.0870265875274 0) (-0.261945903651 0.0903393534071 0) (-0.261644378492 0.0936527075947 0) (-0.261332291917 0.0969666819967 0) (-0.261009671433 0.100281309582 0) (-0.260676545115 0.103596624411 0) (-0.260332941568 0.106912661664 0) (-0.259978889892 0.110229457664 0) (-0.259614419645 0.113547049911 0) (-0.259239560808 0.116865477099 0) (-0.258854343744 0.120184779146 0) (-0.258458799168 0.123504997215 0) (-0.258052958101 0.126826173739 0) (-0.257636851839 0.130148352443 0) (-0.257210511909 0.133471578365 0) (-0.256773970037 0.136795897876 0) (-0.256327258106 0.140121358705 0) (-0.255870408119 0.143448009952 0) (-0.25540345216 0.146775902112 0) (-0.254926422357 0.150105087089 0) (-0.254439350845 0.153435618217 0) (-0.253942269725 0.156767550278 0))
    polyLine 8 12 ((0.00606264972557 0.0902872034431 -0.03) (0.0061807617733 0.0911584410745 -0.03) (0.00630000798477 0.0920295241976 -0.03) (0.00642038815787 0.0929004513359 -0.03) (0.00654190208856 0.0937712210132 -0.03) (0.00666454957089 0.0946418317536 -0.03) (0.00678833039698 0.0955122820815 -0.03) (0.00691324435702 0.0963825705216 -0.03) (0.00703929123928 0.0972526955986 -0.03) (0.00716647083014 0.0981226558379 -0.03) (0.00729478291403 0.0989924497649 -0.03) (0.00742422727345 0.0998620759053 -0.03) (0.00755480368903 0.100731532785 -0.03) (0.00768651193943 0.101600818931 -0.03) (0.00781935180141 0.102469932869 -0.03) (0.00795332304982 0.103338873126 -0.03) (0.00808842545759 0.10420763823 -0.03) (0.00822465879573 0.105076226708 -0.03) (0.00836202283333 0.105944637088 -0.03) (0.00850051733756 0.106812867897 -0.03) (0.00864014207368 0.107680917665 -0.03) (0.00878089680504 0.10854878492 -0.03) (0.00892278129307 0.10941646819 -0.03) (0.00906579529727 0.110283966006 -0.03) (0.00920993857526 0.111151276898 -0.03) (0.00935521088271 0.112018399393 -0.03) (0.0095016119734 0.112885332025 -0.03) (0.00964914159919 0.113752073321 -0.03) (0.00979779951001 0.114618621815 -0.03) (0.00994758545391 0.115484976037 -0.03) (0.010098499177 0.116351134518 -0.03) (0.0102505404235 0.11721709579 -0.03) (0.0104037089357 0.118082858387 -0.03) (0.010558004454 0.118948420839 -0.03) (0.0107134267169 0.119813781681 -0.03) (0.0108699754609 0.120678939445 -0.03) (0.0110276504207 0.121543892666 -0.03) (0.011186451329 0.122408639876 -0.03) (0.0113463779168 0.123273179611 -0.03) (0.0115074299128 0.124137510404 -0.03) (0.0116696070442 0.125001630792 -0.03) (0.0118329090361 0.125865539309 -0.03) (0.0119973356117 0.126729234491 -0.03) (0.0121628864922 0.127592714874 -0.03) (0.0123295613971 0.128455978995 -0.03) (0.012497360044 0.12931902539 -0.03) (0.0126662821482 0.130181852597 -0.03) (0.0128363274237 0.131044459153 -0.03) (0.0130074955821 0.131906843596 -0.03) (0.0131797863333 0.132769004465 -0.03) (0.0133531993853 0.133630940298 -0.03) (0.0135277344442 0.134492649634 -0.03))
    polyLine 10 14 ((0.00606264972557 0.0902872034431 0) (0.0061807617733 0.0911584410745 0) (0.00630000798477 0.0920295241976 0) (0.00642038815787 0.0929004513359 0) (0.00654190208856 0.0937712210132 0) (0.00666454957089 0.0946418317536 0) (0.00678833039698 0.0955122820815 0) (0.00691324435702 0.0963825705216 0) (0.00703929123928 0.0972526955986 0) (0.00716647083014 0.0981226558379 0) (0.00729478291403 0.0989924497649 0) (0.00742422727345 0.0998620759053 0) (0.00755480368903 0.100731532785 0) (0.00768651193943 0.101600818931 0) (0.00781935180141 0.102469932869 0) (0.00795332304982 0.103338873126 0) (0.00808842545759 0.10420763823 0) (0.00822465879573 0.105076226708 0) (0.00836202283333 0.105944637088 0) (0.00850051733756 0.106812867897 0) (0.00864014207368 0.107680917665 0) (0.00878089680504 0.10854878492 0) (0.00892278129307 0.10941646819 0) (0.00906579529727 0.110283966006 0) (0.00920993857526 0.111151276898 0) (0.00935521088271 0.112018399393 0) (0.0095016119734 0.112885332025 0) (0.00964914159919 0.113752073321 0) (0.00979779951001 0.114618621815 0) (0.00994758545391 0.115484976037 0) (0.010098499177 0.116351134518 0) (0.0102505404235 0.11721709579 0) (0.0104037089357 0.118082858387 0) (0.010558004454 0.118948420839 0) (0.0107134267169 0.119813781681 0) (0.0108699754609 0.120678939445 0) (0.0110276504207 0.121543892666 0) (0.011186451329 0.122408639876 0) (0.0113463779168 0.123273179611 0) (0.0115074299128 0.124137510404 0) (0.0116696070442 0.125001630792 0) (0.0118329090361 0.125865539309 0) (0.0119973356117 0.126729234491 0) (0.0121628864922 0.127592714874 0) (0.0123295613971 0.128455978995 0) (0.012497360044 0.12931902539 0) (0.0126662821482 0.130181852597 0) (0.0128363274237 0.131044459153 0) (0.0130074955821 0.131906843596 0) (0.0131797863333 0.132769004465 0) (0.0133531993853 0.133630940298 0) (0.0135277344442 0.134492649634 0))
    polyLine 9 13 ((-0.25293090334 0.163354686027 -0.03) (-0.252417157592 0.16660992959 -0.03) (-0.251894003138 0.169866726545 -0.03) (-0.251361469135 0.173125134613 -0.03) (-0.250819584512 0.176385212909 -0.03) (-0.250268377937 0.179647021949 -0.03) (-0.249707877787 0.182910623663 -0.03) (-0.249138112113 0.186176081405 -0.03) (-0.248559108616 0.189443459966 -0.03) (-0.247970894606 0.192712825583 -0.03) (-0.247373496982 0.195984245948 -0.03) (-0.246766942198 0.19925779022 -0.03) (-0.246151256229 0.202533529034 -0.03) (-0.245526464552 0.205811534509 -0.03) (-0.244892592108 0.20909188026 -0.03) (-0.244249663279 0.212374641404 -0.03) (-0.243597701857 0.215659894571 -0.03) (-0.24293673102 0.218947717913 -0.03) (-0.242266773302 0.222238191113 -0.03) (-0.241587850569 0.225531395391 -0.03) (-0.240899983991 0.228827413515 -0.03) (-0.240203194016 0.232126329812 -0.03) (-0.239497500347 0.235428230171 -0.03))
    polyLine 11 15 ((-0.25293090334 0.163354686027 0) (-0.252417157592 0.16660992959 0) (-0.251894003138 0.169866726545 0) (-0.251361469135 0.173125134613 0) (-0.250819584512 0.176385212909 0) (-0.250268377937 0.179647021949 0) (-0.249707877787 0.182910623663 0) (-0.249138112113 0.186176081405 0) (-0.248559108616 0.189443459966 0) (-0.247970894606 0.192712825583 0) (-0.247373496982 0.195984245948 0) (-0.246766942198 0.19925779022 0) (-0.246151256229 0.202533529034 0) (-0.245526464552 0.205811534509 0) (-0.244892592108 0.20909188026 0) (-0.244249663279 0.212374641404 0) (-0.243597701857 0.215659894571 0) (-0.24293673102 0.218947717913 0) (-0.242266773302 0.222238191113 0) (-0.241587850569 0.225531395391 0) (-0.240899983991 0.228827413515 0) (-0.240203194016 0.232126329812 0) (-0.239497500347 0.235428230171 0))
    polyLine 12 16 ((0.0137033912141 0.135354131012 -0.03) (0.0138801693973 0.136215382973 -0.03) (0.0140580686943 0.137076404057 -0.03) (0.0142370888034 0.137937192804 -0.03) (0.0144172294212 0.138797747755 -0.03) (0.0145984902424 0.139658067452 -0.03) (0.0147808709598 0.140518150436 -0.03) (0.0149643712643 0.14137799525 -0.03) (0.0151489908448 0.142237600437 -0.03) (0.0153347293884 0.143096964539 -0.03) (0.0155215865803 0.1439560861 -0.03) (0.0157095621038 0.144814963663 -0.03) (0.0158986556402 0.145673595773 -0.03) (0.0160888668691 0.146531980975 -0.03) (0.0162801954681 0.147390117813 -0.03) (0.0164726411129 0.148248004834 -0.03) (0.0166662034773 0.149105640583 -0.03) (0.0168608822331 0.149963023606 -0.03) (0.0170566770506 0.15082015245 -0.03) (0.0172535875977 0.151677025663 -0.03) (0.0174516135408 0.152533641792 -0.03) (0.0176507545442 0.153389999385 -0.03) (0.0178510102703 0.15424609699 -0.03) (0.0180523803798 0.155101933158 -0.03) (0.0182548645313 0.155957506436 -0.03) (0.0184584623816 0.156812815375 -0.03) (0.0186631735857 0.157667858526 -0.03) (0.0188689977965 0.158522634438 -0.03) (0.0190759346653 0.159377141664 -0.03) (0.0192839838412 0.160231378754 -0.03) (0.0194931449717 0.161085344262 -0.03) (0.0197034177021 0.161939036738 -0.03) (0.0199148016762 0.162792454738 -0.03) (0.0201272965356 0.163645596813 -0.03) (0.0203409019202 0.164498461519 -0.03) (0.0205556174679 0.165351047409 -0.03) (0.0207714428148 0.166203353038 -0.03) (0.020988377595 0.167055376963 -0.03) (0.021206421441 0.167907117737 -0.03) (0.021425573983 0.168758573919 -0.03) (0.0216458348497 0.169609744065 -0.03) (0.0218672036678 0.170460626732 -0.03) (0.0220896800619 0.171311220477 -0.03) (0.0223132636551 0.17216152386 -0.03) (0.0225379540684 0.17301153544 -0.03) (0.0227637509209 0.173861253774 -0.03) (0.0229906538299 0.174710677423 -0.03) (0.0232186624109 0.175559804948 -0.03) (0.0234477762773 0.176408634909 -0.03) (0.0236779950409 0.177257165867 -0.03) (0.0239093183114 0.178105396385 -0.03))
    polyLine 14 18 ((0.0137033912141 0.135354131012 0) (0.0138801693973 0.136215382973 0) (0.0140580686943 0.137076404057 0) (0.0142370888034 0.137937192804 0) (0.0144172294212 0.138797747755 0) (0.0145984902424 0.139658067452 0) (0.0147808709598 0.140518150436 0) (0.0149643712643 0.14137799525 0) (0.0151489908448 0.142237600437 0) (0.0153347293884 0.143096964539 0) (0.0155215865803 0.1439560861 0) (0.0157095621038 0.144814963663 0) (0.0158986556402 0.145673595773 0) (0.0160888668691 0.146531980975 0) (0.0162801954681 0.147390117813 0) (0.0164726411129 0.148248004834 0) (0.0166662034773 0.149105640583 0) (0.0168608822331 0.149963023606 0) (0.0170566770506 0.15082015245 0) (0.0172535875977 0.151677025663 0) (0.0174516135408 0.152533641792 0) (0.0176507545442 0.153389999385 0) (0.0178510102703 0.15424609699 0) (0.0180523803798 0.155101933158 0) (0.0182548645313 0.155957506436 0) (0.0184584623816 0.156812815375 0) (0.0186631735857 0.157667858526 0) (0.0188689977965 0.158522634438 0) (0.0190759346653 0.159377141664 0) (0.0192839838412 0.160231378754 0) (0.0194931449717 0.161085344262 0) (0.0197034177021 0.161939036738 0) (0.0199148016762 0.162792454738 0) (0.0201272965356 0.163645596813 0) (0.0203409019202 0.164498461519 0) (0.0205556174679 0.165351047409 0) (0.0207714428148 0.166203353038 0) (0.020988377595 0.167055376963 0) (0.021206421441 0.167907117737 0) (0.021425573983 0.168758573919 0) (0.0216458348497 0.169609744065 0) (0.0218672036678 0.170460626732 0) (0.0220896800619 0.171311220477 0) (0.0223132636551 0.17216152386 0) (0.0225379540684 0.17301153544 0) (0.0227637509209 0.173861253774 0) (0.0229906538299 0.174710677423 0) (0.0232186624109 0.175559804948 0) (0.0234477762773 0.176408634909 0) (0.0236779950409 0.177257165867 0) (0.0239093183114 0.178105396385 0))
    polyLine 13 17 ((-0.238084491919 0.241927565532 -0.03) (-0.23737781 0.245124957605 -0.03) (-0.236662891031 0.248325461252 -0.03) (-0.235939749134 0.251529160848 -0.03) (-0.235208397657 0.254736142177 -0.03) (-0.234468849162 0.257946492434 -0.03) (-0.233721115398 0.26116030024 -0.03) (-0.232965207292 0.264377655648 -0.03) (-0.232201134924 0.26759865015 -0.03) (-0.231428907513 0.270823376686 -0.03) (-0.230648533397 0.274051929655 -0.03) (-0.229860020018 0.277284404923 -0.03) (-0.229063373907 0.280520899833 -0.03) (-0.228258600661 0.283761513212 -0.03) (-0.227445704932 0.287006345388 -0.03) (-0.22662469041 0.290255498191 -0.03) (-0.225795559806 0.293509074972 -0.03) (-0.224958314836 0.296767180611 -0.03) (-0.224112956207 0.300029921526 -0.03) (-0.223259483599 0.30329740569 -0.03) (-0.222397895653 0.30656974264 -0.03) (-0.221528189952 0.309847043489 -0.03) (-0.220650363012 0.313129420942 -0.03))
    polyLine 15 19 ((-0.238084491919 0.241927565532 0) (-0.23737781 0.245124957605 0) (-0.236662891031 0.248325461252 0) (-0.235939749134 0.251529160848 0) (-0.235208397657 0.254736142177 0) (-0.234468849162 0.257946492434 0) (-0.233721115398 0.26116030024 0) (-0.232965207292 0.264377655648 0) (-0.232201134924 0.26759865015 0) (-0.231428907513 0.270823376686 0) (-0.230648533397 0.274051929655 0) (-0.229860020018 0.277284404923 0) (-0.229063373907 0.280520899833 0) (-0.228258600661 0.283761513212 0) (-0.227445704932 0.287006345388 0) (-0.22662469041 0.290255498191 0) (-0.225795559806 0.293509074972 0) (-0.224958314836 0.296767180611 0) (-0.224112956207 0.300029921526 0) (-0.223259483599 0.30329740569 0) (-0.222397895653 0.30656974264 0) (-0.221528189952 0.309847043489 0) (-0.220650363012 0.313129420942 0))
    polyLine 16 20 ((0.0241417456968 0.178953325024 -0.03) (0.0243752768031 0.179800950347 -0.03) (0.0246099112344 0.180648270918 -0.03) (0.0248456485932 0.1814952853 -0.03) (0.0250824884798 0.182341992058 -0.03) (0.0253204304927 0.183188389757 -0.03) (0.0255594742288 0.184034476962 -0.03) (0.0257996192828 0.184880252239 -0.03) (0.0260408652477 0.185725714155 -0.03) (0.0262832117146 0.186570861276 -0.03) (0.0265266582727 0.18741569217 -0.03) (0.0267712045095 0.188260205405 -0.03) (0.0270168500104 0.18910439955 -0.03) (0.027263594359 0.189948273174 -0.03) (0.0275114371372 0.190791824846 -0.03) (0.0277603779249 0.191635053137 -0.03) (0.0280104163 0.192477956617 -0.03) (0.0282615518389 0.193320533858 -0.03) (0.0285137841159 0.194162783432 -0.03) (0.0287671127034 0.195004703911 -0.03) (0.0290215371721 0.195846293868 -0.03) (0.0292770570907 0.196687551877 -0.03) (0.0295336720262 0.197528476512 -0.03) (0.0297913815436 0.198369066347 -0.03) (0.030050185206 0.199209319958 -0.03) (0.0303100825749 0.20004923592 -0.03) (0.0305710732097 0.200888812811 -0.03) (0.0308331566681 0.201728049206 -0.03) (0.0310963325058 0.202566943684 -0.03) (0.0313606002768 0.203405494822 -0.03) (0.0316259595331 0.204243701199 -0.03) (0.031892409825 0.205081561396 -0.03) (0.0321599507009 0.20591907399 -0.03) (0.0324285817073 0.206756237564 -0.03) (0.0326983023889 0.207593050697 -0.03) (0.0329691122885 0.208429511972 -0.03) (0.0332410109471 0.209265619971 -0.03) (0.0335139979039 0.210101373276 -0.03) (0.0337880726961 0.210936770472 -0.03) (0.0340632348593 0.211771810142 -0.03) (0.0343394839271 0.21260649087 -0.03) (0.0346168194311 0.213440811243 -0.03) (0.0348952409014 0.214274769846 -0.03) (0.035174747866 0.215108365265 -0.03) (0.0354553398513 0.215941596088 -0.03) (0.0357370163815 0.216774460902 -0.03) (0.0360197769793 0.217606958296 -0.03) (0.0363036211654 0.218439086858 -0.03) (0.0365885484588 0.219270845179 -0.03) (0.0368745583764 0.220102231848 -0.03) (0.0371616504335 0.220933245456 -0.03) (0.0374498241436 0.221763884595 -0.03))
    polyLine 18 22 ((0.0241417456968 0.178953325024 0) (0.0243752768031 0.179800950347 0) (0.0246099112344 0.180648270918 0) (0.0248456485932 0.1814952853 0) (0.0250824884798 0.182341992058 0) (0.0253204304927 0.183188389757 0) (0.0255594742288 0.184034476962 0) (0.0257996192828 0.184880252239 0) (0.0260408652477 0.185725714155 0) (0.0262832117146 0.186570861276 0) (0.0265266582727 0.18741569217 0) (0.0267712045095 0.188260205405 0) (0.0270168500104 0.18910439955 0) (0.027263594359 0.189948273174 0) (0.0275114371372 0.190791824846 0) (0.0277603779249 0.191635053137 0) (0.0280104163 0.192477956617 0) (0.0282615518389 0.193320533858 0) (0.0285137841159 0.194162783432 0) (0.0287671127034 0.195004703911 0) (0.0290215371721 0.195846293868 0) (0.0292770570907 0.196687551877 0) (0.0295336720262 0.197528476512 0) (0.0297913815436 0.198369066347 0) (0.030050185206 0.199209319958 0) (0.0303100825749 0.20004923592 0) (0.0305710732097 0.200888812811 0) (0.0308331566681 0.201728049206 0) (0.0310963325058 0.202566943684 0) (0.0313606002768 0.203405494822 0) (0.0316259595331 0.204243701199 0) (0.031892409825 0.205081561396 0) (0.0321599507009 0.20591907399 0) (0.0324285817073 0.206756237564 0) (0.0326983023889 0.207593050697 0) (0.0329691122885 0.208429511972 0) (0.0332410109471 0.209265619971 0) (0.0335139979039 0.210101373276 0) (0.0337880726961 0.210936770472 0) (0.0340632348593 0.211771810142 0) (0.0343394839271 0.21260649087 0) (0.0346168194311 0.213440811243 0) (0.0348952409014 0.214274769846 0) (0.035174747866 0.215108365265 0) (0.0354553398513 0.215941596088 0) (0.0357370163815 0.216774460902 0) (0.0360197769793 0.217606958296 0) (0.0363036211654 0.218439086858 0) (0.0365885484588 0.219270845179 0) (0.0368745583764 0.220102231848 0) (0.0371616504335 0.220933245456 0) (0.0374498241436 0.221763884595 0))
    polyLine 17 21 ((-0.218908399446 0.319570140663 -0.03) (-0.218044926132 0.32272826158 -0.03) (-0.217173983429 0.325891456645 -0.03) (-0.216295563486 0.329059831842 -0.03) (-0.215409657483 0.332233494566 -0.03) (-0.214516255612 0.335412553636 -0.03) (-0.213615347072 0.338597119309 -0.03) (-0.212706920052 0.341787303294 -0.03) (-0.211790961724 0.344983218766 -0.03) (-0.210867458228 0.348184980383 -0.03) (-0.209936394662 0.3513927043 -0.03) (-0.208997755071 0.354606508187 -0.03) (-0.208051522434 0.357826511243 -0.03) (-0.207097678651 0.361052834216 -0.03) (-0.206136204534 0.364285599417 -0.03) (-0.205167079794 0.367524930744 -0.03) (-0.204190283029 0.370770953693 -0.03) (-0.20320579171 0.374023795386 -0.03) (-0.202213582171 0.377283584584 -0.03) (-0.201213629598 0.380550451711 -0.03) (-0.200205908012 0.383824528874 -0.03) (-0.19919039026 0.387105949886 -0.03) (-0.198167048002 0.390394850285 -0.03))
    polyLine 19 23 ((-0.218908399446 0.319570140663 0) (-0.218044926132 0.32272826158 0) (-0.217173983429 0.325891456645 0) (-0.216295563486 0.329059831842 0) (-0.215409657483 0.332233494566 0) (-0.214516255612 0.335412553636 0) (-0.213615347072 0.338597119309 0) (-0.212706920052 0.341787303294 0) (-0.211790961724 0.344983218766 0) (-0.210867458228 0.348184980383 0) (-0.209936394662 0.3513927043 0) (-0.208997755071 0.354606508187 0) (-0.208051522434 0.357826511243 0) (-0.207097678651 0.361052834216 0) (-0.206136204534 0.364285599417 0) (-0.205167079794 0.367524930744 0) (-0.204190283029 0.370770953693 0) (-0.20320579171 0.374023795386 0) (-0.202213582171 0.377283584584 0) (-0.201213629598 0.380550451711 0) (-0.200205908012 0.383824528874 0) (-0.19919039026 0.387105949886 0) (-0.198167048002 0.390394850285 0))
    polyLine 20 24 ((0.0377390790181 0.222594147857 -0.03) (0.0380294145668 0.223424033834 -0.03) (0.0383208302976 0.22425354112 -0.03) (0.0386133257165 0.22508266831 -0.03) (0.0389069003279 0.225911413997 -0.03) (0.0392015536341 0.226739776777 -0.03) (0.0394972851356 0.227567755246 -0.03) (0.0397940943313 0.228395348001 -0.03) (0.0400919807181 0.229222553638 -0.03) (0.040390943791 0.230049370757 -0.03) (0.0406909830433 0.230875797955 -0.03) (0.0409920979666 0.231701833831 -0.03) (0.0412942880503 0.232527476986 -0.03) (0.0415975527824 0.23335272602 -0.03) (0.0419018916488 0.234177579535 -0.03) (0.0422073041336 0.235002036132 -0.03) (0.0425137897192 0.235826094414 -0.03) (0.0428213478862 0.236649752984 -0.03) (0.0431299781133 0.237473010447 -0.03) (0.0434396798772 0.238295865406 -0.03) (0.0437504526532 0.239118316467 -0.03) (0.0440622959144 0.239940362236 -0.03) (0.0443752091323 0.24076200132 -0.03) (0.0446891917766 0.241583232326 -0.03) (0.045004243315 0.242404053862 -0.03) (0.0453203632136 0.243224464538 -0.03) (0.0456375509365 0.244044462961 -0.03) (0.0459558059461 0.244864047743 -0.03) (0.0462751277031 0.245683217495 -0.03) (0.0465955156662 0.246501970827 -0.03) (0.0469169692923 0.247320306353 -0.03) (0.0472394880365 0.248138222685 -0.03) (0.0475630713524 0.248955718436 -0.03) (0.0478877186913 0.249772792222 -0.03) (0.048213429503 0.250589442658 -0.03) (0.0485402032356 0.251405668358 -0.03) (0.048868039335 0.25222146794 -0.03) (0.0491969372457 0.253036840021 -0.03) (0.0495268964101 0.253851783219 -0.03) (0.0498579162691 0.254666296153 -0.03) (0.0501899962615 0.255480377442 -0.03) (0.0505231358245 0.256294025706 -0.03) (0.0508573343935 0.257107239567 -0.03) (0.051192591402 0.257920017645 -0.03) (0.0515289062817 0.258732358563 -0.03) (0.0518662784627 0.259544260945 -0.03) (0.052204707373 0.260355723414 -0.03) (0.0525441924392 0.261166744596 -0.03) (0.0528847330857 0.261977323114 -0.03) (0.0532263287354 0.262787457596 -0.03) (0.0535689788093 0.263597146667 -0.03))
    polyLine 22 26 ((0.0377390790181 0.222594147857 0) (0.0380294145668 0.223424033834 0) (0.0383208302976 0.22425354112 0) (0.0386133257165 0.22508266831 0) (0.0389069003279 0.225911413997 0) (0.0392015536341 0.226739776777 0) (0.0394972851356 0.227567755246 0) (0.0397940943313 0.228395348001 0) (0.0400919807181 0.229222553638 0) (0.040390943791 0.230049370757 0) (0.0406909830433 0.230875797955 0) (0.0409920979666 0.231701833831 0) (0.0412942880503 0.232527476986 0) (0.0415975527824 0.23335272602 0) (0.0419018916488 0.234177579535 0) (0.0422073041336 0.235002036132 0) (0.0425137897192 0.235826094414 0) (0.0428213478862 0.236649752984 0) (0.0431299781133 0.237473010447 0) (0.0434396798772 0.238295865406 0) (0.0437504526532 0.239118316467 0) (0.0440622959144 0.239940362236 0) (0.0443752091323 0.24076200132 0) (0.0446891917766 0.241583232326 0) (0.045004243315 0.242404053862 0) (0.0453203632136 0.243224464538 0) (0.0456375509365 0.244044462961 0) (0.0459558059461 0.244864047743 0) (0.0462751277031 0.245683217495 0) (0.0465955156662 0.246501970827 0) (0.0469169692923 0.247320306353 0) (0.0472394880365 0.248138222685 0) (0.0475630713524 0.248955718436 0) (0.0478877186913 0.249772792222 0) (0.048213429503 0.250589442658 0) (0.0485402032356 0.251405668358 0) (0.048868039335 0.25222146794 0) (0.0491969372457 0.253036840021 0) (0.0495268964101 0.253851783219 0) (0.0498579162691 0.254666296153 0) (0.0501899962615 0.255480377442 0) (0.0505231358245 0.256294025706 0) (0.0508573343935 0.257107239567 0) (0.051192591402 0.257920017645 0) (0.0515289062817 0.258732358563 0) (0.0518662784627 0.259544260945 0) (0.052204707373 0.260355723414 0) (0.0525441924392 0.261166744596 0) (0.0528847330857 0.261977323114 0) (0.0532263287354 0.262787457596 0) (0.0535689788093 0.263597146667 0))
    polyLine 21 25 ((-0.196147131178 0.396835891109 -0.03) (-0.195151241472 0.399987560984 -0.03) (-0.194148154018 0.403146499871 -0.03) (-0.193137839223 0.406312832168 -0.03) (-0.192120266458 0.409486683808 -0.03) (-0.191095404044 0.412668182283 -0.03) (-0.190063219238 0.415857456662 -0.03) (-0.189023678225 0.419054637615 -0.03) (-0.187976746106 0.422259857437 -0.03) (-0.186922386883 0.42547325007 -0.03) (-0.18586056345 0.428694951127 -0.03) (-0.184791237579 0.431925097919 -0.03) (-0.183714369907 0.435163829477 -0.03) (-0.182629919925 0.438411286581 -0.03) (-0.181537845963 0.441667611785 -0.03) (-0.180438105178 0.444932949443 -0.03) (-0.179330653537 0.44820744574 -0.03) (-0.178215445808 0.451491248722 -0.03) (-0.177092435541 0.454784508318 -0.03) (-0.175961575056 0.458087376379 -0.03) (-0.174822815427 0.461400006703 -0.03) (-0.173676106466 0.464722555071 -0.03) (-0.172521396709 0.468055179275 -0.03))
    polyLine 23 27 ((-0.196147131178 0.396835891109 0) (-0.195151241472 0.399987560984 0) (-0.194148154018 0.403146499871 0) (-0.193137839223 0.406312832168 0) (-0.192120266458 0.409486683808 0) (-0.191095404044 0.412668182283 0) (-0.190063219238 0.415857456662 0) (-0.189023678225 0.419054637615 0) (-0.187976746106 0.422259857437 0) (-0.186922386883 0.42547325007 0) (-0.18586056345 0.428694951127 0) (-0.184791237579 0.431925097919 0) (-0.183714369907 0.435163829477 0) (-0.182629919925 0.438411286581 0) (-0.181537845963 0.441667611785 0) (-0.180438105178 0.444932949443 0) (-0.179330653537 0.44820744574 0) (-0.178215445808 0.451491248722 0) (-0.177092435541 0.454784508318 0) (-0.175961575056 0.458087376379 0) (-0.174822815427 0.461400006703 0) (-0.173676106466 0.464722555071 0) (-0.172521396709 0.468055179275 0))
    polyLine 24 28 ((0.0539126827266 0.264406388957 -0.03) (0.0542574399047 0.265215183093 -0.03) (0.0546032497594 0.266023527704 -0.03) (0.0549501117044 0.266831421421 -0.03) (0.055298025152 0.267638862874 -0.03) (0.0556469895123 0.268445850694 -0.03) (0.0559970041939 0.269252383513 -0.03) (0.0563480686036 0.270058459965 -0.03) (0.0567001821463 0.270864078683 -0.03) (0.0570533442252 0.271669238303 -0.03) (0.0574075542418 0.272473937458 -0.03) (0.0577628115955 0.273278174785 -0.03) (0.0581191156844 0.274081948922 -0.03) (0.0584764659045 0.274885258505 -0.03) (0.0588348616501 0.275688102173 -0.03) (0.0591943023137 0.276490478566 -0.03) (0.0595547872862 0.277292386323 -0.03) (0.0599163159564 0.278093824085 -0.03) (0.0602788877118 0.278894790495 -0.03) (0.0606425019376 0.279695284193 -0.03) (0.0610071580176 0.280495303824 -0.03) (0.0613728553337 0.281294848031 -0.03) (0.0617395932662 0.282093915459 -0.03) (0.0621073711933 0.282892504755 -0.03) (0.0624761884917 0.283690614563 -0.03) (0.0628460445364 0.284488243532 -0.03) (0.0632169387004 0.28528539031 -0.03) (0.063588870355 0.286082053546 -0.03) (0.06396183887 0.286878231888 -0.03) (0.064335843613 0.287673923988 -0.03) (0.0647108839502 0.288469128498 -0.03) (0.065086959246 0.289263844068 -0.03) (0.0654640688629 0.290058069353 -0.03) (0.0658422121616 0.290851803006 -0.03) (0.0662213885014 0.291645043682 -0.03) (0.0666015972395 0.292437790036 -0.03) (0.0669828377314 0.293230040725 -0.03) (0.067365109331 0.294021794405 -0.03) (0.0677484113904 0.294813049735 -0.03) (0.0681327432599 0.295603805374 -0.03) (0.0685181042881 0.296394059981 -0.03) (0.0689044938217 0.297183812217 -0.03) (0.069291911206 0.297973060744 -0.03) (0.0696803557841 0.298761804223 -0.03) (0.0700698268979 0.299550041318 -0.03) (0.070460323887 0.300337770693 -0.03) (0.0708518460898 0.301124991012 -0.03) (0.0712443928424 0.301911700942 -0.03) (0.0716379634797 0.302697899148 -0.03) (0.0720325573344 0.303483584299 -0.03) (0.0724281737379 0.304268755062 -0.03) (0.0728248120195 0.305053410107 -0.03))
    polyLine 26 30 ((0.0539126827266 0.264406388957 0) (0.0542574399047 0.265215183093 0) (0.0546032497594 0.266023527704 0) (0.0549501117044 0.266831421421 0) (0.055298025152 0.267638862874 0) (0.0556469895123 0.268445850694 0) (0.0559970041939 0.269252383513 0) (0.0563480686036 0.270058459965 0) (0.0567001821463 0.270864078683 0) (0.0570533442252 0.271669238303 0) (0.0574075542418 0.272473937458 0) (0.0577628115955 0.273278174785 0) (0.0581191156844 0.274081948922 0) (0.0584764659045 0.274885258505 0) (0.0588348616501 0.275688102173 0) (0.0591943023137 0.276490478566 0) (0.0595547872862 0.277292386323 0) (0.0599163159564 0.278093824085 0) (0.0602788877118 0.278894790495 0) (0.0606425019376 0.279695284193 0) (0.0610071580176 0.280495303824 0) (0.0613728553337 0.281294848031 0) (0.0617395932662 0.282093915459 0) (0.0621073711933 0.282892504755 0) (0.0624761884917 0.283690614563 0) (0.0628460445364 0.284488243532 0) (0.0632169387004 0.28528539031 0) (0.063588870355 0.286082053546 0) (0.06396183887 0.286878231888 0) (0.064335843613 0.287673923988 0) (0.0647108839502 0.288469128498 0) (0.065086959246 0.289263844068 0) (0.0654640688629 0.290058069353 0) (0.0658422121616 0.290851803006 0) (0.0662213885014 0.291645043682 0) (0.0666015972395 0.292437790036 0) (0.0669828377314 0.293230040725 0) (0.067365109331 0.294021794405 0) (0.0677484113904 0.294813049735 0) (0.0681327432599 0.295603805374 0) (0.0685181042881 0.296394059981 0) (0.0689044938217 0.297183812217 0) (0.069291911206 0.297973060744 0) (0.0696803557841 0.298761804223 0) (0.0700698268979 0.299550041318 0) (0.070460323887 0.300337770693 0) (0.0708518460898 0.301124991012 0) (0.0712443928424 0.301911700942 0) (0.0716379634797 0.302697899148 0) (0.0720325573344 0.303483584299 0) (0.0724281737379 0.304268755062 0) (0.0728248120195 0.305053410107 0))
    polyLine 25 29 ((-0.170249007068 0.474576214931 -0.03) (-0.169132049327 0.477763872038 -0.03) (-0.168007711952 0.480961151857 -0.03) (-0.166875945616 0.484168197536 -0.03) (-0.165736699885 0.487385154011 -0.03) (-0.164589923198 0.490612168041 -0.03) (-0.163435562853 0.493849388238 -0.03) (-0.162273564997 0.497096965094 -0.03) (-0.161103874604 0.500355051016 -0.03) (-0.159926435465 0.503623800358 -0.03) (-0.158741190169 0.50690336945 -0.03) (-0.15754808009 0.510193916639 -0.03) (-0.156347045367 0.513495602314 -0.03) (-0.155138024887 0.516808588952 -0.03) (-0.153920956271 0.520133041144 -0.03) (-0.152695775853 0.523469125638 -0.03) (-0.151462418666 0.526817011378 -0.03) (-0.150220818415 0.530176869537 -0.03) (-0.148970907469 0.53354887356 -0.03) (-0.147712616831 0.536933199205 -0.03) (-0.146445876125 0.540330024585 -0.03) (-0.145170613574 0.543739530206 -0.03) (-0.143886755976 0.547161899017 -0.03))
    polyLine 27 31 ((-0.170249007068 0.474576214931 0) (-0.169132049327 0.477763872038 0) (-0.168007711952 0.480961151857 0) (-0.166875945616 0.484168197536 0) (-0.165736699885 0.487385154011 0) (-0.164589923198 0.490612168041 0) (-0.163435562853 0.493849388238 0) (-0.162273564997 0.497096965094 0) (-0.161103874604 0.500355051016 0) (-0.159926435465 0.503623800358 0) (-0.158741190169 0.50690336945 0) (-0.15754808009 0.510193916639 0) (-0.156347045367 0.513495602314 0) (-0.155138024887 0.516808588952 0) (-0.153920956271 0.520133041144 0) (-0.152695775853 0.523469125638 0) (-0.151462418666 0.526817011378 0) (-0.150220818415 0.530176869537 0) (-0.148970907469 0.53354887356 0) (-0.147712616831 0.536933199205 0) (-0.146445876125 0.540330024585 0) (-0.145170613574 0.543739530206 0) (-0.143886755976 0.547161899017 0))
    polyLine 28 32 ((0.073222471507 0.305837548104 -0.03) (0.0736211515264 0.306621167724 -0.03) (0.0740208514019 0.307404267638 -0.03) (0.0744215704561 0.30818684652 -0.03) (0.0748233080097 0.308968903042 -0.03) (0.0752260633819 0.30975043588 -0.03) (0.0756298358899 0.310531443708 -0.03) (0.0760346248495 0.311311925204 -0.03) (0.0764404295745 0.312091879043 -0.03) (0.0768472493771 0.312871303904 -0.03) (0.0772550835678 0.313650198466 -0.03) (0.0776639314553 0.31442856141 -0.03) (0.0780737923467 0.315206391414 -0.03) (0.0784846655472 0.315983687162 -0.03) (0.0788965503605 0.316760447335 -0.03) (0.0793094460884 0.317536670618 -0.03) (0.0797233520311 0.318312355693 -0.03) (0.080138267487 0.319087501248 -0.03) (0.0805541917529 0.319862105967 -0.03) (0.0809711241238 0.320636168539 -0.03) (0.0813890638931 0.32140968765 -0.03) (0.0818080103524 0.32218266199 -0.03) (0.0822279627915 0.322955090249 -0.03) (0.0826489204986 0.323726971117 -0.03) (0.0830708827604 0.324498303287 -0.03) (0.0834938488615 0.325269085451 -0.03) (0.0839178180851 0.326039316302 -0.03) (0.0843427897125 0.326808994534 -0.03) (0.0847687630236 0.327578118845 -0.03) (0.0851957372961 0.328346687929 -0.03) (0.0856237118066 0.329114700484 -0.03) (0.0860526858295 0.329882155208 -0.03) (0.0864826586378 0.330649050801 -0.03) (0.0869136295027 0.331415385962 -0.03) (0.0873455976937 0.332181159394 -0.03) (0.0877785624787 0.332946369797 -0.03) (0.0882125231239 0.333711015875 -0.03) (0.0886474788936 0.334475096332 -0.03) (0.0890834290506 0.335238609873 -0.03) (0.0895203728562 0.336001555203 -0.03) (0.0899583095695 0.33676393103 -0.03) (0.0903972384485 0.337525736061 -0.03) (0.090837158749 0.338286969005 -0.03) (0.0912780697256 0.339047628572 -0.03) (0.0917199706308 0.339807713473 -0.03) (0.0921628607156 0.340567222419 -0.03) (0.0926067392295 0.341326154123 -0.03) (0.09305160542 0.342084507299 -0.03) (0.093497458533 0.34284228066 -0.03) (0.0939442978131 0.343599472924 -0.03) (0.0943921225026 0.344356082806 -0.03))
    polyLine 30 34 ((0.073222471507 0.305837548104 0) (0.0736211515264 0.306621167724 0) (0.0740208514019 0.307404267638 0) (0.0744215704561 0.30818684652 0) (0.0748233080097 0.308968903042 0) (0.0752260633819 0.30975043588 0) (0.0756298358899 0.310531443708 0) (0.0760346248495 0.311311925204 0) (0.0764404295745 0.312091879043 0) (0.0768472493771 0.312871303904 0) (0.0772550835678 0.313650198466 0) (0.0776639314553 0.31442856141 0) (0.0780737923467 0.315206391414 0) (0.0784846655472 0.315983687162 0) (0.0788965503605 0.316760447335 0) (0.0793094460884 0.317536670618 0) (0.0797233520311 0.318312355693 0) (0.080138267487 0.319087501248 0) (0.0805541917529 0.319862105967 0) (0.0809711241238 0.320636168539 0) (0.0813890638931 0.32140968765 0) (0.0818080103524 0.32218266199 0) (0.0822279627915 0.322955090249 0) (0.0826489204986 0.323726971117 0) (0.0830708827604 0.324498303287 0) (0.0834938488615 0.325269085451 0) (0.0839178180851 0.326039316302 0) (0.0843427897125 0.326808994534 0) (0.0847687630236 0.327578118845 0) (0.0851957372961 0.328346687929 0) (0.0856237118066 0.329114700484 0) (0.0860526858295 0.329882155208 0) (0.0864826586378 0.330649050801 0) (0.0869136295027 0.331415385962 0) (0.0873455976937 0.332181159394 0) (0.0877785624787 0.332946369797 0) (0.0882125231239 0.333711015875 0) (0.0886474788936 0.334475096332 0) (0.0890834290506 0.335238609873 0) (0.0895203728562 0.336001555203 0) (0.0899583095695 0.33676393103 0) (0.0903972384485 0.337525736061 0) (0.090837158749 0.338286969005 0) (0.0912780697256 0.339047628572 0) (0.0917199706308 0.339807713473 0) (0.0921628607156 0.340567222419 0) (0.0926067392295 0.341326154123 0) (0.09305160542 0.342084507299 0) (0.093497458533 0.34284228066 0) (0.0939442978131 0.343599472924 0) (0.0943921225026 0.344356082806 0))
    polyLine 29 33 ((-0.141363682957 0.553858782673 -0.03) (-0.140125247821 0.557132251172 -0.03) (-0.138878856445 0.560417885197 -0.03) (-0.137624440766 0.563715850138 -0.03) (-0.13636193148 0.567026313551 -0.03) (-0.135091258015 0.570349445207 -0.03) (-0.133812348518 0.573685417125 -0.03) (-0.132525129832 0.577034403615 -0.03) (-0.131229527476 0.580396581317 -0.03) (-0.129925465628 0.583772129247 -0.03) (-0.128612867098 0.587161228833 -0.03) (-0.12729165331 0.590564063969 -0.03) (-0.125961744283 0.593980821049 -0.03) (-0.124623058599 0.597411689022 -0.03) (-0.123275513391 0.600856859434 -0.03) (-0.121919024312 0.604316526477 -0.03) (-0.120553505512 0.607790887041 -0.03) (-0.119178869614 0.61128014076 -0.03) (-0.11779502769 0.614784490066 -0.03) (-0.116401889233 0.618304140241 -0.03) (-0.114999362129 0.621839299474 -0.03) (-0.113587352634 0.625390178909 -0.03) (-0.112165765341 0.62895699271 -0.03))
    polyLine 31 35 ((-0.141363682957 0.553858782673 0) (-0.140125247821 0.557132251172 0) (-0.138878856445 0.560417885197 0) (-0.137624440766 0.563715850138 0) (-0.13636193148 0.567026313551 0) (-0.135091258015 0.570349445207 0) (-0.133812348518 0.573685417125 0) (-0.132525129832 0.577034403615 0) (-0.131229527476 0.580396581317 0) (-0.129925465628 0.583772129247 0) (-0.128612867098 0.587161228833 0) (-0.12729165331 0.590564063969 0) (-0.125961744283 0.593980821049 0) (-0.124623058599 0.597411689022 0) (-0.123275513391 0.600856859434 0) (-0.121919024312 0.604316526477 0) (-0.120553505512 0.607790887041 0) (-0.119178869614 0.61128014076 0) (-0.11779502769 0.614784490066 0) (-0.116401889233 0.618304140241 0) (-0.114999362129 0.621839299474 0) (-0.113587352634 0.625390178909 0) (-0.112165765341 0.62895699271 0))
    polyLine 32 36 ((0.0948409318427 0.345112109024 -0.03) (0.0952907250726 0.345867550297 -0.03) (0.0957415014299 0.346622405344 -0.03) (0.0961932601506 0.347376672886 -0.03) (0.096646000469 0.348130351644 -0.03) (0.0970997216178 0.348883440341 -0.03) (0.0975544228278 0.3496359377 -0.03) (0.0980101033284 0.350387842447 -0.03) (0.0984667623473 0.351139153305 -0.03) (0.0989243991103 0.351889869004 -0.03) (0.099383012842 0.352639988268 -0.03) (0.0998426027649 0.353389509828 -0.03) (0.1003031681 0.354138432413 -0.03) (0.100764708067 0.354886754754 -0.03) (0.101227221883 0.355634475582 -0.03) (0.101690708764 0.356381593629 -0.03) (0.102155167926 0.35712810763 -0.03) (0.10262059858 0.357874016319 -0.03) (0.103086999937 0.358619318433 -0.03) (0.103554371208 0.359364012706 -0.03) (0.1040227116 0.360108097879 -0.03) (0.104492020319 0.360851572688 -0.03) (0.10496229657 0.361594435875 -0.03) (0.105433539556 0.36233668618 -0.03) (0.105905748477 0.363078322344 -0.03) (0.106378922534 0.363819343112 -0.03) (0.106853060925 0.364559747226 -0.03) (0.107328162845 0.365299533433 -0.03) (0.107804227491 0.366038700478 -0.03) (0.108281254054 0.366777247107 -0.03) (0.108759241726 0.367515172071 -0.03) (0.109238189697 0.368252474117 -0.03) (0.109718097156 0.368989151996 -0.03) (0.110198963288 0.369725204459 -0.03) (0.110680787279 0.37046063026 -0.03) (0.111163568313 0.37119542815 -0.03) (0.11164730557 0.371929596886 -0.03) (0.112131998231 0.372663135222 -0.03) (0.112617645475 0.373396041915 -0.03) (0.113104246478 0.374128315723 -0.03) (0.113591800415 0.374859955405 -0.03) (0.114080306461 0.375590959721 -0.03) (0.114569763787 0.376321327431 -0.03) (0.115060171563 0.377051057299 -0.03) (0.115551528959 0.377780148086 -0.03) (0.116043835141 0.378508598557 -0.03) (0.116537089275 0.379236407478 -0.03) (0.117031290526 0.379963573615 -0.03) (0.117526438055 0.380690095735 -0.03) (0.118022531023 0.381415972607 -0.03) (0.118519568589 0.382141203001 -0.03) (0.119017549911 0.382865785687 -0.03))
    polyLine 34 38 ((0.0948409318427 0.345112109024 0) (0.0952907250726 0.345867550297 0) (0.0957415014299 0.346622405344 0) (0.0961932601506 0.347376672886 0) (0.096646000469 0.348130351644 0) (0.0970997216178 0.348883440341 0) (0.0975544228278 0.3496359377 0) (0.0980101033284 0.350387842447 0) (0.0984667623473 0.351139153305 0) (0.0989243991103 0.351889869004 0) (0.099383012842 0.352639988268 0) (0.0998426027649 0.353389509828 0) (0.1003031681 0.354138432413 0) (0.100764708067 0.354886754754 0) (0.101227221883 0.355634475582 0) (0.101690708764 0.356381593629 0) (0.102155167926 0.35712810763 0) (0.10262059858 0.357874016319 0) (0.103086999937 0.358619318433 0) (0.103554371208 0.359364012706 0) (0.1040227116 0.360108097879 0) (0.104492020319 0.360851572688 0) (0.10496229657 0.361594435875 0) (0.105433539556 0.36233668618 0) (0.105905748477 0.363078322344 0) (0.106378922534 0.363819343112 0) (0.106853060925 0.364559747226 0) (0.107328162845 0.365299533433 0) (0.107804227491 0.366038700478 0) (0.108281254054 0.366777247107 0) (0.108759241726 0.367515172071 0) (0.109238189697 0.368252474117 0) (0.109718097156 0.368989151996 0) (0.110198963288 0.369725204459 0) (0.110680787279 0.37046063026 0) (0.111163568313 0.37119542815 0) (0.11164730557 0.371929596886 0) (0.112131998231 0.372663135222 0) (0.112617645475 0.373396041915 0) (0.113104246478 0.374128315723 0) (0.113591800415 0.374859955405 0) (0.114080306461 0.375590959721 0) (0.114569763787 0.376321327431 0) (0.115060171563 0.377051057299 0) (0.115551528959 0.377780148086 0) (0.116043835141 0.378508598557 0) (0.116537089275 0.379236407478 0) (0.117031290526 0.379963573615 0) (0.117526438055 0.380690095735 0) (0.118022531023 0.381415972607 0) (0.118519568589 0.382141203001 0) (0.119017549911 0.382865785687 0))
    polyLine 33 37 ((-0.109372570845 0.635941923462 -0.03) (-0.108001820255 0.639358706883 -0.03) (-0.106622165066 0.642790499733 -0.03) (-0.105233517515 0.646237496012 -0.03) (-0.103835788373 0.649699892414 -0.03) (-0.102428886915 0.653177888376 -0.03) (-0.101012720902 0.656671686127 -0.03) (-0.0995871965481 0.660181490744 -0.03) (-0.098152218499 0.663707510203 -0.03) (-0.0967076898013 0.667249955433 -0.03) (-0.0952535118763 0.670809040374 -0.03) (-0.0937895844906 0.674384982033 -0.03) (-0.0923158057273 0.67797800054 -0.03) (-0.0908320719558 0.681588319214 -0.03) (-0.0893382778013 0.685216164617 -0.03) (-0.0878343161132 0.688861766621 -0.03) (-0.086320077933 0.69252535847 -0.03) (-0.0847954524613 0.696207176848 -0.03) (-0.0832603270244 0.699907461942 -0.03) (-0.0817145870393 0.703626457514 -0.03) (-0.0801581159788 0.707364410971 -0.03) (-0.0785907953347 0.711121573434 -0.03) (-0.0770125045813 0.714898199815 -0.03))
    polyLine 35 39 ((-0.109372570845 0.635941923462 0) (-0.108001820255 0.639358706883 0) (-0.106622165066 0.642790499733 0) (-0.105233517515 0.646237496012 0) (-0.103835788373 0.649699892414 0) (-0.102428886915 0.653177888376 0) (-0.101012720902 0.656671686127 0) (-0.0995871965481 0.660181490744 0) (-0.098152218499 0.663707510203 0) (-0.0967076898013 0.667249955433 0) (-0.0952535118763 0.670809040374 0) (-0.0937895844906 0.674384982033 0) (-0.0923158057273 0.67797800054 0) (-0.0908320719558 0.681588319214 0) (-0.0893382778013 0.685216164617 0) (-0.0878343161132 0.688861766621 0) (-0.086320077933 0.69252535847 0) (-0.0847954524613 0.696207176848 0) (-0.0832603270244 0.699907461942 0) (-0.0817145870393 0.703626457514 0) (-0.0801581159788 0.707364410971 0) (-0.0785907953347 0.711121573434 0) (-0.0770125045813 0.714898199815 0))
    polyLine 36 40 ((0.119516474145 0.383589719437 -0.03) (0.120016340445 0.384313003025 -0.03) (0.120517147964 0.385035635224 -0.03) (0.121018895853 0.38575761481 -0.03) (0.121521583262 0.386478940558 -0.03) (0.122025209339 0.387199611247 -0.03) (0.122529773229 0.387919625654 -0.03) (0.123035274078 0.38863898256 -0.03) (0.123541711029 0.389357680744 -0.03) (0.124049083224 0.39007571899 -0.03) (0.124557389803 0.390793096079 -0.03) (0.125066629903 0.391509810797 -0.03) (0.125576802663 0.392225861927 -0.03) (0.126087907217 0.392941248258 -0.03) (0.126599942699 0.393655968575 -0.03) (0.127112908241 0.394370021667 -0.03) (0.127626802973 0.395083406325 -0.03) (0.128141626025 0.395796121339 -0.03) (0.128657376524 0.396508165501 -0.03) (0.129174053597 0.397219537605 -0.03) (0.129691656366 0.397930236444 -0.03) (0.130210183955 0.398640260813 -0.03) (0.130729635485 0.399349609511 -0.03) (0.131250010075 0.400058281333 -0.03) (0.131771306844 0.40076627508 -0.03) (0.132293524908 0.40147358955 -0.03) (0.132816663382 0.402180223546 -0.03) (0.133340721378 0.402886175868 -0.03) (0.13386569801 0.403591445322 -0.03) (0.134391592387 0.404296030712 -0.03) (0.134918403617 0.404999930842 -0.03) (0.135446130808 0.405703144521 -0.03) (0.135974773066 0.406405670556 -0.03) (0.136504329493 0.407107507757 -0.03) (0.137034799194 0.407808654933 -0.03) (0.137566181268 0.408509110897 -0.03) (0.138098474815 0.409208874462 -0.03) (0.138631678933 0.40990794444 -0.03) (0.139165792717 0.410606319648 -0.03) (0.139700815264 0.411303998902 -0.03) (0.140236745665 0.412000981019 -0.03) (0.140773583013 0.412697264818 -0.03) (0.141311326397 0.413392849118 -0.03) (0.141849974907 0.414087732741 -0.03) (0.142389527628 0.414781914509 -0.03) (0.142929983648 0.415475393245 -0.03) (0.143471342049 0.416168167774 -0.03) (0.144013601913 0.416860236922 -0.03) (0.144556762323 0.417551599515 -0.03) (0.145100822357 0.418242254382 -0.03) (0.145645781094 0.418932200352 -0.03))
    polyLine 38 42 ((0.119516474145 0.383589719437 0) (0.120016340445 0.384313003025 0) (0.120517147964 0.385035635224 0) (0.121018895853 0.38575761481 0) (0.121521583262 0.386478940558 0) (0.122025209339 0.387199611247 0) (0.122529773229 0.387919625654 0) (0.123035274078 0.38863898256 0) (0.123541711029 0.389357680744 0) (0.124049083224 0.39007571899 0) (0.124557389803 0.390793096079 0) (0.125066629903 0.391509810797 0) (0.125576802663 0.392225861927 0) (0.126087907217 0.392941248258 0) (0.126599942699 0.393655968575 0) (0.127112908241 0.394370021667 0) (0.127626802973 0.395083406325 0) (0.128141626025 0.395796121339 0) (0.128657376524 0.396508165501 0) (0.129174053597 0.397219537605 0) (0.129691656366 0.397930236444 0) (0.130210183955 0.398640260813 0) (0.130729635485 0.399349609511 0) (0.131250010075 0.400058281333 0) (0.131771306844 0.40076627508 0) (0.132293524908 0.40147358955 0) (0.132816663382 0.402180223546 0) (0.133340721378 0.402886175868 0) (0.13386569801 0.403591445322 0) (0.134391592387 0.404296030712 0) (0.134918403617 0.404999930842 0) (0.135446130808 0.405703144521 0) (0.135974773066 0.406405670556 0) (0.136504329493 0.407107507757 0) (0.137034799194 0.407808654933 0) (0.137566181268 0.408509110897 0) (0.138098474815 0.409208874462 0) (0.138631678933 0.40990794444 0) (0.139165792717 0.410606319648 0) (0.139700815264 0.411303998902 0) (0.140236745665 0.412000981019 0) (0.140773583013 0.412697264818 0) (0.141311326397 0.413392849118 0) (0.141849974907 0.414087732741 0) (0.142389527628 0.414781914509 0) (0.142929983648 0.415475393245 0) (0.143471342049 0.416168167774 0) (0.144013601913 0.416860236922 0) (0.144556762323 0.417551599515 0) (0.145100822357 0.418242254382 0) (0.145645781094 0.418932200352 0))
    polyLine 37 41 ((-0.0739093804734 0.722303955058 -0.03) (-0.0723854957858 0.725931468847 -0.03) (-0.0708513580569 0.729577319202 -0.03) (-0.0693068564975 0.73324173841 -0.03) (-0.0677518785146 0.736924962166 -0.03) (-0.066186309678 0.740627229636 -0.03) (-0.0646100336865 0.744348783525 -0.03) (-0.063022932333 0.74808987015 -0.03) (-0.0614248854692 0.751850739502 -0.03) (-0.0598157709687 0.755631645326 -0.03) (-0.0581954646904 0.759432845188 -0.03) (-0.0565638404395 0.763254600555 -0.03) (-0.054920769929 0.767097176871 -0.03) (-0.0532661227396 0.770960843632 -0.03) (-0.0515997662784 0.774845874473 -0.03) (-0.049921565737 0.778752547246 -0.03) (-0.0482313840486 0.782681144106 -0.03) (-0.0465290818437 0.786631951599 -0.03) (-0.0448145174052 0.790605260748 -0.03) (-0.0430875466219 0.794601367149 -0.03) (-0.0413480229411 0.798620571057 -0.03) (-0.03959579732 0.802663177488 -0.03) (-0.0378307181761 0.806729496314 -0.03))
    polyLine 39 43 ((-0.0739093804734 0.722303955058 0) (-0.0723854957858 0.725931468847 0) (-0.0708513580569 0.729577319202 0) (-0.0693068564975 0.73324173841 0) (-0.0677518785146 0.736924962166 0) (-0.066186309678 0.740627229636 0) (-0.0646100336865 0.744348783525 0) (-0.063022932333 0.74808987015 0) (-0.0614248854692 0.751850739502 0) (-0.0598157709687 0.755631645326 0) (-0.0581954646904 0.759432845188 0) (-0.0565638404395 0.763254600555 0) (-0.054920769929 0.767097176871 0) (-0.0532661227396 0.770960843632 0) (-0.0515997662784 0.774845874473 0) (-0.049921565737 0.778752547246 0) (-0.0482313840486 0.782681144106 0) (-0.0465290818437 0.786631951599 0) (-0.0448145174052 0.790605260748 0) (-0.0430875466219 0.794601367149 0) (-0.0413480229411 0.798620571057 0) (-0.03959579732 0.802663177488 0) (-0.0378307181761 0.806729496314 0))
    polyLine 40 44 ((0.146191637609 0.419621436257 -0.03) (0.146738390977 0.420309960926 -0.03) (0.147286040271 0.420997773194 -0.03) (0.147834584564 0.421684871895 -0.03) (0.148384022926 0.422371255865 -0.03) (0.148934354425 0.423056923938 -0.03) (0.149485578128 0.423741874955 -0.03) (0.150037693102 0.424426107753 -0.03) (0.15059069841 0.425109621173 -0.03) (0.151144593115 0.425792414057 -0.03) (0.151699376279 0.426474485246 -0.03) (0.152255046961 0.427155833586 -0.03) (0.152811604218 0.427836457921 -0.03) (0.153369047109 0.428516357097 -0.03) (0.153927374687 0.429195529963 -0.03) (0.154486586008 0.429873975366 -0.03) (0.155046680122 0.430551692158 -0.03) (0.15560765608 0.431228679189 -0.03) (0.156169512932 0.431904935312 -0.03) (0.156732249726 0.432580459381 -0.03) (0.157295865507 0.433255250251 -0.03) (0.15786035932 0.433929306777 -0.03) (0.158425730209 0.434602627818 -0.03) (0.158991977215 0.435275212233 -0.03) (0.159559099378 0.43594705888 -0.03) (0.160127095738 0.436618166623 -0.03) (0.160695965331 0.437288534322 -0.03) (0.161265707193 0.437958160842 -0.03) (0.161836320359 0.438627045048 -0.03) (0.162407803862 0.439295185806 -0.03) (0.162980156732 0.439962581984 -0.03) (0.163553378 0.44062923245 -0.03) (0.164127466694 0.441295136075 -0.03) (0.164702421841 0.44196029173 -0.03) (0.165278242467 0.442624698287 -0.03) (0.165854927595 0.443288354621 -0.03) (0.166432476248 0.443951259606 -0.03) (0.167010887448 0.444613412119 -0.03) (0.167590160214 0.445274811038 -0.03) (0.168170293563 0.445935455241 -0.03) (0.168751286513 0.446595343609 -0.03) (0.169333138079 0.447254475023 -0.03) (0.169915847275 0.447912848366 -0.03) (0.170499413113 0.448570462523 -0.03) (0.171083834604 0.449227316378 -0.03) (0.171669110758 0.449883408818 -0.03) (0.172255240582 0.450538738732 -0.03) (0.172842223082 0.451193305008 -0.03) (0.173430057265 0.451847106538 -0.03) (0.174018742134 0.452500142212 -0.03) (0.17460827669 0.453152410924 -0.03) (0.175198659936 0.453803911569 -0.03))
    polyLine 42 46 ((0.146191637609 0.419621436257 0) (0.146738390977 0.420309960926 0) (0.147286040271 0.420997773194 0) (0.147834584564 0.421684871895 0) (0.148384022926 0.422371255865 0) (0.148934354425 0.423056923938 0) (0.149485578128 0.423741874955 0) (0.150037693102 0.424426107753 0) (0.15059069841 0.425109621173 0) (0.151144593115 0.425792414057 0) (0.151699376279 0.426474485246 0) (0.152255046961 0.427155833586 0) (0.152811604218 0.427836457921 0) (0.153369047109 0.428516357097 0) (0.153927374687 0.429195529963 0) (0.154486586008 0.429873975366 0) (0.155046680122 0.430551692158 0) (0.15560765608 0.431228679189 0) (0.156169512932 0.431904935312 0) (0.156732249726 0.432580459381 0) (0.157295865507 0.433255250251 0) (0.15786035932 0.433929306777 0) (0.158425730209 0.434602627818 0) (0.158991977215 0.435275212233 0) (0.159559099378 0.43594705888 0) (0.160127095738 0.436618166623 0) (0.160695965331 0.437288534322 0) (0.161265707193 0.437958160842 0) (0.161836320359 0.438627045048 0) (0.162407803862 0.439295185806 0) (0.162980156732 0.439962581984 0) (0.163553378 0.44062923245 0) (0.164127466694 0.441295136075 0) (0.164702421841 0.44196029173 0) (0.165278242467 0.442624698287 0) (0.165854927595 0.443288354621 0) (0.166432476248 0.443951259606 0) (0.167010887448 0.444613412119 0) (0.167590160214 0.445274811038 0) (0.168170293563 0.445935455241 0) (0.168751286513 0.446595343609 0) (0.169333138079 0.447254475023 0) (0.169915847275 0.447912848366 0) (0.170499413113 0.448570462523 0) (0.171083834604 0.449227316378 0) (0.171669110758 0.449883408818 0) (0.172255240582 0.450538738732 0) (0.172842223082 0.451193305008 0) (0.173430057265 0.451847106538 0) (0.174018742134 0.452500142212 0) (0.17460827669 0.453152410924 0) (0.175198659936 0.453803911569 0))
    polyLine 41 45 ((-0.0343558809923 0.814717604167 -0.03) (-0.0326471783607 0.818637496673 -0.03) (-0.0309263856326 0.822579800437 -0.03) (-0.0291933627416 0.826544800345 -0.03) (-0.0274479673193 0.830532785699 -0.03) (-0.0256900546505 0.8345440503 -0.03) (-0.0239194776269 0.838578892544 -0.03) (-0.0221360866995 0.842637615512 -0.03) (-0.0203397298307 0.846720527064 -0.03) (-0.0185302524444 0.850827939938 -0.03) (-0.0167074973749 0.854960171852 -0.03) (-0.0148713048152 0.859117545598 -0.03) (-0.0130215122635 0.863300389156 -0.03) (-0.0111579544682 0.867509035794 -0.03) (-0.00928046337185 0.871743824182 -0.03) (-0.00738886805405 0.876005098503 -0.03) (-0.00548299467194 0.880293208567 -0.03) (-0.00356266640005 0.884608509932 -0.03) (-0.00162770336818 0.888951364023 -0.03) (0.000322077402122 0.893322138258 -0.03) (0.00228686206281 0.897721206173 -0.03) (0.00426684000621 0.902148947556 -0.03) (0.00626220393361 0.906605748579 -0.03))
    polyLine 43 47 ((-0.0343558809923 0.814717604167 0) (-0.0326471783607 0.818637496673 0) (-0.0309263856326 0.822579800437 0) (-0.0291933627416 0.826544800345 0) (-0.0274479673193 0.830532785699 0) (-0.0256900546505 0.8345440503 0) (-0.0239194776269 0.838578892544 0) (-0.0221360866995 0.842637615512 0) (-0.0203397298307 0.846720527064 0) (-0.0185302524444 0.850827939938 0) (-0.0167074973749 0.854960171852 0) (-0.0148713048152 0.859117545598 0) (-0.0130215122635 0.863300389156 0) (-0.0111579544682 0.867509035794 0) (-0.00928046337185 0.871743824182 0) (-0.00738886805405 0.876005098503 0) (-0.00548299467194 0.880293208567 0) (-0.00356266640005 0.884608509932 0) (-0.00162770336818 0.888951364023 0) (0.000322077402122 0.893322138258 0) (0.00228686206281 0.897721206173 0) (0.00426684000621 0.902148947556 0) (0.00626220393361 0.906605748579 0))
    polyLine 44 48 ((0.175789890869 0.454454643042 -0.03) (0.176381968488 0.45510460424 -0.03) (0.17697489179 0.455753794062 -0.03) (0.177568659769 0.456402211407 -0.03) (0.178163271419 0.457049855176 -0.03) (0.178758725732 0.457696724272 -0.03) (0.179355021699 0.458342817598 -0.03) (0.17995105032 0.458987778367 -0.03) (0.18054707894 0.459632739137 -0.03) (0.181143107561 0.460277699907 -0.03) (0.181739136181 0.460922660676 -0.03) (0.182335164801 0.461567621446 -0.03) (0.182931193422 0.462212582215 -0.03) (0.183527222042 0.462857542985 -0.03) (0.184123250663 0.463502503755 -0.03) (0.184719279283 0.464147464524 -0.03) (0.185315307904 0.464792425294 -0.03) (0.185911336524 0.465437386064 -0.03) (0.186507365145 0.466082346833 -0.03) (0.187103393765 0.466727307603 -0.03) (0.187699422385 0.467372268372 -0.03) (0.188295451006 0.468017229142 -0.03) (0.188891479626 0.468662189912 -0.03) (0.189487508247 0.469307150681 -0.03) (0.190083536867 0.469952111451 -0.03) (0.190679565488 0.470597072221 -0.03) (0.191275594108 0.47124203299 -0.03) (0.191871622729 0.47188699376 -0.03) (0.192467651349 0.472531954529 -0.03) (0.193063679969 0.473176915299 -0.03) (0.19365970859 0.473821876069 -0.03) (0.19425573721 0.474466836838 -0.03) (0.194851765831 0.475111797608 -0.03) (0.195447794451 0.475756758377 -0.03) (0.196043823072 0.476401719147 -0.03) (0.196639851692 0.477046679917 -0.03) (0.197235880313 0.477691640686 -0.03) (0.197831908933 0.478336601456 -0.03) (0.198427937553 0.478981562226 -0.03) (0.199023966174 0.479626522995 -0.03) (0.199619994794 0.480271483765 -0.03) (0.200216023415 0.480916444534 -0.03) (0.200812052035 0.481561405304 -0.03) (0.201408080656 0.482206366074 -0.03) (0.202004109276 0.482851326843 -0.03) (0.202600137897 0.483496287613 -0.03) (0.203196166517 0.484141248383 -0.03) (0.203792195137 0.484786209152 -0.03) (0.204388223758 0.485431169922 -0.03) (0.204984252378 0.486076130691 -0.03) (0.205580280999 0.486721091461 -0.03))
    polyLine 46 50 ((0.175789890869 0.454454643042 0) (0.176381968488 0.45510460424 0) (0.17697489179 0.455753794062 0) (0.177568659769 0.456402211407 0) (0.178163271419 0.457049855176 0) (0.178758725732 0.457696724272 0) (0.179355021699 0.458342817598 0) (0.17995105032 0.458987778367 0) (0.18054707894 0.459632739137 0) (0.181143107561 0.460277699907 0) (0.181739136181 0.460922660676 0) (0.182335164801 0.461567621446 0) (0.182931193422 0.462212582215 0) (0.183527222042 0.462857542985 0) (0.184123250663 0.463502503755 0) (0.184719279283 0.464147464524 0) (0.185315307904 0.464792425294 0) (0.185911336524 0.465437386064 0) (0.186507365145 0.466082346833 0) (0.187103393765 0.466727307603 0) (0.187699422385 0.467372268372 0) (0.188295451006 0.468017229142 0) (0.188891479626 0.468662189912 0) (0.189487508247 0.469307150681 0) (0.190083536867 0.469952111451 0) (0.190679565488 0.470597072221 0) (0.191275594108 0.47124203299 0) (0.191871622729 0.47188699376 0) (0.192467651349 0.472531954529 0) (0.193063679969 0.473176915299 0) (0.19365970859 0.473821876069 0) (0.19425573721 0.474466836838 0) (0.194851765831 0.475111797608 0) (0.195447794451 0.475756758377 0) (0.196043823072 0.476401719147 0) (0.196639851692 0.477046679917 0) (0.197235880313 0.477691640686 0) (0.197831908933 0.478336601456 0) (0.198427937553 0.478981562226 0) (0.199023966174 0.479626522995 0) (0.199619994794 0.480271483765 0) (0.200216023415 0.480916444534 0) (0.200812052035 0.481561405304 0) (0.201408080656 0.482206366074 0) (0.202004109276 0.482851326843 0) (0.202600137897 0.483496287613 0) (0.203196166517 0.484141248383 0) (0.203792195137 0.484786209152 0) (0.204388223758 0.485431169922 0) (0.204984252378 0.486076130691 0) (0.205580280999 0.486721091461 0))
    polyLine 45 49 ((0.0101694174658 0.915317566567 -0.03) (0.0120796735505 0.919569609325 -0.03) (0.0140040872857 0.923848468275 -0.03) (0.0159428305921 0.92815448692 -0.03) (0.0178960782627 0.932488014317 -0.03) (0.0198640080216 0.936849405184 -0.03) (0.0218468005842 0.941239020021 -0.03) (0.0238446397184 0.945657225231 -0.03) (0.0258577123086 0.950104393243 -0.03) (0.0278862084199 0.954580902634 -0.03) (0.0299303213648 0.959087138268 -0.03) (0.0319902477713 0.963623491419 -0.03) (0.0340661876531 0.968190359914 -0.03) (0.0361583444807 0.972788148269 -0.03) (0.0382669252556 0.977417267837 -0.03) (0.0403921405851 0.982078136949 -0.03) (0.0425342047604 0.98677118107 -0.03) (0.0446933358353 0.991496832951 -0.03) (0.0468697557084 0.996255532789 -0.03) (0.0490636902062 1.00104772839 -0.03) (0.0512753691692 1.00587387533 -0.03) (0.0535050265401 1.01073443716 -0.03) (0.0557529004541 1.01562988551 -0.03))
    polyLine 47 51 ((0.0101694174658 0.915317566567 0) (0.0120796735505 0.919569609325 0) (0.0140040872857 0.923848468275 0) (0.0159428305921 0.92815448692 0) (0.0178960782627 0.932488014317 0) (0.0198640080216 0.936849405184 0) (0.0218468005842 0.941239020021 0) (0.0238446397184 0.945657225231 0) (0.0258577123086 0.950104393243 0) (0.0278862084199 0.954580902634 0) (0.0299303213648 0.959087138268 0) (0.0319902477713 0.963623491419 0) (0.0340661876531 0.968190359914 0) (0.0361583444807 0.972788148269 0) (0.0382669252556 0.977417267837 0) (0.0403921405851 0.982078136949 0) (0.0425342047604 0.98677118107 0) (0.0446933358353 0.991496832951 0) (0.0468697557084 0.996255532789 0) (0.0490636902062 1.00104772839 0) (0.0512753691692 1.00587387533 0) (0.0535050265401 1.01073443716 0) (0.0557529004541 1.01562988551 0))
    polyLine 48 52 ((0.206176309619 0.487366052231 -0.03) (0.20677233824 0.488011013 -0.03) (0.20736836686 0.48865597377 -0.03) (0.20796439548 0.489300934539 -0.03) (0.208560424101 0.489945895309 -0.03) (0.209156452721 0.490590856079 -0.03) (0.209752481342 0.491235816848 -0.03) (0.210348509962 0.491880777618 -0.03) (0.210944538583 0.492525738388 -0.03) (0.211540567203 0.493170699157 -0.03) (0.212136595824 0.493815659927 -0.03) (0.212732624444 0.494460620696 -0.03) (0.213328653064 0.495105581466 -0.03) (0.213924681685 0.495750542236 -0.03) (0.214520710305 0.496395503005 -0.03) (0.215116738926 0.497040463775 -0.03) (0.215712767546 0.497685424545 -0.03) (0.216308796167 0.498330385314 -0.03) (0.216904824787 0.498975346084 -0.03) (0.217500853408 0.499620306853 -0.03) (0.218096882028 0.500265267623 -0.03) (0.218692910648 0.500910228393 -0.03) (0.219288939269 0.501555189162 -0.03) (0.219884967889 0.502200149932 -0.03) (0.22048099651 0.502845110701 -0.03) (0.22107702513 0.503490071471 -0.03) (0.221673053751 0.504135032241 -0.03) (0.222269082371 0.50477999301 -0.03) (0.222865110992 0.50542495378 -0.03) (0.223461139612 0.50606991455 -0.03) (0.224057168232 0.506714875319 -0.03) (0.224653196853 0.507359836089 -0.03) (0.225249225473 0.508004796858 -0.03) (0.225845254094 0.508649757628 -0.03) (0.226441282714 0.509294718398 -0.03) (0.227037311335 0.509939679167 -0.03) (0.227633339955 0.510584639937 -0.03) (0.228229368576 0.511229600707 -0.03) (0.228825397196 0.511874561476 -0.03) (0.229421425816 0.512519522246 -0.03) (0.230017454437 0.513164483015 -0.03) (0.230613483057 0.513809443785 -0.03) (0.231209511678 0.514454404555 -0.03) (0.231805540298 0.515099365324 -0.03) (0.232401568919 0.515744326094 -0.03) (0.232997597539 0.516389286863 -0.03) (0.23359362616 0.517034247633 -0.03) (0.23418965478 0.517679208403 -0.03) (0.2347856834 0.518324169172 -0.03) (0.235381712021 0.518969129942 -0.03) (0.235977740641 0.519614090712 -0.03) (0.236573769262 0.520259051481 -0.03))
    polyLine 50 54 ((0.206176309619 0.487366052231 0) (0.20677233824 0.488011013 0) (0.20736836686 0.48865597377 0) (0.20796439548 0.489300934539 0) (0.208560424101 0.489945895309 0) (0.209156452721 0.490590856079 0) (0.209752481342 0.491235816848 0) (0.210348509962 0.491880777618 0) (0.210944538583 0.492525738388 0) (0.211540567203 0.493170699157 0) (0.212136595824 0.493815659927 0) (0.212732624444 0.494460620696 0) (0.213328653064 0.495105581466 0) (0.213924681685 0.495750542236 0) (0.214520710305 0.496395503005 0) (0.215116738926 0.497040463775 0) (0.215712767546 0.497685424545 0) (0.216308796167 0.498330385314 0) (0.216904824787 0.498975346084 0) (0.217500853408 0.499620306853 0) (0.218096882028 0.500265267623 0) (0.218692910648 0.500910228393 0) (0.219288939269 0.501555189162 0) (0.219884967889 0.502200149932 0) (0.22048099651 0.502845110701 0) (0.22107702513 0.503490071471 0) (0.221673053751 0.504135032241 0) (0.222269082371 0.50477999301 0) (0.222865110992 0.50542495378 0) (0.223461139612 0.50606991455 0) (0.224057168232 0.506714875319 0) (0.224653196853 0.507359836089 0) (0.225249225473 0.508004796858 0) (0.225845254094 0.508649757628 0) (0.226441282714 0.509294718398 0) (0.227037311335 0.509939679167 0) (0.227633339955 0.510584639937 0) (0.228229368576 0.511229600707 0) (0.228825397196 0.511874561476 0) (0.229421425816 0.512519522246 0) (0.230017454437 0.513164483015 0) (0.230613483057 0.513809443785 0) (0.231209511678 0.514454404555 0) (0.231805540298 0.515099365324 0) (0.232401568919 0.515744326094 0) (0.232997597539 0.516389286863 0) (0.23359362616 0.517034247633 0) (0.23418965478 0.517679208403 0) (0.2347856834 0.518324169172 0) (0.235381712021 0.518969129942 0) (0.235977740641 0.519614090712 0) (0.236573769262 0.520259051481 0))
    polyLine 49 53 ((0.0600994133774 1.02508229417 -0.03) (0.0621952965274 1.02963399917 -0.03) (0.0643070755562 1.0342161966 -0.03) (0.0664349464461 1.03882927396 -0.03) (0.0685791084535 1.04347362507 -0.03) (0.0707397641769 1.04814965026 -0.03) (0.0729171196263 1.05285775645 -0.03) (0.0751113842942 1.05759835733 -0.03) (0.0773227712291 1.06237187349 -0.03) (0.0795514971101 1.06717873254 -0.03) (0.0817977823237 1.07201936932 -0.03) (0.0840618510426 1.07689422597 -0.03) (0.0863439313064 1.08180375218 -0.03) (0.0886442551046 1.08674840527 -0.03) (0.0909630584618 1.09172865041 -0.03) (0.0933005815244 1.09674496076 -0.03) (0.0956570686507 1.10179781766 -0.03) (0.0980327685024 1.10688771079 -0.03) (0.100427934139 1.11201513839 -0.03) (0.102842823115 1.11718060741 -0.03) (0.105277697577 1.12238463371 -0.03) (0.107732824371 1.12762774229 -0.03) (0.110208475141 1.13291046745 -0.03))
    polyLine 51 55 ((0.0600994133774 1.02508229417 0) (0.0621952965274 1.02963399917 0) (0.0643070755562 1.0342161966 0) (0.0664349464461 1.03882927396 0) (0.0685791084535 1.04347362507 0) (0.0707397641769 1.04814965026 0) (0.0729171196263 1.05285775645 0) (0.0751113842942 1.05759835733 0) (0.0773227712291 1.06237187349 0) (0.0795514971101 1.06717873254 0) (0.0817977823237 1.07201936932 0) (0.0840618510426 1.07689422597 0) (0.0863439313064 1.08180375218 0) (0.0886442551046 1.08674840527 0) (0.0909630584618 1.09172865041 0) (0.0933005815244 1.09674496076 0) (0.0956570686507 1.10179781766 0) (0.0980327685024 1.10688771079 0) (0.100427934139 1.11201513839 0) (0.102842823115 1.11718060741 0) (0.105277697577 1.12238463371 0) (0.107732824371 1.12762774229 0) (0.110208475141 1.13291046745 0))
    polyLine 52 56 ((0.237169797882 0.520904012251 -0.03) (0.237765826503 0.52154897302 -0.03) (0.238361855123 0.52219393379 -0.03) (0.238957883743 0.52283889456 -0.03) (0.239553912364 0.523483855329 -0.03) (0.240149940984 0.524128816099 -0.03) (0.240745969605 0.524773776869 -0.03) (0.241341998225 0.525418737638 -0.03) (0.241938026846 0.526063698408 -0.03) (0.242534055466 0.526708659177 -0.03) (0.243130084087 0.527353619947 -0.03) (0.243726112707 0.527998580717 -0.03) (0.244322141327 0.528643541486 -0.03) (0.244918169948 0.529288502256 -0.03) (0.245514198568 0.529933463026 -0.03) (0.246110227189 0.530578423795 -0.03) (0.246706255809 0.531223384565 -0.03) (0.24730228443 0.531868345334 -0.03) (0.24789831305 0.532513306104 -0.03) (0.248494341671 0.533158266874 -0.03) (0.249090370291 0.533803227643 -0.03) (0.249686398911 0.534448188413 -0.03) (0.250282427532 0.535093149182 -0.03) (0.250878456152 0.535738109952 -0.03) (0.251474484773 0.536383070722 -0.03) (0.252070513393 0.537028031491 -0.03) (0.252666542014 0.537672992261 -0.03) (0.253262570634 0.538317953031 -0.03) (0.253858599255 0.5389629138 -0.03) (0.254454627875 0.53960787457 -0.03) (0.255050656495 0.540252835339 -0.03) (0.255646685116 0.540897796109 -0.03) (0.256242713736 0.541542756879 -0.03) (0.256838742357 0.542187717648 -0.03) (0.257434770977 0.542832678418 -0.03) (0.258030799598 0.543477639188 -0.03) (0.258626828218 0.544122599957 -0.03) (0.259222856839 0.544767560727 -0.03) (0.259818885459 0.545412521496 -0.03) (0.260414914079 0.546057482266 -0.03) (0.2610109427 0.546702443036 -0.03) (0.26160697132 0.547347403805 -0.03) (0.262202999941 0.547992364575 -0.03) (0.262799028561 0.548637325344 -0.03) (0.263395057182 0.549282286114 -0.03) (0.263991085802 0.549927246884 -0.03) (0.264587114423 0.550572207653 -0.03) (0.265183143043 0.551217168423 -0.03) (0.265779171663 0.551862129193 -0.03) (0.266375200284 0.552507089962 -0.03) (0.266971228904 0.553152050732 -0.03) (0.267567257525 0.553797011501 -0.03))
    polyLine 54 58 ((0.237169797882 0.520904012251 0) (0.237765826503 0.52154897302 0) (0.238361855123 0.52219393379 0) (0.238957883743 0.52283889456 0) (0.239553912364 0.523483855329 0) (0.240149940984 0.524128816099 0) (0.240745969605 0.524773776869 0) (0.241341998225 0.525418737638 0) (0.241938026846 0.526063698408 0) (0.242534055466 0.526708659177 0) (0.243130084087 0.527353619947 0) (0.243726112707 0.527998580717 0) (0.244322141327 0.528643541486 0) (0.244918169948 0.529288502256 0) (0.245514198568 0.529933463026 0) (0.246110227189 0.530578423795 0) (0.246706255809 0.531223384565 0) (0.24730228443 0.531868345334 0) (0.24789831305 0.532513306104 0) (0.248494341671 0.533158266874 0) (0.249090370291 0.533803227643 0) (0.249686398911 0.534448188413 0) (0.250282427532 0.535093149182 0) (0.250878456152 0.535738109952 0) (0.251474484773 0.536383070722 0) (0.252070513393 0.537028031491 0) (0.252666542014 0.537672992261 0) (0.253262570634 0.538317953031 0) (0.253858599255 0.5389629138 0) (0.254454627875 0.53960787457 0) (0.255050656495 0.540252835339 0) (0.255646685116 0.540897796109 0) (0.256242713736 0.541542756879 0) (0.256838742357 0.542187717648 0) (0.257434770977 0.542832678418 0) (0.258030799598 0.543477639188 0) (0.258626828218 0.544122599957 0) (0.259222856839 0.544767560727 0) (0.259818885459 0.545412521496 0) (0.260414914079 0.546057482266 0) (0.2610109427 0.546702443036 0) (0.26160697132 0.547347403805 0) (0.262202999941 0.547992364575 0) (0.262799028561 0.548637325344 0) (0.263395057182 0.549282286114 0) (0.263991085802 0.549927246884 0) (0.264587114423 0.550572207653 0) (0.265183143043 0.551217168423 0) (0.265779171663 0.551862129193 0) (0.266375200284 0.552507089962 0) (0.266971228904 0.553152050732 0) (0.267567257525 0.553797011501 0))
    polyLine 53 57 ((0.114982596309 1.14308610563 -0.03) (0.117277748534 1.14797262766 -0.03) (0.119590599017 1.15289334345 -0.03) (0.121921367246 1.15784868425 -0.03) (0.124270276372 1.16283908844 -0.03) (0.126637553282 1.16786500167 -0.03) (0.129023428679 1.17292687697 -0.03) (0.131428137163 1.17802517497 -0.03) (0.133851917311 1.18316036401 -0.03) (0.136295011763 1.18833292032 -0.03) (0.138757667306 1.19354332819 -0.03) (0.141240134964 1.19879208015 -0.03) (0.14374267009 1.20407967712 -0.03) (0.146265532457 1.20940662862 -0.03) (0.148808986354 1.21477345295 -0.03) (0.151373300685 1.22018067736 -0.03) (0.153958749069 1.22562883827 -0.03) (0.156565609944 1.23111848146 -0.03) (0.159194166671 1.23665016228 -0.03) (0.161844707645 1.24222444585 -0.03) (0.164517526405 1.24784190731 -0.03) (0.167212921752 1.25350313199 -0.03) (0.169931197862 1.2592087157 -0.03))
    polyLine 55 59 ((0.114982596309 1.14308610563 0) (0.117277748534 1.14797262766 0) (0.119590599017 1.15289334345 0) (0.121921367246 1.15784868425 0) (0.124270276372 1.16283908844 0) (0.126637553282 1.16786500167 0) (0.129023428679 1.17292687697 0) (0.131428137163 1.17802517497 0) (0.133851917311 1.18316036401 0) (0.136295011763 1.18833292032 0) (0.138757667306 1.19354332819 0) (0.141240134964 1.19879208015 0) (0.14374267009 1.20407967712 0) (0.146265532457 1.20940662862 0) (0.148808986354 1.21477345295 0) (0.151373300685 1.22018067736 0) (0.153958749069 1.22562883827 0) (0.156565609944 1.23111848146 0) (0.159194166671 1.23665016228 0) (0.161844707645 1.24222444585 0) (0.164517526405 1.24784190731 0) (0.167212921752 1.25350313199 0) (0.169931197862 1.2592087157 0))
    polyLine 56 60 ((0.268163286145 0.554441972271 -0.03) (0.268759314766 0.555086933041 -0.03) (0.269355343386 0.55573189381 -0.03) (0.269951372006 0.55637685458 -0.03) (0.270547400627 0.55702181535 -0.03) (0.271143429247 0.557666776119 -0.03) (0.271739457868 0.558311736889 -0.03) (0.272335486488 0.558956697658 -0.03) (0.272931515109 0.559601658428 -0.03) (0.273527543729 0.560246619198 -0.03) (0.27412357235 0.560891579967 -0.03) (0.27471960097 0.561536540737 -0.03) (0.27531562959 0.562181501506 -0.03) (0.275911658211 0.562826462276 -0.03) (0.276507686831 0.563471423046 -0.03) (0.277103715452 0.564116383815 -0.03) (0.277699744072 0.564761344585 -0.03) (0.278295772693 0.565406305355 -0.03) (0.278891801313 0.566051266124 -0.03) (0.279487829934 0.566696226894 -0.03) (0.280083858554 0.567341187663 -0.03) (0.280679887174 0.567986148433 -0.03) (0.281275915795 0.568631109203 -0.03) (0.281871944415 0.569276069972 -0.03) (0.282467973036 0.569921030742 -0.03) (0.283064001656 0.570565991512 -0.03) (0.283660030277 0.571210952281 -0.03) (0.284256058897 0.571855913051 -0.03) (0.284852087518 0.57250087382 -0.03) (0.285448116138 0.57314583459 -0.03) (0.286044144758 0.57379079536 -0.03) (0.286640173379 0.574435756129 -0.03) (0.287236201999 0.575080716899 -0.03) (0.28783223062 0.575725677668 -0.03) (0.28842825924 0.576370638438 -0.03) (0.289024287861 0.577015599208 -0.03) (0.289617036732 0.577649257509 -0.03) (0.290217427785 0.578275679612 -0.03) (0.290825372688 0.578894773354 -0.03) (0.291440781999 0.579506447653 -0.03) (0.292063565176 0.580110612516 -0.03) (0.292693630592 0.580707179057 -0.03) (0.293330885552 0.581296059506 -0.03) (0.293975236299 0.581877167227 -0.03) (0.294626588034 0.582450416722 -0.03) (0.295284844928 0.583015723656 -0.03) (0.295949910136 0.583573004856 -0.03) (0.296621685811 0.584122178335 -0.03) (0.297300073119 0.584663163295 -0.03) (0.297984972253 0.585195880146 -0.03) (0.298676282449 0.585720250512 -0.03))
    polyLine 58 62 ((0.268163286145 0.554441972271 0) (0.268759314766 0.555086933041 0) (0.269355343386 0.55573189381 0) (0.269951372006 0.55637685458 0) (0.270547400627 0.55702181535 0) (0.271143429247 0.557666776119 0) (0.271739457868 0.558311736889 0) (0.272335486488 0.558956697658 0) (0.272931515109 0.559601658428 0) (0.273527543729 0.560246619198 0) (0.27412357235 0.560891579967 0) (0.27471960097 0.561536540737 0) (0.27531562959 0.562181501506 0) (0.275911658211 0.562826462276 0) (0.276507686831 0.563471423046 0) (0.277103715452 0.564116383815 0) (0.277699744072 0.564761344585 0) (0.278295772693 0.565406305355 0) (0.278891801313 0.566051266124 0) (0.279487829934 0.566696226894 0) (0.280083858554 0.567341187663 0) (0.280679887174 0.567986148433 0) (0.281275915795 0.568631109203 0) (0.281871944415 0.569276069972 0) (0.282467973036 0.569921030742 0) (0.283064001656 0.570565991512 0) (0.283660030277 0.571210952281 0) (0.284256058897 0.571855913051 0) (0.284852087518 0.57250087382 0) (0.285448116138 0.57314583459 0) (0.286044144758 0.57379079536 0) (0.286640173379 0.574435756129 0) (0.287236201999 0.575080716899 0) (0.28783223062 0.575725677668 0) (0.28842825924 0.576370638438 0) (0.289024287861 0.577015599208 0) (0.289617036732 0.577649257509 0) (0.290217427785 0.578275679612 0) (0.290825372688 0.578894773354 0) (0.291440781999 0.579506447653 0) (0.292063565176 0.580110612516 0) (0.292693630592 0.580707179057 0) (0.293330885552 0.581296059506 0) (0.293975236299 0.581877167227 0) (0.294626588034 0.582450416722 0) (0.295284844928 0.583015723656 0) (0.295949910136 0.583573004856 0) (0.296621685811 0.584122178335 0) (0.297300073119 0.584663163295 0) (0.297984972253 0.585195880146 0) (0.298676282449 0.585720250512 0))
    polyLine 57 61 ((0.175225446404 1.27031071991 -0.03) (0.177798530614 1.2757015502 -0.03) (0.180392174045 1.2811322589 -0.03) (0.183006638065 1.28660335763 -0.03) (0.185642188495 1.29211536665 -0.03) (0.188299095705 1.29766881506 -0.03) (0.190977634714 1.30326424101 -0.03) (0.193678085287 1.30890219186 -0.03) (0.196400732036 1.31458322439 -0.03) (0.199145864531 1.32030790502 -0.03) (0.201913777401 1.32607681001 -0.03) (0.204704770451 1.33189052567 -0.03) (0.207519148771 1.33774964859 -0.03) (0.210357222855 1.34365478585 -0.03) (0.213219308719 1.34960655528 -0.03) (0.216105728028 1.35560558568 -0.03) (0.219016808216 1.36165251706 -0.03) (0.221952882623 1.36774800092 -0.03) (0.224914290621 1.37389270049 -0.03) (0.227901377756 1.38008729097 -0.03) (0.230914495887 1.38633245988 -0.03) (0.23395400333 1.39262890724 -0.03) (0.237020265007 1.39897734595 -0.03))
    polyLine 59 63 ((0.175225446404 1.27031071991 0) (0.177798530614 1.2757015502 0) (0.180392174045 1.2811322589 0) (0.183006638065 1.28660335763 0) (0.185642188495 1.29211536665 0) (0.188299095705 1.29766881506 0) (0.190977634714 1.30326424101 0) (0.193678085287 1.30890219186 0) (0.196400732036 1.31458322439 0) (0.199145864531 1.32030790502 0) (0.201913777401 1.32607681001 0) (0.204704770451 1.33189052567 0) (0.207519148771 1.33774964859 0) (0.210357222855 1.34365478585 0) (0.213219308719 1.34960655528 0) (0.216105728028 1.35560558568 0) (0.219016808216 1.36165251706 0) (0.221952882623 1.36774800092 0) (0.224914290621 1.37389270049 0) (0.227901377756 1.38008729097 0) (0.230914495887 1.38633245988 0) (0.23395400333 1.39262890724 0) (0.237020265007 1.39897734595 0))
    polyLine 60 64 ((0.299373901998 0.586236197245 -0.03) (0.300077728265 0.586743644438 -0.03) (0.300787657699 0.587242517434 -0.03) (0.301503585854 0.587732742836 -0.03) (0.302225407399 0.58821424852 -0.03) (0.302953016138 0.588686963646 -0.03) (0.303686305022 0.589150818667 -0.03) (0.304425166166 0.589605745338 -0.03) (0.305169490869 0.590051676729 -0.03) (0.30591916962 0.590488547232 -0.03) (0.306674092126 0.590916292574 -0.03) (0.307434147318 0.591334849824 -0.03) (0.308199223376 0.591744157402 -0.03) (0.308969207738 0.592144155088 -0.03) (0.309743987122 0.592534784035 -0.03) (0.310523447539 0.592915986771 -0.03) (0.311307474312 0.593287707212 -0.03) (0.312095952092 0.593649890669 -0.03) (0.312888764877 0.594002483857 -0.03) (0.313685796023 0.594345434901 -0.03) (0.31448692827 0.594678693345 -0.03) (0.315292043752 0.595002210159 -0.03) (0.316101024016 0.595315937745 -0.03) (0.316913750045 0.595619829947 -0.03) (0.317730102265 0.595913842055 -0.03) (0.318549960572 0.596197930814 -0.03) (0.319373204347 0.596472054426 -0.03) (0.32019971247 0.596736172562 -0.03) (0.321029363343 0.596990246365 -0.03) (0.321862034903 0.597234238452 -0.03) (0.322697604647 0.597468112929 -0.03) (0.323535949641 0.597691835386 -0.03) (0.324376946546 0.597905372908 -0.03) (0.325220471631 0.598108694079 -0.03) (0.326066400793 0.598301768986 -0.03) (0.326914609577 0.598484569222 -0.03) (0.327764973191 0.598657067894 -0.03) (0.328617366526 0.598819239623 -0.03) (0.329471664175 0.59897106055 -0.03) (0.330327740451 0.599112508338 -0.03) (0.331185469405 0.599243562176 -0.03) (0.332044724845 0.599364202785 -0.03) (0.332905380354 0.599474412414 -0.03) (0.333767309309 0.59957417485 -0.03) (0.3346303849 0.599663475414 -0.03) (0.335494480149 0.599742300969 -0.03) (0.336359467927 0.599810639918 -0.03) (0.337225220973 0.599868482206 -0.03) (0.338091611915 0.599915819323 -0.03) (0.338958513287 0.599952644305 -0.03) (0.339825797546 0.599978951734 -0.03) (0.340693337095 0.59999473774 -0.03))
    polyLine 62 66 ((0.299373901998 0.586236197245 0) (0.300077728265 0.586743644438 0) (0.300787657699 0.587242517434 0) (0.301503585854 0.587732742836 0) (0.302225407399 0.58821424852 0) (0.302953016138 0.588686963646 0) (0.303686305022 0.589150818667 0) (0.304425166166 0.589605745338 0) (0.305169490869 0.590051676729 0) (0.30591916962 0.590488547232 0) (0.306674092126 0.590916292574 0) (0.307434147318 0.591334849824 0) (0.308199223376 0.591744157402 0) (0.308969207738 0.592144155088 0) (0.309743987122 0.592534784035 0) (0.310523447539 0.592915986771 0) (0.311307474312 0.593287707212 0) (0.312095952092 0.593649890669 0) (0.312888764877 0.594002483857 0) (0.313685796023 0.594345434901 0) (0.31448692827 0.594678693345 0) (0.315292043752 0.595002210159 0) (0.316101024016 0.595315937745 0) (0.316913750045 0.595619829947 0) (0.317730102265 0.595913842055 0) (0.318549960572 0.596197930814 0) (0.319373204347 0.596472054426 0) (0.32019971247 0.596736172562 0) (0.321029363343 0.596990246365 0) (0.321862034903 0.597234238452 0) (0.322697604647 0.597468112929 0) (0.323535949641 0.597691835386 0) (0.324376946546 0.597905372908 0) (0.325220471631 0.598108694079 0) (0.326066400793 0.598301768986 0) (0.326914609577 0.598484569222 0) (0.327764973191 0.598657067894 0) (0.328617366526 0.598819239623 0) (0.329471664175 0.59897106055 0) (0.330327740451 0.599112508338 0) (0.331185469405 0.599243562176 0) (0.332044724845 0.599364202785 0) (0.332905380354 0.599474412414 0) (0.333767309309 0.59957417485 0) (0.3346303849 0.599663475414 0) (0.335494480149 0.599742300969 0) (0.336359467927 0.599810639918 0) (0.337225220973 0.599868482206 0) (0.338091611915 0.599915819323 0) (0.338958513287 0.599952644305 0) (0.339825797546 0.599978951734 0) (0.340693337095 0.59999473774 0))
    polyLine 61 65 ((0.243823686442 1.41305118895 -0.03) (0.24757317205 1.42080055909 -0.03) (0.251362771329 1.42862790501 -0.03) (0.255193161074 1.43653454822 -0.03) (0.259065033381 1.44452183996 -0.03) (0.262979096086 1.4525911621 -0.03) (0.266936073212 1.46074392794 -0.03) (0.270936705435 1.46898158318 -0.03) (0.274981750562 1.4773056068 -0.03) (0.27907198403 1.48571751208 -0.03) (0.28320819942 1.49421884755 -0.03) (0.287391208992 1.50281119806 -0.03) (0.291621844233 1.51149618584 -0.03) (0.295900956431 1.52027547161 -0.03) (0.300229417268 1.52915075573 -0.03) (0.304608119429 1.5381237794 -0.03) (0.309037977242 1.5471963259 -0.03) (0.313519927336 1.55637022185 -0.03) (0.31805492932 1.56564733856 -0.03) (0.322643966497 1.57502959338 -0.03) (0.327288046596 1.58451895118 -0.03) (0.331988202532 1.59411742575 -0.03) (0.336745493201 1.60382708143 -0.03))
    polyLine 63 67 ((0.243823686442 1.41305118895 0) (0.24757317205 1.42080055909 0) (0.251362771329 1.42862790501 0) (0.255193161074 1.43653454822 0) (0.259065033381 1.44452183996 0) (0.262979096086 1.4525911621 0) (0.266936073212 1.46074392794 0) (0.270936705435 1.46898158318 0) (0.274981750562 1.4773056068 0) (0.27907198403 1.48571751208 0) (0.28320819942 1.49421884755 0) (0.287391208992 1.50281119806 0) (0.291621844233 1.51149618584 0) (0.295900956431 1.52027547161 0) (0.300229417268 1.52915075573 0) (0.304608119429 1.5381237794 0) (0.309037977242 1.5471963259 0) (0.313519927336 1.55637022185 0) (0.31805492932 1.56564733856 0) (0.322643966497 1.57502959338 0) (0.327288046596 1.58451895118 0) (0.331988202532 1.59411742575 0) (0.336745493201 1.60382708143 0))
);

boundary
(
    body_fore
    {
        type wall;
        faces
        (
            (0 2 6 4)
            (4 6 10 8)
            (8 10 14 12)
            (12 14 18 16)
            (16 18 22 20)
            (20 22 26 24)
            (24 26 30 28)
            (28 30 34 32)
            (32 34 38 36)
            (36 38 42 40)
            (40 42 46 44)
            (44 46 50 48)
            (48 50 54 52)
            (52 54 58 56)
            (56 58 62 60)
            (60 62 66 64)
        );
    }
    freestream
    {
        type patch;
        faces
        (
            (1 5 7 3)
            (5 9 11 7)
            (9 13 15 11)
            (13 17 19 15)
            (17 21 23 19)
            (21 25 27 23)
            (25 29 31 27)
            (29 33 35 31)
            (33 37 39 35)
            (37 41 43 39)
            (41 45 47 43)
            (45 49 51 47)
            (49 53 55 51)
            (53 57 59 55)
            (57 61 63 59)
            (61 65 67 63)
        );
    }
    outlet
    {
        type patch;
        faces
        (
            (64 66 67 65)
        );
    }
    axis
    {
        type patch;
        faces
        (
            (0 1 3 2)
        );
    }
    front
    {
        type patch;
        faces
        (
            (2 6 7 3)
            (6 10 11 7)
            (10 14 15 11)
            (14 18 19 15)
            (18 22 23 19)
            (22 26 27 23)
            (26 30 31 27)
            (30 34 35 31)
            (34 38 39 35)
            (38 42 43 39)
            (42 46 47 43)
            (46 50 51 47)
            (50 54 55 51)
            (54 58 59 55)
            (58 62 63 59)
            (62 66 67 63)
        );
    }
    back
    {
        type patch;
        faces
        (
            (0 1 5 4)
            (4 5 9 8)
            (8 9 13 12)
            (12 13 17 16)
            (16 17 21 20)
            (20 21 25 24)
            (24 25 29 28)
            (28 29 33 32)
            (32 33 37 36)
            (36 37 41 40)
            (40 41 45 44)
            (44 45 49 48)
            (48 49 53 52)
            (52 53 57 56)
            (56 57 61 60)
            (60 61 65 64)
        );
    }
);
