FoamFile
{
    version     2.0;
    format      ascii;
    class       dictionary;
    object      blockMeshDict;
}
// Generated by aether.cfd - do not edit by hand. Regenerate from the run config.

scale 1;

vertices
(
    (0 0 -0.03)
    (-0.299128429815 7.22448794508e-17 -0.03)
    (0 0 0)
    (-0.299128429815 7.22448794508e-17 0)
    (0.0012751875566 0.0440258932925 -0.03)
    (-0.295825805328 0.0892044988218 -0.03)
    (0.0012751875566 0.0440258932925 0)
    (-0.295825805328 0.0892044988218 0)
    (0.00509639543743 0.0879041747354 -0.03)
    (-0.28605555707 0.177485999366 -0.03)
    (0.00509639543743 0.0879041747354 0)
    (-0.28605555707 0.177485999366 0)
    (0.0114508119303 0.131487731977 -0.03)
    (-0.270196595289 0.264059222822 -0.03)
    (0.0114508119303 0.131487731977 0)
    (-0.270196595289 0.264059222822 0)
    (0.0203171321795 0.174630440805 -0.03)
    (-0.248782706215 0.348370674604 -0.03)
    (0.0203171321795 0.174630440805 0)
    (-0.248782706215 0.348370674604 0)
    (0.0316656296153 0.217187655056 -0.03)
    (-0.222398913879 0.430129616801 -0.03)
    (0.0316656296153 0.217187655056 0)
    (-0.222398913879 0.430129616801 0)
    (0.0454582556187 0.259016691576 -0.03)
    (-0.191593146475 0.509285256151 -0.03)
    (0.0454582556187 0.259016691576 0)
    (-0.191593146475 0.509285256151 0)
    (0.061648767088 0.299977308589 -0.03)
    (-0.156818996399 0.585974368091 -0.03)
    (0.061648767088 0.299977308589 0)
    (-0.156818996399 0.585974368091 0)
    (0.0801828814778 0.339932175892 -0.03)
    (-0.118409126145 0.660462466032 -0.03)
    (0.0801828814778 0.339932175892 0)
    (-0.118409126145 0.660462466032 0)
    (0.100692171193 0.37891506095 -0.03)
    (-0.0768057437407 0.73270441773 -0.03)
    (0.100692171193 0.37891506095 0)
    (-0.0768057437407 0.73270441773 0)
    (0.12145859089 0.417763526964 -0.03)
    (-0.033754529024 0.800682252563 -0.03)
    (0.12145859089 0.417763526964 0)
    (-0.033754529024 0.800682252563 0)
    (0.142225010587 0.456611992978 -0.03)
    (0.00969267389422 0.863932052569 -0.03)
    (0.142225010587 0.456611992978 0)
    (0.00969267389422 0.863932052569 0)
    (0.162991430283 0.495460458993 -0.03)
    (0.0528348292711 0.922505708171 -0.03)
    (0.162991430283 0.495460458993 0)
    (0.0528348292711 0.922505708171 0)
    (0.18375784998 0.534308925007 -0.03)
    (0.0951539162433 0.976599549082 -0.03)
    (0.18375784998 0.534308925007 0)
    (0.0951539162433 0.976599549082 0)
    (0.210399165132 0.569085295274 -0.03)
    (0.144425164794 1.03608050175 -0.03)
    (0.210399165132 0.569085295274 0)
    (0.144425164794 1.03608050175 0)
    (0.247728101001 0.592004511767 -0.03)
    (0.210014642513 1.11041038896 -0.03)
    (0.247728101001 0.592004511767 0)
    (0.210014642513 1.11041038896 0)
    (0.290795779362 0.6 -0.03)
    (0.290795779362 1.19574309095 -0.03)
    (0.290795779362 0.6 0)
    (0.290795779362 1.19574309095 0)
);

blocks
(
    hex (0 4 5 1 2 6 7 3) (4 48 1) simpleGrading (1 4 1)
    hex (4 8 9 5 6 10 11 7) (4 48 1) simpleGrading (1 4 1)
    hex (8 12 13 9 10 14 15 11) (4 48 1) simpleGrading (1 4 1)
    hex (12 16 17 13 14 18 19 15) (4 48 1) simpleGrading (1 4 1)
    hex (16 20 21 17 18 22 23 19) (4 48 1) simpleGrading (1 4 1)
    hex (20 24 25 21 22 26 27 23) (4 48 1) simpleGrading (1 4 1)
    hex (24 28 29 25 26 30 31 27) (4 48 1) simpleGrading (1 4 1)
    hex (28 32 33 29 30 34 35 31) (4 48 1) simpleGrading (1 4 1)
    hex (32 36 37 33 34 38 39 35) (4 48 1) simpleGrading (1 4 1)
    hex (36 40 41 37 38 42 43 39) (4 48 1) simpleGrading (1 4 1)
    hex (40 44 45 41 42 46 47 43) (4 48 1) simpleGrading (1 4 1)
    hex (44 48 49 45 46 50 51 47) (4 48 1) simpleGrading (1 4 1)
    hex (48 52 53 49 50 54 55 51) (4 48 1) simpleGrading (1 4 1)
    hex (52 56 57 53 54 58 59 55) (4 48 1) simpleGrading (1 4 1)
    hex (56 60 61 57 58 62 63 59) (4 48 1) simpleGrading (1 4 1)
    hex (60 64 65 61 62 66 67 63) (4 48 1) simpleGrading (1 4 1)
);

edges
(
    polyLine 0 4 ((5.29620235799e-07 0.000897618299035 -0.03) (2.1184802057e-06 0.00179523534811 -0.03) (4.76657769719e-06 0.00269284989725 -0.03) (8.4739090226e-06 0.00359046069652 -0.03) (1.32404690194e-05 0.00448806649595 -0.03) (1.90662510501e-05 0.00538566604559 -0.03) (2.5951247002e-05 0.00628325809552 -0.03) (3.38954472876e-05 0.0071808413958 -0.03) (4.28988408442e-05 0.00807841469652 -0.03) (5.29614151343e-05 0.00897597674778 -0.03) (6.40831561455e-05 0.00987352629969 -0.03) (7.62640483904e-05 0.0107710621024 -0.03) (8.95040749067e-05 0.011668582906 -0.03) (0.000103803217257 0.0125660874608 -0.03) (0.00011916145553 0.0134635745168 -0.03) (0.000135578768338 0.0143610428244 -0.03) (0.000153055132819 0.0152584911337 -0.03) (0.000171590524638 0.0161559181951 -0.03) (0.000191184917983 0.0170533227589 -0.03) (0.000211838285568 0.0179507035753 -0.03) (0.000233550598633 0.0188480593947 -0.03) (0.000256321826943 0.0197453889676 -0.03) (0.000280151938788 0.0206426910444 -0.03) (0.000305040900983 0.0215399643756 -0.03) (0.00033098867887 0.0224372077117 -0.03) (0.000357995236316 0.0233344198032 -0.03) (0.000386060535713 0.0242315994007 -0.03) (0.00041518453798 0.0251287452549 -0.03) (0.00044536720256 0.0260258561165 -0.03) (0.000476608487424 0.0269229307363 -0.03) (0.000508908349065 0.0278199678649 -0.03) (0.000542266742506 0.0287169662534 -0.03) (0.000576683621295 0.0296139246525 -0.03) (0.000612158937504 0.0305108418132 -0.03) (0.000648692641733 0.0314077164865 -0.03) (0.000686284683107 0.0323045474236 -0.03) (0.000724935009279 0.0332013333755 -0.03) (0.000764643566426 0.0340980730935 -0.03) (0.000805410299253 0.0349947653287 -0.03) (0.000847235150991 0.0358914088326 -0.03) (0.000890118063398 0.0367880023565 -0.03) (0.000934058976757 0.0376845446519 -0.03) (0.00097905782988 0.0385810344702 -0.03) (0.0010251145601 0.0394774705633 -0.03) (0.00107222910329 0.0403738516826 -0.03) (0.00112040139384 0.04127017658 -0.03) (0.00116963136466 0.0421664440073 -0.03) (0.0012199189472 0.0430626527164 -0.03) (0.00127126407144 0.0439588014593 -0.03))
    polyLine 2 6 ((5.29620235799e-07 0.000897618299035 0) (2.1184802057e-06 0.00179523534811 0) (4.76657769719e-06 0.00269284989725 0) (8.4739090226e-06 0.00359046069652 0) (1.32404690194e-05 0.00448806649595 0) (1.90662510501e-05 0.00538566604559 0) (2.5951247002e-05 0.00628325809552 0) (3.38954472876e-05 0.0071808413958 0) (4.28988408442e-05 0.00807841469652 0) (5.29614151343e-05 0.00897597674778 0) (6.40831561455e-05 0.00987352629969 0) (7.62640483904e-05 0.0107710621024 0) (8.95040749067e-05 0.011668582906 0) (0.000103803217257 0.0125660874608 0) (0.00011916145553 0.0134635745168 0) (0.000135578768338 0.0143610428244 0) (0.000153055132819 0.0152584911337 0) (0.000171590524638 0.0161559181951 0) (0.000191184917983 0.0170533227589 0) (0.000211838285568 0.0179507035753 0) (0.000233550598633 0.0188480593947 0) (0.000256321826943 0.0197453889676 0) (0.000280151938788 0.0206426910444 0) (0.000305040900983 0.0215399643756 0) (0.00033098867887 0.0224372077117 0) (0.000357995236316 0.0233344198032 0) (0.000386060535713 0.0242315994007 0) (0.00041518453798 0.0251287452549 0) (0.00044536720256 0.0260258561165 0) (0.000476608487424 0.0269229307363 0) (0.000508908349065 0.0278199678649 0) (0.000542266742506 0.0287169662534 0) (0.000576683621295 0.0296139246525 0) (0.000612158937504 0.0305108418132 0) (0.000648692641733 0.0314077164865 0) (0.000686284683107 0.0323045474236 0) (0.000724935009279 0.0332013333755 0) (0.000764643566426 0.0340980730935 0) (0.000805410299253 0.0349947653287 0) (0.000847235150991 0.0358914088326 0) (0.000890118063398 0.0367880023565 0) (0.000934058976757 0.0376845446519 0) (0.00097905782988 0.0385810344702 0) (0.0010251145601 0.0394774705633 0) (0.00107222910329 0.0403738516826 0) (0.00112040139384 0.04127017658 0) (0.00116963136466 0.0421664440073 0) (0.0012199189472 0.0430626527164 0) (0.00127126407144 0.0439588014593 0))
    polyLine 1 5 ((-0.299122718952 0.00370937543231 -0.03) (-0.299105585888 0.00741882872865 -0.03) (-0.299077029196 0.0111284377591 -0.03) (-0.299037046499 0.0148382804061 -0.03) (-0.298985634465 0.01854843457 -0.03) (-0.298922788812 0.0222589781757 -0.03) (-0.298848504306 0.0259699891787 -0.03) (-0.298762774756 0.0296815455707 -0.03) (-0.298665593018 0.0333937253864 -0.03) (-0.298556950991 0.0371066067089 -0.03) (-0.298436839616 0.0408202676765 -0.03) (-0.298305248877 0.0445347864884 -0.03) (-0.298162167794 0.0482502414109 -0.03) (-0.298007584428 0.0519667107837 -0.03) (-0.297841485871 0.0556842730259 -0.03) (-0.297663858253 0.0594030066424 -0.03) (-0.297474686731 0.0631229902299 -0.03) (-0.297273955492 0.0668443024832 -0.03) (-0.297061647748 0.0705670222012 -0.03) (-0.296837745736 0.0742912282937 -0.03) (-0.296602230709 0.0780169997871 -0.03) (-0.296355082941 0.0817444158309 -0.03) (-0.296096281715 0.0854735557043 -0.03))
    polyLine 3 7 ((-0.299122718952 0.00370937543231 0) (-0.299105585888 0.00741882872865 0) (-0.299077029196 0.0111284377591 0) (-0.299037046499 0.0148382804061 0) (-0.298985634465 0.01854843457 0) (-0.298922788812 0.0222589781757 0) (-0.298848504306 0.0259699891787 0) (-0.298762774756 0.0296815455707 0) (-0.298665593018 0.0333937253864 0) (-0.298556950991 0.0371066067089 0) (-0.298436839616 0.0408202676765 0) (-0.298305248877 0.0445347864884 0) (-0.298162167794 0.0482502414109 0) (-0.298007584428 0.0519667107837 0) (-0.297841485871 0.0556842730259 0) (-0.297663858253 0.0594030066424 0) (-0.297474686731 0.0631229902299 0) (-0.297273955492 0.0668443024832 0) (-0.297061647748 0.0705670222012 0) (-0.296837745736 0.0742912282937 0) (-0.296602230709 0.0780169997871 0) (-0.296355082941 0.0817444158309 0) (-0.296096281715 0.0854735557043 0))
    polyLine 4 8 ((0.00132366666587 0.0448548889882 -0.03) (0.00137712665752 0.0457509140551 -0.03) (0.00143164397195 0.0466468754124 -0.03) (0.00148721853324 0.0475427718123 -0.03) (0.001543850264 0.0484386020073 -0.03) (0.00160153908536 0.04933436475 -0.03) (0.00166028491701 0.0502300587929 -0.03) (0.00172008767712 0.0511256828888 -0.03) (0.00178094728242 0.0520212357905 -0.03) (0.00184286364817 0.0529167162509 -0.03) (0.00190583668814 0.0538121230229 -0.03) (0.00196986631464 0.0547074548599 -0.03) (0.00203495243851 0.0556027105148 -0.03) (0.00210109496911 0.0564978887412 -0.03) (0.00216829381434 0.0573929882923 -0.03) (0.00223654888062 0.0582880079218 -0.03) (0.0023058600729 0.0591829463833 -0.03) (0.00237622729466 0.0600778024306 -0.03) (0.00244765044792 0.0609725748175 -0.03) (0.00252012943322 0.0618672622981 -0.03) (0.00259366414963 0.0627618636265 -0.03) (0.00266825449474 0.0636563775569 -0.03) (0.0027439003647 0.0645508028437 -0.03) (0.00282060165415 0.0654451382413 -0.03) (0.00289835825629 0.0663393825044 -0.03) (0.00297717006284 0.0672335343877 -0.03) (0.00305703696406 0.0681275926461 -0.03) (0.00313795884872 0.0690215560345 -0.03) (0.00321993560414 0.0699154233081 -0.03) (0.00330296711616 0.0708091932222 -0.03) (0.00338705326917 0.0717028645321 -0.03) (0.00347219394606 0.0725964359933 -0.03) (0.00355838902828 0.0734899063617 -0.03) (0.00364563839579 0.0743832743928 -0.03) (0.00373394192711 0.0752765388428 -0.03) (0.00382329949925 0.0761696984677 -0.03) (0.0039137109878 0.0770627520238 -0.03) (0.00400517626684 0.0779556982674 -0.03) (0.00409769520902 0.0788485359551 -0.03) (0.00419126768549 0.0797412638436 -0.03) (0.00428589356595 0.0806338806898 -0.03) (0.00438157271864 0.0815263852505 -0.03) (0.00447830501031 0.0824187762831 -0.03) (0.00457609030626 0.0833110525448 -0.03) (0.00467492847032 0.0842032127931 -0.03) (0.00477481936487 0.0850952557855 -0.03) (0.00487576285079 0.0859871802801 -0.03) (0.00497775878752 0.0868789850346 -0.03) (0.00508080703303 0.0877706688072 -0.03))
    polyLine 6 10 ((0.00132366666587 0.0448548889882 0) (0.00137712665752 0.0457509140551 0) (0.00143164397195 0.0466468754124 0) (0.00148721853324 0.0475427718123 0) (0.001543850264 0.0484386020073 0) (0.00160153908536 0.04933436475 0) (0.00166028491701 0.0502300587929 0) (0.00172008767712 0.0511256828888 0) (0.00178094728242 0.0520212357905 0) (0.00184286364817 0.0529167162509 0) (0.00190583668814 0.0538121230229 0) (0.00196986631464 0.0547074548599 0) (0.00203495243851 0.0556027105148 0) (0.00210109496911 0.0564978887412 0) (0.00216829381434 0.0573929882923 0) (0.00223654888062 0.0582880079218 0) (0.0023058600729 0.0591829463833 0) (0.00237622729466 0.0600778024306 0) (0.00244765044792 0.0609725748175 0) (0.00252012943322 0.0618672622981 0) (0.00259366414963 0.0627618636265 0) (0.00266825449474 0.0636563775569 0) (0.0027439003647 0.0645508028437 0) (0.00282060165415 0.0654451382413 0) (0.00289835825629 0.0663393825044 0) (0.00297717006284 0.0672335343877 0) (0.00305703696406 0.0681275926461 0) (0.00313795884872 0.0690215560345 0) (0.00321993560414 0.0699154233081 0) (0.00330296711616 0.0708091932222 0) (0.00338705326917 0.0717028645321 0) (0.00347219394606 0.0725964359933 0) (0.00355838902828 0.0734899063617 0) (0.00364563839579 0.0743832743928 0) (0.00373394192711 0.0752765388428 0) (0.00382329949925 0.0761696984677 0) (0.0039137109878 0.0770627520238 0) (0.00400517626684 0.0779556982674 0) (0.00409769520902 0.0788485359551 0) (0.00419126768549 0.0797412638436 0) (0.00428589356595 0.0806338806898 0) (0.00438157271864 0.0815263852505 0) (0.00447830501031 0.0824187762831 0) (0.00457609030626 0.0833110525448 0) (0.00467492847032 0.0842032127931 0) (0.00477481936487 0.0850952557855 0) (0.00487576285079 0.0859871802801 0) (0.00497775878752 0.0868789850346 0) (0.00508080703303 0.0877706688072 0))
    polyLine 5 9 ((-0.295549982335 0.0928549558647 -0.03) (-0.29526294976 0.0965072880977 -0.03) (-0.294964684536 0.100161570207 -0.03) (-0.294655162674 0.103817877024 -0.03) (-0.294334359262 0.107476283538 -0.03) (-0.294002248461 0.111136864891 -0.03) (-0.293658803497 0.114799696395 -0.03) (-0.293303996664 0.118464853529 -0.03) (-0.292937799312 0.122132411951 -0.03) (-0.292560181846 0.1258024475 -0.03) (-0.292171113721 0.129475036204 -0.03) (-0.291770563436 0.133150254285 -0.03) (-0.291358498529 0.136828178165 -0.03) (-0.290934885574 0.140508884473 -0.03) (-0.29049969017 0.144192450051 -0.03) (-0.290052876943 0.147878951958 -0.03) (-0.289594409533 0.15156846748 -0.03) (-0.289124250591 0.155261074133 -0.03) (-0.288642361775 0.158956849669 -0.03) (-0.288148703739 0.162655872085 -0.03) (-0.28764323613 0.166358219628 -0.03) (-0.28712591758 0.170063970801 -0.03) (-0.2865967057 0.173773204369 -0.03))
    polyLine 7 11 ((-0.295549982335 0.0928549558647 0) (-0.29526294976 0.0965072880977 0) (-0.294964684536 0.100161570207 0) (-0.294655162674 0.103817877024 0) (-0.294334359262 0.107476283538 0) (-0.294002248461 0.111136864891 0) (-0.293658803497 0.114799696395 0) (-0.293303996664 0.118464853529 0) (-0.292937799312 0.122132411951 0) (-0.292560181846 0.1258024475 0) (-0.292171113721 0.129475036204 0) (-0.291770563436 0.133150254285 0) (-0.291358498529 0.136828178165 0) (-0.290934885574 0.140508884473 0) (-0.29049969017 0.144192450051 0) (-0.290052876943 0.147878951958 0) (-0.289594409533 0.15156846748 0) (-0.289124250591 0.155261074133 0) (-0.288642361775 0.158956849669 0) (-0.288148703739 0.162655872085 0) (-0.28764323613 0.166358219628 0) (-0.28712591758 0.170063970801 0) (-0.2865967057 0.173773204369 0))
    polyLine 8 12 ((0.00518490744381 0.0886622303562 -0.03) (0.00529005987492 0.0895536684402 -0.03) (0.0053962641799 0.0904449818176 -0.03) (0.00550352021089 0.0913361692475 -0.03) (0.00561182781851 0.0922272294886 -0.03) (0.00572118685194 0.0931181613003 -0.03) (0.0058315971589 0.0940089634419 -0.03) (0.00594305858564 0.0948996346728 -0.03) (0.00605557097695 0.0957901737528 -0.03) (0.00616913417614 0.0966805794418 -0.03) (0.00628374802508 0.0975708504999 -0.03) (0.00639941236416 0.0984609856874 -0.03) (0.00651612703232 0.0993509837646 -0.03) (0.00663389186703 0.100240843492 -0.03) (0.00675270670429 0.101130563631 -0.03) (0.00687257137866 0.102020142943 -0.03) (0.00699348572321 0.102909580187 -0.03) (0.00711544956958 0.103798874127 -0.03) (0.00723846274791 0.104688023524 -0.03) (0.00736252508692 0.105577027139 -0.03) (0.00748763641384 0.106465883734 -0.03) (0.00761379655444 0.107354592072 -0.03) (0.00774100533305 0.108243150915 -0.03) (0.00786926257253 0.109131559026 -0.03) (0.00799856809427 0.110019815168 -0.03) (0.0081289217182 0.110907918104 -0.03) (0.00826032326282 0.111795866596 -0.03) (0.00839277254513 0.112683659409 -0.03) (0.0085262693807 0.113571295306 -0.03) (0.00866081358362 0.114458773052 -0.03) (0.00879640496655 0.11534609141 -0.03) (0.00893304334066 0.116233249144 -0.03) (0.00907072851568 0.11712024502 -0.03) (0.00920946029988 0.118007077802 -0.03) (0.00934923850007 0.118893746255 -0.03) (0.00949006292161 0.119780249145 -0.03) (0.00963193336839 0.120666585237 -0.03) (0.00977484964286 0.121552753297 -0.03) (0.00991881154599 0.12243875209 -0.03) (0.0100638188773 0.123324580383 -0.03) (0.0102098714349 0.124210236943 -0.03) (0.0103569690154 0.125095720536 -0.03) (0.0105051114139 0.125981029928 -0.03) (0.0106542984242 0.126866163888 -0.03) (0.0108045298385 0.127751121183 -0.03) (0.0109558054476 0.12863590058 -0.03) (0.0111081250409 0.129520500847 -0.03) (0.0112614884061 0.130404920753 -0.03) (0.0114158953299 0.131289159065 -0.03))
    polyLine 10 14 ((0.00518490744381 0.0886622303562 0) (0.00529005987492 0.0895536684402 0) (0.0053962641799 0.0904449818176 0) (0.00550352021089 0.0913361692475 0) (0.00561182781851 0.0922272294886 0) (0.00572118685194 0.0931181613003 0) (0.0058315971589 0.0940089634419 0) (0.00594305858564 0.0948996346728 0) (0.00605557097695 0.0957901737528 0) (0.00616913417614 0.0966805794418 0) (0.00628374802508 0.0975708504999 0) (0.00639941236416 0.0984609856874 0) (0.00651612703232 0.0993509837646 0) (0.00663389186703 0.100240843492 0) (0.00675270670429 0.101130563631 0) (0.00687257137866 0.102020142943 0) (0.00699348572321 0.102909580187 0) (0.00711544956958 0.103798874127 0) (0.00723846274791 0.104688023524 0) (0.00736252508692 0.105577027139 0) (0.00748763641384 0.106465883734 0) (0.00761379655444 0.107354592072 0) (0.00774100533305 0.108243150915 0) (0.00786926257253 0.109131559026 0) (0.00799856809427 0.110019815168 0) (0.0081289217182 0.110907918104 0) (0.00826032326282 0.111795866596 0) (0.00839277254513 0.112683659409 0) (0.0085262693807 0.113571295306 0) (0.00866081358362 0.114458773052 0) (0.00879640496655 0.11534609141 0) (0.00893304334066 0.116233249144 0) (0.00907072851568 0.11712024502 0) (0.00920946029988 0.118007077802 0) (0.00934923850007 0.118893746255 0) (0.00949006292161 0.119780249145 0) (0.00963193336839 0.120666585237 0) (0.00977484964286 0.121552753297 0) (0.00991881154599 0.12243875209 0) (0.0100638188773 0.123324580383 0) (0.0102098714349 0.124210236943 0) (0.0103569690154 0.125095720536 0) (0.0105051114139 0.125981029928 0) (0.0106542984242 0.126866163888 0) (0.0108045298385 0.127751121183 0) (0.0109558054476 0.12863590058 0) (0.0111081250409 0.129520500847 0) (0.0112614884061 0.130404920753 0) (0.0114158953299 0.131289159065 0))
    polyLine 9 13 ((-0.285525655369 0.181047900857 -0.03) (-0.28498470765 0.184613216816 -0.03) (-0.284432672988 0.188182017556 -0.03) (-0.283869509563 0.191754373638 -0.03) (-0.283295174659 0.19533035588 -0.03) (-0.282709624649 0.198910035357 -0.03) (-0.282112814998 0.202493483411 -0.03) (-0.281504700248 0.206080771654 -0.03) (-0.280885234013 0.209671971975 -0.03) (-0.280254368976 0.213267156543 -0.03) (-0.279612056876 0.216866397818 -0.03) (-0.278958248503 0.22046976855 -0.03) (-0.278292893691 0.224077341791 -0.03) (-0.277615941306 0.227689190896 -0.03) (-0.276927339245 0.231305389533 -0.03) (-0.27622703442 0.234926011685 -0.03) (-0.275514972756 0.238551131658 -0.03) (-0.274791099179 0.242180824088 -0.03) (-0.274055357605 0.245815163945 -0.03) (-0.273307690938 0.24945422654 -0.03) (-0.272548041054 0.253098087532 -0.03) (-0.271776348795 0.256746822934 -0.03) (-0.270992553958 0.260400509118 -0.03))
    polyLine 11 15 ((-0.285525655369 0.181047900857 0) (-0.28498470765 0.184613216816 0) (-0.284432672988 0.188182017556 0) (-0.283869509563 0.191754373638 0) (-0.283295174659 0.19533035588 0) (-0.282709624649 0.198910035357 0) (-0.282112814998 0.202493483411 0) (-0.281504700248 0.206080771654 0) (-0.280885234013 0.209671971975 0) (-0.280254368976 0.213267156543 0) (-0.279612056876 0.216866397818 0) (-0.278958248503 0.22046976855 0) (-0.278292893691 0.224077341791 0) (-0.277615941306 0.227689190896 0) (-0.276927339245 0.231305389533 0) (-0.27622703442 0.234926011685 0) (-0.275514972756 0.238551131658 0) (-0.274791099179 0.242180824088 0) (-0.274055357605 0.245815163945 0) (-0.273307690938 0.24945422654 0) (-0.272548041054 0.253098087532 0) (-0.271776348795 0.256746822934 0) (-0.270992553958 0.260400509118 0))
    polyLine 12 16 ((0.0115713455971 0.132173214553 -0.03) (0.0117278389913 0.133057085986 -0.03) (0.0118853752946 0.133940772131 -0.03) (0.0120439542875 0.13482427176 -0.03) (0.0122035757494 0.135707583642 -0.03) (0.0123642394578 0.136590706546 -0.03) (0.012525945189 0.137473639243 -0.03) (0.012688692718 0.138356380504 -0.03) (0.012852481818 0.139238929099 -0.03) (0.0130173122609 0.140121283798 -0.03) (0.0131831838173 0.141003443375 -0.03) (0.0133500962561 0.141885406599 -0.03) (0.013518049345 0.142767172243 -0.03) (0.01368704285 0.143648739079 -0.03) (0.0138570765358 0.14453010588 -0.03) (0.0140281501656 0.145411271417 -0.03) (0.0142002635012 0.146292234465 -0.03) (0.014373416303 0.147172993795 -0.03) (0.0145476083297 0.148053548183 -0.03) (0.014722839339 0.148933896401 -0.03) (0.0148991090866 0.149814037223 -0.03) (0.0150764173272 0.150693969424 -0.03) (0.0152547638139 0.151573691779 -0.03) (0.0154341482983 0.152453203063 -0.03) (0.0156145705305 0.153332502051 -0.03) (0.0157960302595 0.154211587517 -0.03) (0.0159785272324 0.155090458239 -0.03) (0.0161620611952 0.155969112993 -0.03) (0.0163466318922 0.156847550554 -0.03) (0.0165322390664 0.1577257697 -0.03) (0.0167188824595 0.158603769207 -0.03) (0.0169065618114 0.159481547854 -0.03) (0.0170952768608 0.160359104417 -0.03) (0.017285027345 0.161236437675 -0.03) (0.0174758129997 0.162113546405 -0.03) (0.0176676335591 0.162990429387 -0.03) (0.0178604887563 0.1638670854 -0.03) (0.0180543783226 0.164743513222 -0.03) (0.0182493019881 0.165619711633 -0.03) (0.0184452594813 0.166495679413 -0.03) (0.0186422505293 0.167371415343 -0.03) (0.0188402748579 0.168246918202 -0.03) (0.0190393321912 0.169122186772 -0.03) (0.0192394222521 0.169997219834 -0.03) (0.0194405447619 0.170872016168 -0.03) (0.0196426994405 0.171746574558 -0.03) (0.0198458860066 0.172620893785 -0.03) (0.020050104177 0.173494972632 -0.03) (0.0202553536675 0.174368809881 -0.03))
    polyLine 14 18 ((0.0115713455971 0.132173214553 0) (0.0117278389913 0.133057085986 0) (0.0118853752946 0.133940772131 0) (0.0120439542875 0.13482427176 0) (0.0122035757494 0.135707583642 0) (0.0123642394578 0.136590706546 0) (0.012525945189 0.137473639243 0) (0.012688692718 0.138356380504 0) (0.012852481818 0.139238929099 0) (0.0130173122609 0.140121283798 0) (0.0131831838173 0.141003443375 0) (0.0133500962561 0.141885406599 0) (0.013518049345 0.142767172243 0) (0.01368704285 0.143648739079 0) (0.0138570765358 0.14453010588 0) (0.0140281501656 0.145411271417 0) (0.0142002635012 0.146292234465 0) (0.014373416303 0.147172993795 0) (0.0145476083297 0.148053548183 0) (0.014722839339 0.148933896401 0) (0.0148991090866 0.149814037223 0) (0.0150764173272 0.150693969424 0) (0.0152547638139 0.151573691779 0) (0.0154341482983 0.152453203063 0) (0.0156145705305 0.153332502051 0) (0.0157960302595 0.154211587517 0) (0.0159785272324 0.155090458239 0) (0.0161620611952 0.155969112993 0) (0.0163466318922 0.156847550554 0) (0.0165322390664 0.1577257697 0) (0.0167188824595 0.158603769207 0) (0.0169065618114 0.159481547854 0) (0.0170952768608 0.160359104417 0) (0.017285027345 0.161236437675 0) (0.0174758129997 0.162113546405 0) (0.0176676335591 0.162990429387 0) (0.0178604887563 0.1638670854 0) (0.0180543783226 0.164743513222 0) (0.0182493019881 0.165619711633 0) (0.0184452594813 0.166495679413 0) (0.0186422505293 0.167371415343 0) (0.0188402748579 0.168246918202 0) (0.0190393321912 0.169122186772 0) (0.0192394222521 0.169997219834 0) (0.0194405447619 0.170872016168 0) (0.0196426994405 0.171746574558 0) (0.0198458860066 0.172620893785 0) (0.020050104177 0.173494972632 0) (0.0202553536675 0.174368809881 0))
    polyLine 13 17 ((-0.269434906353 0.26751361587 -0.03) (-0.268662295043 0.270972611971 -0.03) (-0.267878707389 0.274436276374 -0.03) (-0.267084088556 0.27790467464 -0.03) (-0.266278382839 0.281377872645 -0.03) (-0.26546153365 0.284855936582 -0.03) (-0.264633483514 0.288338932971 -0.03) (-0.263794174058 0.291826928661 -0.03) (-0.262943546004 0.295319990836 -0.03) (-0.262081539157 0.298818187021 -0.03) (-0.261208092403 0.302321585085 -0.03) (-0.260323143691 0.30583025325 -0.03) (-0.259426630031 0.309344260093 -0.03) (-0.258518487482 0.312863674553 -0.03) (-0.257598651141 0.316388565936 -0.03) (-0.256667055136 0.319919003922 -0.03) (-0.255723632612 0.323455058569 -0.03) (-0.254768315728 0.326996800318 -0.03) (-0.253801035639 0.330544300002 -0.03) (-0.252821722491 0.334097628849 -0.03) (-0.251830305406 0.337656858489 -0.03) (-0.250826712476 0.341222060957 -0.03) (-0.249810870748 0.344793308706 -0.03))
    polyLine 15 19 ((-0.269434906353 0.26751361587 0) (-0.268662295043 0.270972611971 0) (-0.267878707389 0.274436276374 0) (-0.267084088556 0.27790467464 0) (-0.266278382839 0.281377872645 0) (-0.26546153365 0.284855936582 0) (-0.264633483514 0.288338932971 0) (-0.263794174058 0.291826928661 0) (-0.262943546004 0.295319990836 0) (-0.262081539157 0.298818187021 0) (-0.261208092403 0.302321585085 0) (-0.260323143691 0.30583025325 0) (-0.259426630031 0.309344260093 0) (-0.258518487482 0.312863674553 0) (-0.257598651141 0.316388565936 0) (-0.256667055136 0.319919003922 0) (-0.255723632612 0.323455058569 0) (-0.254768315728 0.326996800318 0) (-0.253801035639 0.330544300002 0) (-0.252821722491 0.334097628849 0) (-0.251830305406 0.337656858489 0) (-0.250826712476 0.341222060957 0) (-0.249810870748 0.344793308706 0))
    polyLine 16 20 ((0.0204616341922 0.175242404316 -0.03) (0.0206689454638 0.176115754719 -0.03) (0.0208772871938 0.176988859876 -0.03) (0.0210866590919 0.17786171857 -0.03) (0.0212970608666 0.178734329586 -0.03) (0.0215084922249 0.179606691708 -0.03) (0.0217209528723 0.180478803721 -0.03) (0.0219344425131 0.181350664412 -0.03) (0.02214896085 0.182222272567 -0.03) (0.0223645075841 0.18309362697 -0.03) (0.0225810824154 0.18396472641 -0.03) (0.0227986850422 0.184835569672 -0.03) (0.0230173151616 0.185706155545 -0.03) (0.0232369724691 0.186576482816 -0.03) (0.0234576566588 0.187446550273 -0.03) (0.0236793674234 0.188316356705 -0.03) (0.0239021044542 0.189185900899 -0.03) (0.0241258674409 0.190055181646 -0.03) (0.0243506560721 0.190924197735 -0.03) (0.0245764700346 0.191792947956 -0.03) (0.0248033090141 0.192661431098 -0.03) (0.0250311726946 0.193529645953 -0.03) (0.0252600607588 0.194397591311 -0.03) (0.025489972888 0.195265265965 -0.03) (0.0257209087621 0.196132668705 -0.03) (0.0259528680594 0.196999798323 -0.03) (0.0261858504569 0.197866653613 -0.03) (0.0264198556302 0.198733233367 -0.03) (0.0266548832535 0.199599536379 -0.03) (0.0268909329995 0.200465561441 -0.03) (0.0271280045394 0.201331307349 -0.03) (0.0273660975431 0.202196772896 -0.03) (0.0276052116791 0.203061956877 -0.03) (0.0278453466144 0.203926858087 -0.03) (0.0280865020146 0.204791475323 -0.03) (0.0283286775438 0.20565580738 -0.03) (0.0285718728649 0.206519853054 -0.03) (0.0288160876392 0.207383611142 -0.03) (0.0290613215267 0.208247080442 -0.03) (0.0293075741857 0.209110259751 -0.03) (0.0295548452734 0.209973147867 -0.03) (0.0298031344455 0.210835743588 -0.03) (0.0300524413562 0.211698045713 -0.03) (0.0303027656584 0.212560053042 -0.03) (0.0305541070034 0.213421764374 -0.03) (0.0308064650412 0.214283178509 -0.03) (0.0310598394206 0.215144294248 -0.03) (0.0313142297885 0.216005110391 -0.03) (0.0315696357908 0.216865625739 -0.03))
    polyLine 18 22 ((0.0204616341922 0.175242404316 0) (0.0206689454638 0.176115754719 0) (0.0208772871938 0.176988859876 0) (0.0210866590919 0.17786171857 0) (0.0212970608666 0.178734329586 0) (0.0215084922249 0.179606691708 0) (0.0217209528723 0.180478803721 0) (0.0219344425131 0.181350664412 0) (0.02214896085 0.182222272567 0) (0.0223645075841 0.18309362697 0) (0.0225810824154 0.18396472641 0) (0.0227986850422 0.184835569672 0) (0.0230173151616 0.185706155545 0) (0.0232369724691 0.186576482816 0) (0.0234576566588 0.187446550273 0) (0.0236793674234 0.188316356705 0) (0.0239021044542 0.189185900899 0) (0.0241258674409 0.190055181646 0) (0.0243506560721 0.190924197735 0) (0.0245764700346 0.191792947956 0) (0.0248033090141 0.192661431098 0) (0.0250311726946 0.193529645953 0) (0.0252600607588 0.194397591311 0) (0.025489972888 0.195265265965 0) (0.0257209087621 0.196132668705 0) (0.0259528680594 0.196999798323 0) (0.0261858504569 0.197866653613 0) (0.0264198556302 0.198733233367 0) (0.0266548832535 0.199599536379 0) (0.0268909329995 0.200465561441 0) (0.0271280045394 0.201331307349 0) (0.0273660975431 0.202196772896 0) (0.0276052116791 0.203061956877 0) (0.0278453466144 0.203926858087 0) (0.0280865020146 0.204791475323 0) (0.0283286775438 0.20565580738 0) (0.0285718728649 0.206519853054 0) (0.0288160876392 0.207383611142 0) (0.0290613215267 0.208247080442 0) (0.0293075741857 0.209110259751 0) (0.0295548452734 0.209973147867 0) (0.0298031344455 0.210835743588 0) (0.0300524413562 0.211698045713 0) (0.0303027656584 0.212560053042 0) (0.0305541070034 0.213421764374 0) (0.0308064650412 0.214283178509 0) (0.0310598394206 0.215144294248 0) (0.0313142297885 0.216005110391 0) (0.0315696357908 0.216865625739 0))
    polyLine 17 21 ((-0.247813521931 0.351709579273 -0.03) (-0.246833511968 0.355053919124 -0.03) (-0.24584261393 0.358403754119 -0.03) (-0.244840764591 0.361759144559 -0.03) (-0.243827899889 0.365120151079 -0.03) (-0.242803954915 0.368486834662 -0.03) (-0.241768863904 0.371859256637 -0.03) (-0.240722560229 0.375237478685 -0.03) (-0.239664976387 0.378621562847 -0.03) (-0.238596043995 0.382011571525 -0.03) (-0.237515693776 0.385407567487 -0.03) (-0.236423855554 0.388809613876 -0.03) (-0.235320458241 0.392217774208 -0.03) (-0.234205429826 0.395632112384 -0.03) (-0.233078697369 0.399052692691 -0.03) (-0.231940186989 0.402479579807 -0.03) (-0.230789823851 0.405912838809 -0.03) (-0.229627532161 0.409352535174 -0.03) (-0.228453235149 0.412798734788 -0.03) (-0.227266855064 0.41625150395 -0.03) (-0.226068313157 0.419710909377 -0.03) (-0.224857529676 0.423177018208 -0.03) (-0.22363442385 0.426649898015 -0.03))
    polyLine 19 23 ((-0.247813521931 0.351709579273 0) (-0.246833511968 0.355053919124 0) (-0.24584261393 0.358403754119 0) (-0.244840764591 0.361759144559 0) (-0.243827899889 0.365120151079 0) (-0.242803954915 0.368486834662 0) (-0.241768863904 0.371859256637 0) (-0.240722560229 0.375237478685 0) (-0.239664976387 0.378621562847 0) (-0.238596043995 0.382011571525 0) (-0.237515693776 0.385407567487 0) (-0.236423855554 0.388809613876 0) (-0.235320458241 0.392217774208 0) (-0.234205429826 0.395632112384 0) (-0.233078697369 0.399052692691 0) (-0.231940186989 0.402479579807 0) (-0.230789823851 0.405912838809 0) (-0.229627532161 0.409352535174 0) (-0.228453235149 0.412798734788 0) (-0.227266855064 0.41625150395 0) (-0.226068313157 0.419710909377 0) (-0.224857529676 0.423177018208 0) (-0.22363442385 0.426649898015 0))
    polyLine 20 24 ((0.0318260570718 0.217725839095 -0.03) (0.0320834932744 0.218585749261 -0.03) (0.0323419440402 0.219445355039 -0.03) (0.0326014090092 0.220304655231 -0.03) (0.0328618878201 0.221163648642 -0.03) (0.0331233801102 0.222022334076 -0.03) (0.0333858855154 0.222880710336 -0.03) (0.0336494036701 0.223738776227 -0.03) (0.0339139342074 0.224596530554 -0.03) (0.0341794767588 0.225453972123 -0.03) (0.0344460309547 0.22631109974 -0.03) (0.0347135964238 0.227167912212 -0.03) (0.0349821727935 0.228024408344 -0.03) (0.0352517596898 0.228880586945 -0.03) (0.0355223567374 0.229736446822 -0.03) (0.0357939635594 0.230591986783 -0.03) (0.0360665797776 0.231447205638 -0.03) (0.0363402050123 0.232302102194 -0.03) (0.0366148388825 0.233156675262 -0.03) (0.0368904810059 0.234010923652 -0.03) (0.0371671309985 0.234864846173 -0.03) (0.0374447884751 0.235718441638 -0.03) (0.037723453049 0.236571708856 -0.03) (0.0380031243323 0.237424646641 -0.03) (0.0382838019354 0.238277253804 -0.03) (0.0385654854675 0.239129529158 -0.03) (0.0388481745364 0.239981471516 -0.03) (0.0391318687483 0.240833079692 -0.03) (0.0394165677084 0.2416843525 -0.03) (0.0397022710199 0.242535288754 -0.03) (0.0399889782853 0.24338588727 -0.03) (0.0402766891051 0.244236146863 -0.03) (0.0405654030788 0.245086066349 -0.03) (0.0408551198042 0.245935644545 -0.03) (0.041145838878 0.246784880267 -0.03) (0.0414375598954 0.247633772332 -0.03) (0.04173028245 0.24848231956 -0.03) (0.0420240061343 0.249330520768 -0.03) (0.0423187305392 0.250178374774 -0.03) (0.0426144552544 0.251025880399 -0.03) (0.042911179868 0.251873036462 -0.03) (0.0432089039668 0.252719841783 -0.03) (0.0435076271363 0.253566295184 -0.03) (0.0438073489604 0.254412395485 -0.03) (0.0441080690217 0.255258141508 -0.03) (0.0444097869016 0.256103532076 -0.03) (0.0447125021799 0.256948566011 -0.03) (0.045016214435 0.257793242137 -0.03) (0.045320923244 0.258637559277 -0.03))
    polyLine 22 26 ((0.0318260570718 0.217725839095 0) (0.0320834932744 0.218585749261 0) (0.0323419440402 0.219445355039 0) (0.0326014090092 0.220304655231 0) (0.0328618878201 0.221163648642 0) (0.0331233801102 0.222022334076 0) (0.0333858855154 0.222880710336 0) (0.0336494036701 0.223738776227 0) (0.0339139342074 0.224596530554 0) (0.0341794767588 0.225453972123 0) (0.0344460309547 0.22631109974 0) (0.0347135964238 0.227167912212 0) (0.0349821727935 0.228024408344 0) (0.0352517596898 0.228880586945 0) (0.0355223567374 0.229736446822 0) (0.0357939635594 0.230591986783 0) (0.0360665797776 0.231447205638 0) (0.0363402050123 0.232302102194 0) (0.0366148388825 0.233156675262 0) (0.0368904810059 0.234010923652 0) (0.0371671309985 0.234864846173 0) (0.0374447884751 0.235718441638 0) (0.037723453049 0.236571708856 0) (0.0380031243323 0.237424646641 0) (0.0382838019354 0.238277253804 0) (0.0385654854675 0.239129529158 0) (0.0388481745364 0.239981471516 0) (0.0391318687483 0.240833079692 0) (0.0394165677084 0.2416843525 0) (0.0397022710199 0.242535288754 0) (0.0399889782853 0.24338588727 0) (0.0402766891051 0.244236146863 0) (0.0405654030788 0.245086066349 0) (0.0408551198042 0.245935644545 0) (0.041145838878 0.246784880267 0) (0.0414375598954 0.247633772332 0) (0.04173028245 0.24848231956 0) (0.0420240061343 0.249330520768 0) (0.0423187305392 0.250178374774 0) (0.0426144552544 0.251025880399 0) (0.042911179868 0.251873036462 0) (0.0432089039668 0.252719841783 0) (0.0435076271363 0.253566295184 0) (0.0438073489604 0.254412395485 0) (0.0441080690217 0.255258141508 0) (0.0444097869016 0.256103532076 0) (0.0447125021799 0.256948566011 0) (0.045016214435 0.257793242137 0) (0.045320923244 0.258637559277 0))
    polyLine 21 25 ((-0.221244989609 0.433354399359 -0.03) (-0.220080315512 0.436585146195 -0.03) (-0.218904824449 0.439821912147 -0.03) (-0.217718448495 0.443064752383 -0.03) (-0.216521118927 0.446313722413 -0.03) (-0.215312766219 0.449568878088 -0.03) (-0.214093320033 0.452830275605 -0.03) (-0.212862709207 0.456097971513 -0.03) (-0.21162086175 0.459372022713 -0.03) (-0.210367704828 0.46265248647 -0.03) (-0.20910316476 0.465939420406 -0.03) (-0.207827167006 0.469232882517 -0.03) (-0.206539636157 0.472532931166 -0.03) (-0.205240495926 0.475839625095 -0.03) (-0.203929669139 0.479153023427 -0.03) (-0.202607077721 0.482473185669 -0.03) (-0.201272642693 0.485800171718 -0.03) (-0.199926284154 0.489134041868 -0.03) (-0.198567921278 0.492474856809 -0.03) (-0.197197472297 0.495822677638 -0.03) (-0.195814854492 0.499177565859 -0.03) (-0.194419984184 0.502539583389 -0.03) (-0.193012776724 0.505908792566 -0.03))
    polyLine 23 27 ((-0.221244989609 0.433354399359 0) (-0.220080315512 0.436585146195 0) (-0.218904824449 0.439821912147 0) (-0.217718448495 0.443064752383 0) (-0.216521118927 0.446313722413 0) (-0.215312766219 0.449568878088 0) (-0.214093320033 0.452830275605 0) (-0.212862709207 0.456097971513 0) (-0.21162086175 0.459372022713 0) (-0.210367704828 0.46265248647 0) (-0.20910316476 0.465939420406 0) (-0.207827167006 0.469232882517 0) (-0.206539636157 0.472532931166 0) (-0.205240495926 0.475839625095 0) (-0.203929669139 0.479153023427 0) (-0.202607077721 0.482473185669 0) (-0.201272642693 0.485800171718 0) (-0.199926284154 0.489134041868 0) (-0.198567921278 0.492474856809 0) (-0.197197472297 0.495822677638 0) (-0.195814854492 0.499177565859 0) (-0.194419984184 0.502539583389 0) (-0.193012776724 0.505908792566 0))
    polyLine 24 28 ((0.0456266281825 0.259481516255 -0.03) (0.045933328825 0.260325111897 -0.03) (0.0462410247442 0.261168345028 -0.03) (0.0465497155117 0.262011214473 -0.03) (0.0468594006977 0.262853719059 -0.03) (0.0471700798708 0.263695857612 -0.03) (0.0474817525986 0.26453762896 -0.03) (0.0477944184468 0.26537903193 -0.03) (0.0481080769803 0.266220065351 -0.03) (0.0484227277621 0.267060728052 -0.03) (0.0487383703541 0.267901018862 -0.03) (0.0490550043168 0.268740936611 -0.03) (0.0493726292092 0.269580480129 -0.03) (0.0496912445891 0.270419648248 -0.03) (0.0500108500127 0.271258439798 -0.03) (0.050331445035 0.272096853612 -0.03) (0.0506530292096 0.272934888521 -0.03) (0.0509756020886 0.27377254336 -0.03) (0.0512991632229 0.274609816961 -0.03) (0.0516237121619 0.27544670816 -0.03) (0.0519492484536 0.276283215789 -0.03) (0.0522757716447 0.277119338685 -0.03) (0.0526032812805 0.277955075683 -0.03) (0.052931776905 0.278790425619 -0.03) (0.0532612580607 0.27962538733 -0.03) (0.0535917242888 0.280459959654 -0.03) (0.053923175129 0.281294141428 -0.03) (0.05425561012 0.28212793149 -0.03) (0.0545890287987 0.28296132868 -0.03) (0.0549234307008 0.283794331837 -0.03) (0.0552588153607 0.2846269398 -0.03) (0.0555951823113 0.285459151411 -0.03) (0.0559325310842 0.286290965511 -0.03) (0.0562708612097 0.287122380941 -0.03) (0.0566101722166 0.287953396544 -0.03) (0.0569504636325 0.288784011162 -0.03) (0.0572917349834 0.289614223639 -0.03) (0.0576339857941 0.290444032818 -0.03) (0.057977215588 0.291273437544 -0.03) (0.0583214238873 0.292102436662 -0.03) (0.0586666102124 0.292931029018 -0.03) (0.0590127740829 0.293759213458 -0.03) (0.0593599150165 0.294586988828 -0.03) (0.05970803253 0.295414353976 -0.03) (0.0600571261385 0.296241307749 -0.03) (0.0604071953559 0.297067848997 -0.03) (0.0607582396948 0.297893976568 -0.03) (0.0611102586663 0.298719689312 -0.03) (0.0614632517802 0.299544986078 -0.03))
    polyLine 26 30 ((0.0456266281825 0.259481516255 0) (0.045933328825 0.260325111897 0) (0.0462410247442 0.261168345028 0) (0.0465497155117 0.262011214473 0) (0.0468594006977 0.262853719059 0) (0.0471700798708 0.263695857612 0) (0.0474817525986 0.26453762896 0) (0.0477944184468 0.26537903193 0) (0.0481080769803 0.266220065351 0) (0.0484227277621 0.267060728052 0) (0.0487383703541 0.267901018862 0) (0.0490550043168 0.268740936611 0) (0.0493726292092 0.269580480129 0) (0.0496912445891 0.270419648248 0) (0.0500108500127 0.271258439798 0) (0.050331445035 0.272096853612 0) (0.0506530292096 0.272934888521 0) (0.0509756020886 0.27377254336 0) (0.0512991632229 0.274609816961 0) (0.0516237121619 0.27544670816 0) (0.0519492484536 0.276283215789 0) (0.0522757716447 0.277119338685 0) (0.0526032812805 0.277955075683 0) (0.052931776905 0.278790425619 0) (0.0532612580607 0.27962538733 0) (0.0535917242888 0.280459959654 0) (0.053923175129 0.281294141428 0) (0.05425561012 0.28212793149 0) (0.0545890287987 0.28296132868 0) (0.0549234307008 0.283794331837 0) (0.0552588153607 0.2846269398 0) (0.0555951823113 0.285459151411 0) (0.0559325310842 0.286290965511 0) (0.0562708612097 0.287122380941 0) (0.0566101722166 0.287953396544 0) (0.0569504636325 0.288784011162 0) (0.0572917349834 0.289614223639 0) (0.0576339857941 0.290444032818 0) (0.057977215588 0.291273437544 0) (0.0583214238873 0.292102436662 0) (0.0586666102124 0.292931029018 0) (0.0590127740829 0.293759213458 0) (0.0593599150165 0.294586988828 0) (0.05970803253 0.295414353976 0) (0.0600571261385 0.296241307749 0) (0.0604071953559 0.297067848997 0) (0.0607582396948 0.297893976568 0) (0.0611102586663 0.298719689312 0) (0.0614632517802 0.299544986078 0))
    polyLine 25 29 ((-0.190273444663 0.512404180116 -0.03) (-0.188943044671 0.515529371849 -0.03) (-0.187601877153 0.518660881487 -0.03) (-0.186249872018 0.521798759488 -0.03) (-0.184886958426 0.524943056632 -0.03) (-0.183513064777 0.528093824027 -0.03) (-0.182128118704 0.531251113113 -0.03) (-0.180732047064 0.534414975661 -0.03) (-0.179324775933 0.537585463784 -0.03) (-0.177906230589 0.540762629933 -0.03) (-0.176476335513 0.543946526906 -0.03) (-0.175035014373 0.54713720785 -0.03) (-0.173582190018 0.550334726265 -0.03) (-0.17211778447 0.553539136008 -0.03) (-0.17064171891 0.556750491297 -0.03) (-0.169153913675 0.559968846713 -0.03) (-0.167654288243 0.563194257207 -0.03) (-0.166142761226 0.566426778104 -0.03) (-0.164619250359 0.569666465104 -0.03) (-0.163083672491 0.572913374289 -0.03) (-0.161535943575 0.576167562127 -0.03) (-0.159975978656 0.579429085473 -0.03) (-0.158403691864 0.582698001578 -0.03))
    polyLine 27 31 ((-0.190273444663 0.512404180116 0) (-0.188943044671 0.515529371849 0) (-0.187601877153 0.518660881487 0) (-0.186249872018 0.521798759488 0) (-0.184886958426 0.524943056632 0) (-0.183513064777 0.528093824027 0) (-0.182128118704 0.531251113113 0) (-0.180732047064 0.534414975661 0) (-0.179324775933 0.537585463784 0) (-0.177906230589 0.540762629933 0) (-0.176476335513 0.543946526906 0) (-0.175035014373 0.54713720785 0) (-0.173582190018 0.550334726265 0) (-0.17211778447 0.553539136008 0) (-0.17064171891 0.556750491297 0) (-0.169153913675 0.559968846713 0) (-0.167654288243 0.563194257207 0) (-0.166142761226 0.566426778104 0) (-0.164619250359 0.569666465104 0) (-0.163083672491 0.572913374289 0) (-0.161535943575 0.576167562127 0) (-0.159975978656 0.579429085473 0) (-0.158403691864 0.582698001578 0))
    polyLine 28 32 ((0.0618172185449 0.300369865718 -0.03) (0.0621721584676 0.301194327083 -0.03) (0.0625280710539 0.302018369025 -0.03) (0.0628849558083 0.302841990397 -0.03) (0.0632428122338 0.303665190051 -0.03) (0.063601639832 0.304487966841 -0.03) (0.0639614381033 0.305310319621 -0.03) (0.0643222065466 0.306132247246 -0.03) (0.0646839446596 0.306953748572 -0.03) (0.0650466519385 0.307774822455 -0.03) (0.0654103278782 0.308595467751 -0.03) (0.0657749719724 0.309415683318 -0.03) (0.0661405837132 0.310235468013 -0.03) (0.0665071625915 0.311054820695 -0.03) (0.0668747080969 0.311873740223 -0.03) (0.0672432197174 0.312692225456 -0.03) (0.06761269694 0.313510275255 -0.03) (0.0679831392502 0.31432788848 -0.03) (0.068354546132 0.315145063993 -0.03) (0.0687269170683 0.315961800656 -0.03) (0.0691002515406 0.316778097332 -0.03) (0.0694745490289 0.317593952884 -0.03) (0.0698498090121 0.318409366176 -0.03) (0.0702260309676 0.319224336072 -0.03) (0.0706032143715 0.320038861437 -0.03) (0.0709813586985 0.320852941138 -0.03) (0.0713604634221 0.32166657404 -0.03) (0.0717405280143 0.322479759011 -0.03) (0.0721215519459 0.323292494918 -0.03) (0.0725035346864 0.32410478063 -0.03) (0.0728864757037 0.324916615015 -0.03) (0.0732703744647 0.325727996943 -0.03) (0.0736552304347 0.326538925283 -0.03) (0.0740410430778 0.327349398908 -0.03) (0.0744278118567 0.328159416687 -0.03) (0.0748155362329 0.328968977493 -0.03) (0.0752042156665 0.3297780802 -0.03) (0.0755938496162 0.330586723679 -0.03) (0.0759844375394 0.331394906805 -0.03) (0.0763759788922 0.332202628453 -0.03) (0.0767684731293 0.333009887497 -0.03) (0.0771619197043 0.333816682815 -0.03) (0.0775563180693 0.334623013281 -0.03) (0.0779516676749 0.335428877774 -0.03) (0.0783479679707 0.336234275171 -0.03) (0.0787452184049 0.33703920435 -0.03) (0.0791434184241 0.337843664191 -0.03) (0.0795425674741 0.338647653574 -0.03) (0.0799426649988 0.339451171378 -0.03))
    polyLine 30 34 ((0.0618172185449 0.300369865718 0) (0.0621721584676 0.301194327083 0) (0.0625280710539 0.302018369025 0) (0.0628849558083 0.302841990397 0) (0.0632428122338 0.303665190051 0) (0.063601639832 0.304487966841 0) (0.0639614381033 0.305310319621 0) (0.0643222065466 0.306132247246 0) (0.0646839446596 0.306953748572 0) (0.0650466519385 0.307774822455 0) (0.0654103278782 0.308595467751 0) (0.0657749719724 0.309415683318 0) (0.0661405837132 0.310235468013 0) (0.0665071625915 0.311054820695 0) (0.0668747080969 0.311873740223 0) (0.0672432197174 0.312692225456 0) (0.06761269694 0.313510275255 0) (0.0679831392502 0.31432788848 0) (0.068354546132 0.315145063993 0) (0.0687269170683 0.315961800656 0) (0.0691002515406 0.316778097332 0) (0.0694745490289 0.317593952884 0) (0.0698498090121 0.318409366176 0) (0.0702260309676 0.319224336072 0) (0.0706032143715 0.320038861437 0) (0.0709813586985 0.320852941138 0) (0.0713604634221 0.32166657404 0) (0.0717405280143 0.322479759011 0) (0.0721215519459 0.323292494918 0) (0.0725035346864 0.32410478063 0) (0.0728864757037 0.324916615015 0) (0.0732703744647 0.325727996943 0) (0.0736552304347 0.326538925283 0) (0.0740410430778 0.327349398908 0) (0.0744278118567 0.328159416687 0) (0.0748155362329 0.328968977493 0) (0.0752042156665 0.3297780802 0) (0.0755938496162 0.330586723679 0) (0.0759844375394 0.331394906805 0) (0.0763759788922 0.332202628453 0) (0.0767684731293 0.333009887497 0) (0.0771619197043 0.333816682815 0) (0.0775563180693 0.334623013281 0) (0.0779516676749 0.335428877774 0) (0.0783479679707 0.336234275171 0) (0.0787452184049 0.33703920435 0) (0.0791434184241 0.337843664191 0) (0.0795425674741 0.338647653574 0) (0.0799426649988 0.339451171378 0))
    polyLine 29 33 ((-0.155347645395 0.589000171021 -0.03) (-0.153865613658 0.592032395514 -0.03) (-0.15237283113 0.595071087597 -0.03) (-0.150869227051 0.598116293597 -0.03) (-0.149354729956 0.601168060143 -0.03) (-0.147829267667 0.604226434168 -0.03) (-0.14629276728 0.607291462918 -0.03) (-0.144745155165 0.610363193947 -0.03) (-0.143186356951 0.613441675127 -0.03) (-0.141616297523 0.616526954645 -0.03) (-0.140034901013 0.619619081014 -0.03) (-0.138442090786 0.622718103069 -0.03) (-0.136837789442 0.625824069974 -0.03) (-0.135221918797 0.628937031224 -0.03) (-0.133594399883 0.632057036653 -0.03) (-0.131955152933 0.635184136427 -0.03) (-0.130304097376 0.638318381061 -0.03) (-0.128641151825 0.641459821411 -0.03) (-0.126966234072 0.644608508683 -0.03) (-0.125279261076 0.647764494438 -0.03) (-0.123580148951 0.650927830592 -0.03) (-0.121868812963 0.654098569421 -0.03) (-0.120145167517 0.657276763565 -0.03))
    polyLine 31 35 ((-0.155347645395 0.589000171021 0) (-0.153865613658 0.592032395514 0) (-0.15237283113 0.595071087597 0) (-0.150869227051 0.598116293597 0) (-0.149354729956 0.601168060143 0) (-0.147829267667 0.604226434168 0) (-0.14629276728 0.607291462918 0) (-0.144745155165 0.610363193947 0) (-0.143186356951 0.613441675127 0) (-0.141616297523 0.616526954645 0) (-0.140034901013 0.619619081014 0) (-0.138442090786 0.622718103069 0) (-0.136837789442 0.625824069974 0) (-0.135221918797 0.628937031224 0) (-0.133594399883 0.632057036653 0) (-0.131955152933 0.635184136427 0) (-0.130304097376 0.638318381061 0) (-0.128641151825 0.641459821411 0) (-0.126966234072 0.644608508683 0) (-0.125279261076 0.647764494438 0) (-0.123580148951 0.650927830592 0) (-0.121868812963 0.654098569421 0) (-0.120145167517 0.657276763565 0))
    polyLine 32 36 ((0.0803437104411 0.340254216485 -0.03) (0.0807457032426 0.341056787777 -0.03) (0.0811486428436 0.341858884136 -0.03) (0.0815525286828 0.342660504446 -0.03) (0.0819573601978 0.343461647589 -0.03) (0.082363136825 0.34426231245 -0.03) (0.0827698579993 0.345062497915 -0.03) (0.0831775231542 0.345862202868 -0.03) (0.0835861317221 0.346661426197 -0.03) (0.0839956831341 0.347460166788 -0.03) (0.0844061768197 0.34825842353 -0.03) (0.0848176122074 0.34905619531 -0.03) (0.0852299887242 0.349853481017 -0.03) (0.0856433057959 0.350650279543 -0.03) (0.0860575628469 0.351446589775 -0.03) (0.0864727593004 0.352242410607 -0.03) (0.0868888945781 0.35303774093 -0.03) (0.0873059681006 0.353832579635 -0.03) (0.0877239792871 0.354626925617 -0.03) (0.0881429275556 0.35542077777 -0.03) (0.0885628123225 0.356214134987 -0.03) (0.0889836330033 0.357006996164 -0.03) (0.0894053890118 0.357799360196 -0.03) (0.0898280797609 0.358591225982 -0.03) (0.090250918989 0.359382246082 -0.03) (0.0906737582171 0.360173266181 -0.03) (0.0910965974452 0.360964286281 -0.03) (0.0915194366733 0.361755306381 -0.03) (0.0919422759014 0.362546326481 -0.03) (0.0923651151295 0.363337346581 -0.03) (0.0927879543575 0.364128366681 -0.03) (0.0932107935856 0.364919386781 -0.03) (0.0936336328137 0.36571040688 -0.03) (0.0940564720418 0.36650142698 -0.03) (0.0944793112699 0.36729244708 -0.03) (0.094902150498 0.36808346718 -0.03) (0.0953249897261 0.36887448728 -0.03) (0.0957478289542 0.36966550738 -0.03) (0.0961706681823 0.37045652748 -0.03) (0.0965935074104 0.371247547579 -0.03) (0.0970163466385 0.372038567679 -0.03) (0.0974391858666 0.372829587779 -0.03) (0.0978620250947 0.373620607879 -0.03) (0.0982848643228 0.374411627979 -0.03) (0.0987077035509 0.375202648079 -0.03) (0.0991305427789 0.375993668179 -0.03) (0.099553382007 0.376784688278 -0.03) (0.0999762212351 0.377575708378 -0.03) (0.100399060463 0.378366728478 -0.03))
    polyLine 34 38 ((0.0803437104411 0.340254216485 0) (0.0807457032426 0.341056787777 0) (0.0811486428436 0.341858884136 0) (0.0815525286828 0.342660504446 0) (0.0819573601978 0.343461647589 0) (0.082363136825 0.34426231245 0) (0.0827698579993 0.345062497915 0) (0.0831775231542 0.345862202868 0) (0.0835861317221 0.346661426197 0) (0.0839956831341 0.347460166788 0) (0.0844061768197 0.34825842353 0) (0.0848176122074 0.34905619531 0) (0.0852299887242 0.349853481017 0) (0.0856433057959 0.350650279543 0) (0.0860575628469 0.351446589775 0) (0.0864727593004 0.352242410607 0) (0.0868888945781 0.35303774093 0) (0.0873059681006 0.353832579635 0) (0.0877239792871 0.354626925617 0) (0.0881429275556 0.35542077777 0) (0.0885628123225 0.356214134987 0) (0.0889836330033 0.357006996164 0) (0.0894053890118 0.357799360196 0) (0.0898280797609 0.358591225982 0) (0.090250918989 0.359382246082 0) (0.0906737582171 0.360173266181 0) (0.0910965974452 0.360964286281 0) (0.0915194366733 0.361755306381 0) (0.0919422759014 0.362546326481 0) (0.0923651151295 0.363337346581 0) (0.0927879543575 0.364128366681 0) (0.0932107935856 0.364919386781 0) (0.0936336328137 0.36571040688 0) (0.0940564720418 0.36650142698 0) (0.0944793112699 0.36729244708 0) (0.094902150498 0.36808346718 0) (0.0953249897261 0.36887448728 0) (0.0957478289542 0.36966550738 0) (0.0961706681823 0.37045652748 0) (0.0965935074104 0.371247547579 0) (0.0970163466385 0.372038567679 0) (0.0974391858666 0.372829587779 0) (0.0978620250947 0.373620607879 0) (0.0982848643228 0.374411627979 0) (0.0987077035509 0.375202648079 0) (0.0991305427789 0.375993668179 0) (0.099553382007 0.376784688278 0) (0.0999762212351 0.377575708378 0) (0.100399060463 0.378366728478 0))
    polyLine 33 37 ((-0.116803653219 0.663395053394 -0.03) (-0.115187581566 0.666334061146 -0.03) (-0.113560842209 0.669279531194 -0.03) (-0.111923365525 0.672231505715 -0.03) (-0.110275081238 0.675190027165 -0.03) (-0.108615918409 0.678155138272 -0.03) (-0.106945805434 0.68112688205 -0.03) (-0.105264670032 0.684105301793 -0.03) (-0.103572439243 0.687090441079 -0.03) (-0.101869039414 0.690082343779 -0.03) (-0.100154396199 0.693081054053 -0.03) (-0.0984284345477 0.696086616353 -0.03) (-0.0966910786964 0.699099075433 -0.03) (-0.0949422521645 0.702118476342 -0.03) (-0.093181877744 0.705144864435 -0.03) (-0.0914098774925 0.708178285372 -0.03) (-0.0896261727253 0.711218785122 -0.03) (-0.0878306840073 0.714266409964 -0.03) (-0.0860233311446 0.717321206494 -0.03) (-0.0842040331769 0.720383221625 -0.03) (-0.0823727083687 0.723452502591 -0.03) (-0.0805292742008 0.726529096952 -0.03) (-0.0786736473622 0.729613052592 -0.03))
    polyLine 35 39 ((-0.116803653219 0.663395053394 0) (-0.115187581566 0.666334061146 0) (-0.113560842209 0.669279531194 0) (-0.111923365525 0.672231505715 0) (-0.110275081238 0.675190027165 0) (-0.108615918409 0.678155138272 0) (-0.106945805434 0.68112688205 0) (-0.105264670032 0.684105301793 0) (-0.103572439243 0.687090441079 0) (-0.101869039414 0.690082343779 0) (-0.100154396199 0.693081054053 0) (-0.0984284345477 0.696086616353 0) (-0.0966910786964 0.699099075433 0) (-0.0949422521645 0.702118476342 0) (-0.093181877744 0.705144864435 0) (-0.0914098774925 0.708178285372 0) (-0.0896261727253 0.711218785122 0) (-0.0878306840073 0.714266409964 0) (-0.0860233311446 0.717321206494 0) (-0.0842040331769 0.720383221625 0) (-0.0823727083687 0.723452502591 0) (-0.0805292742008 0.726529096952 0) (-0.0786736473622 0.729613052592 0))
    polyLine 36 40 ((0.100821899691 0.379157748578 -0.03) (0.101244738919 0.379948768678 -0.03) (0.101667578148 0.380739788778 -0.03) (0.102090417376 0.381530808878 -0.03) (0.102513256604 0.382321828977 -0.03) (0.102936095832 0.383112849077 -0.03) (0.10335893506 0.383903869177 -0.03) (0.103781774288 0.384694889277 -0.03) (0.104204613516 0.385485909377 -0.03) (0.104627452744 0.386276929477 -0.03) (0.105050291972 0.387067949577 -0.03) (0.1054731312 0.387858969676 -0.03) (0.105895970428 0.388649989776 -0.03) (0.106318809657 0.389441009876 -0.03) (0.106741648885 0.390232029976 -0.03) (0.107164488113 0.391023050076 -0.03) (0.107587327341 0.391814070176 -0.03) (0.108010166569 0.392605090276 -0.03) (0.108433005797 0.393396110375 -0.03) (0.108855845025 0.394187130475 -0.03) (0.109278684253 0.394978150575 -0.03) (0.109701523481 0.395769170675 -0.03) (0.110124362709 0.396560190775 -0.03) (0.110547201937 0.397351210875 -0.03) (0.110970041166 0.398142230975 -0.03) (0.111392880394 0.398933251075 -0.03) (0.111815719622 0.399724271174 -0.03) (0.11223855885 0.400515291274 -0.03) (0.112661398078 0.401306311374 -0.03) (0.113084237306 0.402097331474 -0.03) (0.113507076534 0.402888351574 -0.03) (0.113929915762 0.403679371674 -0.03) (0.11435275499 0.404470391774 -0.03) (0.114775594218 0.405261411873 -0.03) (0.115198433446 0.406052431973 -0.03) (0.115621272675 0.406843452073 -0.03) (0.116044111903 0.407634472173 -0.03) (0.116466951131 0.408425492273 -0.03) (0.116889790359 0.409216512373 -0.03) (0.117312629587 0.410007532473 -0.03) (0.117735468815 0.410798552572 -0.03) (0.118158308043 0.411589572672 -0.03) (0.118581147271 0.412380592772 -0.03) (0.119003986499 0.413171612872 -0.03) (0.119426825727 0.413962632972 -0.03) (0.119849664956 0.414753653072 -0.03) (0.120272504184 0.415544673172 -0.03) (0.120695343412 0.416335693271 -0.03) (0.12111818264 0.417126713371 -0.03))
    polyLine 38 42 ((0.100821899691 0.379157748578 0) (0.101244738919 0.379948768678 0) (0.101667578148 0.380739788778 0) (0.102090417376 0.381530808878 0) (0.102513256604 0.382321828977 0) (0.102936095832 0.383112849077 0) (0.10335893506 0.383903869177 0) (0.103781774288 0.384694889277 0) (0.104204613516 0.385485909377 0) (0.104627452744 0.386276929477 0) (0.105050291972 0.387067949577 0) (0.1054731312 0.387858969676 0) (0.105895970428 0.388649989776 0) (0.106318809657 0.389441009876 0) (0.106741648885 0.390232029976 0) (0.107164488113 0.391023050076 0) (0.107587327341 0.391814070176 0) (0.108010166569 0.392605090276 0) (0.108433005797 0.393396110375 0) (0.108855845025 0.394187130475 0) (0.109278684253 0.394978150575 0) (0.109701523481 0.395769170675 0) (0.110124362709 0.396560190775 0) (0.110547201937 0.397351210875 0) (0.110970041166 0.398142230975 0) (0.111392880394 0.398933251075 0) (0.111815719622 0.399724271174 0) (0.11223855885 0.400515291274 0) (0.112661398078 0.401306311374 0) (0.113084237306 0.402097331474 0) (0.113507076534 0.402888351574 0) (0.113929915762 0.403679371674 0) (0.11435275499 0.404470391774 0) (0.114775594218 0.405261411873 0) (0.115198433446 0.406052431973 0) (0.115621272675 0.406843452073 0) (0.116044111903 0.407634472173 0) (0.116466951131 0.408425492273 0) (0.116889790359 0.409216512373 0) (0.117312629587 0.410007532473 0) (0.117735468815 0.410798552572 0) (0.118158308043 0.411589572672 0) (0.118581147271 0.412380592772 0) (0.119003986499 0.413171612872 0) (0.119426825727 0.413962632972 0) (0.119849664956 0.414753653072 0) (0.120272504184 0.415544673172 0) (0.120695343412 0.416335693271 0) (0.12111818264 0.417126713371 0))
    polyLine 37 41 ((-0.0751309132243 0.735465298056 -0.03) (-0.0734462070007 0.738232134579 -0.03) (-0.0717515639202 0.741004962088 -0.03) (-0.0700469223067 0.74378381559 -0.03) (-0.0683322199528 0.746568730307 -0.03) (-0.0666073941147 0.749359741684 -0.03) (-0.0648723815065 0.752156885388 -0.03) (-0.0631271182951 0.754960197308 -0.03) (-0.0613715400947 0.757769713561 -0.03) (-0.0596055819614 0.760585470492 -0.03) (-0.0578291783872 0.763407504676 -0.03) (-0.0560422632951 0.76623585292 -0.03) (-0.0542447700328 0.769070552266 -0.03) (-0.0524366313672 0.77191163999 -0.03) (-0.0506177794785 0.774759153611 -0.03) (-0.0487881459542 0.777613130883 -0.03) (-0.0469476617833 0.780473609809 -0.03) (-0.0450962573501 0.783340628632 -0.03) (-0.0432338624282 0.786214225844 -0.03) (-0.0413604061744 0.789094440188 -0.03) (-0.0394758171218 0.791981310655 -0.03) (-0.0375800231745 0.794874876495 -0.03) (-0.0356729516001 0.79777517721 -0.03))
    polyLine 39 43 ((-0.0751309132243 0.735465298056 0) (-0.0734462070007 0.738232134579 0) (-0.0717515639202 0.741004962088 0) (-0.0700469223067 0.74378381559 0) (-0.0683322199528 0.746568730307 0) (-0.0666073941147 0.749359741684 0) (-0.0648723815065 0.752156885388 0) (-0.0631271182951 0.754960197308 0) (-0.0613715400947 0.757769713561 0) (-0.0596055819614 0.760585470492 0) (-0.0578291783872 0.763407504676 0) (-0.0560422632951 0.76623585292 0) (-0.0542447700328 0.769070552266 0) (-0.0524366313672 0.77191163999 0) (-0.0506177794785 0.774759153611 0) (-0.0487881459542 0.777613130883 0) (-0.0469476617833 0.780473609809 0) (-0.0450962573501 0.783340628632 0) (-0.0432338624282 0.786214225844 0) (-0.0413604061744 0.789094440188 0) (-0.0394758171218 0.791981310655 0) (-0.0375800231745 0.794874876495 0) (-0.0356729516001 0.79777517721 0))
    polyLine 40 44 ((0.121541021868 0.417917733471 -0.03) (0.121963861096 0.418708753571 -0.03) (0.122386700324 0.419499773671 -0.03) (0.122809539552 0.420290793771 -0.03) (0.12323237878 0.421081813871 -0.03) (0.123655218008 0.42187283397 -0.03) (0.124078057236 0.42266385407 -0.03) (0.124500896465 0.42345487417 -0.03) (0.124923735693 0.42424589427 -0.03) (0.125346574921 0.42503691437 -0.03) (0.125769414149 0.42582793447 -0.03) (0.126192253377 0.42661895457 -0.03) (0.126615092605 0.427409974669 -0.03) (0.127037931833 0.428200994769 -0.03) (0.127460771061 0.428992014869 -0.03) (0.127883610289 0.429783034969 -0.03) (0.128306449517 0.430574055069 -0.03) (0.128729288745 0.431365075169 -0.03) (0.129152127974 0.432156095269 -0.03) (0.129574967202 0.432947115368 -0.03) (0.12999780643 0.433738135468 -0.03) (0.130420645658 0.434529155568 -0.03) (0.130843484886 0.435320175668 -0.03) (0.131266324114 0.436111195768 -0.03) (0.131689163342 0.436902215868 -0.03) (0.13211200257 0.437693235968 -0.03) (0.132534841798 0.438484256067 -0.03) (0.132957681026 0.439275276167 -0.03) (0.133380520255 0.440066296267 -0.03) (0.133803359483 0.440857316367 -0.03) (0.134226198711 0.441648336467 -0.03) (0.134649037939 0.442439356567 -0.03) (0.135071877167 0.443230376667 -0.03) (0.135494716395 0.444021396766 -0.03) (0.135917555623 0.444812416866 -0.03) (0.136340394851 0.445603436966 -0.03) (0.136763234079 0.446394457066 -0.03) (0.137186073307 0.447185477166 -0.03) (0.137608912535 0.447976497266 -0.03) (0.138031751764 0.448767517366 -0.03) (0.138454590992 0.449558537465 -0.03) (0.13887743022 0.450349557565 -0.03) (0.139300269448 0.451140577665 -0.03) (0.139723108676 0.451931597765 -0.03) (0.140145947904 0.452722617865 -0.03) (0.140568787132 0.453513637965 -0.03) (0.14099162636 0.454304658065 -0.03) (0.141414465588 0.455095678164 -0.03) (0.141837304816 0.455886698264 -0.03))
    polyLine 42 46 ((0.121541021868 0.417917733471 0) (0.121963861096 0.418708753571 0) (0.122386700324 0.419499773671 0) (0.122809539552 0.420290793771 0) (0.12323237878 0.421081813871 0) (0.123655218008 0.42187283397 0) (0.124078057236 0.42266385407 0) (0.124500896465 0.42345487417 0) (0.124923735693 0.42424589427 0) (0.125346574921 0.42503691437 0) (0.125769414149 0.42582793447 0) (0.126192253377 0.42661895457 0) (0.126615092605 0.427409974669 0) (0.127037931833 0.428200994769 0) (0.127460771061 0.428992014869 0) (0.127883610289 0.429783034969 0) (0.128306449517 0.430574055069 0) (0.128729288745 0.431365075169 0) (0.129152127974 0.432156095269 0) (0.129574967202 0.432947115368 0) (0.12999780643 0.433738135468 0) (0.130420645658 0.434529155568 0) (0.130843484886 0.435320175668 0) (0.131266324114 0.436111195768 0) (0.131689163342 0.436902215868 0) (0.13211200257 0.437693235968 0) (0.132534841798 0.438484256067 0) (0.132957681026 0.439275276167 0) (0.133380520255 0.440066296267 0) (0.133803359483 0.440857316367 0) (0.134226198711 0.441648336467 0) (0.134649037939 0.442439356567 0) (0.135071877167 0.443230376667 0) (0.135494716395 0.444021396766 0) (0.135917555623 0.444812416866 0) (0.136340394851 0.445603436966 0) (0.136763234079 0.446394457066 0) (0.137186073307 0.447185477166 0) (0.137608912535 0.447976497266 0) (0.138031751764 0.448767517366 0) (0.138454590992 0.449558537465 0) (0.13887743022 0.450349557565 0) (0.139300269448 0.451140577665 0) (0.139723108676 0.451931597765 0) (0.140145947904 0.452722617865 0) (0.140568787132 0.453513637965 0) (0.14099162636 0.454304658065 0) (0.141414465588 0.455095678164 0) (0.141837304816 0.455886698264 0))
    polyLine 41 45 ((-0.032051729801 0.803253863485 -0.03) (-0.0303399782142 0.805830811285 -0.03) (-0.0286192225342 0.808413123815 -0.03) (-0.0268894106266 0.811000829092 -0.03) (-0.0251504899476 0.813593955297 -0.03) (-0.023402407541 0.816192530775 -0.03) (-0.0216451100341 0.818796584037 -0.03) (-0.0198785436338 0.821406143762 -0.03) (-0.0181026541229 0.8240212388 -0.03) (-0.0163173868561 0.826641898169 -0.03) (-0.0145226867562 0.829268151059 -0.03) (-0.01271849831 0.831900026836 -0.03) (-0.0109047655644 0.834537555037 -0.03) (-0.00908143212198 0.837180765378 -0.03) (-0.00724844113744 0.839829687751 -0.03) (-0.005405735313 0.842484352228 -0.03) (-0.00355325689437 0.845144789059 -0.03) (-0.00169094766645 0.84781102868 -0.03) (0.000181251050925 0.850483101707 -0.03) (0.00206339840738 0.853161038942 -0.03) (0.00395555402636 0.855844871374 -0.03) (0.00585777800961 0.85853463018 -0.03) (0.00777013094162 0.861230346726 -0.03))
    polyLine 43 47 ((-0.032051729801 0.803253863485 0) (-0.0303399782142 0.805830811285 0) (-0.0286192225342 0.808413123815 0) (-0.0268894106266 0.811000829092 0) (-0.0251504899476 0.813593955297 0) (-0.023402407541 0.816192530775 0) (-0.0216451100341 0.818796584037 0) (-0.0198785436338 0.821406143762 0) (-0.0181026541229 0.8240212388 0) (-0.0163173868561 0.826641898169 0) (-0.0145226867562 0.829268151059 0) (-0.01271849831 0.831900026836 0) (-0.0109047655644 0.834537555037 0) (-0.00908143212198 0.837180765378 0) (-0.00724844113744 0.839829687751 0) (-0.005405735313 0.842484352228 0) (-0.00355325689437 0.845144789059 0) (-0.00169094766645 0.84781102868 0) (0.000181251050925 0.850483101707 0) (0.00206339840738 0.853161038942 0) (0.00395555402636 0.855844871374 0) (0.00585777800961 0.85853463018 0) (0.00777013094162 0.861230346726 0))
    polyLine 44 48 ((0.142260144044 0.456677718364 -0.03) (0.142682983273 0.457468738464 -0.03) (0.143105822501 0.458259758564 -0.03) (0.143528661729 0.459050778664 -0.03) (0.143951500957 0.459841798764 -0.03) (0.144374340185 0.460632818863 -0.03) (0.144797179413 0.461423838963 -0.03) (0.145220018641 0.462214859063 -0.03) (0.145642857869 0.463005879163 -0.03) (0.146065697097 0.463796899263 -0.03) (0.146488536325 0.464587919363 -0.03) (0.146911375554 0.465378939463 -0.03) (0.147334214782 0.466169959562 -0.03) (0.14775705401 0.466960979662 -0.03) (0.148179893238 0.467751999762 -0.03) (0.148602732466 0.468543019862 -0.03) (0.149025571694 0.469334039962 -0.03) (0.149448410922 0.470125060062 -0.03) (0.14987125015 0.470916080162 -0.03) (0.150294089378 0.471707100261 -0.03) (0.150716928606 0.472498120361 -0.03) (0.151139767834 0.473289140461 -0.03) (0.151562607063 0.474080160561 -0.03) (0.151985446291 0.474871180661 -0.03) (0.152408285519 0.475662200761 -0.03) (0.152831124747 0.476453220861 -0.03) (0.153253963975 0.477244240961 -0.03) (0.153676803203 0.47803526106 -0.03) (0.154099642431 0.47882628116 -0.03) (0.154522481659 0.47961730126 -0.03) (0.154945320887 0.48040832136 -0.03) (0.155368160115 0.48119934146 -0.03) (0.155790999343 0.48199036156 -0.03) (0.156213838572 0.48278138166 -0.03) (0.1566366778 0.483572401759 -0.03) (0.157059517028 0.484363421859 -0.03) (0.157482356256 0.485154441959 -0.03) (0.157905195484 0.485945462059 -0.03) (0.158328034712 0.486736482159 -0.03) (0.15875087394 0.487527502259 -0.03) (0.159173713168 0.488318522359 -0.03) (0.159596552396 0.489109542458 -0.03) (0.160019391624 0.489900562558 -0.03) (0.160442230852 0.490691582658 -0.03) (0.160865070081 0.491482602758 -0.03) (0.161287909309 0.492273622858 -0.03) (0.161710748537 0.493064642958 -0.03) (0.162133587765 0.493855663058 -0.03) (0.162556426993 0.494646683157 -0.03) (0.162979266221 0.495437703257 -0.03))
    polyLine 46 50 ((0.142260144044 0.456677718364 0) (0.142682983273 0.457468738464 0) (0.143105822501 0.458259758564 0) (0.143528661729 0.459050778664 0) (0.143951500957 0.459841798764 0) (0.144374340185 0.460632818863 0) (0.144797179413 0.461423838963 0) (0.145220018641 0.462214859063 0) (0.145642857869 0.463005879163 0) (0.146065697097 0.463796899263 0) (0.146488536325 0.464587919363 0) (0.146911375554 0.465378939463 0) (0.147334214782 0.466169959562 0) (0.14775705401 0.466960979662 0) (0.148179893238 0.467751999762 0) (0.148602732466 0.468543019862 0) (0.149025571694 0.469334039962 0) (0.149448410922 0.470125060062 0) (0.14987125015 0.470916080162 0) (0.150294089378 0.471707100261 0) (0.150716928606 0.472498120361 0) (0.151139767834 0.473289140461 0) (0.151562607063 0.474080160561 0) (0.151985446291 0.474871180661 0) (0.152408285519 0.475662200761 0) (0.152831124747 0.476453220861 0) (0.153253963975 0.477244240961 0) (0.153676803203 0.47803526106 0) (0.154099642431 0.47882628116 0) (0.154522481659 0.47961730126 0) (0.154945320887 0.48040832136 0) (0.155368160115 0.48119934146 0) (0.155790999343 0.48199036156 0) (0.156213838572 0.48278138166 0) (0.1566366778 0.483572401759 0) (0.157059517028 0.484363421859 0) (0.157482356256 0.485154441959 0) (0.157905195484 0.485945462059 0) (0.158328034712 0.486736482159 0) (0.15875087394 0.487527502259 0) (0.159173713168 0.488318522359 0) (0.159596552396 0.489109542458 0) (0.160019391624 0.489900562558 0) (0.160442230852 0.490691582658 0) (0.160865070081 0.491482602758 0) (0.161287909309 0.492273622858 0) (0.161710748537 0.493064642958 0) (0.162133587765 0.493855663058 0) (0.162556426993 0.494646683157 0) (0.162979266221 0.495437703257 0))
    polyLine 45 49 ((0.0113945708456 0.866316745679 -0.03) (0.013104463743 0.868706131961 -0.03) (0.0148223952777 0.871100233357 -0.03) (0.0165484084446 0.873499071924 -0.03) (0.0182825465453 0.875902669841 -0.03) (0.0200248531901 0.878311049405 -0.03) (0.0217753723012 0.880724233037 -0.03) (0.0235341481147 0.883142243278 -0.03) (0.0253012251837 0.885565102794 -0.03) (0.0270766483809 0.887992834372 -0.03) (0.0288604629011 0.890425460929 -0.03) (0.0306527142639 0.892863005502 -0.03) (0.0324534483167 0.895305491259 -0.03) (0.0342627112374 0.897752941495 -0.03) (0.0360805495371 0.900205379631 -0.03) (0.037907010063 0.902662829222 -0.03) (0.039742140001 0.90512531395 -0.03) (0.0415859868793 0.90759285763 -0.03) (0.0434385985705 0.91006548421 -0.03) (0.045300023295 0.912543217771 -0.03) (0.0471703096239 0.915026082527 -0.03) (0.0490495064819 0.917514102832 -0.03) (0.0509376631506 0.920007303171 -0.03))
    polyLine 47 51 ((0.0113945708456 0.866316745679 0) (0.013104463743 0.868706131961 0) (0.0148223952777 0.871100233357 0) (0.0165484084446 0.873499071924 0) (0.0182825465453 0.875902669841 0) (0.0200248531901 0.878311049405 0) (0.0217753723012 0.880724233037 0) (0.0235341481147 0.883142243278 0) (0.0253012251837 0.885565102794 0) (0.0270766483809 0.887992834372 0) (0.0288604629011 0.890425460929 0) (0.0306527142639 0.892863005502 0) (0.0324534483167 0.895305491259 0) (0.0342627112374 0.897752941495 0) (0.0360805495371 0.900205379631 0) (0.037907010063 0.902662829222 0) (0.039742140001 0.90512531395 0) (0.0415859868793 0.90759285763 0) (0.0434385985705 0.91006548421 0) (0.045300023295 0.912543217771 0) (0.0471703096239 0.915026082527 0) (0.0490495064819 0.917514102832 0) (0.0509376631506 0.920007303171 0))
    polyLine 48 52 ((0.163402105449 0.496228723357 -0.03) (0.163824944677 0.497019743457 -0.03) (0.164247783905 0.497810763557 -0.03) (0.164670623133 0.498601783657 -0.03) (0.165093462362 0.499392803757 -0.03) (0.16551630159 0.500183823856 -0.03) (0.165939140818 0.500974843956 -0.03) (0.166361980046 0.501765864056 -0.03) (0.166784819274 0.502556884156 -0.03) (0.167207658502 0.503347904256 -0.03) (0.16763049773 0.504138924356 -0.03) (0.168053336958 0.504929944456 -0.03) (0.168476176186 0.505720964555 -0.03) (0.168899015414 0.506511984655 -0.03) (0.169321854642 0.507303004755 -0.03) (0.169744693871 0.508094024855 -0.03) (0.170167533099 0.508885044955 -0.03) (0.170590372327 0.509676065055 -0.03) (0.171013211555 0.510467085155 -0.03) (0.171436050783 0.511258105254 -0.03) (0.171858890011 0.512049125354 -0.03) (0.172281729239 0.512840145454 -0.03) (0.172704568467 0.513631165554 -0.03) (0.173127407695 0.514422185654 -0.03) (0.173550246923 0.515213205754 -0.03) (0.173973086151 0.516004225854 -0.03) (0.17439592538 0.516795245953 -0.03) (0.174818764608 0.517586266053 -0.03) (0.175241603836 0.518377286153 -0.03) (0.175664443064 0.519168306253 -0.03) (0.176087282292 0.519959326353 -0.03) (0.17651012152 0.520750346453 -0.03) (0.176932960748 0.521541366553 -0.03) (0.177355799976 0.522332386652 -0.03) (0.177778639204 0.523123406752 -0.03) (0.178201478432 0.523914426852 -0.03) (0.178624317661 0.524705446952 -0.03) (0.179047156889 0.525496467052 -0.03) (0.179469996117 0.526287487152 -0.03) (0.179892835345 0.527078507252 -0.03) (0.180315674573 0.527869527351 -0.03) (0.180738513801 0.528660547451 -0.03) (0.181161353029 0.529451567551 -0.03) (0.181584192257 0.530242587651 -0.03) (0.182007031485 0.531033607751 -0.03) (0.182429870713 0.531824627851 -0.03) (0.182852709941 0.532615647951 -0.03) (0.18327554917 0.53340666805 -0.03) (0.183698388398 0.53419768815 -0.03))
    polyLine 50 54 ((0.163402105449 0.496228723357 0) (0.163824944677 0.497019743457 0) (0.164247783905 0.497810763557 0) (0.164670623133 0.498601783657 0) (0.165093462362 0.499392803757 0) (0.16551630159 0.500183823856 0) (0.165939140818 0.500974843956 0) (0.166361980046 0.501765864056 0) (0.166784819274 0.502556884156 0) (0.167207658502 0.503347904256 0) (0.16763049773 0.504138924356 0) (0.168053336958 0.504929944456 0) (0.168476176186 0.505720964555 0) (0.168899015414 0.506511984655 0) (0.169321854642 0.507303004755 0) (0.169744693871 0.508094024855 0) (0.170167533099 0.508885044955 0) (0.170590372327 0.509676065055 0) (0.171013211555 0.510467085155 0) (0.171436050783 0.511258105254 0) (0.171858890011 0.512049125354 0) (0.172281729239 0.512840145454 0) (0.172704568467 0.513631165554 0) (0.173127407695 0.514422185654 0) (0.173550246923 0.515213205754 0) (0.173973086151 0.516004225854 0) (0.17439592538 0.516795245953 0) (0.174818764608 0.517586266053 0) (0.175241603836 0.518377286153 0) (0.175664443064 0.519168306253 0) (0.176087282292 0.519959326353 0) (0.17651012152 0.520750346453 0) (0.176932960748 0.521541366553 0) (0.177355799976 0.522332386652 0) (0.177778639204 0.523123406752 0) (0.178201478432 0.523914426852 0) (0.178624317661 0.524705446952 0) (0.179047156889 0.525496467052 0) (0.179469996117 0.526287487152 0) (0.179892835345 0.527078507252 0) (0.180315674573 0.527869527351 0) (0.180738513801 0.528660547451 0) (0.181161353029 0.529451567551 0) (0.181584192257 0.530242587651 0) (0.182007031485 0.531033607751 0) (0.182429870713 0.531824627851 0) (0.182852709941 0.532615647951 0) (0.18327554917 0.53340666805 0) (0.183698388398 0.53419768815 0))
    polyLine 49 53 ((0.0545138313349 0.924711258328 -0.03) (0.0561999002084 0.926920884838 -0.03) (0.0578930705476 0.929134604811 -0.03) (0.0595933772324 0.931352435445 -0.03) (0.0613008553685 0.93357439402 -0.03) (0.0630155402886 0.935800497906 -0.03) (0.0647374675549 0.938030764558 -0.03) (0.0664666729603 0.940265211519 -0.03) (0.0682031925302 0.942503856421 -0.03) (0.0699470625246 0.944746716985 -0.03) (0.0716983194396 0.946993811019 -0.03) (0.0734570000094 0.949245156423 -0.03) (0.075223141208 0.951500771187 -0.03) (0.0769967802513 0.953760673393 -0.03) (0.0787779545985 0.956024881214 -0.03) (0.0805667019546 0.958293412915 -0.03) (0.0823630602719 0.960566286854 -0.03) (0.0841670677519 0.962843521485 -0.03) (0.0859787628474 0.965125135354 -0.03) (0.0877981842645 0.967411147102 -0.03) (0.0896253709644 0.969701575467 -0.03) (0.0914603621655 0.971996439282 -0.03) (0.0933031973456 0.974295757478 -0.03))
    polyLine 51 55 ((0.0545138313349 0.924711258328 0) (0.0561999002084 0.926920884838 0) (0.0578930705476 0.929134604811 0) (0.0595933772324 0.931352435445 0) (0.0613008553685 0.93357439402 0) (0.0630155402886 0.935800497906 0) (0.0647374675549 0.938030764558 0) (0.0664666729603 0.940265211519 0) (0.0682031925302 0.942503856421 0) (0.0699470625246 0.944746716985 0) (0.0716983194396 0.946993811019 0) (0.0734570000094 0.949245156423 0) (0.075223141208 0.951500771187 0) (0.0769967802513 0.953760673393 0) (0.0787779545985 0.956024881214 0) (0.0805667019546 0.958293412915 0) (0.0823630602719 0.960566286854 0) (0.0841670677519 0.962843521485 0) (0.0859787628474 0.965125135354 0) (0.0877981842645 0.967411147102 0) (0.0896253709644 0.969701575467 0) (0.0914603621655 0.971996439282 0) (0.0933031973456 0.974295757478 0))
    polyLine 52 56 ((0.184121227626 0.53498870825 -0.03) (0.184544066854 0.53577972835 -0.03) (0.184966906082 0.53657074845 -0.03) (0.185391149834 0.537357336705 -0.03) (0.185821239911 0.538140743604 -0.03) (0.186257152458 0.538920925696 -0.03) (0.186698863296 0.539697839706 -0.03) (0.187146347927 0.540471442543 -0.03) (0.187599581531 0.541241691298 -0.03) (0.188058538967 0.54200854325 -0.03) (0.188523194781 0.542771955864 -0.03) (0.188993523199 0.543531886797 -0.03) (0.189469498134 0.5442882939 -0.03) (0.189951093188 0.545041135217 -0.03) (0.190438281646 0.545790368992 -0.03) (0.190931036488 0.546535953669 -0.03) (0.191429330382 0.547277847893 -0.03) (0.191933135691 0.548016010514 -0.03) (0.192442424469 0.54875040059 -0.03) (0.192957168471 0.549480977388 -0.03) (0.193477339144 0.550207700385 -0.03) (0.194002907637 0.550930529274 -0.03) (0.1945338448 0.551649423963 -0.03) (0.195070121183 0.552364344578 -0.03) (0.195611707042 0.553075251464 -0.03) (0.196158572338 0.553782105192 -0.03) (0.196710686738 0.554484866555 -0.03) (0.197268019618 0.555183496575 -0.03) (0.197830540067 0.555877956501 -0.03) (0.198398216884 0.556568207815 -0.03) (0.198971018581 0.557254212231 -0.03) (0.199548913389 0.557935931701 -0.03) (0.200131869254 0.558613328411 -0.03) (0.200719853843 0.559286364791 -0.03) (0.201312834541 0.559955003509 -0.03) (0.20191077846 0.560619207479 -0.03) (0.202513652434 0.561278939861 -0.03) (0.203121423024 0.561934164063 -0.03) (0.20373405652 0.562584843741 -0.03) (0.204351518942 0.563230942806 -0.03) (0.204973776042 0.563872425421 -0.03) (0.205600793306 0.564509256007 -0.03) (0.206232535956 0.565141399241 -0.03) (0.206868968953 0.56576882006 -0.03) (0.207510056996 0.566391483665 -0.03) (0.208155764527 0.56700935552 -0.03) (0.208806055731 0.567622401353 -0.03) (0.20946089454 0.568230587162 -0.03) (0.210120244633 0.568833879214 -0.03))
    polyLine 54 58 ((0.184121227626 0.53498870825 0) (0.184544066854 0.53577972835 0) (0.184966906082 0.53657074845 0) (0.185391149834 0.537357336705 0) (0.185821239911 0.538140743604 0) (0.186257152458 0.538920925696 0) (0.186698863296 0.539697839706 0) (0.187146347927 0.540471442543 0) (0.187599581531 0.541241691298 0) (0.188058538967 0.54200854325 0) (0.188523194781 0.542771955864 0) (0.188993523199 0.543531886797 0) (0.189469498134 0.5442882939 0) (0.189951093188 0.545041135217 0) (0.190438281646 0.545790368992 0) (0.190931036488 0.546535953669 0) (0.191429330382 0.547277847893 0) (0.191933135691 0.548016010514 0) (0.192442424469 0.54875040059 0) (0.192957168471 0.549480977388 0) (0.193477339144 0.550207700385 0) (0.194002907637 0.550930529274 0) (0.1945338448 0.551649423963 0) (0.195070121183 0.552364344578 0) (0.195611707042 0.553075251464 0) (0.196158572338 0.553782105192 0) (0.196710686738 0.554484866555 0) (0.197268019618 0.555183496575 0) (0.197830540067 0.555877956501 0) (0.198398216884 0.556568207815 0) (0.198971018581 0.557254212231 0) (0.199548913389 0.557935931701 0) (0.200131869254 0.558613328411 0) (0.200719853843 0.559286364791 0) (0.201312834541 0.559955003509 0) (0.20191077846 0.560619207479 0) (0.202513652434 0.561278939861 0) (0.203121423024 0.561934164063 0) (0.20373405652 0.562584843741 0) (0.204351518942 0.563230942806 0) (0.204973776042 0.563872425421 0) (0.205600793306 0.564509256007 0) (0.206232535956 0.565141399241 0) (0.206868968953 0.56576882006 0) (0.207510056996 0.566391483665 0) (0.208155764527 0.56700935552 0) (0.208806055731 0.567622401353 0) (0.20946089454 0.568230587162 0) (0.210120244633 0.568833879214 0))
    polyLine 53 57 ((0.0971021647633 0.979018981175 -0.03) (0.099059164012 0.981443370542 -0.03) (0.101024960682 0.98387273944 -0.03) (0.102999601792 0.986307110248 -0.03) (0.104983134687 0.988746505468 -0.03) (0.106975607046 0.991190947723 -0.03) (0.108977066879 0.993640459761 -0.03) (0.110987562533 0.996095064454 -0.03) (0.113007142696 0.998554784801 -0.03) (0.115035856395 1.00101964392 -0.03) (0.117073753005 1.00348966508 -0.03) (0.119120882247 1.00596487164 -0.03) (0.121177294194 1.00844528712 -0.03) (0.12324303927 1.01093093515 -0.03) (0.125318168259 1.01342183951 -0.03) (0.127402732303 1.0159180241 -0.03) (0.129496782907 1.01841951296 -0.03) (0.131600371941 1.02092633025 -0.03) (0.133713551644 1.02343850028 -0.03) (0.135836374628 1.02595604749 -0.03) (0.137968893879 1.02847899646 -0.03) (0.140111162763 1.0310073719 -0.03) (0.142263235024 1.03354119866 -0.03))
    polyLine 55 59 ((0.0971021647633 0.979018981175 0) (0.099059164012 0.981443370542 0) (0.101024960682 0.98387273944 0) (0.102999601792 0.986307110248 0) (0.104983134687 0.988746505468 0) (0.106975607046 0.991190947723 0) (0.108977066879 0.993640459761 0) (0.110987562533 0.996095064454 0) (0.113007142696 0.998554784801 0) (0.115035856395 1.00101964392 0) (0.117073753005 1.00348966508 0) (0.119120882247 1.00596487164 0) (0.121177294194 1.00844528712 0) (0.12324303927 1.01093093515 0) (0.125318168259 1.01342183951 0) (0.127402732303 1.0159180241 0) (0.129496782907 1.01841951296 0) (0.131600371941 1.02092633025 0) (0.133713551644 1.02343850028 0) (0.135836374628 1.02595604749 0) (0.137968893879 1.02847899646 0) (0.140111162763 1.0310073719 0) (0.142263235024 1.03354119866 0))
    polyLine 56 60 ((0.210784069439 0.569432244046 -0.03) (0.211452332137 0.57002564847 -0.03) (0.212124995663 0.570614059572 -0.03) (0.212802022706 0.571197444716 -0.03) (0.213483375716 0.571775771544 -0.03) (0.214169016901 0.572349007979 -0.03) (0.214858908231 0.572917122226 -0.03) (0.21555301144 0.573480082774 -0.03) (0.216251288031 0.574037858398 -0.03) (0.216953699272 0.574590418161 -0.03) (0.217660206205 0.575137731416 -0.03) (0.218370769642 0.575679767804 -0.03) (0.219085350172 0.576216497262 -0.03) (0.219803908159 0.576747890019 -0.03) (0.22052640375 0.577273916602 -0.03) (0.22125279687 0.577794547834 -0.03) (0.221983047229 0.578309754838 -0.03) (0.222717114324 0.578819509038 -0.03) (0.223454957439 0.57932378216 -0.03) (0.224196535649 0.579822546235 -0.03) (0.224941807823 0.580315773598 -0.03) (0.225690732623 0.580803436891 -0.03) (0.22644326851 0.581285509067 -0.03) (0.227199373744 0.581761963387 -0.03) (0.227959006388 0.582232773425 -0.03) (0.228722124307 0.582697913066 -0.03) (0.229488685175 0.583157356511 -0.03) (0.230258646475 0.583611078277 -0.03) (0.2310319655 0.584059053198 -0.03) (0.231808599357 0.584501256428 -0.03) (0.23258850497 0.584937663438 -0.03) (0.233371639082 0.585368250023 -0.03) (0.234157958254 0.585792992302 -0.03) (0.234947418875 0.586211866714 -0.03) (0.235739977155 0.586624850027 -0.03) (0.236535589135 0.587031919335 -0.03) (0.237334210686 0.587433052059 -0.03) (0.238135797512 0.58782822595 -0.03) (0.238940305153 0.58821741909 -0.03) (0.239747688986 0.588600609892 -0.03) (0.240557904229 0.588977777102 -0.03) (0.241370905943 0.5893488998 -0.03) (0.242186649034 0.589713957402 -0.03) (0.243005088258 0.590072929659 -0.03) (0.243826178218 0.590425796662 -0.03) (0.244649873373 0.590772538837 -0.03) (0.245476128036 0.591113136953 -0.03) (0.246304896377 0.591447572119 -0.03) (0.24713613243 0.591775825784 -0.03))
    polyLine 58 62 ((0.210784069439 0.569432244046 0) (0.211452332137 0.57002564847 0) (0.212124995663 0.570614059572 0) (0.212802022706 0.571197444716 0) (0.213483375716 0.571775771544 0) (0.214169016901 0.572349007979 0) (0.214858908231 0.572917122226 0) (0.21555301144 0.573480082774 0) (0.216251288031 0.574037858398 0) (0.216953699272 0.574590418161 0) (0.217660206205 0.575137731416 0) (0.218370769642 0.575679767804 0) (0.219085350172 0.576216497262 0) (0.219803908159 0.576747890019 0) (0.22052640375 0.577273916602 0) (0.22125279687 0.577794547834 0) (0.221983047229 0.578309754838 0) (0.222717114324 0.578819509038 0) (0.223454957439 0.57932378216 0) (0.224196535649 0.579822546235 0) (0.224941807823 0.580315773598 0) (0.225690732623 0.580803436891 0) (0.22644326851 0.581285509067 0) (0.227199373744 0.581761963387 0) (0.227959006388 0.582232773425 0) (0.228722124307 0.582697913066 0) (0.229488685175 0.583157356511 0) (0.230258646475 0.583611078277 0) (0.2310319655 0.584059053198 0) (0.231808599357 0.584501256428 0) (0.23258850497 0.584937663438 0) (0.233371639082 0.585368250023 0) (0.234157958254 0.585792992302 0) (0.234947418875 0.586211866714 0) (0.235739977155 0.586624850027 0) (0.236535589135 0.587031919335 0) (0.237334210686 0.587433052059 0) (0.238135797512 0.58782822595 0) (0.238940305153 0.58821741909 0) (0.239747688986 0.588600609892 0) (0.240557904229 0.588977777102 0) (0.241370905943 0.5893488998 0) (0.242186649034 0.589713957402 0) (0.243005088258 0.590072929659 0) (0.243826178218 0.590425796662 0) (0.244649873373 0.590772538837 0) (0.245476128036 0.591113136953 0) (0.246304896377 0.591447572119 0) (0.24713613243 0.591775825784 0))
    polyLine 57 61 ((0.146990117945 1.03908527093 -0.03) (0.149568975078 1.04209774866 -0.03) (0.152161827356 1.0451179768 -0.03) (0.154768766719 1.04814599753 -0.03) (0.157389885889 1.05118185331 -0.03) (0.160025278381 1.05422558685 -0.03) (0.162675038508 1.0572772412 -0.03) (0.16533926139 1.06033685966 -0.03) (0.168018042965 1.06340448585 -0.03) (0.170711479993 1.06648016366 -0.03) (0.173419670067 1.06956393731 -0.03) (0.176142711621 1.0726558513 -0.03) (0.17888070394 1.07575595044 -0.03) (0.181633747165 1.07886427984 -0.03) (0.184401942307 1.08198088493 -0.03) (0.187185391251 1.08510581145 -0.03) (0.18998419677 1.08823910545 -0.03) (0.192798462529 1.09138081331 -0.03) (0.195628293098 1.09453098171 -0.03) (0.19847379396 1.09768965767 -0.03) (0.201335071522 1.10085688854 -0.03) (0.204212233123 1.10403272198 -0.03) (0.207105387042 1.10721720601 -0.03))
    polyLine 59 63 ((0.146990117945 1.03908527093 0) (0.149568975078 1.04209774866 0) (0.152161827356 1.0451179768 0) (0.154768766719 1.04814599753 0) (0.157389885889 1.05118185331 0) (0.160025278381 1.05422558685 0) (0.162675038508 1.0572772412 0) (0.16533926139 1.06033685966 0) (0.168018042965 1.06340448585 0) (0.170711479993 1.06648016366 0) (0.173419670067 1.06956393731 0) (0.176142711621 1.0726558513 0) (0.17888070394 1.07575595044 0) (0.181633747165 1.07886427984 0) (0.184401942307 1.08198088493 0) (0.187185391251 1.08510581145 0) (0.18998419677 1.08823910545 0) (0.192798462529 1.09138081331 0) (0.195628293098 1.09453098171 0) (0.19847379396 1.09768965767 0) (0.201335071522 1.10085688854 0) (0.204212233123 1.10403272198 0) (0.207105387042 1.10721720601 0))
    polyLine 60 64 ((0.247969790089 0.592097879742 -0.03) (0.248805823115 0.592413716131 -0.03) (0.249644185136 0.592723317431 -0.03) (0.250484829653 0.593026666471 -0.03) (0.251327710039 0.593323746425 -0.03) (0.252172779543 0.593614540816 -0.03) (0.253019991292 0.593899033515 -0.03) (0.253869298297 0.594177208742 -0.03) (0.254720653448 0.594449051068 -0.03) (0.255574009526 0.594714545414 -0.03) (0.256429319199 0.594973677056 -0.03) (0.257286535026 0.595226431621 -0.03) (0.258145609462 0.595472795088 -0.03) (0.259006494857 0.595712753794 -0.03) (0.259869143462 0.595946294429 -0.03) (0.26073350743 0.59617340404 -0.03) (0.261599538818 0.59639407003 -0.03) (0.262467189592 0.596608280159 -0.03) (0.263336411626 0.596816022546 -0.03) (0.264207156709 0.597017285669 -0.03) (0.265079376544 0.597212058365 -0.03) (0.265953022754 0.59740032983 -0.03) (0.266828046881 0.597582089621 -0.03) (0.267704400391 0.597757327658 -0.03) (0.268582034677 0.597926034221 -0.03) (0.26946090106 0.598088199952 -0.03) (0.270340950795 0.598243815856 -0.03) (0.271222135067 0.598392873303 -0.03) (0.272104405002 0.598535364025 -0.03) (0.272987711664 0.598671280118 -0.03) (0.273872006061 0.598800614044 -0.03) (0.274757239144 0.598923358629 -0.03) (0.275643361813 0.599039507066 -0.03) (0.276530324919 0.599149052911 -0.03) (0.277418079267 0.599251990089 -0.03) (0.278306575616 0.59934831289 -0.03) (0.279195764685 0.599438015973 -0.03) (0.280085597156 0.59952109436 -0.03) (0.280976023673 0.599597543445 -0.03) (0.281866994847 0.599667358988 -0.03) (0.282758461262 0.599730537115 -0.03) (0.283650373471 0.599787074322 -0.03) (0.284542682004 0.599836967474 -0.03) (0.285435337368 0.599880213804 -0.03) (0.286328290052 0.599916810912 -0.03) (0.287221490528 0.599946756769 -0.03) (0.288114889253 0.599970049713 -0.03) (0.289008436676 0.599986688454 -0.03) (0.289902083234 0.599996672067 -0.03))
    polyLine 62 66 ((0.247969790089 0.592097879742 0) (0.248805823115 0.592413716131 0) (0.249644185136 0.592723317431 0) (0.250484829653 0.593026666471 0) (0.251327710039 0.593323746425 0) (0.252172779543 0.593614540816 0) (0.253019991292 0.593899033515 0) (0.253869298297 0.594177208742 0) (0.254720653448 0.594449051068 0) (0.255574009526 0.594714545414 0) (0.256429319199 0.594973677056 0) (0.257286535026 0.595226431621 0) (0.258145609462 0.595472795088 0) (0.259006494857 0.595712753794 0) (0.259869143462 0.595946294429 0) (0.26073350743 0.59617340404 0) (0.261599538818 0.59639407003 0) (0.262467189592 0.596608280159 0) (0.263336411626 0.596816022546 0) (0.264207156709 0.597017285669 0) (0.265079376544 0.597212058365 0) (0.265953022754 0.59740032983 0) (0.266828046881 0.597582089621 0) (0.267704400391 0.597757327658 0) (0.268582034677 0.597926034221 0) (0.26946090106 0.598088199952 0) (0.270340950795 0.598243815856 0) (0.271222135067 0.598392873303 0) (0.272104405002 0.598535364025 0) (0.272987711664 0.598671280118 0) (0.273872006061 0.598800614044 0) (0.274757239144 0.598923358629 0) (0.275643361813 0.599039507066 0) (0.276530324919 0.599149052911 0) (0.277418079267 0.599251990089 0) (0.278306575616 0.59934831289 0) (0.279195764685 0.599438015973 0) (0.280085597156 0.59952109436 0) (0.280976023673 0.599597543445 0) (0.281866994847 0.599667358988 0) (0.282758461262 0.599730537115 0) (0.283650373471 0.599787074322 0) (0.284542682004 0.599836967474 0) (0.285435337368 0.599880213804 0) (0.286328290052 0.599916810912 0) (0.287221490528 0.599946756769 0) (0.288114889253 0.599970049713 0) (0.289008436676 0.599986688454 0) (0.289902083234 0.599996672067 0))
    polyLine 61 65 ((0.213152290288 1.11384420088 -0.03) (0.21630871635 1.11728813174 -0.03) (0.21948405911 1.12074224245 -0.03) (0.222678458298 1.12420659438 -0.03) (0.225892054971 1.12768124939 -0.03) (0.229124991534 1.13116626977 -0.03) (0.232377411749 1.13466171832 -0.03) (0.235649460755 1.13816765831 -0.03) (0.238941285083 1.14168415347 -0.03) (0.242253032672 1.14521126805 -0.03) (0.245584852882 1.14874906678 -0.03) (0.248936896517 1.15229761489 -0.03) (0.252309315835 1.15585697812 -0.03) (0.255702264568 1.15942722271 -0.03) (0.259115897938 1.16300841541 -0.03) (0.262550372678 1.1666006235 -0.03) (0.266005847044 1.17020391479 -0.03) (0.269482480835 1.1738183576 -0.03) (0.272980435413 1.17744402079 -0.03) (0.276499873718 1.18108097378 -0.03) (0.280040960289 1.1847292865 -0.03) (0.283603861283 1.18838902947 -0.03) (0.287188744492 1.19206027375 -0.03))
    polyLine 63 67 ((0.213152290288 1.11384420088 0) (0.21630871635 1.11728813174 0) (0.21948405911 1.12074224245 0) (0.222678458298 1.12420659438 0) (0.225892054971 1.12768124939 0) (0.229124991534 1.13116626977 0) (0.232377411749 1.13466171832 0) (0.235649460755 1.13816765831 0) (0.238941285083 1.14168415347 0) (0.242253032672 1.14521126805 0) (0.245584852882 1.14874906678 0) (0.248936896517 1.15229761489 0) (0.252309315835 1.15585697812 0) (0.255702264568 1.15942722271 0) (0.259115897938 1.16300841541 0) (0.262550372678 1.1666006235 0) (0.266005847044 1.17020391479 0) (0.269482480835 1.1738183576 0) (0.272980435413 1.17744402079 0) (0.276499873718 1.18108097378 0) (0.280040960289 1.1847292865 0) (0.283603861283 1.18838902947 0) (0.287188744492 1.19206027375 0))
);

boundary
(
    body_fore
    {
        type wall;
        faces
        (
            (0 2 6 4)
            (4 6 10 8)
            (8 10 14 12)
            (12 14 18 16)
            (16 18 22 20)
            (20 22 26 24)
            (24 26 30 28)
            (28 30 34 32)
            (32 34 38 36)
            (36 38 42 40)
            (40 42 46 44)
            (44 46 50 48)
            (48 50 54 52)
            (52 54 58 56)
            (56 58 62 60)
            (60 62 66 64)
        );
    }
    freestream
    {
        type patch;
        faces
        (
            (1 5 7 3)
            (5 9 11 7)
            (9 13 15 11)
            (13 17 19 15)
            (17 21 23 19)
            (21 25 27 23)
            (25 29 31 27)
            (29 33 35 31)
            (33 37 39 35)
            (37 41 43 39)
            (41 45 47 43)
            (45 49 51 47)
            (49 53 55 51)
            (53 57 59 55)
            (57 61 63 59)
            (61 65 67 63)
        );
    }
    outlet
    {
        type patch;
        faces
        (
            (64 66 67 65)
        );
    }
    axis
    {
        type patch;
        faces
        (
            (0 1 3 2)
        );
    }
    front
    {
        type patch;
        faces
        (
            (2 6 7 3)
            (6 10 11 7)
            (10 14 15 11)
            (14 18 19 15)
            (18 22 23 19)
            (22 26 27 23)
            (26 30 31 27)
            (30 34 35 31)
            (34 38 39 35)
            (38 42 43 39)
            (42 46 47 43)
            (46 50 51 47)
            (50 54 55 51)
            (54 58 59 55)
            (58 62 63 59)
            (62 66 67 63)
        );
    }
    back
    {
        type patch;
        faces
        (
            (0 1 5 4)
            (4 5 9 8)
            (8 9 13 12)
            (12 13 17 16)
            (16 17 21 20)
            (20 21 25 24)
            (24 25 29 28)
            (28 29 33 32)
            (32 33 37 36)
            (36 37 41 40)
            (40 41 45 44)
            (44 45 49 48)
            (48 49 53 52)
            (52 53 57 56)
            (56 57 61 60)
            (60 61 65 64)
        );
    }
);
