FoamFile
{
    version     2.0;
    format      ascii;
    class       dictionary;
    object      blockMeshDict;
}
// Generated by aether.cfd - do not edit by hand. Regenerate from the run config.

scale 1;

vertices
(
    (0 0 -0.03)
    (-0.280168688206 6.80089447267e-17 -0.03)
    (0 0 0)
    (-0.280168688206 6.80089447267e-17 0)
    (0.00103853885332 0.0437807243594 -0.03)
    (-0.276726057436 0.0881422541441 -0.03)
    (0.00103853885332 0.0437807243594 0)
    (-0.276726057436 0.0881422541441 0)
    (0.00415150381233 0.0874629822111 -0.03)
    (-0.266623093179 0.174848385421 -0.03)
    (0.00415150381233 0.0874629822111 0)
    (-0.266623093179 0.174848385421 0)
    (0.00933195397336 0.130948534843 -0.03)
    (-0.250469297169 0.258925109365 -0.03)
    (0.00933195397336 0.130948534843 0)
    (-0.250469297169 0.258925109365 0)
    (0.0165684318627 0.174139549017 -0.03)
    (-0.229099119057 0.339571714256 -0.03)
    (0.0165684318627 0.174139549017 0)
    (-0.229099119057 0.339571714256 0)
    (0.0258444091239 0.216938923595 -0.03)
    (-0.203395606573 0.416404138497 -0.03)
    (0.0258444091239 0.216938923595 0)
    (-0.203395606573 0.416404138497 0)
    (0.0371391416123 0.259250380081 -0.03)
    (-0.174158375356 0.489387640258 -0.03)
    (0.0371391416123 0.259250380081 0)
    (-0.174158375356 0.489387640258 0)
    (0.0504272983787 0.300978729596 -0.03)
    (-0.142035388068 0.558731615023 -0.03)
    (0.0504272983787 0.300978729596 0)
    (-0.142035388068 0.558731615023 0)
    (0.0656788067509 0.342030181992 -0.03)
    (-0.107506347338 0.624789288037 -0.03)
    (0.0656788067509 0.342030181992 0)
    (-0.107506347338 0.624789288037 0)
    (0.0828595338438 0.382312348593 -0.03)
    (-0.0708954425941 0.687982136201 -0.03)
    (0.0828595338438 0.382312348593 0)
    (-0.0708954425941 0.687982136201 0)
    (0.101930795973 0.42173464161 -0.03)
    (-0.0323967328722 0.748749076297 -0.03)
    (0.101930795973 0.42173464161 0)
    (-0.0323967328722 0.748749076297 0)
    (0.122849579958 0.460208460989 -0.03)
    (0.00789943637867 0.807517430076 -0.03)
    (0.122849579958 0.460208460989 0)
    (0.00789943637867 0.807517430076 0)
    (0.145398212294 0.497753136079 -0.03)
    (0.0497985928762 0.864445301276 -0.03)
    (0.145398212294 0.497753136079 0)
    (0.0497985928762 0.864445301276 0)
    (0.168226472398 0.5351304092 -0.03)
    (0.0917275973787 0.917932615317 -0.03)
    (0.168226472398 0.5351304092 0)
    (0.0917275973787 0.917932615317 0)
    (0.195146415347 0.569424393506 -0.03)
    (0.138298457571 0.973955561569 -0.03)
    (0.195146415347 0.569424393506 0)
    (0.138298457571 0.973955561569 0)
    (0.232335443359 0.592095047273 -0.03)
    (0.199695838603 1.04330393125 -0.03)
    (0.232335443359 0.592095047273 0)
    (0.199695838603 1.04330393125 0)
    (0.275166489039 0.6 -0.03)
    (0.275166489039 1.1228062925 -0.03)
    (0.275166489039 0.6 0)
    (0.275166489039 1.1228062925 0)
);

blocks
(
    hex (0 4 5 1 2 6 7 3) (4 48 1) simpleGrading (1 4 1)
    hex (4 8 9 5 6 10 11 7) (4 48 1) simpleGrading (1 4 1)
    hex (8 12 13 9 10 14 15 11) (4 48 1) simpleGrading (1 4 1)
    hex (12 16 17 13 14 18 19 15) (4 48 1) simpleGrading (1 4 1)
    hex (16 20 21 17 18 22 23 19) (4 48 1) simpleGrading (1 4 1)
    hex (20 24 25 21 22 26 27 23) (4 48 1) simpleGrading (1 4 1)
    hex (24 28 29 25 26 30 31 27) (4 48 1) simpleGrading (1 4 1)
    hex (28 32 33 29 30 34 35 31) (4 48 1) simpleGrading (1 4 1)
    hex (32 36 37 33 34 38 39 35) (4 48 1) simpleGrading (1 4 1)
    hex (36 40 41 37 38 42 43 39) (4 48 1) simpleGrading (1 4 1)
    hex (40 44 45 41 42 46 47 43) (4 48 1) simpleGrading (1 4 1)
    hex (44 48 49 45 46 50 51 47) (4 48 1) simpleGrading (1 4 1)
    hex (48 52 53 49 50 54 55 51) (4 48 1) simpleGrading (1 4 1)
    hex (52 56 57 53 54 58 59 55) (4 48 1) simpleGrading (1 4 1)
    hex (56 60 61 57 58 62 63 59) (4 48 1) simpleGrading (1 4 1)
    hex (60 64 65 61 62 66 67 63) (4 48 1) simpleGrading (1 4 1)
);

edges
(
    polyLine 0 4 ((4.44185304815e-07 0.000905726455594 -0.03) (1.77674079175e-06 0.00181145203984 -0.03) (3.99766517899e-06 0.00271717588139 -0.03) (7.10695632991e-06 0.00362289710891 -0.03) (1.11046112532e-05 0.00452861485104 -0.03) (1.59906261028e-05 0.00543432823646 -0.03) (2.17649961784e-05 0.00634003639382 -0.03) (2.84277159247e-05 0.0072457384518 -0.03) (3.59787789318e-05 0.00815143353907 -0.03) (4.44181779354e-05 0.00905712078432 -0.03) (5.37459048164e-05 0.00996279931624 -0.03) (6.39619506011e-05 0.0108684682635 -0.03) (7.50663054612e-05 0.0117741267549 -0.03) (8.70589587139e-05 0.012679773919 -0.03) (9.99398988218e-05 0.0135854088847 -0.03) (0.000113709113393 0.0144910307806 -0.03) (0.00012836658918 0.0153966387356 -0.03) (0.000143912312083 0.0163022318783 -0.03) (0.000160346267146 0.0172078093376 -0.03) (0.000177668438559 0.0181133702423 -0.03) (0.000195878809656 0.0190189137211 -0.03) (0.00021497736292 0.0199244389029 -0.03) (0.000234964079976 0.0208299449166 -0.03) (0.000255838941595 0.021735430891 -0.03) (0.000277601927697 0.022640895955 -0.03) (0.000300253017343 0.0235463392375 -0.03) (0.000323792188743 0.0244517598674 -0.03) (0.00034821941925 0.0253571569737 -0.03) (0.000373534685366 0.0262625296853 -0.03) (0.000399737962734 0.0271678771312 -0.03) (0.000426829226148 0.0280731984406 -0.03) (0.000454808449543 0.0289784927423 -0.03) (0.000483675606003 0.0298837591655 -0.03) (0.000513430667755 0.0307889968392 -0.03) (0.000544073606176 0.0316942048926 -0.03) (0.000575604391784 0.0325993824549 -0.03) (0.000608022994246 0.0335045286552 -0.03) (0.000641329382374 0.0344096426227 -0.03) (0.000675523524125 0.0353147234867 -0.03) (0.000710605386604 0.0362197703764 -0.03) (0.00074657493606 0.0371247824211 -0.03) (0.000783432137888 0.0380297587503 -0.03) (0.000821176956632 0.0389346984932 -0.03) (0.000859809355978 0.0398396007793 -0.03) (0.00089932929876 0.040744464738 -0.03) (0.00093973674696 0.0416492894989 -0.03) (0.000981031661702 0.0425540741913 -0.03) (0.00102321400326 0.0434588179449 -0.03))
    polyLine 2 6 ((4.44185304815e-07 0.000905726455594 0) (1.77674079175e-06 0.00181145203984 0) (3.99766517899e-06 0.00271717588139 0) (7.10695632991e-06 0.00362289710891 0) (1.11046112532e-05 0.00452861485104 0) (1.59906261028e-05 0.00543432823646 0) (2.17649961784e-05 0.00634003639382 0) (2.84277159247e-05 0.0072457384518 0) (3.59787789318e-05 0.00815143353907 0) (4.44181779354e-05 0.00905712078432 0) (5.37459048164e-05 0.00996279931624 0) (6.39619506011e-05 0.0108684682635 0) (7.50663054612e-05 0.0117741267549 0) (8.70589587139e-05 0.012679773919 0) (9.99398988218e-05 0.0135854088847 0) (0.000113709113393 0.0144910307806 0) (0.00012836658918 0.0153966387356 0) (0.000143912312083 0.0163022318783 0) (0.000160346267146 0.0172078093376 0) (0.000177668438559 0.0181133702423 0) (0.000195878809656 0.0190189137211 0) (0.00021497736292 0.0199244389029 0) (0.000234964079976 0.0208299449166 0) (0.000255838941595 0.021735430891 0) (0.000277601927697 0.022640895955 0) (0.000300253017343 0.0235463392375 0) (0.000323792188743 0.0244517598674 0) (0.00034821941925 0.0253571569737 0) (0.000373534685366 0.0262625296853 0) (0.000399737962734 0.0271678771312 0) (0.000426829226148 0.0280731984406 0) (0.000454808449543 0.0289784927423 0) (0.000483675606003 0.0298837591655 0) (0.000513430667755 0.0307889968392 0) (0.000544073606176 0.0316942048926 0) (0.000575604391784 0.0325993824549 0) (0.000608022994246 0.0335045286552 0) (0.000641329382374 0.0344096426227 0) (0.000675523524125 0.0353147234867 0) (0.000710605386604 0.0362197703764 0) (0.00074657493606 0.0371247824211 0) (0.000783432137888 0.0380297587503 0) (0.000821176956632 0.0389346984932 0) (0.000859809355978 0.0398396007793 0) (0.00089932929876 0.040744464738 0) (0.00093973674696 0.0416492894989 0) (0.000981031661702 0.0425540741913 0) (0.00102321400326 0.0434588179449 0))
    polyLine 1 5 ((-0.280162737287 0.00366456887033 -0.03) (-0.280144883994 0.00732922127167 -0.03) (-0.280115126711 0.0109940407423 -0.03) (-0.280073462748 0.0146591108351 -0.03) (-0.280019888337 0.0183245151248 -0.03) (-0.279954398635 0.0219903372151 -0.03) (-0.279876987716 0.0256566607463 -0.03) (-0.279787648579 0.0293235694023 -0.03) (-0.279686373138 0.032991146918 -0.03) (-0.279573152227 0.0366594770868 -0.03) (-0.279447975597 0.0403286437675 -0.03) (-0.279310831909 0.0439987308921 -0.03) (-0.27916170874 0.0476698224729 -0.03) (-0.279000592574 0.0513420026099 -0.03) (-0.278827468803 0.0550153554982 -0.03) (-0.278642321723 0.0586899654354 -0.03) (-0.278445134532 0.0623659168292 -0.03) (-0.278235889326 0.0660432942044 -0.03) (-0.278014567096 0.069722182211 -0.03) (-0.277781147723 0.0734026656311 -0.03) (-0.277535609978 0.0770848293868 -0.03) (-0.277277931514 0.0807687585474 -0.03) (-0.277008088864 0.0844545383375 -0.03))
    polyLine 3 7 ((-0.280162737287 0.00366456887033 0) (-0.280144883994 0.00732922127167 0) (-0.280115126711 0.0109940407423 0) (-0.280073462748 0.0146591108351 0) (-0.280019888337 0.0183245151248 0) (-0.279954398635 0.0219903372151 0) (-0.279876987716 0.0256566607463 0) (-0.279787648579 0.0293235694023 0) (-0.279686373138 0.032991146918 0) (-0.279573152227 0.0366594770868 0) (-0.279447975597 0.0403286437675 0) (-0.279310831909 0.0439987308921 0) (-0.27916170874 0.0476698224729 0) (-0.279000592574 0.0513420026099 0) (-0.278827468803 0.0550153554982 0) (-0.278642321723 0.0586899654354 0) (-0.278445134532 0.0623659168292 0) (-0.278235889326 0.0660432942044 0) (-0.278014567096 0.069722182211 0) (-0.277781147723 0.0734026656311 0) (-0.277535609978 0.0770848293868 0) (-0.277277931514 0.0807687585474 0) (-0.277008088864 0.0844545383375 0))
    polyLine 4 8 ((0.00106628373105 0.0443635198893 -0.03) (0.00111024080365 0.0452681791542 -0.03) (0.00115508517875 0.0461727948691 -0.03) (0.00120081681322 0.0470773661638 -0.03) (0.00124743566306 0.0479818921681 -0.03) (0.00129494168343 0.0488863720119 -0.03) (0.00134333482862 0.0497908048248 -0.03) (0.00139261505208 0.0506951897369 -0.03) (0.00144278230639 0.0515995258781 -0.03) (0.00149383654329 0.0525038123784 -0.03) (0.00154577771366 0.0534080483677 -0.03) (0.00159860576755 0.0543122329763 -0.03) (0.00165232065411 0.0552163653342 -0.03) (0.00170692232169 0.0561204445717 -0.03) (0.00176241071774 0.0570244698189 -0.03) (0.00181878578889 0.0579284402061 -0.03) (0.00187604748089 0.0588323548637 -0.03) (0.00193419573867 0.0597362129222 -0.03) (0.00199323050629 0.0606400135118 -0.03) (0.00205315172694 0.0615437557632 -0.03) (0.00211395934298 0.062447438807 -0.03) (0.00217565329591 0.0633510617736 -0.03) (0.00223823352638 0.0642546237938 -0.03) (0.00230169997418 0.0651581239984 -0.03) (0.00236605257827 0.0660615615181 -0.03) (0.00243129127672 0.0669649354838 -0.03) (0.00249741600677 0.0678682450264 -0.03) (0.00256442670481 0.0687714892769 -0.03) (0.00263232330638 0.0696746673663 -0.03) (0.00270110574615 0.0705777784257 -0.03) (0.00277077395795 0.0714808215863 -0.03) (0.00284132787476 0.0723837959793 -0.03) (0.0029127674287 0.0732867007361 -0.03) (0.00298509255104 0.074189534988 -0.03) (0.00305830317221 0.0750922978664 -0.03) (0.00313239922178 0.0759949885028 -0.03) (0.00320738062845 0.0768976060288 -0.03) (0.00328324732009 0.0778001495761 -0.03) (0.00335999922372 0.0787026182764 -0.03) (0.00343763626551 0.0796050112614 -0.03) (0.00351615837074 0.080507327663 -0.03) (0.0035955654639 0.0814095666132 -0.03) (0.00367585746858 0.0823117272439 -0.03) (0.00375703430753 0.0832138086873 -0.03) (0.00383909590268 0.0841158100755 -0.03) (0.00392204217506 0.0850177305407 -0.03) (0.00400587304487 0.0859195692153 -0.03) (0.00409058843148 0.0868213252316 -0.03))
    polyLine 6 10 ((0.00106628373105 0.0443635198893 0) (0.00111024080365 0.0452681791542 0) (0.00115508517875 0.0461727948691 0) (0.00120081681322 0.0470773661638 0) (0.00124743566306 0.0479818921681 0) (0.00129494168343 0.0488863720119 0) (0.00134333482862 0.0497908048248 0) (0.00139261505208 0.0506951897369 0) (0.00144278230639 0.0515995258781 0) (0.00149383654329 0.0525038123784 0) (0.00154577771366 0.0534080483677 0) (0.00159860576755 0.0543122329763 0) (0.00165232065411 0.0552163653342 0) (0.00170692232169 0.0561204445717 0) (0.00176241071774 0.0570244698189 0) (0.00181878578889 0.0579284402061 0) (0.00187604748089 0.0588323548637 0) (0.00193419573867 0.0597362129222 0) (0.00199323050629 0.0606400135118 0) (0.00205315172694 0.0615437557632 0) (0.00211395934298 0.062447438807 0) (0.00217565329591 0.0633510617736 0) (0.00223823352638 0.0642546237938 0) (0.00230169997418 0.0651581239984 0) (0.00236605257827 0.0660615615181 0) (0.00243129127672 0.0669649354838 0) (0.00249741600677 0.0678682450264 0) (0.00256442670481 0.0687714892769 0) (0.00263232330638 0.0696746673663 0) (0.00270110574615 0.0705777784257 0) (0.00277077395795 0.0714808215863 0) (0.00284132787476 0.0723837959793 0) (0.0029127674287 0.0732867007361 0) (0.00298509255104 0.074189534988 0) (0.00305830317221 0.0750922978664 0) (0.00313239922178 0.0759949885028 0) (0.00320738062845 0.0768976060288 0) (0.00328324732009 0.0778001495761 0) (0.00335999922372 0.0787026182764 0) (0.00343763626551 0.0796050112614 0) (0.00351615837074 0.080507327663 0) (0.0035955654639 0.0814095666132 0) (0.00367585746858 0.0823117272439 0) (0.00375703430753 0.0832138086873 0) (0.00383909590268 0.0841158100755 0) (0.00392204217506 0.0850177305407 0) (0.00400587304487 0.0859195692153 0) (0.00409058843148 0.0868213252316 0))
    polyLine 5 9 ((-0.276440476419 0.091725457405 -0.03) (-0.276143351296 0.0953106457377 -0.03) (-0.275834656472 0.0988978978278 -0.03) (-0.275514365336 0.102487292532 -0.03) (-0.275182450251 0.106078908887 -0.03) (-0.274838882555 0.109672826112 -0.03) (-0.274483632551 0.11326912362 -0.03) (-0.274116669507 0.116867881021 -0.03) (-0.273737961646 0.120469178133 -0.03) (-0.273347476141 0.124073094984 -0.03) (-0.272945179112 0.127679711823 -0.03) (-0.272531035618 0.131289109123 -0.03) (-0.272105009648 0.134901367593 -0.03) (-0.27166706412 0.138516568181 -0.03) (-0.271217160872 0.142134792082 -0.03) (-0.270755260651 0.145756120748 -0.03) (-0.270281323113 0.14938063589 -0.03) (-0.269795306811 0.153008419491 -0.03) (-0.269297169189 0.156639553806 -0.03) (-0.268786866575 0.160274121379 -0.03) (-0.268264354169 0.163912205042 -0.03) (-0.267729586041 0.167553887926 -0.03) (-0.267182515119 0.171199253468 -0.03))
    polyLine 7 11 ((-0.276440476419 0.091725457405 0) (-0.276143351296 0.0953106457377 0) (-0.275834656472 0.0988978978278 0) (-0.275514365336 0.102487292532 0) (-0.275182450251 0.106078908887 0) (-0.274838882555 0.109672826112 0) (-0.274483632551 0.11326912362 0) (-0.274116669507 0.116867881021 0) (-0.273737961646 0.120469178133 0) (-0.273347476141 0.124073094984 0) (-0.272945179112 0.127679711823 0) (-0.272531035618 0.131289109123 0) (-0.272105009648 0.134901367593 0) (-0.27166706412 0.138516568181 0) (-0.271217160872 0.142134792082 0) (-0.270755260651 0.145756120748 0) (-0.270281323113 0.14938063589 0) (-0.269795306811 0.153008419491 0) (-0.269297169189 0.156639553806 0) (-0.268786866575 0.160274121379 0) (-0.268264354169 0.163912205042 0) (-0.267729586041 0.167553887926 0) (-0.267182515119 0.171199253468 0))
    polyLine 8 12 ((0.00417618825338 0.0877229977221 -0.03) (0.00426267242822 0.0886245858194 -0.03) (0.0043500408728 0.089526088656 -0.03) (0.00443829350306 0.0904275053649 -0.03) (0.00452743023411 0.0913288350786 -0.03) (0.00461745098018 0.0922300769301 -0.03) (0.00470835565469 0.0931312300524 -0.03) (0.00480014417016 0.0940322935785 -0.03) (0.00489281643831 0.0949332666416 -0.03) (0.00498637236997 0.0958341483748 -0.03) (0.00508081187513 0.0967349379116 -0.03) (0.00517613486295 0.0976356343852 -0.03) (0.00527234124172 0.0985362369293 -0.03) (0.00536943091889 0.0994367446773 -0.03) (0.00546740380104 0.100337156763 -0.03) (0.00556625979393 0.10123747232 -0.03) (0.00566599880245 0.102137690482 -0.03) (0.00576662073065 0.103037810384 -0.03) (0.00586812548173 0.103937831159 -0.03) (0.00597051295803 0.104837751941 -0.03) (0.00607378306106 0.105737571865 -0.03) (0.00617793569146 0.106637290065 -0.03) (0.00628297074903 0.107536905675 -0.03) (0.00638888813273 0.108436417831 -0.03) (0.00649568774066 0.109335825665 -0.03) (0.00660336947007 0.110235128315 -0.03) (0.00671193321738 0.111134324913 -0.03) (0.00682137887812 0.112033414595 -0.03) (0.00693170634703 0.112932396497 -0.03) (0.00704291551795 0.113831269753 -0.03) (0.00715500628389 0.114730033498 -0.03) (0.00726797853703 0.115628686868 -0.03) (0.00738183216867 0.116527228999 -0.03) (0.00749656706929 0.117425659025 -0.03) (0.0076121831285 0.118323976083 -0.03) (0.00772868023508 0.119222179308 -0.03) (0.00784605827695 0.120120267836 -0.03) (0.0079643171412 0.121018240804 -0.03) (0.00808345671404 0.121916097347 -0.03) (0.00820347688087 0.122813836602 -0.03) (0.00832437752621 0.123711457704 -0.03) (0.00844615853376 0.124608959791 -0.03) (0.00856881978636 0.125506341999 -0.03) (0.008692361166 0.126403603464 -0.03) (0.00881678255383 0.127300743324 -0.03) (0.00894208383015 0.128197760715 -0.03) (0.00906826487442 0.129094654774 -0.03) (0.00919532556525 0.129991424639 -0.03) (0.00932326578039 0.130888069447 -0.03))
    polyLine 10 14 ((0.00417618825338 0.0877229977221 0) (0.00426267242822 0.0886245858194 0) (0.0043500408728 0.089526088656 0) (0.00443829350306 0.0904275053649 0) (0.00452743023411 0.0913288350786 0) (0.00461745098018 0.0922300769301 0) (0.00470835565469 0.0931312300524 0) (0.00480014417016 0.0940322935785 0) (0.00489281643831 0.0949332666416 0) (0.00498637236997 0.0958341483748 0) (0.00508081187513 0.0967349379116 0) (0.00517613486295 0.0976356343852 0) (0.00527234124172 0.0985362369293 0) (0.00536943091889 0.0994367446773 0) (0.00546740380104 0.100337156763 0) (0.00556625979393 0.10123747232 0) (0.00566599880245 0.102137690482 0) (0.00576662073065 0.103037810384 0) (0.00586812548173 0.103937831159 0) (0.00597051295803 0.104837751941 0) (0.00607378306106 0.105737571865 0) (0.00617793569146 0.106637290065 0) (0.00628297074903 0.107536905675 0) (0.00638888813273 0.108436417831 0) (0.00649568774066 0.109335825665 0) (0.00660336947007 0.110235128315 0) (0.00671193321738 0.111134324913 0) (0.00682137887812 0.112033414595 0) (0.00693170634703 0.112932396497 0) (0.00704291551795 0.113831269753 0) (0.00715500628389 0.114730033498 0) (0.00726797853703 0.115628686868 0) (0.00738183216867 0.116527228999 0) (0.00749656706929 0.117425659025 0) (0.0076121831285 0.118323976083 0) (0.00772868023508 0.119222179308 0) (0.00784605827695 0.120120267836 0) (0.0079643171412 0.121018240804 0) (0.00808345671404 0.121916097347 0) (0.00820347688087 0.122813836602 0) (0.00832437752621 0.123711457704 0) (0.00844615853376 0.124608959791 0) (0.00856881978636 0.125506341999 0) (0.008692361166 0.126403603464 0) (0.00881678255383 0.127300743324 0) (0.00894208383015 0.128197760715 0) (0.00906826487442 0.129094654774 0) (0.00919532556525 0.129991424639 0) (0.00932326578039 0.130888069447 0))
    polyLine 9 13 ((-0.266082321668 0.178304925806 -0.03) (-0.26553040415 0.181764985383 -0.03) (-0.264967296879 0.185228635922 -0.03) (-0.264392955159 0.188695949473 -0.03) (-0.263807333336 0.192166998365 -0.03) (-0.26321038479 0.195641855217 -0.03) (-0.262602061928 0.199120592939 -0.03) (-0.261982316174 0.202603284742 -0.03) (-0.261351097964 0.206090004145 -0.03) (-0.260708356736 0.209580824975 -0.03) (-0.260054040923 0.213075821383 -0.03) (-0.259388097941 0.21657506784 -0.03) (-0.258710474182 0.220078639151 -0.03) (-0.258021115009 0.223586610458 -0.03) (-0.257319964739 0.227099057248 -0.03) (-0.256606966638 0.230616055358 -0.03) (-0.255882062913 0.234137680984 -0.03) (-0.255145194699 0.237664010683 -0.03) (-0.25439630205 0.241195121386 -0.03) (-0.253635323927 0.244731090402 -0.03) (-0.252862198192 0.248271995423 -0.03) (-0.252076861593 0.251817914534 -0.03) (-0.251279249755 0.255368926218 -0.03))
    polyLine 11 15 ((-0.266082321668 0.178304925806 0) (-0.26553040415 0.181764985383 0) (-0.264967296879 0.185228635922 0) (-0.264392955159 0.188695949473 0) (-0.263807333336 0.192166998365 0) (-0.26321038479 0.195641855217 0) (-0.262602061928 0.199120592939 0) (-0.261982316174 0.202603284742 0) (-0.261351097964 0.206090004145 0) (-0.260708356736 0.209580824975 0) (-0.260054040923 0.213075821383 0) (-0.259388097941 0.21657506784 0) (-0.258710474182 0.220078639151 0) (-0.258021115009 0.223586610458 0) (-0.257319964739 0.227099057248 0) (-0.256606966638 0.230616055358 0) (-0.255882062913 0.234137680984 0) (-0.255145194699 0.237664010683 0) (-0.25439630205 0.241195121386 0) (-0.253635323927 0.244731090402 0) (-0.252862198192 0.248271995423 0) (-0.252076861593 0.251817914534 0) (-0.251279249755 0.255368926218 0))
    polyLine 12 16 ((0.00945208539677 0.131784588335 -0.03) (0.00958178429045 0.13268098044 -0.03) (0.00971236233666 0.133577244901 -0.03) (0.00984381940978 0.134473380854 -0.03) (0.00997615538333 0.135369387439 -0.03) (0.01010937013 0.136265263793 -0.03) (0.0102434635217 0.137161009053 -0.03) (0.0103784354293 0.138056622359 -0.03) (0.010514285723 0.138952102849 -0.03) (0.0106510142722 0.139847449661 -0.03) (0.0107886209452 0.140742661933 -0.03) (0.0109271056097 0.141637738806 -0.03) (0.0110664681325 0.142532679417 -0.03) (0.0112067083796 0.143427482905 -0.03) (0.0113478262158 0.14432214841 -0.03) (0.0114898215057 0.145216675071 -0.03) (0.0116326941124 0.146111062028 -0.03) (0.0117764438986 0.147005308419 -0.03) (0.0119210707259 0.147899413385 -0.03) (0.0120665744553 0.148793376066 -0.03) (0.0122129549468 0.149687195601 -0.03) (0.0123602120595 0.150580871131 -0.03) (0.0125083456517 0.151474401795 -0.03) (0.012657355581 0.152367786735 -0.03) (0.012807241704 0.153261025091 -0.03) (0.0129580038765 0.154154116002 -0.03) (0.0131096419535 0.155047058612 -0.03) (0.0132621557891 0.155939852059 -0.03) (0.0134155452365 0.156832495486 -0.03) (0.0135698101481 0.157724988033 -0.03) (0.0137249503757 0.158617328842 -0.03) (0.0138809657699 0.159509517054 -0.03) (0.0140378561806 0.160401551812 -0.03) (0.014195621457 0.161293432256 -0.03) (0.0143542614471 0.16218515753 -0.03) (0.0145137759985 0.163076726774 -0.03) (0.0146741649575 0.163968139132 -0.03) (0.0148354281701 0.164859393745 -0.03) (0.0149975654809 0.165750489757 -0.03) (0.0151605767341 0.16664142631 -0.03) (0.0153244617727 0.167532202546 -0.03) (0.0154892204392 0.16842281761 -0.03) (0.015654852575 0.169313270644 -0.03) (0.0158213580208 0.170203560791 -0.03) (0.0159887366164 0.171093687195 -0.03) (0.0161569882007 0.171983649 -0.03) (0.016326112612 0.172873445349 -0.03) (0.0164961096874 0.173763075387 -0.03))
    polyLine 14 18 ((0.00945208539677 0.131784588335 0) (0.00958178429045 0.13268098044 0) (0.00971236233666 0.133577244901 0) (0.00984381940978 0.134473380854 0) (0.00997615538333 0.135369387439 0) (0.01010937013 0.136265263793 0) (0.0102434635217 0.137161009053 0) (0.0103784354293 0.138056622359 0) (0.010514285723 0.138952102849 0) (0.0106510142722 0.139847449661 0) (0.0107886209452 0.140742661933 0) (0.0109271056097 0.141637738806 0) (0.0110664681325 0.142532679417 0) (0.0112067083796 0.143427482905 0) (0.0113478262158 0.14432214841 0) (0.0114898215057 0.145216675071 0) (0.0116326941124 0.146111062028 0) (0.0117764438986 0.147005308419 0) (0.0119210707259 0.147899413385 0) (0.0120665744553 0.148793376066 0) (0.0122129549468 0.149687195601 0) (0.0123602120595 0.150580871131 0) (0.0125083456517 0.151474401795 0) (0.012657355581 0.152367786735 0) (0.012807241704 0.153261025091 0) (0.0129580038765 0.154154116002 0) (0.0131096419535 0.155047058612 0) (0.0132621557891 0.155939852059 0) (0.0134155452365 0.156832495486 0) (0.0135698101481 0.157724988033 0) (0.0137249503757 0.158617328842 0) (0.0138809657699 0.159509517054 0) (0.0140378561806 0.160401551812 0) (0.014195621457 0.161293432256 0) (0.0143542614471 0.16218515753 0) (0.0145137759985 0.163076726774 0) (0.0146741649575 0.163968139132 0) (0.0148354281701 0.164859393745 0) (0.0149975654809 0.165750489757 0) (0.0151605767341 0.16664142631 0) (0.0153244617727 0.167532202546 0) (0.0154892204392 0.16842281761 0) (0.015654852575 0.169313270644 0) (0.0158213580208 0.170203560791 0) (0.0159887366164 0.171093687195 0) (0.0161569882007 0.171983649 0) (0.016326112612 0.172873445349 0) (0.0164961096874 0.173763075387 0))
    polyLine 13 17 ((-0.249707199704 0.262227201724 -0.03) (-0.248934380872 0.265533872002 -0.03) (-0.248150785784 0.268845184058 -0.03) (-0.247356358677 0.272161202069 -0.03) (-0.24655104291 0.27548199054 -0.03) (-0.245734780951 0.278807614307 -0.03) (-0.244907514371 0.282138138541 -0.03) (-0.244069183836 0.285473628757 -0.03) (-0.243219729093 0.288814150816 -0.03) (-0.242359088969 0.29215977093 -0.03) (-0.241487201351 0.29551055567 -0.03) (-0.240604003188 0.298866571971 -0.03) (-0.239709430472 0.302227887136 -0.03) (-0.238803418232 0.305594568844 -0.03) (-0.237885900526 0.308966685151 -0.03) (-0.236956810424 0.312344304503 -0.03) (-0.236016080006 0.315727495735 -0.03) (-0.235063640346 0.319116328081 -0.03) (-0.234099421501 0.322510871178 -0.03) (-0.233123352504 0.325911195073 -0.03) (-0.232135361348 0.32931737023 -0.03) (-0.231135374977 0.332729467531 -0.03) (-0.230123319277 0.336147558291 -0.03))
    polyLine 15 19 ((-0.249707199704 0.262227201724 0) (-0.248934380872 0.265533872002 0) (-0.248150785784 0.268845184058 0) (-0.247356358677 0.272161202069 0) (-0.24655104291 0.27548199054 0) (-0.245734780951 0.278807614307 0) (-0.244907514371 0.282138138541 0) (-0.244069183836 0.285473628757 0) (-0.243219729093 0.288814150816 0) (-0.242359088969 0.29215977093 0) (-0.241487201351 0.29551055567 0) (-0.240604003188 0.298866571971 0) (-0.239709430472 0.302227887136 0) (-0.238803418232 0.305594568844 0) (-0.237885900526 0.308966685151 0) (-0.236956810424 0.312344304503 0) (-0.236016080006 0.315727495735 0) (-0.235063640346 0.319116328081 0) (-0.234099421501 0.322510871178 0) (-0.233123352504 0.325911195073 0) (-0.232135361348 0.32931737023 0) (-0.231135374977 0.332729467531 0) (-0.230123319277 0.336147558291 0))
    polyLine 16 20 ((0.0166669792635 0.174652538257 -0.03) (0.0168387211759 0.175541833104 -0.03) (0.0170113352593 0.176430959073 -0.03) (0.0171848213477 0.177319915307 -0.03) (0.0173591792742 0.178208700952 -0.03) (0.0175344088711 0.179097315153 -0.03) (0.0177105099697 0.179985757055 -0.03) (0.0178874824006 0.180874025803 -0.03) (0.0180653259937 0.181762120542 -0.03) (0.0182440405778 0.182650040419 -0.03) (0.0184236259809 0.183537784578 -0.03) (0.0186040820303 0.184425352166 -0.03) (0.0187854085524 0.18531274233 -0.03) (0.0189676053728 0.186199954215 -0.03) (0.0191506723162 0.187086986967 -0.03) (0.0193346092064 0.187973839734 -0.03) (0.0195194158665 0.188860511662 -0.03) (0.0197050921187 0.189747001898 -0.03) (0.0198916377844 0.19063330959 -0.03) (0.0200790526841 0.191519433884 -0.03) (0.0202673366375 0.192405373929 -0.03) (0.0204564894635 0.193291128871 -0.03) (0.0206465109801 0.194176697859 -0.03) (0.0208374010044 0.195062080041 -0.03) (0.021029159353 0.195947274565 -0.03) (0.0212217858412 0.19683228058 -0.03) (0.0214152802837 0.197717097234 -0.03) (0.0216096424945 0.198601723675 -0.03) (0.0218048722865 0.199486159053 -0.03) (0.0220009694718 0.200370402517 -0.03) (0.022197933862 0.201254453216 -0.03) (0.0223957652674 0.2021383103 -0.03) (0.0225944634977 0.203021972918 -0.03) (0.0227940283618 0.203905440221 -0.03) (0.0229944596677 0.204788711358 -0.03) (0.0231957572225 0.205671785479 -0.03) (0.0233979208327 0.206554661736 -0.03) (0.0236009503037 0.207437339278 -0.03) (0.0238048454402 0.208319817257 -0.03) (0.024009606046 0.209202094823 -0.03) (0.0242152319242 0.210084171128 -0.03) (0.0244217228769 0.210966045323 -0.03) (0.0246290787055 0.21184771656 -0.03) (0.0248372992105 0.212729183991 -0.03) (0.0250463841916 0.213610446767 -0.03) (0.0252563334476 0.21449150404 -0.03) (0.0254671467766 0.215372354964 -0.03) (0.0256788239757 0.216252998691 -0.03))
    polyLine 18 22 ((0.0166669792635 0.174652538257 0) (0.0168387211759 0.175541833104 0) (0.0170113352593 0.176430959073 0) (0.0171848213477 0.177319915307 0) (0.0173591792742 0.178208700952 0) (0.0175344088711 0.179097315153 0) (0.0177105099697 0.179985757055 0) (0.0178874824006 0.180874025803 0) (0.0180653259937 0.181762120542 0) (0.0182440405778 0.182650040419 0) (0.0184236259809 0.183537784578 0) (0.0186040820303 0.184425352166 0) (0.0187854085524 0.18531274233 0) (0.0189676053728 0.186199954215 0) (0.0191506723162 0.187086986967 0) (0.0193346092064 0.187973839734 0) (0.0195194158665 0.188860511662 0) (0.0197050921187 0.189747001898 0) (0.0198916377844 0.19063330959 0) (0.0200790526841 0.191519433884 0) (0.0202673366375 0.192405373929 0) (0.0204564894635 0.193291128871 0) (0.0206465109801 0.194176697859 0) (0.0208374010044 0.195062080041 0) (0.021029159353 0.195947274565 0) (0.0212217858412 0.19683228058 0) (0.0214152802837 0.197717097234 0) (0.0216096424945 0.198601723675 0) (0.0218048722865 0.199486159053 0) (0.0220009694718 0.200370402517 0) (0.022197933862 0.201254453216 0) (0.0223957652674 0.2021383103 0) (0.0225944634977 0.203021972918 0) (0.0227940283618 0.203905440221 0) (0.0229944596677 0.204788711358 0) (0.0231957572225 0.205671785479 0) (0.0233979208327 0.206554661736 0) (0.0236009503037 0.207437339278 0) (0.0238048454402 0.208319817257 0) (0.024009606046 0.209202094823 0) (0.0242152319242 0.210084171128 0) (0.0244217228769 0.210966045323 0) (0.0246290787055 0.21184771656 0) (0.0248372992105 0.212729183991 0) (0.0250463841916 0.213610446767 0) (0.0252563334476 0.21449150404 0) (0.0254671467766 0.215372354964 0) (0.0256788239757 0.216252998691 0))
    polyLine 17 21 ((-0.228151773181 0.342708536937 -0.03) (-0.227194147405 0.345850548118 -0.03) (-0.226226181814 0.348997803655 -0.03) (-0.22524781571 0.352150359727 -0.03) (-0.224258987601 0.355308272836 -0.03) (-0.223259635199 0.358471599817 -0.03) (-0.222249695405 0.361640397836 -0.03) (-0.221229104304 0.364814724399 -0.03) (-0.220197797155 0.367994637355 -0.03) (-0.219155708383 0.371180194899 -0.03) (-0.21810277157 0.374371455579 -0.03) (-0.217038919443 0.3775684783 -0.03) (-0.215964083868 0.380771322325 -0.03) (-0.214878195842 0.383980047288 -0.03) (-0.213781185476 0.387194713189 -0.03) (-0.212672981994 0.390415380405 -0.03) (-0.211553513716 0.393642109694 -0.03) (-0.210422708054 0.396874962198 -0.03) (-0.209280491497 0.400113999449 -0.03) (-0.208126789601 0.403359283375 -0.03) (-0.206961526982 0.406610876304 -0.03) (-0.205784627302 0.409868840969 -0.03) (-0.204596013258 0.413133240514 -0.03))
    polyLine 19 23 ((-0.228151773181 0.342708536937 0) (-0.227194147405 0.345850548118 0) (-0.226226181814 0.348997803655 0) (-0.22524781571 0.352150359727 0) (-0.224258987601 0.355308272836 0) (-0.223259635199 0.358471599817 0) (-0.222249695405 0.361640397836 0) (-0.221229104304 0.364814724399 0) (-0.220197797155 0.367994637355 0) (-0.219155708383 0.371180194899 0) (-0.21810277157 0.374371455579 0) (-0.217038919443 0.3775684783 0) (-0.215964083868 0.380771322325 0) (-0.214878195842 0.383980047288 0) (-0.213781185476 0.387194713189 0) (-0.212672981994 0.390415380405 0) (-0.211553513716 0.393642109694 0) (-0.210422708054 0.396874962198 0) (-0.209280491497 0.400113999449 0) (-0.208126789601 0.403359283375 0) (-0.206961526982 0.406610876304 0) (-0.205784627302 0.409868840969 0) (-0.204596013258 0.413133240514 0))
    polyLine 20 24 ((0.0258913648412 0.217133434373 -0.03) (0.0261047691688 0.218013661163 -0.03) (0.0263190367532 0.218893678215 -0.03) (0.0265341673881 0.219773484682 -0.03) (0.0267501608666 0.220653079718 -0.03) (0.026967016981 0.221532462476 -0.03) (0.0271847355225 0.222411632111 -0.03) (0.0274033162818 0.223290587776 -0.03) (0.0276227590486 0.224169328626 -0.03) (0.0278430636117 0.225047853816 -0.03) (0.0280642297592 0.2259261625 -0.03) (0.0282862572783 0.226804253834 -0.03) (0.0285091459555 0.227682126972 -0.03) (0.0287328955763 0.228559781071 -0.03) (0.0289575059254 0.229437215285 -0.03) (0.0291829767868 0.230314428772 -0.03) (0.0294093079436 0.231191420686 -0.03) (0.029636499178 0.232068190184 -0.03) (0.0298645502714 0.232944736422 -0.03) (0.0300934610044 0.233821058558 -0.03) (0.0303232311569 0.234697155748 -0.03) (0.0305538605078 0.23557302715 -0.03) (0.0307853488352 0.23644867192 -0.03) (0.0310176959163 0.237324089217 -0.03) (0.0312509015278 0.238199278198 -0.03) (0.0314849654451 0.239074238021 -0.03) (0.0317198874433 0.239948967845 -0.03) (0.0319556672961 0.240823466828 -0.03) (0.0321923047769 0.241697734128 -0.03) (0.0324297996579 0.242571768905 -0.03) (0.0326681517107 0.243445570317 -0.03) (0.0329073607059 0.244319137525 -0.03) (0.0331474264135 0.245192469687 -0.03) (0.0333883486025 0.246065565964 -0.03) (0.033630127041 0.246938425515 -0.03) (0.0338727614966 0.247811047502 -0.03) (0.0341162517358 0.248683431083 -0.03) (0.0343605975243 0.24955557542 -0.03) (0.034605798627 0.250427479675 -0.03) (0.0348518548082 0.251299143007 -0.03) (0.0350987658309 0.25217056458 -0.03) (0.0353465314578 0.253041743553 -0.03) (0.0355951514505 0.25391267909 -0.03) (0.0358446255697 0.254783370352 -0.03) (0.0360949535755 0.255653816501 -0.03) (0.036346135227 0.256524016701 -0.03) (0.0365981702826 0.257393970114 -0.03) (0.0368510584998 0.258263675902 -0.03) (0.0371047996354 0.259133133231 -0.03))
    polyLine 22 26 ((0.0258913648412 0.217133434373 0) (0.0261047691688 0.218013661163 0) (0.0263190367532 0.218893678215 0) (0.0265341673881 0.219773484682 0) (0.0267501608666 0.220653079718 0) (0.026967016981 0.221532462476 0) (0.0271847355225 0.222411632111 0) (0.0274033162818 0.223290587776 0) (0.0276227590486 0.224169328626 0) (0.0278430636117 0.225047853816 0) (0.0280642297592 0.2259261625 0) (0.0282862572783 0.226804253834 0) (0.0285091459555 0.227682126972 0) (0.0287328955763 0.228559781071 0) (0.0289575059254 0.229437215285 0) (0.0291829767868 0.230314428772 0) (0.0294093079436 0.231191420686 0) (0.029636499178 0.232068190184 0) (0.0298645502714 0.232944736422 0) (0.0300934610044 0.233821058558 0) (0.0303232311569 0.234697155748 0) (0.0305538605078 0.23557302715 0) (0.0307853488352 0.23644867192 0) (0.0310176959163 0.237324089217 0) (0.0312509015278 0.238199278198 0) (0.0314849654451 0.239074238021 0) (0.0317198874433 0.239948967845 0) (0.0319556672961 0.240823466828 0) (0.0321923047769 0.241697734128 0) (0.0324297996579 0.242571768905 0) (0.0326681517107 0.243445570317 0) (0.0329073607059 0.244319137525 0) (0.0331474264135 0.245192469687 0) (0.0333883486025 0.246065565964 0) (0.033630127041 0.246938425515 0) (0.0338727614966 0.247811047502 0) (0.0341162517358 0.248683431083 0) (0.0343605975243 0.24955557542 0) (0.034605798627 0.250427479675 0) (0.0348518548082 0.251299143007 0) (0.0350987658309 0.25217056458 0) (0.0353465314578 0.253041743553 0) (0.0355951514505 0.25391267909 0) (0.0358446255697 0.254783370352 0) (0.0360949535755 0.255653816501 0) (0.036346135227 0.256524016701 0) (0.0365981702826 0.257393970114 0) (0.0368510584998 0.258263675902 0) (0.0371047996354 0.259133133231 0))
    polyLine 21 25 ((-0.202295951611 0.419378190516 -0.03) (-0.201186459304 0.422357695298 -0.03) (-0.200067069015 0.425342701258 -0.03) (-0.198937719415 0.428333257109 -0.03) (-0.197798348478 0.431329411861 -0.03) (-0.196648893469 0.43433121483 -0.03) (-0.195489290942 0.437338715636 -0.03) (-0.194319476728 0.44035196421 -0.03) (-0.193139385928 0.443371010796 -0.03) (-0.191948952906 0.446395905956 -0.03) (-0.190748111283 0.449426700574 -0.03) (-0.189536793923 0.452463445855 -0.03) (-0.18831493293 0.455506193335 -0.03) (-0.187082459638 0.458554994883 -0.03) (-0.1858393046 0.461609902702 -0.03) (-0.184585397585 0.464670969335 -0.03) (-0.183320667563 0.467738247671 -0.03) (-0.1820450427 0.470811790943 -0.03) (-0.180758450346 0.473891652739 -0.03) (-0.17946081703 0.476977887002 -0.03) (-0.178152068448 0.480070548033 -0.03) (-0.176832129451 0.483169690501 -0.03) (-0.17550092404 0.486275369441 -0.03))
    polyLine 23 27 ((-0.202295951611 0.419378190516 0) (-0.201186459304 0.422357695298 0) (-0.200067069015 0.425342701258 0) (-0.198937719415 0.428333257109 0) (-0.197798348478 0.431329411861 0) (-0.196648893469 0.43433121483 0) (-0.195489290942 0.437338715636 0) (-0.194319476728 0.44035196421 0) (-0.193139385928 0.443371010796 0) (-0.191948952906 0.446395905956 0) (-0.190748111283 0.449426700574 0) (-0.189536793923 0.452463445855 0) (-0.18831493293 0.455506193335 0) (-0.187082459638 0.458554994883 0) (-0.1858393046 0.461609902702 0) (-0.184585397585 0.464670969335 0) (-0.183320667563 0.467738247671 0) (-0.1820450427 0.470811790943 0) (-0.180758450346 0.473891652739 0) (-0.17946081703 0.476977887002 0) (-0.178152068448 0.480070548033 0) (-0.176832129451 0.483169690501 0) (-0.17550092404 0.486275369441 0))
    polyLine 24 28 ((0.0373593934452 0.260002341262 -0.03) (0.0376148396843 0.26087129916 -0.03) (0.0378711381069 0.261740006089 -0.03) (0.0381282884665 0.262608461213 -0.03) (0.0383862905157 0.263476663696 -0.03) (0.0386451440062 0.264344612704 -0.03) (0.0389048486892 0.265212307401 -0.03) (0.0391654043146 0.266079746953 -0.03) (0.0394268106318 0.266946930525 -0.03) (0.0396890673894 0.267813857282 -0.03) (0.0399521743351 0.268680526391 -0.03) (0.0402161312156 0.269546937018 -0.03) (0.0404809377772 0.27041308833 -0.03) (0.040746593765 0.271278979493 -0.03) (0.0410130989235 0.272144609674 -0.03) (0.0412804529962 0.27300997804 -0.03) (0.041548655726 0.273875083759 -0.03) (0.0418177068549 0.274739925999 -0.03) (0.0420876061239 0.275604503927 -0.03) (0.0423583532736 0.276468816713 -0.03) (0.0426299480433 0.277332863523 -0.03) (0.0429023901718 0.278196643528 -0.03) (0.043175679397 0.279060155895 -0.03) (0.0434498154559 0.279923399795 -0.03) (0.043724798085 0.280786374397 -0.03) (0.0440006270195 0.28164907887 -0.03) (0.0442773019942 0.282511512386 -0.03) (0.0445548227428 0.283373674113 -0.03) (0.0448331889985 0.284235563222 -0.03) (0.0451124004933 0.285097178885 -0.03) (0.0453924569587 0.285958520273 -0.03) (0.0456733581252 0.286819586556 -0.03) (0.0459551037227 0.287680376907 -0.03) (0.04623769348 0.288540890497 -0.03) (0.0465211271253 0.289401126499 -0.03) (0.046805404386 0.290261084084 -0.03) (0.0470905249884 0.291120762426 -0.03) (0.0473764886584 0.291980160698 -0.03) (0.0476632951208 0.292839278072 -0.03) (0.0479509440998 0.293698113722 -0.03) (0.0482394353185 0.294556666823 -0.03) (0.0485287684994 0.295414936548 -0.03) (0.0488189433642 0.29627292207 -0.03) (0.0491099596337 0.297130622566 -0.03) (0.049401817028 0.29798803721 -0.03) (0.0496945152663 0.298845165176 -0.03) (0.0499880540669 0.299702005641 -0.03) (0.0502824331476 0.30055855778 -0.03))
    polyLine 26 30 ((0.0373593934452 0.260002341262 0) (0.0376148396843 0.26087129916 0) (0.0378711381069 0.261740006089 0) (0.0381282884665 0.262608461213 0) (0.0383862905157 0.263476663696 0) (0.0386451440062 0.264344612704 0) (0.0389048486892 0.265212307401 0) (0.0391654043146 0.266079746953 0) (0.0394268106318 0.266946930525 0) (0.0396890673894 0.267813857282 0) (0.0399521743351 0.268680526391 0) (0.0402161312156 0.269546937018 0) (0.0404809377772 0.27041308833 0) (0.040746593765 0.271278979493 0) (0.0410130989235 0.272144609674 0) (0.0412804529962 0.27300997804 0) (0.041548655726 0.273875083759 0) (0.0418177068549 0.274739925999 0) (0.0420876061239 0.275604503927 0) (0.0423583532736 0.276468816713 0) (0.0426299480433 0.277332863523 0) (0.0429023901718 0.278196643528 0) (0.043175679397 0.279060155895 0) (0.0434498154559 0.279923399795 0) (0.043724798085 0.280786374397 0) (0.0440006270195 0.28164907887 0) (0.0442773019942 0.282511512386 0) (0.0445548227428 0.283373674113 0) (0.0448331889985 0.284235563222 0) (0.0451124004933 0.285097178885 0) (0.0453924569587 0.285958520273 0) (0.0456733581252 0.286819586556 0) (0.0459551037227 0.287680376907 0) (0.04623769348 0.288540890497 0) (0.0465211271253 0.289401126499 0) (0.046805404386 0.290261084084 0) (0.0470905249884 0.291120762426 0) (0.0473764886584 0.291980160698 0) (0.0476632951208 0.292839278072 0) (0.0479509440998 0.293698113722 0) (0.0482394353185 0.294556666823 0) (0.0485287684994 0.295414936548 0) (0.0488189433642 0.29627292207 0) (0.0491099596337 0.297130622566 0) (0.049401817028 0.29798803721 0) (0.0496945152663 0.298845165176 0) (0.0499880540669 0.299702005641 0) (0.0502824331476 0.30055855778 0))
    polyLine 25 29 ((-0.172933420176 0.492210217074 -0.03) (-0.171699051054 0.495038281051 -0.03) (-0.170455209141 0.497871874077 -0.03) (-0.16920183498 0.5007110383 -0.03) (-0.167938868507 0.503555816132 -0.03) (-0.166666249038 0.506406250251 -0.03) (-0.165383915268 0.509262383605 -0.03) (-0.164091805261 0.512124259414 -0.03) (-0.162789856444 0.514991921174 -0.03) (-0.161478005603 0.517865412659 -0.03) (-0.16015618887 0.520744777922 -0.03) (-0.158824341722 0.523630061303 -0.03) (-0.157482398972 0.526521307426 -0.03) (-0.156130294759 0.529418561207 -0.03) (-0.154767962546 0.532321867853 -0.03) (-0.153395335107 0.53523127287 -0.03) (-0.152012344525 0.53814682206 -0.03) (-0.15061892218 0.541068561529 -0.03) (-0.149214998743 0.543996537689 -0.03) (-0.14780050417 0.546930797258 -0.03) (-0.146375367689 0.549871387269 -0.03) (-0.144939517799 0.55281835507 -0.03) (-0.143492882256 0.555771748325 -0.03))
    polyLine 27 31 ((-0.172933420176 0.492210217074 0) (-0.171699051054 0.495038281051 0) (-0.170455209141 0.497871874077 0) (-0.16920183498 0.5007110383 0) (-0.167938868507 0.503555816132 0) (-0.166666249038 0.506406250251 0) (-0.165383915268 0.509262383605 0) (-0.164091805261 0.512124259414 0) (-0.162789856444 0.514991921174 0) (-0.161478005603 0.517865412659 0) (-0.16015618887 0.520744777922 0) (-0.158824341722 0.523630061303 0) (-0.157482398972 0.526521307426 0) (-0.156130294759 0.529418561207 0) (-0.154767962546 0.532321867853 0) (-0.153395335107 0.53523127287 0) (-0.152012344525 0.53814682206 0) (-0.15061892218 0.541068561529 0) (-0.149214998743 0.543996537689 0) (-0.14780050417 0.546930797258 0) (-0.146375367689 0.549871387269 0) (-0.144939517799 0.55281835507 0) (-0.143492882256 0.555771748325 0))
    polyLine 28 32 ((0.050577652225 0.301414820769 -0.03) (0.0508737110152 0.302270793784 -0.03) (0.0511706092333 0.303126476002 -0.03) (0.0514683465938 0.303981866599 -0.03) (0.0517669228101 0.304836964753 -0.03) (0.0520663375951 0.30569176964 -0.03) (0.0523665906607 0.30654628044 -0.03) (0.052667681718 0.307400496329 -0.03) (0.0529696104774 0.308254416485 -0.03) (0.0532723766484 0.309108040088 -0.03) (0.0535759799397 0.309961366316 -0.03) (0.0538804200593 0.310814394348 -0.03) (0.0541856967143 0.311667123363 -0.03) (0.0544918096109 0.312519552542 -0.03) (0.0547987584547 0.313371681063 -0.03) (0.0551065429504 0.314223508108 -0.03) (0.0554151628019 0.315075032856 -0.03) (0.0557246177123 0.315926254489 -0.03) (0.0560349073838 0.316777172187 -0.03) (0.056346031518 0.317627785132 -0.03) (0.0566579898155 0.318478092506 -0.03) (0.0569707819763 0.319328093491 -0.03) (0.0572844076994 0.320177787269 -0.03) (0.0575988666831 0.321027173021 -0.03) (0.0579141586248 0.321876249933 -0.03) (0.0582302832213 0.322725017185 -0.03) (0.0585472401684 0.323573473963 -0.03) (0.0588650291612 0.324421619449 -0.03) (0.0591836498939 0.325269452828 -0.03) (0.0595031020601 0.326116973284 -0.03) (0.0598233853524 0.326964180001 -0.03) (0.0601444994627 0.327811072166 -0.03) (0.060466444082 0.328657648962 -0.03) (0.0607892189007 0.329503909575 -0.03) (0.0611128236081 0.330349853192 -0.03) (0.0614372578931 0.331195478999 -0.03) (0.0617625214435 0.332040786181 -0.03) (0.0620886139463 0.332885773926 -0.03) (0.0624155350878 0.333730441421 -0.03) (0.0627432845536 0.334574787853 -0.03) (0.0630718620282 0.33541881241 -0.03) (0.0634012671957 0.33626251428 -0.03) (0.0637314997391 0.337105892651 -0.03) (0.0640625593407 0.337948946712 -0.03) (0.0643944456821 0.338791675652 -0.03) (0.0647271584438 0.33963407866 -0.03) (0.065060697306 0.340476154925 -0.03) (0.0653950619475 0.341317903639 -0.03))
    polyLine 30 34 ((0.050577652225 0.301414820769 0) (0.0508737110152 0.302270793784 0) (0.0511706092333 0.303126476002 0) (0.0514683465938 0.303981866599 0) (0.0517669228101 0.304836964753 0) (0.0520663375951 0.30569176964 0) (0.0523665906607 0.30654628044 0) (0.052667681718 0.307400496329 0) (0.0529696104774 0.308254416485 0) (0.0532723766484 0.309108040088 0) (0.0535759799397 0.309961366316 0) (0.0538804200593 0.310814394348 0) (0.0541856967143 0.311667123363 0) (0.0544918096109 0.312519552542 0) (0.0547987584547 0.313371681063 0) (0.0551065429504 0.314223508108 0) (0.0554151628019 0.315075032856 0) (0.0557246177123 0.315926254489 0) (0.0560349073838 0.316777172187 0) (0.056346031518 0.317627785132 0) (0.0566579898155 0.318478092506 0) (0.0569707819763 0.319328093491 0) (0.0572844076994 0.320177787269 0) (0.0575988666831 0.321027173021 0) (0.0579141586248 0.321876249933 0) (0.0582302832213 0.322725017185 0) (0.0585472401684 0.323573473963 0) (0.0588650291612 0.324421619449 0) (0.0591836498939 0.325269452828 0) (0.0595031020601 0.326116973284 0) (0.0598233853524 0.326964180001 0) (0.0601444994627 0.327811072166 0) (0.060466444082 0.328657648962 0) (0.0607892189007 0.329503909575 0) (0.0611128236081 0.330349853192 0) (0.0614372578931 0.331195478999 0) (0.0617625214435 0.332040786181 0) (0.0620886139463 0.332885773926 0) (0.0624155350878 0.333730441421 0) (0.0627432845536 0.334574787853 0) (0.0630718620282 0.33541881241 0) (0.0634012671957 0.33626251428 0) (0.0637314997391 0.337105892651 0) (0.0640625593407 0.337948946712 0) (0.0643944456821 0.338791675652 0) (0.0647271584438 0.33963407866 0) (0.065060697306 0.340476154925 0) (0.0653950619475 0.341317903639 0))
    polyLine 29 33 ((-0.140705469189 0.561418867668 -0.03) (-0.139366521337 0.564111509698 -0.03) (-0.138018488604 0.566809577497 -0.03) (-0.136661314554 0.569513107679 -0.03) (-0.13529494222 0.57222213708 -0.03) (-0.133919314098 0.574936702772 -0.03) (-0.132534372142 0.577656842056 -0.03) (-0.131140057754 0.580382592468 -0.03) (-0.129736311787 0.583113991782 -0.03) (-0.128323074531 0.58585107801 -0.03) (-0.126900285711 0.588593889408 -0.03) (-0.125467884481 0.591342464472 -0.03) (-0.124025809419 0.594096841948 -0.03) (-0.122573998516 0.596857060828 -0.03) (-0.121112389177 0.599623160357 -0.03) (-0.119640918211 0.602395180032 -0.03) (-0.118159521824 0.605173159607 -0.03) (-0.116668135615 0.607957139093 -0.03) (-0.115166694567 0.610747158765 -0.03) (-0.113655133043 0.613543259157 -0.03) (-0.112133384778 0.616345481073 -0.03) (-0.110601382874 0.619153865584 -0.03) (-0.10905905979 0.621968454033 -0.03))
    polyLine 31 35 ((-0.140705469189 0.561418867668 0) (-0.139366521337 0.564111509698 0) (-0.138018488604 0.566809577497 0) (-0.136661314554 0.569513107679 0) (-0.13529494222 0.57222213708 0) (-0.133919314098 0.574936702772 0) (-0.132534372142 0.577656842056 0) (-0.131140057754 0.580382592468 0) (-0.129736311787 0.583113991782 0) (-0.128323074531 0.58585107801 0) (-0.126900285711 0.588593889408 0) (-0.125467884481 0.591342464472 0) (-0.124025809419 0.594096841948 0) (-0.122573998516 0.596857060828 0) (-0.121112389177 0.599623160357 0) (-0.119640918211 0.602395180032 0) (-0.118159521824 0.605173159607 0) (-0.116668135615 0.607957139093 0) (-0.115166694567 0.610747158765 0) (-0.113655133043 0.613543259157 0) (-0.112133384778 0.616345481073 0) (-0.110601382874 0.619153865584 0) (-0.10905905979 0.621968454033 0))
    polyLine 32 36 ((0.0657302520469 0.34215932399 -0.03) (0.0660662672816 0.343000415169 -0.03) (0.0664031073284 0.343841176367 -0.03) (0.0667407718632 0.344681606776 -0.03) (0.0670792605612 0.345521705586 -0.03) (0.0674185730966 0.34636147199 -0.03) (0.0677587091432 0.347200905179 -0.03) (0.0680996683736 0.348040004347 -0.03) (0.0684414504599 0.348878768685 -0.03) (0.0687840550733 0.349717197387 -0.03) (0.069127481884 0.350555289646 -0.03) (0.0694717305619 0.351393044657 -0.03) (0.0698168007756 0.352230461612 -0.03) (0.0701626921932 0.353067539707 -0.03) (0.0705094044819 0.353904278136 -0.03) (0.0708569373082 0.354740676094 -0.03) (0.0712052903377 0.355576732777 -0.03) (0.0715544632354 0.356412447379 -0.03) (0.0719044556652 0.357247819098 -0.03) (0.0722552672906 0.35808284713 -0.03) (0.0726068977739 0.35891753067 -0.03) (0.0729593467769 0.359751868917 -0.03) (0.0733126139606 0.360585861067 -0.03) (0.073666698985 0.361419506319 -0.03) (0.0740216015096 0.362252803869 -0.03) (0.0743773211928 0.363085752917 -0.03) (0.0747338576926 0.363918352661 -0.03) (0.0750912106658 0.364750602301 -0.03) (0.0754493797687 0.365582501034 -0.03) (0.0758083646568 0.366414048063 -0.03) (0.0761681649846 0.367245242585 -0.03) (0.076528780406 0.368076083802 -0.03) (0.0768902105741 0.368906570914 -0.03) (0.0772524551412 0.369736703122 -0.03) (0.0776155137587 0.370566479628 -0.03) (0.0779793860775 0.371395899633 -0.03) (0.0783440717474 0.37222496234 -0.03) (0.0787095704176 0.373053666951 -0.03) (0.0790758817365 0.373882012668 -0.03) (0.0794430053516 0.374709998695 -0.03) (0.0798109409099 0.375537624235 -0.03) (0.0801796880572 0.376364888492 -0.03) (0.0805492464389 0.37719179067 -0.03) (0.0809196156995 0.378018329974 -0.03) (0.0812907954825 0.378844505608 -0.03) (0.081662785431 0.379670316778 -0.03) (0.0820355851871 0.380495762688 -0.03) (0.082409194392 0.381320842546 -0.03) (0.0827836126864 0.382145555557 -0.03))
    polyLine 34 38 ((0.0657302520469 0.34215932399 0) (0.0660662672816 0.343000415169 0) (0.0664031073284 0.343841176367 0) (0.0667407718632 0.344681606776 0) (0.0670792605612 0.345521705586 0) (0.0674185730966 0.34636147199 0) (0.0677587091432 0.347200905179 0) (0.0680996683736 0.348040004347 0) (0.0684414504599 0.348878768685 0) (0.0687840550733 0.349717197387 0) (0.069127481884 0.350555289646 0) (0.0694717305619 0.351393044657 0) (0.0698168007756 0.352230461612 0) (0.0701626921932 0.353067539707 0) (0.0705094044819 0.353904278136 0) (0.0708569373082 0.354740676094 0) (0.0712052903377 0.355576732777 0) (0.0715544632354 0.356412447379 0) (0.0719044556652 0.357247819098 0) (0.0722552672906 0.35808284713 0) (0.0726068977739 0.35891753067 0) (0.0729593467769 0.359751868917 0) (0.0733126139606 0.360585861067 0) (0.073666698985 0.361419506319 0) (0.0740216015096 0.362252803869 0) (0.0743773211928 0.363085752917 0) (0.0747338576926 0.363918352661 0) (0.0750912106658 0.364750602301 0) (0.0754493797687 0.365582501034 0) (0.0758083646568 0.366414048063 0) (0.0761681649846 0.367245242585 0) (0.076528780406 0.368076083802 0) (0.0768902105741 0.368906570914 0) (0.0772524551412 0.369736703122 0) (0.0776155137587 0.370566479628 0) (0.0779793860775 0.371395899633 0) (0.0783440717474 0.37222496234 0) (0.0787095704176 0.373053666951 0) (0.0790758817365 0.373882012668 0) (0.0794430053516 0.374709998695 0) (0.0798109409099 0.375537624235 0) (0.0801796880572 0.376364888492 0) (0.0805492464389 0.37719179067 0) (0.0809196156995 0.378018329974 0) (0.0812907954825 0.378844505608 0) (0.081662785431 0.379670316778 0) (0.0820355851871 0.380495762688 0) (0.082409194392 0.381320842546 0) (0.0827836126864 0.382145555557 0))
    polyLine 33 37 ((-0.106085565087 0.627359411915 -0.03) (-0.104656085638 0.629934764823 -0.03) (-0.103217856319 0.632515378637 -0.03) (-0.101770823999 0.63510128543 -0.03) (-0.100314935082 0.637692517472 -0.03) (-0.0988501354997 0.640289107228 -0.03) (-0.0973763707103 0.642891087364 -0.03) (-0.0958935856925 0.645498490749 -0.03) (-0.0944017249403 0.648111350453 -0.03) (-0.0929007324593 0.650729699752 -0.03) (-0.0913905517607 0.653353572129 -0.03) (-0.0898711258571 0.655983001274 -0.03) (-0.0883423972575 0.658618021092 -0.03) (-0.086804307962 0.661258665696 -0.03) (-0.0852567994567 0.663904969416 -0.03) (-0.0836998127089 0.666556966798 -0.03) (-0.0821332881615 0.669214692606 -0.03) (-0.080557165728 0.671878181825 -0.03) (-0.078971384787 0.674547469663 -0.03) (-0.0773758841769 0.67722259155 -0.03) (-0.0757706021902 0.679903583145 -0.03) (-0.0741554765683 0.682590480334 -0.03) (-0.0725304444957 0.685283319236 -0.03))
    polyLine 35 39 ((-0.106085565087 0.627359411915 0) (-0.104656085638 0.629934764823 0) (-0.103217856319 0.632515378637 0) (-0.101770823999 0.63510128543 0) (-0.100314935082 0.637692517472 0) (-0.0988501354997 0.640289107228 0) (-0.0973763707103 0.642891087364 0) (-0.0958935856925 0.645498490749 0) (-0.0944017249403 0.648111350453 0) (-0.0929007324593 0.650729699752 0) (-0.0913905517607 0.653353572129 0) (-0.0898711258571 0.655983001274 0) (-0.0883423972575 0.658618021092 0) (-0.086804307962 0.661258665696 0) (-0.0852567994567 0.663904969416 0) (-0.0836998127089 0.666556966798 0) (-0.0821332881615 0.669214692606 0) (-0.080557165728 0.671878181825 0) (-0.078971384787 0.674547469663 0) (-0.0773758841769 0.67722259155 0) (-0.0757706021902 0.679903583145 0) (-0.0741554765683 0.682590480334 0) (-0.0725304444957 0.685283319236 0))
    polyLine 36 40 ((0.0831588397102 0.382969900928 -0.03) (0.0835348751022 0.383793877865 -0.03) (0.0839117185007 0.384617485577 -0.03) (0.0842893695432 0.38544072327 -0.03) (0.0846678278664 0.386263590153 -0.03) (0.0850470931062 0.387086085435 -0.03) (0.0854271648976 0.387908208323 -0.03) (0.0858080428752 0.388729958027 -0.03) (0.0861897266724 0.389551333756 -0.03) (0.086572215922 0.39037233472 -0.03) (0.0869555102562 0.39119296013 -0.03) (0.087339609306 0.392013209195 -0.03) (0.0877245127021 0.392833081128 -0.03) (0.0881102200741 0.393652575138 -0.03) (0.0884967310509 0.394471690438 -0.03) (0.0888840452608 0.395290426239 -0.03) (0.089272162331 0.396108781755 -0.03) (0.0896610818883 0.396926756197 -0.03) (0.0900508035584 0.397744348778 -0.03) (0.0904413269665 0.398561558713 -0.03) (0.0908326517368 0.399378385214 -0.03) (0.0912247774929 0.400194827497 -0.03) (0.0916177038574 0.401010884776 -0.03) (0.0920114304525 0.401826556265 -0.03) (0.0924059568993 0.40264184118 -0.03) (0.0928012828183 0.403456738736 -0.03) (0.0931974078291 0.40427124815 -0.03) (0.0935943315507 0.405085368638 -0.03) (0.0939920536012 0.405899099417 -0.03) (0.094390573598 0.406712439703 -0.03) (0.0947898911577 0.407525388715 -0.03) (0.095190005896 0.408337945671 -0.03) (0.0955909174282 0.409150109788 -0.03) (0.0959926253685 0.409961880285 -0.03) (0.0963951293305 0.410773256382 -0.03) (0.0967984289269 0.411584237297 -0.03) (0.0972025237697 0.412394822251 -0.03) (0.0976074134701 0.413205010464 -0.03) (0.0980130976388 0.414014801156 -0.03) (0.0984195758853 0.414824193548 -0.03) (0.0988268478186 0.415633186862 -0.03) (0.0992349130469 0.41644178032 -0.03) (0.0996437711776 0.417249973142 -0.03) (0.100053421817 0.418057764553 -0.03) (0.100463864572 0.418865153774 -0.03) (0.100875099047 0.419672140029 -0.03) (0.101287124847 0.420478722542 -0.03) (0.101699941574 0.421284900537 -0.03))
    polyLine 38 42 ((0.0831588397102 0.382969900928 0) (0.0835348751022 0.383793877865 0) (0.0839117185007 0.384617485577 0) (0.0842893695432 0.38544072327 0) (0.0846678278664 0.386263590153 0) (0.0850470931062 0.387086085435 0) (0.0854271648976 0.387908208323 0) (0.0858080428752 0.388729958027 0) (0.0861897266724 0.389551333756 0) (0.086572215922 0.39037233472 0) (0.0869555102562 0.39119296013 0) (0.087339609306 0.392013209195 0) (0.0877245127021 0.392833081128 0) (0.0881102200741 0.393652575138 0) (0.0884967310509 0.394471690438 0) (0.0888840452608 0.395290426239 0) (0.089272162331 0.396108781755 0) (0.0896610818883 0.396926756197 0) (0.0900508035584 0.397744348778 0) (0.0904413269665 0.398561558713 0) (0.0908326517368 0.399378385214 0) (0.0912247774929 0.400194827497 0) (0.0916177038574 0.401010884776 0) (0.0920114304525 0.401826556265 0) (0.0924059568993 0.40264184118 0) (0.0928012828183 0.403456738736 0) (0.0931974078291 0.40427124815 0) (0.0935943315507 0.405085368638 0) (0.0939920536012 0.405899099417 0) (0.094390573598 0.406712439703 0) (0.0947898911577 0.407525388715 0) (0.095190005896 0.408337945671 0) (0.0955909174282 0.409150109788 0) (0.0959926253685 0.409961880285 0) (0.0963951293305 0.410773256382 0) (0.0967984289269 0.411584237297 0) (0.0972025237697 0.412394822251 0) (0.0976074134701 0.413205010464 0) (0.0980130976388 0.414014801156 0) (0.0984195758853 0.414824193548 0) (0.0988268478186 0.415633186862 0) (0.0992349130469 0.41644178032 0) (0.0996437711776 0.417249973142 0) (0.100053421817 0.418057764553 0) (0.100463864572 0.418865153774 0) (0.100875099047 0.419672140029 0) (0.101287124847 0.420478722542 0) (0.101699941574 0.421284900537 0))
    polyLine 37 41 ((-0.0693926186611 0.690453552386 -0.03) (-0.067881367158 0.692930018985 -0.03) (-0.0663616384685 0.695411564254 -0.03) (-0.0648333825686 0.697898216615 -0.03) (-0.0632965490226 0.700390004663 -0.03) (-0.0617510869793 0.70288695716 -0.03) (-0.0601969451679 0.705389103043 -0.03) (-0.0586340718942 0.707896471424 -0.03) (-0.0570624150365 0.710409091586 -0.03) (-0.0554819220417 0.712926992993 -0.03) (-0.053892539921 0.715450205285 -0.03) (-0.0522942152458 0.717978758283 -0.03) (-0.0506868941434 0.720512681989 -0.03) (-0.0490705222933 0.723052006587 -0.03) (-0.0474450449221 0.725596762447 -0.03) (-0.0458104067996 0.728146980125 -0.03) (-0.0441665522346 0.730702690363 -0.03) (-0.0425134250698 0.733263924094 -0.03) (-0.0408509686782 0.735830712441 -0.03) (-0.0391791259577 0.73840308672 -0.03) (-0.0374978393269 0.74098107844 -0.03) (-0.0358070507207 0.743564719307 -0.03) (-0.0341067015849 0.746154041225 -0.03))
    polyLine 39 43 ((-0.0693926186611 0.690453552386 0) (-0.067881367158 0.692930018985 0) (-0.0663616384685 0.695411564254 0) (-0.0648333825686 0.697898216615 0) (-0.0632965490226 0.700390004663 0) (-0.0617510869793 0.70288695716 0) (-0.0601969451679 0.705389103043 0) (-0.0586340718942 0.707896471424 0) (-0.0570624150365 0.710409091586 0) (-0.0554819220417 0.712926992993 0) (-0.053892539921 0.715450205285 0) (-0.0522942152458 0.717978758283 0) (-0.0506868941434 0.720512681989 0) (-0.0490705222933 0.723052006587 0) (-0.0474450449221 0.725596762447 0) (-0.0458104067996 0.728146980125 0) (-0.0441665522346 0.730702690363 0) (-0.0425134250698 0.733263924094 0) (-0.0408509686782 0.735830712441 0) (-0.0391791259577 0.73840308672 0) (-0.0374978393269 0.74098107844 0) (-0.0358070507207 0.743564719307 0) (-0.0341067015849 0.746154041225 0))
    polyLine 40 44 ((0.102113548833 0.422090673238 -0.03) (0.102527946224 0.42289603987 -0.03) (0.10294313335 0.423700999658 -0.03) (0.103359109811 0.424505551827 -0.03) (0.103775875207 0.425309695604 -0.03) (0.104193429137 0.426113430216 -0.03) (0.104611771198 0.426916754888 -0.03) (0.10503090099 0.427719668848 -0.03) (0.105450818107 0.428522171324 -0.03) (0.105871522148 0.429324261544 -0.03) (0.106293012706 0.430125938735 -0.03) (0.106715289376 0.430927202127 -0.03) (0.107138351752 0.431728050949 -0.03) (0.107562199427 0.43252848443 -0.03) (0.107986831994 0.433328501801 -0.03) (0.108412249043 0.434128102291 -0.03) (0.108838450165 0.434927285132 -0.03) (0.109265434951 0.435726049554 -0.03) (0.10969320299 0.436524394789 -0.03) (0.11012175387 0.43732232007 -0.03) (0.110551087178 0.438119824628 -0.03) (0.110981202503 0.438916907696 -0.03) (0.111412099429 0.439713568507 -0.03) (0.111843777543 0.440509806296 -0.03) (0.112276236429 0.441305620295 -0.03) (0.112709475671 0.44210100974 -0.03) (0.113143494853 0.442895973864 -0.03) (0.113578293556 0.443690511905 -0.03) (0.114013871363 0.444484623096 -0.03) (0.114450227854 0.445278306674 -0.03) (0.11488736261 0.446071561876 -0.03) (0.11532527521 0.446864387938 -0.03) (0.115763965232 0.447656784097 -0.03) (0.116203432256 0.448448749592 -0.03) (0.116643675857 0.44924028366 -0.03) (0.117084695613 0.45003138554 -0.03) (0.1175264911 0.450822054471 -0.03) (0.117969061891 0.451612289691 -0.03) (0.118412407562 0.452402090442 -0.03) (0.118856527685 0.453191455963 -0.03) (0.119301421835 0.453980385495 -0.03) (0.119747089581 0.454768878278 -0.03) (0.120193530497 0.455556933554 -0.03) (0.120640744152 0.456344550565 -0.03) (0.121088730116 0.457131728554 -0.03) (0.121537487958 0.457918466762 -0.03) (0.121987017247 0.458704764434 -0.03) (0.12243731755 0.459490620812 -0.03))
    polyLine 42 46 ((0.102113548833 0.422090673238 0) (0.102527946224 0.42289603987 0) (0.10294313335 0.423700999658 0) (0.103359109811 0.424505551827 0) (0.103775875207 0.425309695604 0) (0.104193429137 0.426113430216 0) (0.104611771198 0.426916754888 0) (0.10503090099 0.427719668848 0) (0.105450818107 0.428522171324 0) (0.105871522148 0.429324261544 0) (0.106293012706 0.430125938735 0) (0.106715289376 0.430927202127 0) (0.107138351752 0.431728050949 0) (0.107562199427 0.43252848443 0) (0.107986831994 0.433328501801 0) (0.108412249043 0.434128102291 0) (0.108838450165 0.434927285132 0) (0.109265434951 0.435726049554 0) (0.10969320299 0.436524394789 0) (0.11012175387 0.43732232007 0) (0.110551087178 0.438119824628 0) (0.110981202503 0.438916907696 0) (0.111412099429 0.439713568507 0) (0.111843777543 0.440509806296 0) (0.112276236429 0.441305620295 0) (0.112709475671 0.44210100974 0) (0.113143494853 0.442895973864 0) (0.113578293556 0.443690511905 0) (0.114013871363 0.444484623096 0) (0.114450227854 0.445278306674 0) (0.11488736261 0.446071561876 0) (0.11532527521 0.446864387938 0) (0.115763965232 0.447656784097 0) (0.116203432256 0.448448749592 0) (0.116643675857 0.44924028366 0) (0.117084695613 0.45003138554 0) (0.1175264911 0.450822054471 0) (0.117969061891 0.451612289691 0) (0.118412407562 0.452402090442 0) (0.118856527685 0.453191455963 0) (0.119301421835 0.453980385495 0) (0.119747089581 0.454768878278 0) (0.120193530497 0.455556933554 0) (0.120640744152 0.456344550565 0) (0.121088730116 0.457131728554 0) (0.121537487958 0.457918466762 0) (0.121987017247 0.458704764434 0) (0.12243731755 0.459490620812 0))
    polyLine 41 45 ((-0.030816435721 0.751139435781 -0.03) (-0.029227914226 0.753534674743 -0.03) (-0.027631121407 0.755934818567 -0.03) (-0.0260260099181 0.758339892782 -0.03) (-0.0244125320445 0.760749923068 -0.03) (-0.0227906396991 0.763164935253 -0.03) (-0.0211602844191 0.765584955316 -0.03) (-0.0195214173628 0.768010009388 -0.03) (-0.0178739893056 0.770440123753 -0.03) (-0.0162179506372 0.772875324847 -0.03) (-0.0145532513576 0.775315639266 -0.03) (-0.0128798410737 0.777761093758 -0.03) (-0.0111976689957 0.780211715233 -0.03) (-0.00950668393366 0.782667530757 -0.03) (-0.00780683429323 0.785128567558 -0.03) (-0.0060980680726 0.787594853027 -0.03) (-0.00438033285837 0.790066414717 -0.03) (-0.00265357582185 0.792543280345 -0.03) (-0.00091774371518 0.795025477795 -0.03) (0.000827217132515 0.797513035118 -0.03) (0.00258136081909 0.800005980532 -0.03) (0.00434474187332 0.802504342427 -0.03) (0.00611741525893 0.805008149364 -0.03))
    polyLine 43 47 ((-0.030816435721 0.751139435781 0) (-0.029227914226 0.753534674743 0) (-0.027631121407 0.755934818567 0) (-0.0260260099181 0.758339892782 0) (-0.0244125320445 0.760749923068 0) (-0.0227906396991 0.763164935253 0) (-0.0211602844191 0.765584955316 0) (-0.0195214173628 0.768010009388 0) (-0.0178739893056 0.770440123753 0) (-0.0162179506372 0.772875324847 0) (-0.0145532513576 0.775315639266 0) (-0.0128798410737 0.777761093758 0) (-0.0111976689957 0.780211715233 0) (-0.00950668393366 0.782667530757 0) (-0.00780683429323 0.785128567558 0) (-0.0060980680726 0.787594853027 0) (-0.00438033285837 0.790066414717 0) (-0.00265357582185 0.792543280345 0) (-0.00091774371518 0.795025477795 0) (0.000827217132515 0.797513035118 0) (0.00258136081909 0.800005980532 0) (0.00434474187332 0.802504342427 0) (0.00611741525893 0.805008149364 0))
    polyLine 44 48 ((0.122888388433 0.460276035141 -0.03) (0.123340229463 0.461061006665 -0.03) (0.123792840205 0.461845534628 -0.03) (0.124246220224 0.462629618277 -0.03) (0.124700369084 0.463413256856 -0.03) (0.125155286347 0.464196449613 -0.03) (0.125610971576 0.464979195792 -0.03) (0.126067424332 0.465761494642 -0.03) (0.126524644177 0.46654334541 -0.03) (0.12698263067 0.467324747343 -0.03) (0.127441383372 0.468105699691 -0.03) (0.12790090184 0.4688862017 -0.03) (0.128361185632 0.469666252622 -0.03) (0.128822234306 0.470445851705 -0.03) (0.129284047419 0.471224998198 -0.03) (0.129746624525 0.472003691354 -0.03) (0.13020996518 0.472781930422 -0.03) (0.130674068939 0.473559714654 -0.03) (0.131138935354 0.474337043301 -0.03) (0.131604563978 0.475113915616 -0.03) (0.132070954364 0.475890330851 -0.03) (0.132538106062 0.47666628826 -0.03) (0.133006018624 0.477441787096 -0.03) (0.133474691599 0.478216826612 -0.03) (0.133944124537 0.478991406064 -0.03) (0.134414316985 0.479765524705 -0.03) (0.134885268491 0.480539181792 -0.03) (0.135356978603 0.48131237658 -0.03) (0.135824470473 0.482077812546 -0.03) (0.136291962343 0.482843248511 -0.03) (0.136759454214 0.483608684476 -0.03) (0.137226946084 0.484374120442 -0.03) (0.137694437954 0.485139556407 -0.03) (0.138161929824 0.485904992373 -0.03) (0.138629421694 0.486670428338 -0.03) (0.139096913564 0.487435864303 -0.03) (0.139564405434 0.488201300269 -0.03) (0.140031897304 0.488966736234 -0.03) (0.140499389174 0.489732172199 -0.03) (0.140966881044 0.490497608165 -0.03) (0.141434372915 0.49126304413 -0.03) (0.141901864785 0.492028480096 -0.03) (0.142369356655 0.492793916061 -0.03) (0.142836848525 0.493559352026 -0.03) (0.143304340395 0.494324787992 -0.03) (0.143771832265 0.495090223957 -0.03) (0.144239324135 0.495855659923 -0.03) (0.144706816005 0.496621095888 -0.03) (0.145174307875 0.497386531853 -0.03))
    polyLine 46 50 ((0.122888388433 0.460276035141 0) (0.123340229463 0.461061006665 0) (0.123792840205 0.461845534628 0) (0.124246220224 0.462629618277 0) (0.124700369084 0.463413256856 0) (0.125155286347 0.464196449613 0) (0.125610971576 0.464979195792 0) (0.126067424332 0.465761494642 0) (0.126524644177 0.46654334541 0) (0.12698263067 0.467324747343 0) (0.127441383372 0.468105699691 0) (0.12790090184 0.4688862017 0) (0.128361185632 0.469666252622 0) (0.128822234306 0.470445851705 0) (0.129284047419 0.471224998198 0) (0.129746624525 0.472003691354 0) (0.13020996518 0.472781930422 0) (0.130674068939 0.473559714654 0) (0.131138935354 0.474337043301 0) (0.131604563978 0.475113915616 0) (0.132070954364 0.475890330851 0) (0.132538106062 0.47666628826 0) (0.133006018624 0.477441787096 0) (0.133474691599 0.478216826612 0) (0.133944124537 0.478991406064 0) (0.134414316985 0.479765524705 0) (0.134885268491 0.480539181792 0) (0.135356978603 0.48131237658 0) (0.135824470473 0.482077812546 0) (0.136291962343 0.482843248511 0) (0.136759454214 0.483608684476 0) (0.137226946084 0.484374120442 0) (0.137694437954 0.485139556407 0) (0.138161929824 0.485904992373 0) (0.138629421694 0.486670428338 0) (0.139096913564 0.487435864303 0) (0.139564405434 0.488201300269 0) (0.140031897304 0.488966736234 0) (0.140499389174 0.489732172199 0) (0.140966881044 0.490497608165 0) (0.141434372915 0.49126304413 0) (0.141901864785 0.492028480096 0) (0.142369356655 0.492793916061 0) (0.142836848525 0.493559352026 0) (0.143304340395 0.494324787992 0) (0.143771832265 0.495090223957 0) (0.144239324135 0.495855659923 0) (0.144706816005 0.496621095888 0) (0.145174307875 0.497386531853 0))
    polyLine 45 49 ((0.00954910145425 0.809833493798 -0.03) (0.0112067880254 0.812154248438 -0.03) (0.0128725403894 0.814479716845 -0.03) (0.0145464031707 0.816809921993 -0.03) (0.0162284213242 0.819144886986 -0.03) (0.0179186401382 0.821484635059 -0.03) (0.0196171052367 0.823829189579 -0.03) (0.021323862583 0.826178574044 -0.03) (0.0230389584823 0.828532812085 -0.03) (0.0247624395846 0.830891927468 -0.03) (0.0264943528883 0.833255944094 -0.03) (0.0282347457422 0.835624886002 -0.03) (0.0299836658499 0.837998777365 -0.03) (0.0317411612715 0.840377642498 -0.03) (0.0335072804282 0.842761505853 -0.03) (0.0352820721041 0.845150392024 -0.03) (0.0370655854504 0.847544325746 -0.03) (0.0388578699883 0.849943331898 -0.03) (0.0406589756122 0.852347435501 -0.03) (0.0424689525931 0.854756661723 -0.03) (0.044287851582 0.857171035876 -0.03) (0.0461157236131 0.859590583422 -0.03) (0.0479526201074 0.862015329969 -0.03))
    polyLine 47 51 ((0.00954910145425 0.809833493798 0) (0.0112067880254 0.812154248438 0) (0.0128725403894 0.814479716845 0) (0.0145464031707 0.816809921993 0) (0.0162284213242 0.819144886986 0) (0.0179186401382 0.821484635059 0) (0.0196171052367 0.823829189579 0) (0.021323862583 0.826178574044 0) (0.0230389584823 0.828532812085 0) (0.0247624395846 0.830891927468 0) (0.0264943528883 0.833255944094 0) (0.0282347457422 0.835624886002 0) (0.0299836658499 0.837998777365 0) (0.0317411612715 0.840377642498 0) (0.0335072804282 0.842761505853 0) (0.0352820721041 0.845150392024 0) (0.0370655854504 0.847544325746 0) (0.0388578699883 0.849943331898 0) (0.0406589756122 0.852347435501 0) (0.0424689525931 0.854756661723 0) (0.044287851582 0.857171035876 0) (0.0461157236131 0.859590583422 0) (0.0479526201074 0.862015329969 0))
    polyLine 48 52 ((0.145641799746 0.498151967819 -0.03) (0.146109291616 0.498917403784 -0.03) (0.146576783486 0.499682839749 -0.03) (0.147044275356 0.500448275715 -0.03) (0.147511767226 0.50121371168 -0.03) (0.147979259096 0.501979147646 -0.03) (0.148446750966 0.502744583611 -0.03) (0.148914242836 0.503510019576 -0.03) (0.149381734706 0.504275455542 -0.03) (0.149849226576 0.505040891507 -0.03) (0.150316718447 0.505806327473 -0.03) (0.150784210317 0.506571763438 -0.03) (0.151251702187 0.507337199403 -0.03) (0.151719194057 0.508102635369 -0.03) (0.152186685927 0.508868071334 -0.03) (0.152654177797 0.509633507299 -0.03) (0.153121669667 0.510398943265 -0.03) (0.153589161537 0.51116437923 -0.03) (0.154056653407 0.511929815196 -0.03) (0.154524145277 0.512695251161 -0.03) (0.154991637148 0.513460687126 -0.03) (0.155459129018 0.514226123092 -0.03) (0.155926620888 0.514991559057 -0.03) (0.156394112758 0.515756995022 -0.03) (0.156861604628 0.516522430988 -0.03) (0.157329096498 0.517287866953 -0.03) (0.157796588368 0.518053302919 -0.03) (0.158264080238 0.518818738884 -0.03) (0.158731572108 0.519584174849 -0.03) (0.159199063978 0.520349610815 -0.03) (0.159666555849 0.52111504678 -0.03) (0.160134047719 0.521880482746 -0.03) (0.160601539589 0.522645918711 -0.03) (0.161069031459 0.523411354676 -0.03) (0.161536523329 0.524176790642 -0.03) (0.162004015199 0.524942226607 -0.03) (0.162471507069 0.525707662572 -0.03) (0.162938998939 0.526473098538 -0.03) (0.163406490809 0.527238534503 -0.03) (0.163873982679 0.528003970469 -0.03) (0.16434147455 0.528769406434 -0.03) (0.16480896642 0.529534842399 -0.03) (0.16527645829 0.530300278365 -0.03) (0.16574395016 0.53106571433 -0.03) (0.16621144203 0.531831150296 -0.03) (0.1666789339 0.532596586261 -0.03) (0.16714642577 0.533362022226 -0.03) (0.16761391764 0.534127458192 -0.03) (0.16808140951 0.534892894157 -0.03))
    polyLine 50 54 ((0.145641799746 0.498151967819 0) (0.146109291616 0.498917403784 0) (0.146576783486 0.499682839749 0) (0.147044275356 0.500448275715 0) (0.147511767226 0.50121371168 0) (0.147979259096 0.501979147646 0) (0.148446750966 0.502744583611 0) (0.148914242836 0.503510019576 0) (0.149381734706 0.504275455542 0) (0.149849226576 0.505040891507 0) (0.150316718447 0.505806327473 0) (0.150784210317 0.506571763438 0) (0.151251702187 0.507337199403 0) (0.151719194057 0.508102635369 0) (0.152186685927 0.508868071334 0) (0.152654177797 0.509633507299 0) (0.153121669667 0.510398943265 0) (0.153589161537 0.51116437923 0) (0.154056653407 0.511929815196 0) (0.154524145277 0.512695251161 0) (0.154991637148 0.513460687126 0) (0.155459129018 0.514226123092 0) (0.155926620888 0.514991559057 0) (0.156394112758 0.515756995022 0) (0.156861604628 0.516522430988 0) (0.157329096498 0.517287866953 0) (0.157796588368 0.518053302919 0) (0.158264080238 0.518818738884 0) (0.158731572108 0.519584174849 0) (0.159199063978 0.520349610815 0) (0.159666555849 0.52111504678 0) (0.160134047719 0.521880482746 0) (0.160601539589 0.522645918711 0) (0.161069031459 0.523411354676 0) (0.161536523329 0.524176790642 0) (0.162004015199 0.524942226607 0) (0.162471507069 0.525707662572 0) (0.162938998939 0.526473098538 0) (0.163406490809 0.527238534503 0) (0.163873982679 0.528003970469 0) (0.16434147455 0.528769406434 0) (0.16480896642 0.529534842399 0) (0.16527645829 0.530300278365 0) (0.16574395016 0.53106571433 0) (0.16621144203 0.531831150296 0) (0.1666789339 0.532596586261 0) (0.16714642577 0.533362022226 0) (0.16761391764 0.534127458192 0) (0.16808140951 0.534892894157 0))
    polyLine 49 53 ((0.05145785926 0.866623766099 -0.03) (0.0531244699946 0.868806452367 -0.03) (0.0547984629906 0.870993378834 -0.03) (0.0564798764174 0.873184564355 -0.03) (0.0581687487051 0.875380027881 -0.03) (0.0598651185465 0.877579788468 -0.03) (0.0615690248993 0.879783865268 -0.03) (0.0632805069883 0.881992277539 -0.03) (0.0649996043075 0.884205044637 -0.03) (0.0667263566222 0.886422186023 -0.03) (0.0684608039714 0.888643721264 -0.03) (0.0702029866699 0.890869670026 -0.03) (0.0719529453107 0.893100052086 -0.03) (0.0737107207669 0.895334887322 -0.03) (0.0754763541944 0.897574195722 -0.03) (0.0772498870339 0.89981799738 -0.03) (0.0790313610135 0.902066312499 -0.03) (0.0808208181509 0.90431916139 -0.03) (0.0826183007558 0.906576564473 -0.03) (0.0844238514324 0.908838542282 -0.03) (0.0862375130816 0.911105115459 -0.03) (0.0880593289036 0.91337630476 -0.03) (0.0898893424006 0.915652131052 -0.03))
    polyLine 51 55 ((0.05145785926 0.866623766099 0) (0.0531244699946 0.868806452367 0) (0.0547984629906 0.870993378834 0) (0.0564798764174 0.873184564355 0) (0.0581687487051 0.875380027881 0) (0.0598651185465 0.877579788468 0) (0.0615690248993 0.879783865268 0) (0.0632805069883 0.881992277539 0) (0.0649996043075 0.884205044637 0) (0.0667263566222 0.886422186023 0) (0.0684608039714 0.888643721264 0) (0.0702029866699 0.890869670026 0) (0.0719529453107 0.893100052086 0) (0.0737107207669 0.895334887322 0) (0.0754763541944 0.897574195722 0) (0.0772498870339 0.89981799738 0) (0.0790313610135 0.902066312499 0) (0.0808208181509 0.90431916139 0) (0.0826183007558 0.906576564473 0) (0.0844238514324 0.908838542282 0) (0.0862375130816 0.911105115459 0) (0.0880593289036 0.91337630476 0) (0.0898893424006 0.915652131052 0))
    polyLine 52 56 ((0.168548901381 0.535658330122 -0.03) (0.169016393251 0.536423766088 -0.03) (0.169483885121 0.537189202053 -0.03) (0.169951376991 0.537954638019 -0.03) (0.170418868861 0.538720073984 -0.03) (0.170886360731 0.539485509949 -0.03) (0.171353852601 0.540250945915 -0.03) (0.171821344471 0.54101638188 -0.03) (0.172288836341 0.541781817845 -0.03) (0.172756328211 0.542547253811 -0.03) (0.173229476141 0.543315443625 -0.03) (0.173708386234 0.544080054426 -0.03) (0.174193031419 0.544841042992 -0.03) (0.174683384301 0.545598366308 -0.03) (0.175179417162 0.546351981564 -0.03) (0.175681101963 0.547101846162 -0.03) (0.176188410344 0.547847917713 -0.03) (0.176701313631 0.548590154045 -0.03) (0.177219782829 0.549328513201 -0.03) (0.177743788632 0.550062953445 -0.03) (0.178273301419 0.550793433261 -0.03) (0.178808291259 0.551519911358 -0.03) (0.179348727911 0.55224234667 -0.03) (0.179894580824 0.55296069836 -0.03) (0.180445819145 0.553674925822 -0.03) (0.181002411713 0.554384988683 -0.03) (0.181564327066 0.555090846806 -0.03) (0.182131533441 0.55579246029 -0.03) (0.182703998775 0.556489789477 -0.03) (0.18328169071 0.557182794948 -0.03) (0.183864576589 0.55787143753 -0.03) (0.184452623464 0.558555678296 -0.03) (0.185045798096 0.559235478568 -0.03) (0.185644066953 0.55991079992 -0.03) (0.186247396218 0.560581604178 -0.03) (0.186855751786 0.561247853423 -0.03) (0.187469099269 0.561909509994 -0.03) (0.188087403996 0.562566536491 -0.03) (0.188710631018 0.563218895774 -0.03) (0.189338745104 0.563866550966 -0.03) (0.189971710749 0.564509465459 -0.03) (0.190609492175 0.56514760291 -0.03) (0.191252053329 0.565780927248 -0.03) (0.19189935789 0.566409402673 -0.03) (0.192551369267 0.567032993658 -0.03) (0.193208050605 0.567651664956 -0.03) (0.193869364784 0.568265381593 -0.03) (0.19453527442 0.56887410888 -0.03))
    polyLine 54 58 ((0.168548901381 0.535658330122 0) (0.169016393251 0.536423766088 0) (0.169483885121 0.537189202053 0) (0.169951376991 0.537954638019 0) (0.170418868861 0.538720073984 0) (0.170886360731 0.539485509949 0) (0.171353852601 0.540250945915 0) (0.171821344471 0.54101638188 0) (0.172288836341 0.541781817845 0) (0.172756328211 0.542547253811 0) (0.173229476141 0.543315443625 0) (0.173708386234 0.544080054426 0) (0.174193031419 0.544841042992 0) (0.174683384301 0.545598366308 0) (0.175179417162 0.546351981564 0) (0.175681101963 0.547101846162 0) (0.176188410344 0.547847917713 0) (0.176701313631 0.548590154045 0) (0.177219782829 0.549328513201 0) (0.177743788632 0.550062953445 0) (0.178273301419 0.550793433261 0) (0.178808291259 0.551519911358 0) (0.179348727911 0.55224234667 0) (0.179894580824 0.55296069836 0) (0.180445819145 0.553674925822 0) (0.181002411713 0.554384988683 0) (0.181564327066 0.555090846806 0) (0.182131533441 0.55579246029 0) (0.182703998775 0.556489789477 0) (0.18328169071 0.557182794948 0) (0.183864576589 0.55787143753 0) (0.184452623464 0.558555678296 0) (0.185045798096 0.559235478568 0) (0.185644066953 0.55991079992 0) (0.186247396218 0.560581604178 0) (0.186855751786 0.561247853423 0) (0.187469099269 0.561909509994 0) (0.188087403996 0.562566536491 0) (0.188710631018 0.563218895774 0) (0.189338745104 0.563866550966 0) (0.189971710749 0.564509465459 0) (0.190609492175 0.56514760291 0) (0.191252053329 0.565780927248 0) (0.19189935789 0.566409402673 0) (0.192551369267 0.567032993658 0) (0.193208050605 0.567651664956 0) (0.193869364784 0.568265381593 0) (0.19453527442 0.56887410888 0))
    polyLine 53 57 ((0.0935689132312 0.920211320743 -0.03) (0.0954185120081 0.92249469989 -0.03) (0.0972764380647 0.924782773904 -0.03) (0.0991427360671 0.92707556405 -0.03) (0.101017450995 0.929373091707 -0.03) (0.102900628144 0.931675378373 -0.03) (0.10479231313 0.933982445662 -0.03) (0.106692551887 0.936294315311 -0.03) (0.108601390677 0.938611009172 -0.03) (0.110518876087 0.940932549223 -0.03) (0.112445055033 0.943258957561 -0.03) (0.114379974763 0.945590256405 -0.03) (0.116323682864 0.9479264681 -0.03) (0.118276227256 0.950267615113 -0.03) (0.120237656203 0.952613720037 -0.03) (0.122208018311 0.954964805593 -0.03) (0.124187362535 0.957320894628 -0.03) (0.126175738176 0.959682010117 -0.03) (0.128173194891 0.962048175163 -0.03) (0.130179782691 0.964419413001 -0.03) (0.132195551945 0.966795746997 -0.03) (0.134220553384 0.969177200648 -0.03) (0.136254838105 0.971563797584 -0.03))
    polyLine 55 59 ((0.0935689132312 0.920211320743 0) (0.0954185120081 0.92249469989 0) (0.0972764380647 0.924782773904 0) (0.0991427360671 0.92707556405 0) (0.101017450995 0.929373091707 0) (0.102900628144 0.931675378373 0) (0.10479231313 0.933982445662 0) (0.106692551887 0.936294315311 0) (0.108601390677 0.938611009172 0) (0.110518876087 0.940932549223 0) (0.112445055033 0.943258957561 0) (0.114379974763 0.945590256405 0) (0.116323682864 0.9479264681 0) (0.118276227256 0.950267615113 0) (0.120237656203 0.952613720037 0) (0.122208018311 0.954964805593 0) (0.124187362535 0.957320894628 0) (0.126175738176 0.959682010117 0) (0.128173194891 0.962048175163 0) (0.130179782691 0.964419413001 0) (0.132195551945 0.966795746997 0) (0.134220553384 0.969177200648 0) (0.136254838105 0.971563797584 0))
    polyLine 56 60 ((0.195205741874 0.569477812405 -0.03) (0.195880729246 0.570076458045 -0.03) (0.19656019838 0.57067001196 -0.03) (0.197244110868 0.571258440597 -0.03) (0.197932428052 0.571841710696 -0.03) (0.198625111023 0.572419789285 -0.03) (0.199322120626 0.572992643688 -0.03) (0.200023417462 0.573560241523 -0.03) (0.200728961887 0.574122550707 -0.03) (0.201438714021 0.574679539452 -0.03) (0.202152633742 0.575231176275 -0.03) (0.202870680697 0.575777429993 -0.03) (0.203592814295 0.576318269729 -0.03) (0.204318993717 0.576853664911 -0.03) (0.205049177915 0.577383585274 -0.03) (0.205783325613 0.577908000863 -0.03) (0.206521395313 0.578426882036 -0.03) (0.207263345294 0.578940199462 -0.03) (0.208009133616 0.579447924124 -0.03) (0.208758718122 0.579950027323 -0.03) (0.20951205644 0.580446480676 -0.03) (0.210269105988 0.58093725612 -0.03) (0.21102982397 0.581422325914 -0.03) (0.211794167387 0.581901662638 -0.03) (0.212562093032 0.582375239197 -0.03) (0.213333557498 0.582843028821 -0.03) (0.214108517175 0.583305005067 -0.03) (0.214886928258 0.583761141821 -0.03) (0.215668746747 0.584211413301 -0.03) (0.216453928446 0.584655794052 -0.03) (0.217242428974 0.585094258956 -0.03) (0.218034203757 0.585526783228 -0.03) (0.21882920804 0.585953342419 -0.03) (0.219627396885 0.586373912416 -0.03) (0.220428725171 0.586788469446 -0.03) (0.221233147602 0.587196990077 -0.03) (0.222040618708 0.587599451214 -0.03) (0.222851092844 0.587995830109 -0.03) (0.223664524197 0.588386104356 -0.03) (0.224480866786 0.588770251893 -0.03) (0.225300074467 0.589148251006 -0.03) (0.226122100932 0.589520080329 -0.03) (0.226946899714 0.589885718842 -0.03) (0.227774424191 0.590245145877 -0.03) (0.228604627585 0.590598341118 -0.03) (0.229437462968 0.590945284598 -0.03) (0.230272883262 0.591285956708 -0.03) (0.231110841244 0.591620338189 -0.03) (0.231951289546 0.59194841014 -0.03))
    polyLine 58 62 ((0.195205741874 0.569477812405 0) (0.195880729246 0.570076458045 0) (0.19656019838 0.57067001196 0) (0.197244110868 0.571258440597 0) (0.197932428052 0.571841710696 0) (0.198625111023 0.572419789285 0) (0.199322120626 0.572992643688 0) (0.200023417462 0.573560241523 0) (0.200728961887 0.574122550707 0) (0.201438714021 0.574679539452 0) (0.202152633742 0.575231176275 0) (0.202870680697 0.575777429993 0) (0.203592814295 0.576318269729 0) (0.204318993717 0.576853664911 0) (0.205049177915 0.577383585274 0) (0.205783325613 0.577908000863 0) (0.206521395313 0.578426882036 0) (0.207263345294 0.578940199462 0) (0.208009133616 0.579447924124 0) (0.208758718122 0.579950027323 0) (0.20951205644 0.580446480676 0) (0.210269105988 0.58093725612 0) (0.21102982397 0.581422325914 0) (0.211794167387 0.581901662638 0) (0.212562093032 0.582375239197 0) (0.213333557498 0.582843028821 0) (0.214108517175 0.583305005067 0) (0.214886928258 0.583761141821 0) (0.215668746747 0.584211413301 0) (0.216453928446 0.584655794052 0) (0.217242428974 0.585094258956 0) (0.218034203757 0.585526783228 0) (0.21882920804 0.585953342419 0) (0.219627396885 0.586373912416 0) (0.220428725171 0.586788469446 0) (0.221233147602 0.587196990077 0) (0.222040618708 0.587599451214 0) (0.222851092844 0.587995830109 0) (0.223664524197 0.588386104356 0) (0.224480866786 0.588770251893 0) (0.225300074467 0.589148251006 0) (0.226122100932 0.589520080329 0) (0.226946899714 0.589885718842 0) (0.227774424191 0.590245145877 0) (0.228604627585 0.590598341118 0) (0.229437462968 0.590945284598 0) (0.230272883262 0.591285956708 0) (0.231110841244 0.591620338189 0) (0.231951289546 0.59194841014 0))
    polyLine 57 61 ((0.140700613119 0.976759585721 -0.03) (0.143115693042 0.979570749533 -0.03) (0.145543781632 0.982389091736 -0.03) (0.147984963898 0.985214651321 -0.03) (0.15043932557 0.988047467541 -0.03) (0.152906953107 0.99088757991 -0.03) (0.155387933704 0.99373502821 -0.03) (0.1578823553 0.996589852489 -0.03) (0.160390306585 0.999452093069 -0.03) (0.162911877009 1.00232179054 -0.03) (0.165447156787 1.00519898577 -0.03) (0.167996236911 1.00808371991 -0.03) (0.170559209153 1.01097603438 -0.03) (0.173136166076 1.01387597089 -0.03) (0.175727201044 1.01678357143 -0.03) (0.178332408225 1.01969887829 -0.03) (0.180951882604 1.02262193403 -0.03) (0.183585719988 1.02555278153 -0.03) (0.186234017018 1.02849146393 -0.03) (0.188896871174 1.03143802471 -0.03) (0.191574380787 1.03439250761 -0.03) (0.194266645046 1.03735495671 -0.03) (0.196973764007 1.04032541636 -0.03))
    polyLine 59 63 ((0.140700613119 0.976759585721 0) (0.143115693042 0.979570749533 0) (0.145543781632 0.982389091736 0) (0.147984963898 0.985214651321 0) (0.15043932557 0.988047467541 0) (0.152906953107 0.99088757991 0) (0.155387933704 0.99373502821 0) (0.1578823553 0.996589852489 0) (0.160390306585 0.999452093069 0) (0.162911877009 1.00232179054 0) (0.165447156787 1.00519898577 0) (0.167996236911 1.00808371991 0) (0.170559209153 1.01097603438 0) (0.173136166076 1.01387597089 0) (0.175727201044 1.01678357143 0) (0.178332408225 1.01969887829 0) (0.180951882604 1.02262193403 0) (0.183585719988 1.02555278153 0) (0.186234017018 1.02849146393 0) (0.188896871174 1.03143802471 0) (0.191574380787 1.03439250761 0) (0.194266645046 1.03735495671 0) (0.196973764007 1.04032541636 0))
    polyLine 60 64 ((0.232794180661 0.592270154016 -0.03) (0.233639466943 0.59258555163 -0.03) (0.234487100611 0.592894585154 -0.03) (0.23533703375 0.593197237119 -0.03) (0.236189218318 0.593493490417 -0.03) (0.237043606142 0.593783328303 -0.03) (0.237900148927 0.594066734391 -0.03) (0.238758798255 0.594343692663 -0.03) (0.239619505591 0.594614187463 -0.03) (0.24048222228 0.5948782035 -0.03) (0.241346899556 0.595135725851 -0.03) (0.242213488543 0.595386739959 -0.03) (0.243081940254 0.595631231634 -0.03) (0.243952205598 0.595869187057 -0.03) (0.244824235384 0.596100592777 -0.03) (0.245697980317 0.596325435712 -0.03) (0.246573391007 0.596543703154 -0.03) (0.247450417972 0.596755382765 -0.03) (0.248329011634 0.596960462578 -0.03) (0.249209122331 0.597158931002 -0.03) (0.250090700312 0.597350776818 -0.03) (0.250973695745 0.59753598918 -0.03) (0.251858058716 0.597714557621 -0.03) (0.252743739237 0.597886472045 -0.03) (0.253630687242 0.598051722736 -0.03) (0.254518852594 0.598210300352 -0.03) (0.25540818509 0.598362195929 -0.03) (0.256298634457 0.598507400881 -0.03) (0.257190150362 0.598645907 -0.03) (0.25808268241 0.598777706456 -0.03) (0.258976180149 0.598902791801 -0.03) (0.259870593073 0.599021155962 -0.03) (0.260765870624 0.59913279225 -0.03) (0.261661962194 0.599237694353 -0.03) (0.262558817131 0.599335856343 -0.03) (0.263456384738 0.599427272669 -0.03) (0.264354614278 0.599511938166 -0.03) (0.265253454979 0.599589848046 -0.03) (0.26615285603 0.599660997906 -0.03) (0.267052766592 0.599725383725 -0.03) (0.267953135796 0.599783001862 -0.03) (0.268853912748 0.59983384906 -0.03) (0.269755046528 0.599877922446 -0.03) (0.2706564862 0.599915219528 -0.03) (0.271558180807 0.599945738197 -0.03) (0.27246007938 0.59996947673 -0.03) (0.273362130937 0.599986433782 -0.03) (0.274264284489 0.599996608398 -0.03))
    polyLine 62 66 ((0.232794180661 0.592270154016 0) (0.233639466943 0.59258555163 0) (0.234487100611 0.592894585154 0) (0.23533703375 0.593197237119 0) (0.236189218318 0.593493490417 0) (0.237043606142 0.593783328303 0) (0.237900148927 0.594066734391 0) (0.238758798255 0.594343692663 0) (0.239619505591 0.594614187463 0) (0.24048222228 0.5948782035 0) (0.241346899556 0.595135725851 0) (0.242213488543 0.595386739959 0) (0.243081940254 0.595631231634 0) (0.243952205598 0.595869187057 0) (0.244824235384 0.596100592777 0) (0.245697980317 0.596325435712 0) (0.246573391007 0.596543703154 0) (0.247450417972 0.596755382765 0) (0.248329011634 0.596960462578 0) (0.249209122331 0.597158931002 0) (0.250090700312 0.597350776818 0) (0.250973695745 0.59753598918 0) (0.251858058716 0.597714557621 0) (0.252743739237 0.597886472045 0) (0.253630687242 0.598051722736 0) (0.254518852594 0.598210300352 0) (0.25540818509 0.598362195929 0) (0.256298634457 0.598507400881 0) (0.257190150362 0.598645907 0) (0.25808268241 0.598777706456 0) (0.258976180149 0.598902791801 0) (0.259870593073 0.599021155962 0) (0.260765870624 0.59913279225 0) (0.261661962194 0.599237694353 0) (0.262558817131 0.599335856343 0) (0.263456384738 0.599427272669 0) (0.264354614278 0.599511938166 0) (0.265253454979 0.599589848046 0) (0.26615285603 0.599660997906 0) (0.267052766592 0.599725383725 0) (0.267953135796 0.599783001862 0) (0.268853912748 0.59983384906 0) (0.269755046528 0.599877922446 0) (0.2706564862 0.599915219528 0) (0.271558180807 0.599945738197 0) (0.27246007938 0.59996947673 0) (0.273362130937 0.599986433782 0) (0.274264284489 0.599996608398 0))
    polyLine 61 65 ((0.202628918035 1.04650403364 -0.03) (0.205579407518 1.0497134896 -0.03) (0.208547434599 1.05293235528 -0.03) (0.211533128029 1.05616068726 -0.03) (0.214536617779 1.05939854252 -0.03) (0.217558035053 1.0626459785 -0.03) (0.220597512304 1.06590305305 -0.03) (0.223655183244 1.0691698245 -0.03) (0.226731182861 1.07244635157 -0.03) (0.229825647434 1.07573269346 -0.03) (0.232938714547 1.07902890983 -0.03) (0.236070523104 1.08233506079 -0.03) (0.239221213343 1.08565120688 -0.03) (0.242390926855 1.08897740917 -0.03) (0.245579806595 1.09231372914 -0.03) (0.248787996899 1.09566022877 -0.03) (0.252015643503 1.09901697054 -0.03) (0.255262893557 1.10238401738 -0.03) (0.25852989564 1.10576143274 -0.03) (0.26181679978 1.10914928055 -0.03) (0.265123757466 1.11254762523 -0.03) (0.268450921672 1.11595653173 -0.03) (0.271798446867 1.1193760655 -0.03))
    polyLine 63 67 ((0.202628918035 1.04650403364 0) (0.205579407518 1.0497134896 0) (0.208547434599 1.05293235528 0) (0.211533128029 1.05616068726 0) (0.214536617779 1.05939854252 0) (0.217558035053 1.0626459785 0) (0.220597512304 1.06590305305 0) (0.223655183244 1.0691698245 0) (0.226731182861 1.07244635157 0) (0.229825647434 1.07573269346 0) (0.232938714547 1.07902890983 0) (0.236070523104 1.08233506079 0) (0.239221213343 1.08565120688 0) (0.242390926855 1.08897740917 0) (0.245579806595 1.09231372914 0) (0.248787996899 1.09566022877 0) (0.252015643503 1.09901697054 0) (0.255262893557 1.10238401738 0) (0.25852989564 1.10576143274 0) (0.26181679978 1.10914928055 0) (0.265123757466 1.11254762523 0) (0.268450921672 1.11595653173 0) (0.271798446867 1.1193760655 0))
);

boundary
(
    body_fore
    {
        type wall;
        faces
        (
            (0 2 6 4)
            (4 6 10 8)
            (8 10 14 12)
            (12 14 18 16)
            (16 18 22 20)
            (20 22 26 24)
            (24 26 30 28)
            (28 30 34 32)
            (32 34 38 36)
            (36 38 42 40)
            (40 42 46 44)
            (44 46 50 48)
            (48 50 54 52)
            (52 54 58 56)
            (56 58 62 60)
            (60 62 66 64)
        );
    }
    freestream
    {
        type patch;
        faces
        (
            (1 5 7 3)
            (5 9 11 7)
            (9 13 15 11)
            (13 17 19 15)
            (17 21 23 19)
            (21 25 27 23)
            (25 29 31 27)
            (29 33 35 31)
            (33 37 39 35)
            (37 41 43 39)
            (41 45 47 43)
            (45 49 51 47)
            (49 53 55 51)
            (53 57 59 55)
            (57 61 63 59)
            (61 65 67 63)
        );
    }
    outlet
    {
        type patch;
        faces
        (
            (64 66 67 65)
        );
    }
    axis
    {
        type patch;
        faces
        (
            (0 1 3 2)
        );
    }
    front
    {
        type patch;
        faces
        (
            (2 6 7 3)
            (6 10 11 7)
            (10 14 15 11)
            (14 18 19 15)
            (18 22 23 19)
            (22 26 27 23)
            (26 30 31 27)
            (30 34 35 31)
            (34 38 39 35)
            (38 42 43 39)
            (42 46 47 43)
            (46 50 51 47)
            (50 54 55 51)
            (54 58 59 55)
            (58 62 63 59)
            (62 66 67 63)
        );
    }
    back
    {
        type patch;
        faces
        (
            (0 1 5 4)
            (4 5 9 8)
            (8 9 13 12)
            (12 13 17 16)
            (16 17 21 20)
            (20 21 25 24)
            (24 25 29 28)
            (28 29 33 32)
            (32 33 37 36)
            (36 37 41 40)
            (40 41 45 44)
            (44 45 49 48)
            (48 49 53 52)
            (52 53 57 56)
            (56 57 61 60)
            (60 61 65 64)
        );
    }
);
