FoamFile
{
    version     2.0;
    format      ascii;
    class       dictionary;
    object      blockMeshDict;
}
// Generated by aether.cfd - do not edit by hand. Regenerate from the run config.

scale 1;

vertices
(
    (0 0 -0.03)
    (-0.217319961718 7.54098494191e-17 -0.03)
    (0 0 0)
    (-0.217319961718 7.54098494191e-17 0)
    (0.00197982161145 0.0474625875749 -0.03)
    (-0.214261420295 0.0733495680713 -0.03)
    (0.00197982161145 0.0474625875749 0)
    (-0.214261420295 0.0733495680713 0)
    (0.00790498267987 0.0945954735227 -0.03)
    (-0.205333330564 0.146245019369 -0.03)
    (0.00790498267987 0.0945954735227 0)
    (-0.205333330564 0.146245019369 0)
    (0.0177345894826 0.14107122549 -0.03)
    (-0.191156542559 0.218474628118 -0.03)
    (0.0177345894826 0.14107122549 0)
    (-0.191156542559 0.218474628118 0)
    (0.0314003719782 0.186566971158 -0.03)
    (-0.172460632622 0.290187612537 -0.03)
    (0.0314003719782 0.186566971158 0)
    (-0.172460632622 0.290187612537 0)
    (0.048807131619 0.230766762928 -0.03)
    (-0.149851793463 0.361883736077 -0.03)
    (0.048807131619 0.230766762928 0)
    (-0.149851793463 0.361883736077 0)
    (0.0698344399409 0.273363349541 -0.03)
    (-0.12369098654 0.434351010692 -0.03)
    (0.0698344399409 0.273363349541 0)
    (-0.12369098654 0.434351010692 0)
    (0.0943357563257 0.314061039339 -0.03)
    (-0.0940579396407 0.508617768031 -0.03)
    (0.0943357563257 0.314061039339 0)
    (-0.0940579396407 0.508617768031 0)
    (0.122141086389 0.35257701411 -0.03)
    (-0.0607480769455 0.585949644155 -0.03)
    (0.122141086389 0.35257701411 0)
    (-0.0607480769455 0.585949644155 0)
    (0.153027788618 0.388670758785 -0.03)
    (-0.023273388466 0.667877834899 -0.03)
    (0.153027788618 0.388670758785 0)
    (-0.023273388466 0.667877834899 0)
    (0.185016024835 0.423808735611 -0.03)
    (0.0183820401377 0.754691097244 -0.03)
    (0.185016024835 0.423808735611 0)
    (0.0183820401377 0.754691097244 0)
    (0.217004261052 0.458946712437 -0.03)
    (0.0639462506735 0.84609370413 -0.03)
    (0.217004261052 0.458946712437 0)
    (0.0639462506735 0.84609370413 0)
    (0.248992497269 0.494084689262 -0.03)
    (0.113404532054 0.942324144757 -0.03)
    (0.248992497269 0.494084689262 0)
    (0.113404532054 0.942324144757 0)
    (0.280980733486 0.529222666088 -0.03)
    (0.166791452481 1.04367627132 -0.03)
    (0.280980733486 0.529222666088 0)
    (0.166791452481 1.04367627132 0)
    (0.313040807047 0.564293442166 -0.03)
    (0.224289716573 1.15067903886 -0.03)
    (0.313040807047 0.564293442166 0)
    (0.224289716573 1.15067903886 0)
    (0.352162788224 0.590713686085 -0.03)
    (0.297760298197 1.28502107502 -0.03)
    (0.352162788224 0.590713686085 0)
    (0.297760298197 1.28502107502 0)
    (0.398448188508 0.6 -0.03)
    (0.398448188508 1.46603691083 -0.03)
    (0.398448188508 0.6 0)
    (0.398448188508 1.46603691083 0)
);

blocks
(
    hex (0 4 5 1 2 6 7 3) (4 48 1) simpleGrading (1 4 1)
    hex (4 8 9 5 6 10 11 7) (4 48 1) simpleGrading (1 4 1)
    hex (8 12 13 9 10 14 15 11) (4 48 1) simpleGrading (1 4 1)
    hex (12 16 17 13 14 18 19 15) (4 48 1) simpleGrading (1 4 1)
    hex (16 20 21 17 18 22 23 19) (4 48 1) simpleGrading (1 4 1)
    hex (20 24 25 21 22 26 27 23) (4 48 1) simpleGrading (1 4 1)
    hex (24 28 29 25 26 30 31 27) (4 48 1) simpleGrading (1 4 1)
    hex (28 32 33 29 30 34 35 31) (4 48 1) simpleGrading (1 4 1)
    hex (32 36 37 33 34 38 39 35) (4 48 1) simpleGrading (1 4 1)
    hex (36 40 41 37 38 42 43 39) (4 48 1) simpleGrading (1 4 1)
    hex (40 44 45 41 42 46 47 43) (4 48 1) simpleGrading (1 4 1)
    hex (44 48 49 45 46 50 51 47) (4 48 1) simpleGrading (1 4 1)
    hex (48 52 53 49 50 54 55 51) (4 48 1) simpleGrading (1 4 1)
    hex (52 56 57 53 54 58 59 55) (4 48 1) simpleGrading (1 4 1)
    hex (56 60 61 57 58 62 63 59) (4 48 1) simpleGrading (1 4 1)
    hex (60 64 65 61 62 66 67 63) (4 48 1) simpleGrading (1 4 1)
);

edges
(
    polyLine 0 4 ((6.94702003768e-07 0.000889883762251 -0.03) (2.77880632164e-06 0.00177976535518 -0.03) (6.25230787302e-06 0.00266964260948 -0.03) (1.11151981904e-05 0.00355951335584 -0.03) (1.73674654192e-05 0.00444937542497 -0.03) (2.50090943179e-05 0.00533922664761 -0.03) (3.40400662582e-05 0.00622906485452 -0.03) (4.44603592246e-05 0.00711888787649 -0.03) (5.62699478151e-05 0.00800869354434 -0.03) (6.94688032408e-05 0.00889847968896 -0.03) (8.40568933261e-05 0.00978824414125 -0.03) (0.000100034182509 0.0106779847322 -0.03) (0.00011740063184 0.0115676992928 -0.03) (0.000136156198985 0.0124573856542 -0.03) (0.000156300838221 0.0133470416475 -0.03) (0.000177834500442 0.014236665104 -0.03) (0.000200757133154 0.0151262538549 -0.03) (0.000225068680476 0.0160158057318 -0.03) (0.000250769083143 0.016905318566 -0.03) (0.000277858278503 0.0177947901892 -0.03) (0.000306336200521 0.018684218433 -0.03) (0.000336202779773 0.0195736011292 -0.03) (0.000367457943452 0.0204629361098 -0.03) (0.000400101615367 0.0213522212067 -0.03) (0.000434133715938 0.0222414542521 -0.03) (0.000469554162205 0.0231306330783 -0.03) (0.000506362867821 0.0240197555176 -0.03) (0.000544559743055 0.0249088194026 -0.03) (0.000584144694793 0.025797822566 -0.03) (0.000625117626536 0.0266867628406 -0.03) (0.000667478438403 0.0275756380594 -0.03) (0.000711227027127 0.0284644460555 -0.03) (0.000756363286061 0.0293531846622 -0.03) (0.000802887105173 0.030241851713 -0.03) (0.00085079837105 0.0311304450416 -0.03) (0.000900096966895 0.0320189624817 -0.03) (0.000950782772531 0.0329074018673 -0.03) (0.0010028556644 0.0337957610328 -0.03) (0.00105631551556 0.0346840378124 -0.03) (0.00111116219568 0.0355722300409 -0.03) (0.00116739557107 0.0364603355528 -0.03) (0.00122501550464 0.0373483521834 -0.03) (0.00128402185593 0.0382362777678 -0.03) (0.0013444144811 0.0391241101415 -0.03) (0.00140619323292 0.0400118471401 -0.03) (0.00146935796079 0.0408994865997 -0.03) (0.00153390851073 0.0417870263562 -0.03) (0.00159984472538 0.0426744642461 -0.03) (0.00166716644401 0.0435617981062 -0.03) (0.0017358735025 0.0444490257731 -0.03) (0.00180596573337 0.0453361450842 -0.03) (0.00187744296573 0.0462231538768 -0.03) (0.00195030502536 0.0471100499887 -0.03))
    polyLine 2 6 ((6.94702003768e-07 0.000889883762251 0) (2.77880632164e-06 0.00177976535518 0) (6.25230787302e-06 0.00266964260948 0) (1.11151981904e-05 0.00355951335584 0) (1.73674654192e-05 0.00444937542497 0) (2.50090943179e-05 0.00533922664761 0) (3.40400662582e-05 0.00622906485452 0) (4.44603592246e-05 0.00711888787649 0) (5.62699478151e-05 0.00800869354434 0) (6.94688032408e-05 0.00889847968896 0) (8.40568933261e-05 0.00978824414125 0) (0.000100034182509 0.0106779847322 0) (0.00011740063184 0.0115676992928 0) (0.000136156198985 0.0124573856542 0) (0.000156300838221 0.0133470416475 0) (0.000177834500442 0.014236665104 0) (0.000200757133154 0.0151262538549 0) (0.000225068680476 0.0160158057318 0) (0.000250769083143 0.016905318566 0) (0.000277858278503 0.0177947901892 0) (0.000306336200521 0.018684218433 0) (0.000336202779773 0.0195736011292 0) (0.000367457943452 0.0204629361098 0) (0.000400101615367 0.0213522212067 0) (0.000434133715938 0.0222414542521 0) (0.000469554162205 0.0231306330783 0) (0.000506362867821 0.0240197555176 0) (0.000544559743055 0.0249088194026 0) (0.000584144694793 0.025797822566 0) (0.000625117626536 0.0266867628406 0) (0.000667478438403 0.0275756380594 0) (0.000711227027127 0.0284644460555 0) (0.000756363286061 0.0293531846622 0) (0.000802887105173 0.030241851713 0) (0.00085079837105 0.0311304450416 0) (0.000900096966895 0.0320189624817 0) (0.000950782772531 0.0329074018673 0) (0.0010028556644 0.0337957610328 0) (0.00105631551556 0.0346840378124 0) (0.00111116219568 0.0355722300409 0) (0.00116739557107 0.0364603355528 0) (0.00122501550464 0.0373483521834 0) (0.00128402185593 0.0382362777678 0) (0.0013444144811 0.0391241101415 0) (0.00140619323292 0.0400118471401 0) (0.00146935796079 0.0408994865997 0) (0.00153390851073 0.0417870263562 0) (0.00159984472538 0.0426744642461 0) (0.00166716644401 0.0435617981062 0) (0.0017358735025 0.0444490257731 0) (0.00180596573337 0.0453361450842 0) (0.00187744296573 0.0462231538768 0) (0.00195030502536 0.0471100499887 0))
    polyLine 1 5 ((-0.217314623111 0.00305693887956 -0.03) (-0.217298607898 0.00611386942736 -0.03) (-0.21727191791 0.00917078334552 -0.03) (-0.217234556196 0.0122276724039 -0.03) (-0.217186527016 0.0152845284737 -0.03) (-0.217127835845 0.0183413435614 -0.03) (-0.217058489357 0.0213981098422 -0.03) (-0.216978495425 0.0244548196931 -0.03) (-0.21688786311 0.0275114657264 -0.03) (-0.216786602651 0.0305680408226 -0.03) (-0.216674725452 0.0336245381628 -0.03) (-0.216552244073 0.0366809512612 -0.03) (-0.216419172215 0.0397372739972 -0.03) (-0.216275524705 0.0427935006468 -0.03) (-0.216121317478 0.0458496259141 -0.03) (-0.215956567565 0.0489056449622 -0.03) (-0.21578129307 0.0519615534433 -0.03) (-0.215595513151 0.0550173475289 -0.03) (-0.215399248004 0.0580730239391 -0.03) (-0.215192518835 0.0611285799718 -0.03) (-0.214975347844 0.0641840135307 -0.03) (-0.214747758197 0.0672393231532 -0.03) (-0.214509774004 0.070294508038 -0.03))
    polyLine 3 7 ((-0.217314623111 0.00305693887956 0) (-0.217298607898 0.00611386942736 0) (-0.21727191791 0.00917078334552 0) (-0.217234556196 0.0122276724039 0) (-0.217186527016 0.0152845284737 0) (-0.217127835845 0.0183413435614 0) (-0.217058489357 0.0213981098422 0) (-0.216978495425 0.0244548196931 0) (-0.21688786311 0.0275114657264 0) (-0.216786602651 0.0305680408226 0) (-0.216674725452 0.0336245381628 0) (-0.216552244073 0.0366809512612 0) (-0.216419172215 0.0397372739972 0) (-0.216275524705 0.0427935006468 0) (-0.216121317478 0.0458496259141 0) (-0.215956567565 0.0489056449622 0) (-0.21578129307 0.0519615534433 0) (-0.215595513151 0.0550173475289 0) (-0.215399248004 0.0580730239391 0) (-0.215192518835 0.0611285799718 0) (-0.214975347844 0.0641840135307 0) (-0.214747758197 0.0672393231532 0) (-0.214509774004 0.070294508038 0))
    polyLine 4 8 ((0.00202455173463 0.0479968312577 -0.03) (0.00210018291253 0.0488834955221 -0.03) (0.00217719837472 0.0497700406206 -0.03) (0.00225559793343 0.0506564643917 -0.03) (0.00233538139755 0.0515427646748 -0.03) (0.00241654857259 0.0524289393092 -0.03) (0.00249909926068 0.0533149861346 -0.03) (0.00258303326059 0.0542009029911 -0.03) (0.00266835036769 0.055086687719 -0.03) (0.00275505037402 0.055972338159 -0.03) (0.00284313306821 0.056857852152 -0.03) (0.00293259823554 0.0577432275395 -0.03) (0.00302344565793 0.0586284621631 -0.03) (0.00311567511389 0.0595135538648 -0.03) (0.00320928637861 0.0603985004869 -0.03) (0.00330427922388 0.0612832998722 -0.03) (0.00340065341813 0.0621679498638 -0.03) (0.00349840872642 0.0630524483051 -0.03) (0.00359754491046 0.0639367930399 -0.03) (0.00369806172856 0.0648209819124 -0.03) (0.0037999589357 0.0657050127671 -0.03) (0.00390323628347 0.066588883449 -0.03) (0.00400789352011 0.0674725918035 -0.03) (0.00411393039049 0.0683561356762 -0.03) (0.00422134663612 0.0692395129134 -0.03) (0.00433014199514 0.0701227213614 -0.03) (0.00444031620235 0.0710057588674 -0.03) (0.00455186898915 0.0718886232787 -0.03) (0.00466480008361 0.072771312443 -0.03) (0.00477910921043 0.0736538242087 -0.03) (0.00489479609096 0.0745361564242 -0.03) (0.00501186044317 0.0754183069388 -0.03) (0.0051303019817 0.0763002736019 -0.03) (0.00525012041782 0.0771820542636 -0.03) (0.00537131545942 0.0780636467742 -0.03) (0.00549388681108 0.0789450489847 -0.03) (0.00561783417399 0.0798262587465 -0.03) (0.00574315724599 0.0807072739112 -0.03) (0.00586985572159 0.0815880923313 -0.03) (0.00599792929191 0.0824687118596 -0.03) (0.00612737764476 0.0833491303492 -0.03) (0.00625820046456 0.084229345654 -0.03) (0.0063903974324 0.0851093556281 -0.03) (0.00652396822602 0.0859891581264 -0.03) (0.0066589125198 0.0868687510041 -0.03) (0.00679522998478 0.087748132117 -0.03) (0.00693292028866 0.0886272993213 -0.03) (0.00707198309577 0.0895062504739 -0.03) (0.00721241806713 0.0903849834321 -0.03) (0.00735422486037 0.0912634960537 -0.03) (0.00749740312981 0.0921417861971 -0.03) (0.00764195252642 0.0930198517214 -0.03) (0.00778787269782 0.0938976904859 -0.03))
    polyLine 6 10 ((0.00202455173463 0.0479968312577 0) (0.00210018291253 0.0488834955221 0) (0.00217719837472 0.0497700406206 0) (0.00225559793343 0.0506564643917 0) (0.00233538139755 0.0515427646748 0) (0.00241654857259 0.0524289393092 0) (0.00249909926068 0.0533149861346 0) (0.00258303326059 0.0542009029911 0) (0.00266835036769 0.055086687719 0) (0.00275505037402 0.055972338159 0) (0.00284313306821 0.056857852152 0) (0.00293259823554 0.0577432275395 0) (0.00302344565793 0.0586284621631 0) (0.00311567511389 0.0595135538648 0) (0.00320928637861 0.0603985004869 0) (0.00330427922388 0.0612832998722 0) (0.00340065341813 0.0621679498638 0) (0.00349840872642 0.0630524483051 0) (0.00359754491046 0.0639367930399 0) (0.00369806172856 0.0648209819124 0) (0.0037999589357 0.0657050127671 0) (0.00390323628347 0.066588883449 0) (0.00400789352011 0.0674725918035 0) (0.00411393039049 0.0683561356762 0) (0.00422134663612 0.0692395129134 0) (0.00433014199514 0.0701227213614 0) (0.00444031620235 0.0710057588674 0) (0.00455186898915 0.0718886232787 0) (0.00466480008361 0.072771312443 0) (0.00477910921043 0.0736538242087 0) (0.00489479609096 0.0745361564242 0) (0.00501186044317 0.0754183069388 0) (0.0051303019817 0.0763002736019 0) (0.00525012041782 0.0771820542636 0) (0.00537131545942 0.0780636467742 0) (0.00549388681108 0.0789450489847 0) (0.00561783417399 0.0798262587465 0) (0.00574315724599 0.0807072739112 0) (0.00586985572159 0.0815880923313 0) (0.00599792929191 0.0824687118596 0) (0.00612737764476 0.0833491303492 0) (0.00625820046456 0.084229345654 0) (0.0063903974324 0.0851093556281 0) (0.00652396822602 0.0859891581264 0) (0.0066589125198 0.0868687510041 0) (0.00679522998478 0.087748132117 0) (0.00693292028866 0.0886272993213 0) (0.00707198309577 0.0895062504739 0) (0.00721241806713 0.0903849834321 0) (0.00735422486037 0.0912634960537 0) (0.00749740312981 0.0921417861971 0) (0.00764195252642 0.0930198517214 0) (0.00778787269782 0.0938976904859 0))
    polyLine 5 9 ((-0.214004172089 0.0763877249172 -0.03) (-0.213736719945 0.0794257601872 -0.03) (-0.213459091029 0.0824636759436 -0.03) (-0.2131713133 0.0855014750193 -0.03) (-0.212873415481 0.0885391610404 -0.03) (-0.212565427033 0.0915767384487 -0.03) (-0.212247378124 0.094614212523 -0.03) (-0.211919299597 0.0976515894 -0.03) (-0.211581222947 0.100688876094 -0.03) (-0.21123318028 0.103726080518 -0.03) (-0.210875204294 0.1067632115 -0.03) (-0.210507328238 0.109800278802 -0.03) (-0.210129585884 0.11283729314 -0.03) (-0.209742011496 0.115874266197 -0.03) (-0.209344639798 0.11891121064 -0.03) (-0.208937505941 0.121948140139 -0.03) (-0.208520645469 0.124985069375 -0.03) (-0.208094094289 0.12802201406 -0.03) (-0.207657888638 0.131058990949 -0.03) (-0.207212065049 0.134096017851 -0.03) (-0.206756660321 0.137133113643 -0.03) (-0.206291711483 0.14017029828 -0.03) (-0.205817255765 0.143207592807 -0.03))
    polyLine 7 11 ((-0.214004172089 0.0763877249172 0) (-0.213736719945 0.0794257601872 0) (-0.213459091029 0.0824636759436 0) (-0.2131713133 0.0855014750193 0) (-0.212873415481 0.0885391610404 0) (-0.212565427033 0.0915767384487 0) (-0.212247378124 0.094614212523 0) (-0.211919299597 0.0976515894 0) (-0.211581222947 0.100688876094 0) (-0.21123318028 0.103726080518 0) (-0.210875204294 0.1067632115 0) (-0.210507328238 0.109800278802 0) (-0.210129585884 0.11283729314 0) (-0.209742011496 0.115874266197 0) (-0.209344639798 0.11891121064 0) (-0.208937505941 0.121948140139 0) (-0.208520645469 0.124985069375 0) (-0.208094094289 0.12802201406 0) (-0.207657888638 0.131058990949 0) (-0.207212065049 0.134096017851 0) (-0.206756660321 0.137133113643 0) (-0.206291711483 0.14017029828 0) (-0.205817255765 0.143207592807 0))
    polyLine 8 12 ((0.0079351632883 0.0947753003507 -0.03) (0.00808382393879 0.0956526791765 -0.03) (0.00823385428689 0.0965298248244 -0.03) (0.00838525396687 0.0974067351561 -0.03) (0.00853802260966 0.0982834080339 -0.03) (0.00869215984284 0.0991598413207 -0.03) (0.00884766529065 0.10003603288 -0.03) (0.00900453857403 0.100911980576 -0.03) (0.00916277931054 0.101787682273 -0.03) (0.00932238711444 0.102663135837 -0.03) (0.00948336159664 0.103538339132 -0.03) (0.00964570236472 0.104413290027 -0.03) (0.00980940902294 0.105287986387 -0.03) (0.00997448117222 0.106162426081 -0.03) (0.0101409184102 0.107036606977 -0.03) (0.010308720331 0.107910526944 -0.03) (0.0104778865257 0.108784183851 -0.03) (0.0106484165819 0.109657575569 -0.03) (0.0108203100839 0.110530699969 -0.03) (0.0109935666126 0.111403554921 -0.03) (0.0111681857456 0.112276138299 -0.03) (0.0113441670574 0.113148447975 -0.03) (0.0115215101188 0.114020481823 -0.03) (0.0117002144976 0.114892237716 -0.03) (0.0118802797582 0.11576371353 -0.03) (0.0120617054615 0.116634907141 -0.03) (0.0122444911654 0.117505816424 -0.03) (0.0124286364242 0.118376439257 -0.03) (0.012614140789 0.119246773516 -0.03) (0.0128010038076 0.120116817081 -0.03) (0.0129892250245 0.120986567831 -0.03) (0.0131788039808 0.121856023645 -0.03) (0.0133697402144 0.122725182404 -0.03) (0.0135620332599 0.123594041988 -0.03) (0.0137556826484 0.12446260028 -0.03) (0.013950687908 0.125330855163 -0.03) (0.0141470485632 0.12619880452 -0.03) (0.0143447641353 0.127066446235 -0.03) (0.0145438341424 0.127933778193 -0.03) (0.0147442580992 0.128800798279 -0.03) (0.0149460355171 0.129667504381 -0.03) (0.0151491659042 0.130533894385 -0.03) (0.0153536487654 0.131399966179 -0.03) (0.0155594836021 0.132265717652 -0.03) (0.0157666699126 0.133131146693 -0.03) (0.0159752071918 0.133996251193 -0.03) (0.0161850949313 0.134861029043 -0.03) (0.0163963326195 0.135725478135 -0.03) (0.0166089197415 0.136589596361 -0.03) (0.016822855779 0.137453381615 -0.03) (0.0170381402105 0.138316831791 -0.03) (0.0172547725111 0.139179944784 -0.03) (0.0174727521529 0.140042718491 -0.03) (0.0176920786043 0.140905150807 -0.03))
    polyLine 10 14 ((0.0079351632883 0.0947753003507 0) (0.00808382393879 0.0956526791765 0) (0.00823385428689 0.0965298248244 0) (0.00838525396687 0.0974067351561 0) (0.00853802260966 0.0982834080339 0) (0.00869215984284 0.0991598413207 0) (0.00884766529065 0.10003603288 0) (0.00900453857403 0.100911980576 0) (0.00916277931054 0.101787682273 0) (0.00932238711444 0.102663135837 0) (0.00948336159664 0.103538339132 0) (0.00964570236472 0.104413290027 0) (0.00980940902294 0.105287986387 0) (0.00997448117222 0.106162426081 0) (0.0101409184102 0.107036606977 0) (0.010308720331 0.107910526944 0) (0.0104778865257 0.108784183851 0) (0.0106484165819 0.109657575569 0) (0.0108203100839 0.110530699969 0) (0.0109935666126 0.111403554921 0) (0.0111681857456 0.112276138299 0) (0.0113441670574 0.113148447975 0) (0.0115215101188 0.114020481823 0) (0.0117002144976 0.114892237716 0) (0.0118802797582 0.11576371353 0) (0.0120617054615 0.116634907141 0) (0.0122444911654 0.117505816424 0) (0.0124286364242 0.118376439257 0) (0.012614140789 0.119246773516 0) (0.0128010038076 0.120116817081 0) (0.0129892250245 0.120986567831 0) (0.0131788039808 0.121856023645 0) (0.0133697402144 0.122725182404 0) (0.0135620332599 0.123594041988 0) (0.0137556826484 0.12446260028 0) (0.013950687908 0.125330855163 0) (0.0141470485632 0.12619880452 0) (0.0143447641353 0.127066446235 0) (0.0145438341424 0.127933778193 0) (0.0147442580992 0.128800798279 0) (0.0149460355171 0.129667504381 0) (0.0151491659042 0.130533894385 0) (0.0153536487654 0.131399966179 0) (0.0155594836021 0.132265717652 0) (0.0157666699126 0.133131146693 0) (0.0159752071918 0.133996251193 0) (0.0161850949313 0.134861029043 0) (0.0163963326195 0.135725478135 0) (0.0166089197415 0.136589596361 0) (0.016822855779 0.137453381615 0) (0.0170381402105 0.138316831791 0) (0.0172547725111 0.139179944784 0) (0.0174727521529 0.140042718491 0) (0.0176920786043 0.140905150807 0))
    polyLine 9 13 ((-0.204845319026 0.149249995069 -0.03) (-0.204348113369 0.152255146334 -0.03) (-0.203841750095 0.155260497834 -0.03) (-0.203326265747 0.15826607533 -0.03) (-0.202801696874 0.161271905674 -0.03) (-0.202268080007 0.164278016823 -0.03) (-0.201725451624 0.167284437837 -0.03) (-0.201173848125 0.170291198894 -0.03) (-0.200613305803 0.173298331287 -0.03) (-0.200043860815 0.176305867434 -0.03) (-0.199465549152 0.179313840882 -0.03) (-0.198878406615 0.182322286309 -0.03) (-0.198282468787 0.185331239529 -0.03) (-0.197677771005 0.188340737496 -0.03) (-0.197064348333 0.191350818305 -0.03) (-0.196442235538 0.194361521199 -0.03) (-0.195811467062 0.197372886566 -0.03) (-0.195172077002 0.200384955948 -0.03) (-0.194524099076 0.203397772034 -0.03) (-0.19386756661 0.206411378672 -0.03) (-0.193202512504 0.209425820862 -0.03) (-0.192528969216 0.212441144763 -0.03) (-0.191846968735 0.215457397689 -0.03))
    polyLine 11 15 ((-0.204845319026 0.149249995069 0) (-0.204348113369 0.152255146334 0) (-0.203841750095 0.155260497834 0) (-0.203326265747 0.15826607533 0) (-0.202801696874 0.161271905674 0) (-0.202268080007 0.164278016823 0) (-0.201725451624 0.167284437837 0) (-0.201173848125 0.170291198894 0) (-0.200613305803 0.173298331287 0) (-0.200043860815 0.176305867434 0) (-0.199465549152 0.179313840882 0) (-0.198878406615 0.182322286309 0) (-0.198282468787 0.185331239529 0) (-0.197677771005 0.188340737496 0) (-0.197064348333 0.191350818305 0) (-0.196442235538 0.194361521199 0) (-0.195811467062 0.197372886566 0) (-0.195172077002 0.200384955948 0) (-0.194524099076 0.203397772034 0) (-0.19386756661 0.206411378672 0) (-0.193202512504 0.209425820862 0) (-0.192528969216 0.212441144763 0) (-0.191846968735 0.215457397689 0))
    polyLine 12 16 ((0.0179127513308 0.141767239631 -0.03) (0.0181347697943 0.142628982862 -0.03) (0.0183581334537 0.143490378397 -0.03) (0.0185828417645 0.144351424138 -0.03) (0.0188088941788 0.145212117985 -0.03) (0.0190362901457 0.146072457841 -0.03) (0.0192650291107 0.146932441608 -0.03) (0.0194951105163 0.147792067189 -0.03) (0.0197265338016 0.148651332489 -0.03) (0.0199592984024 0.149510235413 -0.03) (0.0201934037513 0.150368773868 -0.03) (0.0204288492776 0.151226945761 -0.03) (0.0206656344074 0.152084748999 -0.03) (0.0209037585633 0.152942181491 -0.03) (0.0211432211651 0.153799241148 -0.03) (0.0213840216288 0.15465592588 -0.03) (0.0216261593675 0.155512233598 -0.03) (0.0218696337909 0.156368162216 -0.03) (0.0221144443055 0.157223709645 -0.03) (0.0223605903145 0.158078873802 -0.03) (0.0226080712178 0.158933652601 -0.03) (0.0228568864121 0.159788043959 -0.03) (0.023107035291 0.160642045792 -0.03) (0.0233585172445 0.16149565602 -0.03) (0.0236113316597 0.16234887256 -0.03) (0.0238654779202 0.163201693333 -0.03) (0.0241209554065 0.16405411626 -0.03) (0.0243777634958 0.164906139264 -0.03) (0.024635901562 0.165757760266 -0.03) (0.024895368976 0.166608977191 -0.03) (0.0251561651051 0.167459787965 -0.03) (0.0254182893136 0.168310190512 -0.03) (0.0256817409626 0.16916018276 -0.03) (0.0259465194097 0.170009762636 -0.03) (0.0262126240095 0.170858928071 -0.03) (0.0264800541134 0.171707676993 -0.03) (0.0267488090694 0.172556007333 -0.03) (0.0270188882223 0.173403917024 -0.03) (0.0272902909137 0.174251403999 -0.03) (0.0275630164821 0.175098466191 -0.03) (0.0278370642625 0.175945101536 -0.03) (0.028112433587 0.176791307969 -0.03) (0.0283891237843 0.177637083428 -0.03) (0.0286671341798 0.178482425852 -0.03) (0.0289464640958 0.179327333179 -0.03) (0.0292271128514 0.180171803349 -0.03) (0.0295090797624 0.181015834305 -0.03) (0.0297923641415 0.181859423988 -0.03) (0.0300769652981 0.182702570342 -0.03) (0.0303628825384 0.183545271312 -0.03) (0.0306501151654 0.184387524843 -0.03) (0.0309386624789 0.185229328883 -0.03) (0.0312285237755 0.186070681378 -0.03))
    polyLine 14 18 ((0.0179127513308 0.141767239631 0) (0.0181347697943 0.142628982862 0) (0.0183581334537 0.143490378397 0) (0.0185828417645 0.144351424138 0) (0.0188088941788 0.145212117985 0) (0.0190362901457 0.146072457841 0) (0.0192650291107 0.146932441608 0) (0.0194951105163 0.147792067189 0) (0.0197265338016 0.148651332489 0) (0.0199592984024 0.149510235413 0) (0.0201934037513 0.150368773868 0) (0.0204288492776 0.151226945761 0) (0.0206656344074 0.152084748999 0) (0.0209037585633 0.152942181491 0) (0.0211432211651 0.153799241148 0) (0.0213840216288 0.15465592588 0) (0.0216261593675 0.155512233598 0) (0.0218696337909 0.156368162216 0) (0.0221144443055 0.157223709645 0) (0.0223605903145 0.158078873802 0) (0.0226080712178 0.158933652601 0) (0.0228568864121 0.159788043959 0) (0.023107035291 0.160642045792 0) (0.0233585172445 0.16149565602 0) (0.0236113316597 0.16234887256 0) (0.0238654779202 0.163201693333 0) (0.0241209554065 0.16405411626 0) (0.0243777634958 0.164906139264 0) (0.024635901562 0.165757760266 0) (0.024895368976 0.166608977191 0) (0.0251561651051 0.167459787965 0) (0.0254182893136 0.168310190512 0) (0.0256817409626 0.16916018276 0) (0.0259465194097 0.170009762636 0) (0.0262126240095 0.170858928071 0) (0.0264800541134 0.171707676993 0) (0.0267488090694 0.172556007333 0) (0.0270188882223 0.173403917024 0) (0.0272902909137 0.174251403999 0) (0.0275630164821 0.175098466191 0) (0.0278370642625 0.175945101536 0) (0.028112433587 0.176791307969 0) (0.0283891237843 0.177637083428 0) (0.0286671341798 0.178482425852 0) (0.0289464640958 0.179327333179 0) (0.0292271128514 0.180171803349 0) (0.0295090797624 0.181015834305 0) (0.0297923641415 0.181859423988 0) (0.0300769652981 0.182702570342 0) (0.0303628825384 0.183545271312 0) (0.0306501151654 0.184387524843 0) (0.0309386624789 0.185229328883 0) (0.0312285237755 0.186070681378 0))
    polyLine 13 17 ((-0.190468639013 0.221446001322 -0.03) (-0.189772628551 0.22441841846 -0.03) (-0.189068539711 0.22739192908 -0.03) (-0.188356400491 0.230366583822 -0.03) (-0.187636238333 0.233342434417 -0.03) (-0.186908080099 0.236319533689 -0.03) (-0.186171952057 0.239297935555 -0.03) (-0.185427879865 0.242277695024 -0.03) (-0.184675888547 0.245258868199 -0.03) (-0.183916002486 0.248241512277 -0.03) (-0.1831482454 0.25122568555 -0.03) (-0.182372640328 0.254211447403 -0.03) (-0.181589209618 0.257198858317 -0.03) (-0.180797974906 0.26018797987 -0.03) (-0.179998957108 0.263178874735 -0.03) (-0.179192176399 0.266171606683 -0.03) (-0.178377652203 0.269166240581 -0.03) (-0.177555403177 0.272162842397 -0.03) (-0.176725447201 0.275161479199 -0.03) (-0.17588780136 0.278162219156 -0.03) (-0.175042481935 0.28116513154 -0.03) (-0.174189504388 0.284170286725 -0.03) (-0.173328883354 0.287177756194 -0.03))
    polyLine 15 19 ((-0.190468639013 0.221446001322 0) (-0.189772628551 0.22441841846 0) (-0.189068539711 0.22739192908 0) (-0.188356400491 0.230366583822 0) (-0.187636238333 0.233342434417 0) (-0.186908080099 0.236319533689 0) (-0.186171952057 0.239297935555 0) (-0.185427879865 0.242277695024 0) (-0.184675888547 0.245258868199 0) (-0.183916002486 0.248241512277 0) (-0.1831482454 0.25122568555 0) (-0.182372640328 0.254211447403 0) (-0.181589209618 0.257198858317 0) (-0.180797974906 0.26018797987 0) (-0.179998957108 0.263178874735 0) (-0.179192176399 0.266171606683 0) (-0.178377652203 0.269166240581 0) (-0.177555403177 0.272162842397 0) (-0.176725447201 0.275161479199 0) (-0.17588780136 0.278162219156 0) (-0.175042481935 0.28116513154 0) (-0.174189504388 0.284170286725 0) (-0.173328883354 0.287177756194 0))
    polyLine 16 20 ((0.0315196983485 0.186911580279 -0.03) (0.0318121854883 0.187752023534 -0.03) (0.0321059844817 0.188592009096 -0.03) (0.0324010946125 0.189431534917 -0.03) (0.0326975151614 0.19027059895 -0.03) (0.0329952454057 0.191109199149 -0.03) (0.0332942846196 0.191947333471 -0.03) (0.0335946320743 0.192784999872 -0.03) (0.0338962870374 0.193622196311 -0.03) (0.0341992487736 0.194458920745 -0.03) (0.0345035165444 0.195295171136 -0.03) (0.034809089608 0.196130945445 -0.03) (0.0351159672196 0.196966241635 -0.03) (0.0354241486311 0.197801057669 -0.03) (0.0357336330911 0.198635391512 -0.03) (0.0360444198452 0.199469241131 -0.03) (0.0363565081358 0.200302604492 -0.03) (0.0366698972021 0.201135479564 -0.03) (0.0369845862802 0.201967864317 -0.03) (0.0373005746029 0.202799756722 -0.03) (0.0376178613998 0.20363115475 -0.03) (0.0379364458976 0.204462056375 -0.03) (0.0382563273196 0.205292459572 -0.03) (0.0385775048861 0.206122362315 -0.03) (0.0388999778139 0.206951762583 -0.03) (0.0392237453172 0.207780658352 -0.03) (0.0395488066065 0.208609047603 -0.03) (0.0398751608894 0.209436928316 -0.03) (0.0402028073705 0.210264298473 -0.03) (0.0405317452509 0.211091156057 -0.03) (0.0408619737288 0.211917499052 -0.03) (0.0411934919992 0.212743325443 -0.03) (0.0415262992539 0.213568633219 -0.03) (0.0418603946816 0.214393420366 -0.03) (0.0421957774679 0.215217684874 -0.03) (0.0425324467952 0.216041424734 -0.03) (0.0428704018427 0.216864637938 -0.03) (0.0432096417867 0.217687322479 -0.03) (0.0435501658001 0.218509476351 -0.03) (0.0438919730529 0.21933109755 -0.03) (0.0442350627117 0.220152184073 -0.03) (0.0445794339402 0.220972733919 -0.03) (0.044925085899 0.221792745088 -0.03) (0.0452720177453 0.222612215579 -0.03) (0.0456202286335 0.223431143397 -0.03) (0.0459697177147 0.224249526544 -0.03) (0.046320484137 0.225067363025 -0.03) (0.0466725270452 0.225884650847 -0.03) (0.0470258455812 0.226701388017 -0.03) (0.0473804388837 0.227517572544 -0.03) (0.0477363060882 0.228333202439 -0.03) (0.0480934463272 0.229148275714 -0.03) (0.0484518587302 0.22996279038 -0.03))
    polyLine 18 22 ((0.0315196983485 0.186911580279 0) (0.0318121854883 0.187752023534 0) (0.0321059844817 0.188592009096 0) (0.0324010946125 0.189431534917 0) (0.0326975151614 0.19027059895 0) (0.0329952454057 0.191109199149 0) (0.0332942846196 0.191947333471 0) (0.0335946320743 0.192784999872 0) (0.0338962870374 0.193622196311 0) (0.0341992487736 0.194458920745 0) (0.0345035165444 0.195295171136 0) (0.034809089608 0.196130945445 0) (0.0351159672196 0.196966241635 0) (0.0354241486311 0.197801057669 0) (0.0357336330911 0.198635391512 0) (0.0360444198452 0.199469241131 0) (0.0363565081358 0.200302604492 0) (0.0366698972021 0.201135479564 0) (0.0369845862802 0.201967864317 0) (0.0373005746029 0.202799756722 0) (0.0376178613998 0.20363115475 0) (0.0379364458976 0.204462056375 0) (0.0382563273196 0.205292459572 0) (0.0385775048861 0.206122362315 0) (0.0388999778139 0.206951762583 0) (0.0392237453172 0.207780658352 0) (0.0395488066065 0.208609047603 0) (0.0398751608894 0.209436928316 0) (0.0402028073705 0.210264298473 0) (0.0405317452509 0.211091156057 0) (0.0408619737288 0.211917499052 0) (0.0411934919992 0.212743325443 0) (0.0415262992539 0.213568633219 0) (0.0418603946816 0.214393420366 0) (0.0421957774679 0.215217684874 0) (0.0425324467952 0.216041424734 0) (0.0428704018427 0.216864637938 0) (0.0432096417867 0.217687322479 0) (0.0435501658001 0.218509476351 0) (0.0438919730529 0.21933109755 0) (0.0442350627117 0.220152184073 0) (0.0445794339402 0.220972733919 0) (0.044925085899 0.221792745088 0) (0.0452720177453 0.222612215579 0) (0.0456202286335 0.223431143397 0) (0.0459697177147 0.224249526544 0) (0.046320484137 0.225067363025 0) (0.0466725270452 0.225884650847 0) (0.0470258455812 0.226701388017 0) (0.0473804388837 0.227517572544 0) (0.0477363060882 0.228333202439 0) (0.0480934463272 0.229148275714 0) (0.0484518587302 0.22996279038 0))
    polyLine 17 21 ((-0.171602123706 0.293140458014 -0.03) (-0.170736307075 0.296095738361 -0.03) (-0.169863193299 0.299053525068 -0.03) (-0.168982792132 0.302013890654 -0.03) (-0.168095112495 0.304976908676 -0.03) (-0.167200162476 0.307942653726 -0.03) (-0.166297949311 0.31091120144 -0.03) (-0.165388479382 0.313882628494 -0.03) (-0.164471758207 0.316857012615 -0.03) (-0.163547790425 0.319834432582 -0.03) (-0.162616579796 0.322814968228 -0.03) (-0.161678129186 0.325798700448 -0.03) (-0.160732440562 0.328785711201 -0.03) (-0.159779514983 0.331776083518 -0.03) (-0.158819352588 0.334769901504 -0.03) (-0.157851952596 0.337767250347 -0.03) (-0.156877313288 0.340768216319 -0.03) (-0.155895432007 0.343772886788 -0.03) (-0.154906305145 0.346781350221 -0.03) (-0.15390992814 0.349793696191 -0.03) (-0.152906295462 0.352810015387 -0.03) (-0.151895400609 0.355830399618 -0.03) (-0.1508772361 0.358854941823 -0.03))
    polyLine 19 23 ((-0.171602123706 0.293140458014 0) (-0.170736307075 0.296095738361 0) (-0.169863193299 0.299053525068 0) (-0.168982792132 0.302013890654 0) (-0.168095112495 0.304976908676 0) (-0.167200162476 0.307942653726 0) (-0.166297949311 0.31091120144 0) (-0.165388479382 0.313882628494 0) (-0.164471758207 0.316857012615 0) (-0.163547790425 0.319834432582 0) (-0.162616579796 0.322814968228 0) (-0.161678129186 0.325798700448 0) (-0.160732440562 0.328785711201 0) (-0.159779514983 0.331776083518 0) (-0.158819352588 0.334769901504 0) (-0.157851952596 0.337767250347 0) (-0.156877313288 0.340768216319 0) (-0.155895432007 0.343772886788 0) (-0.154906305145 0.346781350221 0) (-0.15390992814 0.349793696191 0) (-0.152906295462 0.352810015387 0) (-0.151895400609 0.355830399618 0) (-0.1508772361 0.358854941823 0))
    polyLine 20 24 ((0.0488115424233 0.230776744454 -0.03) (0.0491724965299 0.23159013595 -0.03) (0.0495347201698 0.232402962886 -0.03) (0.0498982124602 0.23321522328 -0.03) (0.0502629725149 0.234026915152 -0.03) (0.0506289994448 0.234838036524 -0.03) (0.0509962923575 0.235648585418 -0.03) (0.0513648503577 0.236458559858 -0.03) (0.051734672547 0.237267957869 -0.03) (0.0521057580237 0.238076777479 -0.03) (0.0524781058833 0.238885016717 -0.03) (0.052851715218 0.23969267361 -0.03) (0.0532265851172 0.240499746192 -0.03) (0.053602714667 0.241306232493 -0.03) (0.0539801029504 0.242112130549 -0.03) (0.0543587490475 0.242917438395 -0.03) (0.0547386520352 0.243722154067 -0.03) (0.0551198109875 0.244526275604 -0.03) (0.0555022249751 0.245329801045 -0.03) (0.0558858930658 0.246132728432 -0.03) (0.0562708143243 0.246935055808 -0.03) (0.0566569878123 0.247736781216 -0.03) (0.0570444125884 0.248537902702 -0.03) (0.0574330877082 0.249338418314 -0.03) (0.0578230122241 0.250138326099 -0.03) (0.0582141851855 0.250937624108 -0.03) (0.058606605639 0.251736310392 -0.03) (0.0590002726279 0.252534383005 -0.03) (0.0593951851926 0.25333184 -0.03) (0.0597913423702 0.254128679434 -0.03) (0.0601887431952 0.254924899364 -0.03) (0.0605873866987 0.255720497849 -0.03) (0.0609872719089 0.256515472951 -0.03) (0.061388397851 0.25730982273 -0.03) (0.0617907635472 0.25810354525 -0.03) (0.0621943680165 0.258896638577 -0.03) (0.0625992102752 0.259689100777 -0.03) (0.0630052893363 0.260480929919 -0.03) (0.0634126042098 0.261272124071 -0.03) (0.0638211539029 0.262062681306 -0.03) (0.0642309374196 0.262852599695 -0.03) (0.0646419537609 0.263641877314 -0.03) (0.0650542019249 0.264430512239 -0.03) (0.0654676809066 0.265218502546 -0.03) (0.0658823896981 0.266005846316 -0.03) (0.0662983272884 0.266792541628 -0.03) (0.0667154926636 0.267578586565 -0.03) (0.0671338848067 0.26836397921 -0.03) (0.0675535026977 0.269148717649 -0.03) (0.0679743453137 0.26993279997 -0.03) (0.0683964116289 0.27071622426 -0.03) (0.0688197006144 0.27149898861 -0.03) (0.0692442112381 0.272281091112 -0.03) (0.0696699424654 0.273062529859 -0.03))
    polyLine 22 26 ((0.0488115424233 0.230776744454 0) (0.0491724965299 0.23159013595 0) (0.0495347201698 0.232402962886 0) (0.0498982124602 0.23321522328 0) (0.0502629725149 0.234026915152 0) (0.0506289994448 0.234838036524 0) (0.0509962923575 0.235648585418 0) (0.0513648503577 0.236458559858 0) (0.051734672547 0.237267957869 0) (0.0521057580237 0.238076777479 0) (0.0524781058833 0.238885016717 0) (0.052851715218 0.23969267361 0) (0.0532265851172 0.240499746192 0) (0.053602714667 0.241306232493 0) (0.0539801029504 0.242112130549 0) (0.0543587490475 0.242917438395 0) (0.0547386520352 0.243722154067 0) (0.0551198109875 0.244526275604 0) (0.0555022249751 0.245329801045 0) (0.0558858930658 0.246132728432 0) (0.0562708143243 0.246935055808 0) (0.0566569878123 0.247736781216 0) (0.0570444125884 0.248537902702 0) (0.0574330877082 0.249338418314 0) (0.0578230122241 0.250138326099 0) (0.0582141851855 0.250937624108 0) (0.058606605639 0.251736310392 0) (0.0590002726279 0.252534383005 0) (0.0593951851926 0.25333184 0) (0.0597913423702 0.254128679434 0) (0.0601887431952 0.254924899364 0) (0.0605873866987 0.255720497849 0) (0.0609872719089 0.256515472951 0) (0.061388397851 0.25730982273 0) (0.0617907635472 0.25810354525 0) (0.0621943680165 0.258896638577 0) (0.0625992102752 0.259689100777 0) (0.0630052893363 0.260480929919 0) (0.0634126042098 0.261272124071 0) (0.0638211539029 0.262062681306 0) (0.0642309374196 0.262852599695 0) (0.0646419537609 0.263641877314 0) (0.0650542019249 0.264430512239 0) (0.0654676809066 0.265218502546 0) (0.0658823896981 0.266005846316 0) (0.0662983272884 0.266792541628 0) (0.0667154926636 0.267578586565 0) (0.0671338848067 0.26836397921 0) (0.0675535026977 0.269148717649 0) (0.0679743453137 0.26993279997 0) (0.0683964116289 0.27071622426 0) (0.0688197006144 0.27149898861 0) (0.0692442112381 0.272281091112 0) (0.0696699424654 0.273062529859 0))
    polyLine 21 25 ((-0.148843151522 0.364846323136 -0.03) (-0.147827547103 0.367813147509 -0.03) (-0.146804969539 0.370784300058 -0.03) (-0.145775407234 0.373759872709 -0.03) (-0.14473884766 0.376739958469 -0.03) (-0.143695277345 0.379724651431 -0.03) (-0.142644681868 0.382714046785 -0.03) (-0.141587045852 0.385708240825 -0.03) (-0.140522352958 0.388707330967 -0.03) (-0.139450585872 0.39171141575 -0.03) (-0.138371726308 0.394720594855 -0.03) (-0.137285754988 0.397734969114 -0.03) (-0.136192651646 0.40075464052 -0.03) (-0.135092395011 0.403779712242 -0.03) (-0.133984962806 0.406810288635 -0.03) (-0.132870331734 0.409846475256 -0.03) (-0.131748477478 0.412888378878 -0.03) (-0.130619374683 0.415936107499 -0.03) (-0.129482996956 0.418989770362 -0.03) (-0.128339316851 0.422049477967 -0.03) (-0.127188305867 0.425115342087 -0.03) (-0.126029934433 0.428187475784 -0.03) (-0.124864171901 0.431265993423 -0.03))
    polyLine 23 27 ((-0.148843151522 0.364846323136 0) (-0.147827547103 0.367813147509 0) (-0.146804969539 0.370784300058 0) (-0.145775407234 0.373759872709 0) (-0.14473884766 0.376739958469 0) (-0.143695277345 0.379724651431 0) (-0.142644681868 0.382714046785 0) (-0.141587045852 0.385708240825 0) (-0.140522352958 0.388707330967 0) (-0.139450585872 0.39171141575 0) (-0.138371726308 0.394720594855 0) (-0.137285754988 0.397734969114 0) (-0.136192651646 0.40075464052 0) (-0.135092395011 0.403779712242 0) (-0.133984962806 0.406810288635 0) (-0.132870331734 0.409846475256 0) (-0.131748477478 0.412888378878 0) (-0.130619374683 0.415936107499 0) (-0.129482996956 0.418989770362 0) (-0.128339316851 0.422049477967 0) (-0.127188305867 0.425115342087 0) (-0.126029934433 0.428187475784 0) (-0.124864171901 0.431265993423 0))
    polyLine 24 28 ((0.0700968932584 0.273843302946 -0.03) (0.0705250625762 0.27462340847 -0.03) (0.0709544493751 0.275402844529 -0.03) (0.0713850526084 0.276181609222 -0.03) (0.0718168712264 0.276959700653 -0.03) (0.0722499041763 0.277737116923 -0.03) (0.0726841504026 0.278513856138 -0.03) (0.0731196088467 0.279289916404 -0.03) (0.073556278447 0.280065295829 -0.03) (0.073994158139 0.280839992523 -0.03) (0.0744332468553 0.281614004598 -0.03) (0.0748735435255 0.282387330167 -0.03) (0.0753150470763 0.283159967344 -0.03) (0.0757577564314 0.283931914246 -0.03) (0.0762016705115 0.284703168992 -0.03) (0.0766467882346 0.2854737297 -0.03) (0.0770931085155 0.286243594494 -0.03) (0.0775406302661 0.287012761495 -0.03) (0.0779893523957 0.287781228829 -0.03) (0.0784392738102 0.288548994622 -0.03) (0.0788903934129 0.289316057004 -0.03) (0.0793427101041 0.290082414103 -0.03) (0.0797962227811 0.290848064052 -0.03) (0.0802509303384 0.291613004985 -0.03) (0.0807068316675 0.292377235036 -0.03) (0.081163925657 0.293140752343 -0.03) (0.0816222111926 0.293903555044 -0.03) (0.0820816871572 0.29466564128 -0.03) (0.0825423524307 0.295427009192 -0.03) (0.0830042058901 0.296187656926 -0.03) (0.0834672464094 0.296947582627 -0.03) (0.08393147286 0.297706784442 -0.03) (0.0843968841101 0.29846526052 -0.03) (0.0848634790252 0.299223009012 -0.03) (0.0853312564678 0.299980028072 -0.03) (0.0858002152977 0.300736315854 -0.03) (0.0862703543715 0.301491870514 -0.03) (0.0867416725433 0.30224669021 -0.03) (0.087214168664 0.303000773103 -0.03) (0.0876878415818 0.303754117353 -0.03) (0.0881626901421 0.304506721126 -0.03) (0.0886387131872 0.305258582584 -0.03) (0.0891159095568 0.306009699897 -0.03) (0.0895942780875 0.306760071233 -0.03) (0.0900738176133 0.307509694763 -0.03) (0.090554526965 0.308258568659 -0.03) (0.0910364049709 0.309006691096 -0.03) (0.0915194504562 0.309754060249 -0.03) (0.0920036622435 0.310500674298 -0.03) (0.0924890391522 0.311246531422 -0.03) (0.0929755799992 0.311991629803 -0.03) (0.0934632835985 0.312735967624 -0.03) (0.093952148761 0.313479543072 -0.03))
    polyLine 26 30 ((0.0700968932584 0.273843302946 0) (0.0705250625762 0.27462340847 0) (0.0709544493751 0.275402844529 0) (0.0713850526084 0.276181609222 0) (0.0718168712264 0.276959700653 0) (0.0722499041763 0.277737116923 0) (0.0726841504026 0.278513856138 0) (0.0731196088467 0.279289916404 0) (0.073556278447 0.280065295829 0) (0.073994158139 0.280839992523 0) (0.0744332468553 0.281614004598 0) (0.0748735435255 0.282387330167 0) (0.0753150470763 0.283159967344 0) (0.0757577564314 0.283931914246 0) (0.0762016705115 0.284703168992 0) (0.0766467882346 0.2854737297 0) (0.0770931085155 0.286243594494 0) (0.0775406302661 0.287012761495 0) (0.0779893523957 0.287781228829 0) (0.0784392738102 0.288548994622 0) (0.0788903934129 0.289316057004 0) (0.0793427101041 0.290082414103 0) (0.0797962227811 0.290848064052 0) (0.0802509303384 0.291613004985 0) (0.0807068316675 0.292377235036 0) (0.081163925657 0.293140752343 0) (0.0816222111926 0.293903555044 0) (0.0820816871572 0.29466564128 0) (0.0825423524307 0.295427009192 0) (0.0830042058901 0.296187656926 0) (0.0834672464094 0.296947582627 0) (0.08393147286 0.297706784442 0) (0.0843968841101 0.29846526052 0) (0.0848634790252 0.299223009012 0) (0.0853312564678 0.299980028072 0) (0.0858002152977 0.300736315854 0) (0.0862703543715 0.301491870514 0) (0.0867416725433 0.30224669021 0) (0.087214168664 0.303000773103 0) (0.0876878415818 0.303754117353 0) (0.0881626901421 0.304506721126 0) (0.0886387131872 0.305258582584 0) (0.0891159095568 0.306009699897 0) (0.0895942780875 0.306760071233 0) (0.0900738176133 0.307509694763 0) (0.090554526965 0.308258568659 0) (0.0910364049709 0.309006691096 0) (0.0915194504562 0.309754060249 0) (0.0920036622435 0.310500674298 0) (0.0924890391522 0.311246531422 0) (0.0929755799992 0.311991629803 0) (0.0934632835985 0.312735967624 0) (0.093952148761 0.313479543072 0))
    polyLine 25 29 ((-0.122541164745 0.437362104525 -0.03) (-0.121384238956 0.440379584475 -0.03) (-0.120220176829 0.443403561141 -0.03) (-0.119048945013 0.446434146374 -0.03) (-0.117870509134 0.449471453296 -0.03) (-0.116684833789 0.452515596314 -0.03) (-0.115491882534 0.455566691139 -0.03) (-0.114291617879 0.458624854806 -0.03) (-0.113084001272 0.46169020569 -0.03) (-0.111868993096 0.464762863526 -0.03) (-0.110646552651 0.467842949427 -0.03) (-0.109416638148 0.470930585908 -0.03) (-0.1081792067 0.474025896903 -0.03) (-0.106934214306 0.477129007786 -0.03) (-0.105681615842 0.480240045394 -0.03) (-0.104421365048 0.48335913805 -0.03) (-0.103153414521 0.486486415584 -0.03) (-0.101877715696 0.489622009354 -0.03) (-0.100594218838 0.492766052274 -0.03) (-0.0993028730253 0.495918678838 -0.03) (-0.0980036261417 0.49908002514 -0.03) (-0.0966964248584 0.502250228907 -0.03) (-0.0953812146222 0.505429429516 -0.03))
    polyLine 27 31 ((-0.122541164745 0.437362104525 0) (-0.121384238956 0.440379584475 0) (-0.120220176829 0.443403561141 0) (-0.119048945013 0.446434146374 0) (-0.117870509134 0.449471453296 0) (-0.116684833789 0.452515596314 0) (-0.115491882534 0.455566691139 0) (-0.114291617879 0.458624854806 0) (-0.113084001272 0.46169020569 0) (-0.111868993096 0.464762863526 0) (-0.110646552651 0.467842949427 0) (-0.109416638148 0.470930585908 0) (-0.1081792067 0.474025896903 0) (-0.106934214306 0.477129007786 0) (-0.105681615842 0.480240045394 0) (-0.104421365048 0.48335913805 0) (-0.103153414521 0.486486415584 0) (-0.101877715696 0.489622009354 0) (-0.100594218838 0.492766052274 0) (-0.0993028730253 0.495918678838 0) (-0.0980036261417 0.49908002514 0) (-0.0966964248584 0.502250228907 0) (-0.0953812146222 0.505429429516 0))
    polyLine 28 32 ((0.0944421742952 0.314222354332 -0.03) (0.0949333590063 0.314964399595 -0.03) (0.0954257016971 0.315705677052 -0.03) (0.0959192011672 0.316446184895 -0.03) (0.0964138562138 0.31718592132 -0.03) (0.0969096656309 0.317924884522 -0.03) (0.0974066282099 0.318663072702 -0.03) (0.0979047427393 0.319400484058 -0.03) (0.0984040080047 0.320137116794 -0.03) (0.0989044227893 0.320872969114 -0.03) (0.0994059858729 0.321608039223 -0.03) (0.099908696033 0.322342325331 -0.03) (0.100412552044 0.323075825647 -0.03) (0.100917552678 0.323808538382 -0.03) (0.101423696703 0.324540461751 -0.03) (0.101930982886 0.32527159397 -0.03) (0.102439409991 0.326001933256 -0.03) (0.102948976777 0.326731477829 -0.03) (0.103459682002 0.32746022591 -0.03) (0.103971524422 0.328188175723 -0.03) (0.104484502789 0.328915325493 -0.03) (0.104998615852 0.329641673448 -0.03) (0.105513862358 0.330367217816 -0.03) (0.106030241051 0.33109195683 -0.03) (0.106547750672 0.331815888723 -0.03) (0.10706638996 0.332539011729 -0.03) (0.10758615765 0.333261324086 -0.03) (0.108107052475 0.333982824034 -0.03) (0.108629073165 0.334703509812 -0.03) (0.109152218449 0.335423379665 -0.03) (0.109676487049 0.336142431838 -0.03) (0.11020187769 0.336860664578 -0.03) (0.110728389089 0.337578076133 -0.03) (0.111256019963 0.338294664755 -0.03) (0.111784769026 0.339010428698 -0.03) (0.112314634989 0.339725366215 -0.03) (0.112845616561 0.340439475565 -0.03) (0.113377712446 0.341152755007 -0.03) (0.113910921348 0.341865202801 -0.03) (0.114445241967 0.342576817211 -0.03) (0.114980673001 0.343287596503 -0.03) (0.115517213143 0.343997538943 -0.03) (0.116054861087 0.344706642801 -0.03) (0.116593615522 0.345414906348 -0.03) (0.117133475133 0.346122327858 -0.03) (0.117674438606 0.346828905606 -0.03) (0.118216504621 0.34753463787 -0.03) (0.118759671858 0.348239522929 -0.03) (0.119303938991 0.348943559065 -0.03) (0.119849304694 0.349646744561 -0.03) (0.120395767638 0.350349077704 -0.03) (0.12094332649 0.351050556782 -0.03) (0.121491979916 0.351751180084 -0.03) (0.122041726578 0.352450945902 -0.03))
    polyLine 30 34 ((0.0944421742952 0.314222354332 0) (0.0949333590063 0.314964399595 0) (0.0954257016971 0.315705677052 0) (0.0959192011672 0.316446184895 0) (0.0964138562138 0.31718592132 0) (0.0969096656309 0.317924884522 0) (0.0974066282099 0.318663072702 0) (0.0979047427393 0.319400484058 0) (0.0984040080047 0.320137116794 0) (0.0989044227893 0.320872969114 0) (0.0994059858729 0.321608039223 0) (0.099908696033 0.322342325331 0) (0.100412552044 0.323075825647 0) (0.100917552678 0.323808538382 0) (0.101423696703 0.324540461751 0) (0.101930982886 0.32527159397 0) (0.102439409991 0.326001933256 0) (0.102948976777 0.326731477829 0) (0.103459682002 0.32746022591 0) (0.103971524422 0.328188175723 0) (0.104484502789 0.328915325493 0) (0.104998615852 0.329641673448 0) (0.105513862358 0.330367217816 0) (0.106030241051 0.33109195683 0) (0.106547750672 0.331815888723 0) (0.10706638996 0.332539011729 0) (0.10758615765 0.333261324086 0) (0.108107052475 0.333982824034 0) (0.108629073165 0.334703509812 0) (0.109152218449 0.335423379665 0) (0.109676487049 0.336142431838 0) (0.11020187769 0.336860664578 0) (0.110728389089 0.337578076133 0) (0.111256019963 0.338294664755 0) (0.111784769026 0.339010428698 0) (0.112314634989 0.339725366215 0) (0.112845616561 0.340439475565 0) (0.113377712446 0.341152755007 0) (0.113910921348 0.341865202801 0) (0.114445241967 0.342576817211 0) (0.114980673001 0.343287596503 0) (0.115517213143 0.343997538943 0) (0.116054861087 0.344706642801 0) (0.116593615522 0.345414906348 0) (0.117133475133 0.346122327858 0) (0.117674438606 0.346828905606 0) (0.118216504621 0.34753463787 0) (0.118759671858 0.348239522929 0) (0.119303938991 0.348943559065 0) (0.119849304694 0.349646744561 0) (0.120395767638 0.350349077704 0) (0.12094332649 0.351050556782 0) (0.121491979916 0.351751180084 0) (0.122041726578 0.352450945902 0))
    polyLine 29 33 ((-0.0927640251481 0.511725505367 -0.03) (-0.0914623848881 0.51484214234 -0.03) (-0.0901529641916 0.517967813179 -0.03) (-0.0888357072308 0.521102653716 -0.03) (-0.0875105570052 0.524246801408 -0.03) (-0.0861774553276 0.527400395365 -0.03) (-0.0848363428089 0.530563576377 -0.03) (-0.0834871588439 0.533736486944 -0.03) (-0.0821298415955 0.536919271302 -0.03) (-0.0807643279791 0.540112075452 -0.03) (-0.0793905536468 0.543315047192 -0.03) (-0.0780084529702 0.546528336146 -0.03) (-0.0766179590245 0.549752093795 -0.03) (-0.0752190035703 0.552986473509 -0.03) (-0.0738115170365 0.556231630581 -0.03) (-0.0723954285019 0.559487722258 -0.03) (-0.0709706656765 0.562754907777 -0.03) (-0.0695371548825 0.5660333484 -0.03) (-0.0680948210351 0.569323207447 -0.03) (-0.0666435876217 0.572624650336 -0.03) (-0.0651833766824 0.575937844619 -0.03) (-0.0637141087882 0.579262960018 -0.03) (-0.0622357030198 0.582600168469 -0.03))
    polyLine 31 35 ((-0.0927640251481 0.511725505367 0) (-0.0914623848881 0.51484214234 0) (-0.0901529641916 0.517967813179 0) (-0.0888357072308 0.521102653716 0) (-0.0875105570052 0.524246801408 0) (-0.0861774553276 0.527400395365 0) (-0.0848363428089 0.530563576377 0) (-0.0834871588439 0.533736486944 0) (-0.0821298415955 0.536919271302 0) (-0.0807643279791 0.540112075452 0) (-0.0793905536468 0.543315047192 0) (-0.0780084529702 0.546528336146 0) (-0.0766179590245 0.549752093795 0) (-0.0752190035703 0.552986473509 0) (-0.0738115170365 0.556231630581 0) (-0.0723954285019 0.559487722258 0) (-0.0709706656765 0.562754907777 0) (-0.0695371548825 0.5660333484 0) (-0.0680948210351 0.569323207447 0) (-0.0666435876217 0.572624650336 0) (-0.0651833766824 0.575937844619 0) (-0.0637141087882 0.579262960018 0) (-0.0622357030198 0.582600168469 0))
    polyLine 32 36 ((0.122592565136 0.353149852531 -0.03) (0.123144494248 0.353847898266 -0.03) (0.123697512567 0.354545081407 -0.03) (0.124251618746 0.355241400253 -0.03) (0.124806811433 0.355936853107 -0.03) (0.125363089276 0.356631438274 -0.03) (0.125920450919 0.357325154061 -0.03) (0.126478895002 0.358017998776 -0.03) (0.127038420164 0.35870997073 -0.03) (0.127599025042 0.359401068237 -0.03) (0.128160708269 0.360091289612 -0.03) (0.128723468474 0.360780633172 -0.03) (0.129287304288 0.361469097236 -0.03) (0.129852214334 0.362156680128 -0.03) (0.130418197237 0.362843380169 -0.03) (0.130985251616 0.363529195687 -0.03) (0.131553376088 0.364214125009 -0.03) (0.13212256927 0.364898166466 -0.03) (0.132692829773 0.365581318391 -0.03) (0.133264156207 0.366263579117 -0.03) (0.13383654718 0.366944946982 -0.03) (0.134410001296 0.367625420324 -0.03) (0.134984517157 0.368304997486 -0.03) (0.135560093362 0.368983676809 -0.03) (0.13613672851 0.369661456641 -0.03) (0.136714421193 0.370338335328 -0.03) (0.137293170003 0.37101431122 -0.03) (0.137872973531 0.37168938267 -0.03) (0.138453830362 0.372363548032 -0.03) (0.13903573908 0.373036805662 -0.03) (0.139618698267 0.373709153919 -0.03) (0.140202706501 0.374380591165 -0.03) (0.14078776236 0.375051115762 -0.03) (0.141373864416 0.375720726076 -0.03) (0.141961011241 0.376389420475 -0.03) (0.142549201404 0.377057197327 -0.03) (0.143138433471 0.377724055007 -0.03) (0.143728706005 0.378389991887 -0.03) (0.144320017568 0.379055006344 -0.03) (0.144912366717 0.379719096758 -0.03) (0.14550575201 0.38038226151 -0.03) (0.146100171999 0.381044498982 -0.03) (0.146695625236 0.38170580756 -0.03) (0.147292110268 0.382366185633 -0.03) (0.147889625642 0.383025631591 -0.03) (0.148488169901 0.383684143825 -0.03) (0.149087513093 0.384342501699 -0.03) (0.149686856285 0.385000859573 -0.03) (0.150286199477 0.385659217447 -0.03) (0.150885542669 0.386317575321 -0.03) (0.151484885861 0.386975933195 -0.03) (0.152084229053 0.387634291069 -0.03) (0.152683572246 0.388292648943 -0.03))
    polyLine 34 38 ((0.122592565136 0.353149852531 0) (0.123144494248 0.353847898266 0) (0.123697512567 0.354545081407 0) (0.124251618746 0.355241400253 0) (0.124806811433 0.355936853107 0) (0.125363089276 0.356631438274 0) (0.125920450919 0.357325154061 0) (0.126478895002 0.358017998776 0) (0.127038420164 0.35870997073 0) (0.127599025042 0.359401068237 0) (0.128160708269 0.360091289612 0) (0.128723468474 0.360780633172 0) (0.129287304288 0.361469097236 0) (0.129852214334 0.362156680128 0) (0.130418197237 0.362843380169 0) (0.130985251616 0.363529195687 0) (0.131553376088 0.364214125009 0) (0.13212256927 0.364898166466 0) (0.132692829773 0.365581318391 0) (0.133264156207 0.366263579117 0) (0.13383654718 0.366944946982 0) (0.134410001296 0.367625420324 0) (0.134984517157 0.368304997486 0) (0.135560093362 0.368983676809 0) (0.13613672851 0.369661456641 0) (0.136714421193 0.370338335328 0) (0.137293170003 0.37101431122 0) (0.137872973531 0.37168938267 0) (0.138453830362 0.372363548032 0) (0.13903573908 0.373036805662 0) (0.139618698267 0.373709153919 0) (0.140202706501 0.374380591165 0) (0.14078776236 0.375051115762 0) (0.141373864416 0.375720726076 0) (0.141961011241 0.376389420475 0) (0.142549201404 0.377057197327 0) (0.143138433471 0.377724055007 0) (0.143728706005 0.378389991887 0) (0.144320017568 0.379055006344 0) (0.144912366717 0.379719096758 0) (0.14550575201 0.38038226151 0) (0.146100171999 0.381044498982 0) (0.146695625236 0.38170580756 0) (0.147292110268 0.382366185633 0) (0.147889625642 0.383025631591 0) (0.148488169901 0.383684143825 0) (0.149087513093 0.384342501699 0) (0.149686856285 0.385000859573 0) (0.150286199477 0.385659217447 0) (0.150885542669 0.386317575321 0) (0.151484885861 0.386975933195 0) (0.152084229053 0.387634291069 0) (0.152683572246 0.388292648943 0))
    polyLine 33 37 ((-0.0592956565705 0.589211721385 -0.03) (-0.0578343972687 0.592485678828 -0.03) (-0.0563642195175 0.595771681931 -0.03) (-0.0548850423715 0.599069898286 -0.03) (-0.0533967834411 0.602380497667 -0.03) (-0.0518993588704 0.605703652069 -0.03) (-0.0503926833153 0.609039535747 -0.03) (-0.0488766699201 0.612388325258 -0.03) (-0.0473512302939 0.615750199506 -0.03) (-0.0458162744868 0.619125339779 -0.03) (-0.044271710965 0.622513929797 -0.03) (-0.0427174465857 0.625916155756 -0.03) (-0.041153386571 0.629332206374 -0.03) (-0.0395794344815 0.632762272938 -0.03) (-0.0379954921894 0.636206549351 -0.03) (-0.0364014598502 0.639665232183 -0.03) (-0.0347972358745 0.643138520719 -0.03) (-0.0331827168989 0.646626617013 -0.03) (-0.0315577977558 0.650129725937 -0.03) (-0.0299223714432 0.653648055241 -0.03) (-0.028276329093 0.657181815599 -0.03) (-0.026619559939 0.660731220674 -0.03) (-0.024951951284 0.664296487172 -0.03))
    polyLine 35 39 ((-0.0592956565705 0.589211721385 0) (-0.0578343972687 0.592485678828 0) (-0.0563642195175 0.595771681931 0) (-0.0548850423715 0.599069898286 0) (-0.0533967834411 0.602380497667 0) (-0.0518993588704 0.605703652069 0) (-0.0503926833153 0.609039535747 0) (-0.0488766699201 0.612388325258 0) (-0.0473512302939 0.615750199506 0) (-0.0458162744868 0.619125339779 0) (-0.044271710965 0.622513929797 0) (-0.0427174465857 0.625916155756 0) (-0.041153386571 0.629332206374 0) (-0.0395794344815 0.632762272938 0) (-0.0379954921894 0.636206549351 0) (-0.0364014598502 0.639665232183 0) (-0.0347972358745 0.643138520719 0) (-0.0331827168989 0.646626617013 0) (-0.0315577977558 0.650129725937 0) (-0.0299223714432 0.653648055241 0) (-0.028276329093 0.657181815599 0) (-0.026619559939 0.660731220674 0) (-0.024951951284 0.664296487172 0))
    polyLine 36 40 ((0.153282915438 0.388951006818 -0.03) (0.15388225863 0.389609364692 -0.03) (0.154481601822 0.390267722566 -0.03) (0.155080945014 0.39092608044 -0.03) (0.155680288206 0.391584438314 -0.03) (0.156279631398 0.392242796188 -0.03) (0.15687897459 0.392901154062 -0.03) (0.157478317782 0.393559511936 -0.03) (0.158077660974 0.39421786981 -0.03) (0.158677004166 0.394876227684 -0.03) (0.159276347358 0.395534585559 -0.03) (0.15987569055 0.396192943433 -0.03) (0.160475033742 0.396851301307 -0.03) (0.161074376934 0.397509659181 -0.03) (0.161673720126 0.398168017055 -0.03) (0.162273063318 0.398826374929 -0.03) (0.16287240651 0.399484732803 -0.03) (0.163471749702 0.400143090677 -0.03) (0.164071092894 0.400801448551 -0.03) (0.164670436086 0.401459806425 -0.03) (0.165269779278 0.402118164299 -0.03) (0.16586912247 0.402776522174 -0.03) (0.166468465662 0.403434880048 -0.03) (0.167067808854 0.404093237922 -0.03) (0.167667152046 0.404751595796 -0.03) (0.168266495238 0.40540995367 -0.03) (0.16886583843 0.406068311544 -0.03) (0.169465181622 0.406726669418 -0.03) (0.170064524814 0.407385027292 -0.03) (0.170663868006 0.408043385166 -0.03) (0.171263211198 0.40870174304 -0.03) (0.17186255439 0.409360100914 -0.03) (0.172461897582 0.410018458789 -0.03) (0.173061240774 0.410676816663 -0.03) (0.173660583966 0.411335174537 -0.03) (0.174259927158 0.411993532411 -0.03) (0.17485927035 0.412651890285 -0.03) (0.175458613542 0.413310248159 -0.03) (0.176057956734 0.413968606033 -0.03) (0.176657299926 0.414626963907 -0.03) (0.177256643118 0.415285321781 -0.03) (0.17785598631 0.415943679655 -0.03) (0.178455329502 0.416602037529 -0.03) (0.179054672694 0.417260395404 -0.03) (0.179654015886 0.417918753278 -0.03) (0.180253359078 0.418577111152 -0.03) (0.18085270227 0.419235469026 -0.03) (0.181452045462 0.4198938269 -0.03) (0.182051388654 0.420552184774 -0.03) (0.182650731846 0.421210542648 -0.03) (0.183250075038 0.421868900522 -0.03) (0.18384941823 0.422527258396 -0.03) (0.184448761422 0.42318561627 -0.03))
    polyLine 38 42 ((0.153282915438 0.388951006818 0) (0.15388225863 0.389609364692 0) (0.154481601822 0.390267722566 0) (0.155080945014 0.39092608044 0) (0.155680288206 0.391584438314 0) (0.156279631398 0.392242796188 0) (0.15687897459 0.392901154062 0) (0.157478317782 0.393559511936 0) (0.158077660974 0.39421786981 0) (0.158677004166 0.394876227684 0) (0.159276347358 0.395534585559 0) (0.15987569055 0.396192943433 0) (0.160475033742 0.396851301307 0) (0.161074376934 0.397509659181 0) (0.161673720126 0.398168017055 0) (0.162273063318 0.398826374929 0) (0.16287240651 0.399484732803 0) (0.163471749702 0.400143090677 0) (0.164071092894 0.400801448551 0) (0.164670436086 0.401459806425 0) (0.165269779278 0.402118164299 0) (0.16586912247 0.402776522174 0) (0.166468465662 0.403434880048 0) (0.167067808854 0.404093237922 0) (0.167667152046 0.404751595796 0) (0.168266495238 0.40540995367 0) (0.16886583843 0.406068311544 0) (0.169465181622 0.406726669418 0) (0.170064524814 0.407385027292 0) (0.170663868006 0.408043385166 0) (0.171263211198 0.40870174304 0) (0.17186255439 0.409360100914 0) (0.172461897582 0.410018458789 0) (0.173061240774 0.410676816663 0) (0.173660583966 0.411335174537 0) (0.174259927158 0.411993532411 0) (0.17485927035 0.412651890285 0) (0.175458613542 0.413310248159 0) (0.176057956734 0.413968606033 0) (0.176657299926 0.414626963907 0) (0.177256643118 0.415285321781 0) (0.17785598631 0.415943679655 0) (0.178455329502 0.416602037529 0) (0.179054672694 0.417260395404 0) (0.179654015886 0.417918753278 0) (0.180253359078 0.418577111152 0) (0.18085270227 0.419235469026 0) (0.181452045462 0.4198938269 0) (0.182051388654 0.420552184774 0) (0.182650731846 0.421210542648 0) (0.183250075038 0.421868900522 0) (0.18384941823 0.422527258396 0) (0.184448761422 0.42318561627 0))
    polyLine 37 41 ((-0.0216640765181 0.671304626326 -0.03) (-0.0200446156031 0.674746408733 -0.03) (-0.0184149014511 0.678203380294 -0.03) (-0.0167748280589 0.681675741939 -0.03) (-0.0151242876605 0.685163697404 -0.03) (-0.0134631706964 0.688667453286 -0.03) (-0.0117913657825 0.692187219097 -0.03) (-0.0101087596779 0.695723207318 -0.03) (-0.00841523725266 0.699275633459 -0.03) (-0.00671068145357 0.702844716112 -0.03) (-0.00499497327048 0.706430677016 -0.03) (-0.00326799170081 0.710033741113 -0.03) (-0.0015296137137 0.713654136614 -0.03) (0.000220285786876 0.71729209506 -0.03) (0.00198183399986 0.720947851387 -0.03) (0.00375516026573 0.724621643997 -0.03) (0.00554039610614 0.728313714819 -0.03) (0.00733767526441 0.732024309386 -0.03) (0.00914713374713 0.7357536769 -0.03) (0.0109689098667 0.739502070311 -0.03) (0.012803144285 0.743269746389 -0.03) (0.0146499800579 0.747056965799 -0.03) (0.0165095626813 0.750863993185 -0.03))
    polyLine 39 43 ((-0.0216640765181 0.671304626326 0) (-0.0200446156031 0.674746408733 0) (-0.0184149014511 0.678203380294 0) (-0.0167748280589 0.681675741939 0) (-0.0151242876605 0.685163697404 0) (-0.0134631706964 0.688667453286 0) (-0.0117913657825 0.692187219097 0) (-0.0101087596779 0.695723207318 0) (-0.00841523725266 0.699275633459 0) (-0.00671068145357 0.702844716112 0) (-0.00499497327048 0.706430677016 0) (-0.00326799170081 0.710033741113 0) (-0.0015296137137 0.713654136614 0) (0.000220285786876 0.71729209506 0) (0.00198183399986 0.720947851387 0) (0.00375516026573 0.724621643997 0) (0.00554039610614 0.728313714819 0) (0.00733767526441 0.732024309386 0) (0.00914713374713 0.7357536769 0) (0.0109689098667 0.739502070311 0) (0.012803144285 0.743269746389 0) (0.0146499800579 0.747056965799 0) (0.0165095626813 0.750863993185 0))
    polyLine 40 44 ((0.185048104614 0.423843974144 -0.03) (0.185647447807 0.424502332019 -0.03) (0.186246790999 0.425160689893 -0.03) (0.186846134191 0.425819047767 -0.03) (0.187445477383 0.426477405641 -0.03) (0.188044820575 0.427135763515 -0.03) (0.188644163767 0.427794121389 -0.03) (0.189243506959 0.428452479263 -0.03) (0.189842850151 0.429110837137 -0.03) (0.190442193343 0.429769195011 -0.03) (0.191041536535 0.430427552885 -0.03) (0.191640879727 0.431085910759 -0.03) (0.192240222919 0.431744268634 -0.03) (0.192839566111 0.432402626508 -0.03) (0.193438909303 0.433060984382 -0.03) (0.194038252495 0.433719342256 -0.03) (0.194637595687 0.43437770013 -0.03) (0.195236938879 0.435036058004 -0.03) (0.195836282071 0.435694415878 -0.03) (0.196435625263 0.436352773752 -0.03) (0.197034968455 0.437011131626 -0.03) (0.197634311647 0.4376694895 -0.03) (0.198233654839 0.438327847375 -0.03) (0.198832998031 0.438986205249 -0.03) (0.199432341223 0.439644563123 -0.03) (0.200031684415 0.440302920997 -0.03) (0.200631027607 0.440961278871 -0.03) (0.201230370799 0.441619636745 -0.03) (0.201829713991 0.442277994619 -0.03) (0.202429057183 0.442936352493 -0.03) (0.203028400375 0.443594710367 -0.03) (0.203627743567 0.444253068241 -0.03) (0.204227086759 0.444911426115 -0.03) (0.204826429951 0.44556978399 -0.03) (0.205425773143 0.446228141864 -0.03) (0.206025116335 0.446886499738 -0.03) (0.206624459527 0.447544857612 -0.03) (0.207223802719 0.448203215486 -0.03) (0.207823145911 0.44886157336 -0.03) (0.208422489103 0.449519931234 -0.03) (0.209021832295 0.450178289108 -0.03) (0.209621175487 0.450836646982 -0.03) (0.210220518679 0.451495004856 -0.03) (0.210819861871 0.45215336273 -0.03) (0.211419205063 0.452811720605 -0.03) (0.212018548255 0.453470078479 -0.03) (0.212617891447 0.454128436353 -0.03) (0.213217234639 0.454786794227 -0.03) (0.213816577831 0.455445152101 -0.03) (0.214415921023 0.456103509975 -0.03) (0.215015264215 0.456761867849 -0.03) (0.215614607407 0.457420225723 -0.03) (0.216213950599 0.458078583597 -0.03) (0.216813293791 0.458736941471 -0.03))
    polyLine 42 46 ((0.185048104614 0.423843974144 0) (0.185647447807 0.424502332019 0) (0.186246790999 0.425160689893 0) (0.186846134191 0.425819047767 0) (0.187445477383 0.426477405641 0) (0.188044820575 0.427135763515 0) (0.188644163767 0.427794121389 0) (0.189243506959 0.428452479263 0) (0.189842850151 0.429110837137 0) (0.190442193343 0.429769195011 0) (0.191041536535 0.430427552885 0) (0.191640879727 0.431085910759 0) (0.192240222919 0.431744268634 0) (0.192839566111 0.432402626508 0) (0.193438909303 0.433060984382 0) (0.194038252495 0.433719342256 0) (0.194637595687 0.43437770013 0) (0.195236938879 0.435036058004 0) (0.195836282071 0.435694415878 0) (0.196435625263 0.436352773752 0) (0.197034968455 0.437011131626 0) (0.197634311647 0.4376694895 0) (0.198233654839 0.438327847375 0) (0.198832998031 0.438986205249 0) (0.199432341223 0.439644563123 0) (0.200031684415 0.440302920997 0) (0.200631027607 0.440961278871 0) (0.201230370799 0.441619636745 0) (0.201829713991 0.442277994619 0) (0.202429057183 0.442936352493 0) (0.203028400375 0.443594710367 0) (0.203627743567 0.444253068241 0) (0.204227086759 0.444911426115 0) (0.204826429951 0.44556978399 0) (0.205425773143 0.446228141864 0) (0.206025116335 0.446886499738 0) (0.206624459527 0.447544857612 0) (0.207223802719 0.448203215486 0) (0.207823145911 0.44886157336 0) (0.208422489103 0.449519931234 0) (0.209021832295 0.450178289108 0) (0.209621175487 0.450836646982 0) (0.210220518679 0.451495004856 0) (0.210819861871 0.45215336273 0) (0.211419205063 0.452811720605 0) (0.212018548255 0.453470078479 0) (0.212617891447 0.454128436353 0) (0.213217234639 0.454786794227 0) (0.213816577831 0.455445152101 0) (0.214415921023 0.456103509975 0) (0.215015264215 0.456761867849 0) (0.215614607407 0.457420225723 0) (0.216213950599 0.458078583597 0) (0.216813293791 0.458736941471 0))
    polyLine 41 45 ((0.0201374798779 0.758273314737 -0.03) (0.0219043560143 0.761873402794 -0.03) (0.0236827940916 0.765491588275 -0.03) (0.025472921669 0.769128101336 -0.03) (0.0272748683579 0.772783175496 -0.03) (0.0290887658591 0.776457047701 -0.03) (0.0309147480025 0.780149958388 -0.03) (0.0327529507858 0.783862151555 -0.03) (0.034603512416 0.787593874831 -0.03) (0.0364665733505 0.791345379543 -0.03) (0.0383422763398 0.795116920793 -0.03) (0.0402307664712 0.798908757533 -0.03) (0.0421321912134 0.802721152634 -0.03) (0.0440467004623 0.806554372974 -0.03) (0.045974446588 0.81040868951 -0.03) (0.0479155844822 0.814284377362 -0.03) (0.0498702716082 0.818181715898 -0.03) (0.0518386680505 0.822100988818 -0.03) (0.053820936567 0.826042484244 -0.03) (0.0558172426414 0.830006494807 -0.03) (0.0578277545376 0.833993317741 -0.03) (0.0598526433552 0.838003254974 -0.03) (0.0618920830862 0.842036613232 -0.03))
    polyLine 43 47 ((0.0201374798779 0.758273314737 0) (0.0219043560143 0.761873402794 0) (0.0236827940916 0.765491588275 0) (0.025472921669 0.769128101336 0) (0.0272748683579 0.772783175496 0) (0.0290887658591 0.776457047701 0) (0.0309147480025 0.780149958388 0) (0.0327529507858 0.783862151555 0) (0.034603512416 0.787593874831 0) (0.0364665733505 0.791345379543 0) (0.0383422763398 0.795116920793 0) (0.0402307664712 0.798908757533 0) (0.0421321912134 0.802721152634 0) (0.0440467004623 0.806554372974 0) (0.045974446588 0.81040868951 0) (0.0479155844822 0.814284377362 0) (0.0498702716082 0.818181715898 0) (0.0518386680505 0.822100988818 0) (0.053820936567 0.826042484244 0) (0.0558172426414 0.830006494807 0) (0.0578277545376 0.833993317741 0) (0.0598526433552 0.838003254974 0) (0.0618920830862 0.842036613232 0))
    polyLine 44 48 ((0.217412636983 0.459395299345 -0.03) (0.218011980175 0.46005365722 -0.03) (0.218611323368 0.460712015094 -0.03) (0.21921066656 0.461370372968 -0.03) (0.219810009752 0.462028730842 -0.03) (0.220409352944 0.462687088716 -0.03) (0.221008696136 0.46334544659 -0.03) (0.221608039328 0.464003804464 -0.03) (0.22220738252 0.464662162338 -0.03) (0.222806725712 0.465320520212 -0.03) (0.223406068904 0.465978878086 -0.03) (0.224005412096 0.46663723596 -0.03) (0.224604755288 0.467295593835 -0.03) (0.22520409848 0.467953951709 -0.03) (0.225803441672 0.468612309583 -0.03) (0.226402784864 0.469270667457 -0.03) (0.227002128056 0.469929025331 -0.03) (0.227601471248 0.470587383205 -0.03) (0.22820081444 0.471245741079 -0.03) (0.228800157632 0.471904098953 -0.03) (0.229399500824 0.472562456827 -0.03) (0.229998844016 0.473220814701 -0.03) (0.230598187208 0.473879172576 -0.03) (0.2311975304 0.47453753045 -0.03) (0.231796873592 0.475195888324 -0.03) (0.232396216784 0.475854246198 -0.03) (0.232995559976 0.476512604072 -0.03) (0.233594903168 0.477170961946 -0.03) (0.23419424636 0.47782931982 -0.03) (0.234793589552 0.478487677694 -0.03) (0.235392932744 0.479146035568 -0.03) (0.235992275936 0.479804393442 -0.03) (0.236591619128 0.480462751316 -0.03) (0.23719096232 0.481121109191 -0.03) (0.237790305512 0.481779467065 -0.03) (0.238389648704 0.482437824939 -0.03) (0.238988991896 0.483096182813 -0.03) (0.239588335088 0.483754540687 -0.03) (0.24018767828 0.484412898561 -0.03) (0.240787021472 0.485071256435 -0.03) (0.241386364664 0.485729614309 -0.03) (0.241985707856 0.486387972183 -0.03) (0.242585051048 0.487046330057 -0.03) (0.24318439424 0.487704687931 -0.03) (0.243783737432 0.488363045806 -0.03) (0.244383080624 0.48902140368 -0.03) (0.244982423816 0.489679761554 -0.03) (0.245581767008 0.490338119428 -0.03) (0.2461811102 0.490996477302 -0.03) (0.246780453392 0.491654835176 -0.03) (0.247379796584 0.49231319305 -0.03) (0.247979139776 0.492971550924 -0.03) (0.248578482968 0.493629908798 -0.03))
    polyLine 46 50 ((0.217412636983 0.459395299345 0) (0.218011980175 0.46005365722 0) (0.218611323368 0.460712015094 0) (0.21921066656 0.461370372968 0) (0.219810009752 0.462028730842 0) (0.220409352944 0.462687088716 0) (0.221008696136 0.46334544659 0) (0.221608039328 0.464003804464 0) (0.22220738252 0.464662162338 0) (0.222806725712 0.465320520212 0) (0.223406068904 0.465978878086 0) (0.224005412096 0.46663723596 0) (0.224604755288 0.467295593835 0) (0.22520409848 0.467953951709 0) (0.225803441672 0.468612309583 0) (0.226402784864 0.469270667457 0) (0.227002128056 0.469929025331 0) (0.227601471248 0.470587383205 0) (0.22820081444 0.471245741079 0) (0.228800157632 0.471904098953 0) (0.229399500824 0.472562456827 0) (0.229998844016 0.473220814701 0) (0.230598187208 0.473879172576 0) (0.2311975304 0.47453753045 0) (0.231796873592 0.475195888324 0) (0.232396216784 0.475854246198 0) (0.232995559976 0.476512604072 0) (0.233594903168 0.477170961946 0) (0.23419424636 0.47782931982 0) (0.234793589552 0.478487677694 0) (0.235392932744 0.479146035568 0) (0.235992275936 0.479804393442 0) (0.236591619128 0.480462751316 0) (0.23719096232 0.481121109191 0) (0.237790305512 0.481779467065 0) (0.238389648704 0.482437824939 0) (0.238988991896 0.483096182813 0) (0.239588335088 0.483754540687 0) (0.24018767828 0.484412898561 0) (0.240787021472 0.485071256435 0) (0.241386364664 0.485729614309 0) (0.241985707856 0.486387972183 0) (0.242585051048 0.487046330057 0) (0.24318439424 0.487704687931 0) (0.243783737432 0.488363045806 0) (0.244383080624 0.48902140368 0) (0.244982423816 0.489679761554 0) (0.245581767008 0.490338119428 0) (0.2461811102 0.490996477302 0) (0.246780453392 0.491654835176 0) (0.247379796584 0.49231319305 0) (0.247979139776 0.492971550924 0) (0.248578482968 0.493629908798 0))
    polyLine 45 49 ((0.0658473144895 0.849843650559 -0.03) (0.0677611127001 0.853614160617 -0.03) (0.0696877895274 0.857405487597 -0.03) (0.0716274914682 0.86121788857 -0.03) (0.0735803673375 0.865051624459 -0.03) (0.0755465683126 0.868906960114 -0.03) (0.0775262479781 0.872784164386 -0.03) (0.079519562372 0.876683510209 -0.03) (0.0815266700332 0.880605274675 -0.03) (0.0835477320501 0.884549739123 -0.03) (0.0855829121095 0.888517189217 -0.03) (0.087632376548 0.892507915032 -0.03) (0.0896962944038 0.896522211148 -0.03) (0.0917748374697 0.900560376733 -0.03) (0.0938681803481 0.90462271564 -0.03) (0.0959765005062 0.908709536499 -0.03) (0.0980999783338 0.912821152814 -0.03) (0.100238797202 0.916957883064 -0.03) (0.102393143521 0.921120050802 -0.03) (0.104563206806 0.92530798476 -0.03) (0.106749179738 0.929522018956 -0.03) (0.108951258224 0.933762492805 -0.03) (0.111169641473 0.938029751224 -0.03))
    polyLine 47 51 ((0.0658473144895 0.849843650559 0) (0.0677611127001 0.853614160617 0) (0.0696877895274 0.857405487597 0) (0.0716274914682 0.86121788857 0) (0.0735803673375 0.865051624459 0) (0.0755465683126 0.868906960114 0) (0.0775262479781 0.872784164386 0) (0.079519562372 0.876683510209 0) (0.0815266700332 0.880605274675 0) (0.0835477320501 0.884549739123 0) (0.0855829121095 0.888517189217 0) (0.087632376548 0.892507915032 0) (0.0896962944038 0.896522211148 0) (0.0917748374697 0.900560376733 0) (0.0938681803481 0.90462271564 0) (0.0959765005062 0.908709536499 0) (0.0980999783338 0.912821152814 0) (0.100238797202 0.916957883064 0) (0.102393143521 0.921120050802 0) (0.104563206806 0.92530798476 0) (0.106749179738 0.929522018956 0) (0.108951258224 0.933762492805 0) (0.111169641473 0.938029751224 0))
    polyLine 48 52 ((0.24917782616 0.494288266672 -0.03) (0.249777169352 0.494946624546 -0.03) (0.250376512544 0.495604982421 -0.03) (0.250975855736 0.496263340295 -0.03) (0.251575198928 0.496921698169 -0.03) (0.252174542121 0.497580056043 -0.03) (0.252773885313 0.498238413917 -0.03) (0.253373228505 0.498896771791 -0.03) (0.253972571697 0.499555129665 -0.03) (0.254571914889 0.500213487539 -0.03) (0.255171258081 0.500871845413 -0.03) (0.255770601273 0.501530203287 -0.03) (0.256369944465 0.502188561161 -0.03) (0.256969287657 0.502846919036 -0.03) (0.257568630849 0.50350527691 -0.03) (0.258167974041 0.504163634784 -0.03) (0.258767317233 0.504821992658 -0.03) (0.259366660425 0.505480350532 -0.03) (0.259966003617 0.506138708406 -0.03) (0.260565346809 0.50679706628 -0.03) (0.261164690001 0.507455424154 -0.03) (0.261764033193 0.508113782028 -0.03) (0.262363376385 0.508772139902 -0.03) (0.262962719577 0.509430497776 -0.03) (0.263562062769 0.510088855651 -0.03) (0.264161405961 0.510747213525 -0.03) (0.264760749153 0.511405571399 -0.03) (0.265360092345 0.512063929273 -0.03) (0.265959435537 0.512722287147 -0.03) (0.266558778729 0.513380645021 -0.03) (0.267158121921 0.514039002895 -0.03) (0.267757465113 0.514697360769 -0.03) (0.268356808305 0.515355718643 -0.03) (0.268956151497 0.516014076517 -0.03) (0.269555494689 0.516672434392 -0.03) (0.270154837881 0.517330792266 -0.03) (0.270754181073 0.51798915014 -0.03) (0.271353524265 0.518647508014 -0.03) (0.271952867457 0.519305865888 -0.03) (0.272552210649 0.519964223762 -0.03) (0.273151553841 0.520622581636 -0.03) (0.273750897033 0.52128093951 -0.03) (0.274350240225 0.521939297384 -0.03) (0.274949583417 0.522597655258 -0.03) (0.275548926609 0.523256013132 -0.03) (0.276148269801 0.523914371007 -0.03) (0.276747612993 0.524572728881 -0.03) (0.277346956185 0.525231086755 -0.03) (0.277946299377 0.525889444629 -0.03) (0.278545642569 0.526547802503 -0.03) (0.279144985761 0.527206160377 -0.03) (0.279744328953 0.527864518251 -0.03) (0.280343672145 0.528522876125 -0.03) (0.280943015337 0.529181233999 -0.03))
    polyLine 50 54 ((0.24917782616 0.494288266672 0) (0.249777169352 0.494946624546 0) (0.250376512544 0.495604982421 0) (0.250975855736 0.496263340295 0) (0.251575198928 0.496921698169 0) (0.252174542121 0.497580056043 0) (0.252773885313 0.498238413917 0) (0.253373228505 0.498896771791 0) (0.253972571697 0.499555129665 0) (0.254571914889 0.500213487539 0) (0.255171258081 0.500871845413 0) (0.255770601273 0.501530203287 0) (0.256369944465 0.502188561161 0) (0.256969287657 0.502846919036 0) (0.257568630849 0.50350527691 0) (0.258167974041 0.504163634784 0) (0.258767317233 0.504821992658 0) (0.259366660425 0.505480350532 0) (0.259966003617 0.506138708406 0) (0.260565346809 0.50679706628 0) (0.261164690001 0.507455424154 0) (0.261764033193 0.508113782028 0) (0.262363376385 0.508772139902 0) (0.262962719577 0.509430497776 0) (0.263562062769 0.510088855651 0) (0.264161405961 0.510747213525 0) (0.264760749153 0.511405571399 0) (0.265360092345 0.512063929273 0) (0.265959435537 0.512722287147 0) (0.266558778729 0.513380645021 0) (0.267158121921 0.514039002895 0) (0.267757465113 0.514697360769 0) (0.268356808305 0.515355718643 0) (0.268956151497 0.516014076517 0) (0.269555494689 0.516672434392 0) (0.270154837881 0.517330792266 0) (0.270754181073 0.51798915014 0) (0.271353524265 0.518647508014 0) (0.271952867457 0.519305865888 0) (0.272552210649 0.519964223762 0) (0.273151553841 0.520622581636 0) (0.273750897033 0.52128093951 0) (0.274350240225 0.521939297384 0) (0.274949583417 0.522597655258 0) (0.275548926609 0.523256013132 0) (0.276148269801 0.523914371007 0) (0.276747612993 0.524572728881 0) (0.277346956185 0.525231086755 0) (0.277946299377 0.525889444629 0) (0.278545642569 0.526547802503 0) (0.279144985761 0.527206160377 0) (0.279744328953 0.527864518251 0) (0.280343672145 0.528522876125 0) (0.280943015337 0.529181233999 0))
    polyLine 49 53 ((0.115453226143 0.946256739082 -0.03) (0.117515924078 0.950212381228 -0.03) (0.119592786168 0.954191348159 -0.03) (0.12168397522 0.958193921015 -0.03) (0.123789656585 0.962220385196 -0.03) (0.12590999821 0.966271030442 -0.03) (0.128045170689 0.970346150918 -0.03) (0.130195347307 0.9744460453 -0.03) (0.132360704102 0.978571016865 -0.03) (0.134541419912 0.982721373582 -0.03) (0.136737676431 0.986897428199 -0.03) (0.13894965827 0.991099498348 -0.03) (0.141177553006 0.995327906632 -0.03) (0.14342155125 0.999582980731 -0.03) (0.145681846701 1.0038650535 -0.03) (0.147958636211 1.00817446308 -0.03) (0.150252119846 1.012511553 -0.03) (0.152562500956 1.01687667227 -0.03) (0.154889986234 1.02127017554 -0.03) (0.15723478579 1.02569242316 -0.03) (0.159597113219 1.03014378132 -0.03) (0.161977185672 1.0346246222 -0.03) (0.164375223931 1.03913532405 -0.03))
    polyLine 51 55 ((0.115453226143 0.946256739082 0) (0.117515924078 0.950212381228 0) (0.119592786168 0.954191348159 0) (0.12168397522 0.958193921015 0) (0.123789656585 0.962220385196 0) (0.12590999821 0.966271030442 0) (0.128045170689 0.970346150918 0) (0.130195347307 0.9744460453 0) (0.132360704102 0.978571016865 0) (0.134541419912 0.982721373582 0) (0.136737676431 0.986897428199 0) (0.13894965827 0.991099498348 0) (0.141177553006 0.995327906632 0) (0.14342155125 0.999582980731 0) (0.145681846701 1.0038650535 0) (0.147958636211 1.00817446308 0) (0.150252119846 1.012511553 0) (0.152562500956 1.01687667227 0) (0.154889986234 1.02127017554 0) (0.15723478579 1.02569242316 0) (0.159597113219 1.03014378132 0) (0.161977185672 1.0346246222 0) (0.164375223931 1.03913532405 0))
    polyLine 52 56 ((0.281542358529 0.529839591873 -0.03) (0.282141701721 0.530497949747 -0.03) (0.282741044913 0.531156307622 -0.03) (0.283340388105 0.531814665496 -0.03) (0.283939731297 0.53247302337 -0.03) (0.284539074489 0.533131381244 -0.03) (0.285138417682 0.533789739118 -0.03) (0.285737760874 0.534448096992 -0.03) (0.286337104066 0.535106454866 -0.03) (0.286936447258 0.53576481274 -0.03) (0.28753579045 0.536423170614 -0.03) (0.288135133642 0.537081528488 -0.03) (0.288734476834 0.537739886362 -0.03) (0.289333820026 0.538398244237 -0.03) (0.289933163218 0.539056602111 -0.03) (0.29053250641 0.539714959985 -0.03) (0.291131849602 0.540373317859 -0.03) (0.291731192794 0.541031675733 -0.03) (0.292330535986 0.541690033607 -0.03) (0.292929879178 0.542348391481 -0.03) (0.29352922237 0.543006749355 -0.03) (0.294128565562 0.543665107229 -0.03) (0.294727908754 0.544323465103 -0.03) (0.295327251946 0.544981822977 -0.03) (0.295926595138 0.545640180852 -0.03) (0.29652593833 0.546298538726 -0.03) (0.297125281522 0.5469568966 -0.03) (0.297724624714 0.547615254474 -0.03) (0.298323967906 0.548273612348 -0.03) (0.298923311098 0.548931970222 -0.03) (0.29952265429 0.549590328096 -0.03) (0.300121997482 0.55024868597 -0.03) (0.300721340674 0.550907043844 -0.03) (0.301320683866 0.551565401718 -0.03) (0.301920027058 0.552223759593 -0.03) (0.30251937025 0.552882117467 -0.03) (0.303118713442 0.553540475341 -0.03) (0.303718056634 0.554198833215 -0.03) (0.304317399826 0.554857191089 -0.03) (0.304916743018 0.555515548963 -0.03) (0.30551608621 0.556173906837 -0.03) (0.306115429402 0.556832264711 -0.03) (0.306714772594 0.557490622585 -0.03) (0.307314115786 0.558148980459 -0.03) (0.307913458978 0.558807338333 -0.03) (0.30851280217 0.559465696208 -0.03) (0.309112145362 0.560124054082 -0.03) (0.309711488554 0.560782411956 -0.03) (0.31030888217 0.561433793221 -0.03) (0.310911057201 0.562080756835 -0.03) (0.31151798098 0.562723267701 -0.03) (0.312129620581 0.563361290964 -0.03) (0.312745942825 0.563994792011 -0.03))
    polyLine 54 58 ((0.281542358529 0.529839591873 0) (0.282141701721 0.530497949747 0) (0.282741044913 0.531156307622 0) (0.283340388105 0.531814665496 0) (0.283939731297 0.53247302337 0) (0.284539074489 0.533131381244 0) (0.285138417682 0.533789739118 0) (0.285737760874 0.534448096992 0) (0.286337104066 0.535106454866 0) (0.286936447258 0.53576481274 0) (0.28753579045 0.536423170614 0) (0.288135133642 0.537081528488 0) (0.288734476834 0.537739886362 0) (0.289333820026 0.538398244237 0) (0.289933163218 0.539056602111 0) (0.29053250641 0.539714959985 0) (0.291131849602 0.540373317859 0) (0.291731192794 0.541031675733 0) (0.292330535986 0.541690033607 0) (0.292929879178 0.542348391481 0) (0.29352922237 0.543006749355 0) (0.294128565562 0.543665107229 0) (0.294727908754 0.544323465103 0) (0.295327251946 0.544981822977 0) (0.295926595138 0.545640180852 0) (0.29652593833 0.546298538726 0) (0.297125281522 0.5469568966 0) (0.297724624714 0.547615254474 0) (0.298323967906 0.548273612348 0) (0.298923311098 0.548931970222 0) (0.29952265429 0.549590328096 0) (0.300121997482 0.55024868597 0) (0.300721340674 0.550907043844 0) (0.301320683866 0.551565401718 0) (0.301920027058 0.552223759593 0) (0.30251937025 0.552882117467 0) (0.303118713442 0.553540475341 0) (0.303718056634 0.554198833215 0) (0.304317399826 0.554857191089 0) (0.304916743018 0.555515548963 0) (0.30551608621 0.556173906837 0) (0.306115429402 0.556832264711 0) (0.306714772594 0.557490622585 0) (0.307314115786 0.558148980459 0) (0.307913458978 0.558807338333 0) (0.30851280217 0.559465696208 0) (0.309112145362 0.560124054082 0) (0.309711488554 0.560782411956 0) (0.31030888217 0.561433793221 0) (0.310911057201 0.562080756835 0) (0.31151798098 0.562723267701 0) (0.312129620581 0.563361290964 0) (0.312745942825 0.563994792011 0))
    polyLine 53 57 ((0.16899547869 1.04781498336 -0.03) (0.171214782431 1.05197911535 -0.03) (0.173449538614 1.05616896656 -0.03) (0.175699924845 1.06038484078 -0.03) (0.177966121477 1.0646270464 -0.03) (0.180248311668 1.06889589654 -0.03) (0.182546681427 1.07319170908 -0.03) (0.184861419674 1.0775148068 -0.03) (0.187192718297 1.08186551747 -0.03) (0.189540772208 1.08624417389 -0.03) (0.191905779403 1.0906511141 -0.03) (0.194287941022 1.09508668137 -0.03) (0.196687461412 1.09955122438 -0.03) (0.199104548191 1.10404509728 -0.03) (0.201539412311 1.10856865983 -0.03) (0.203992268128 1.11312227752 -0.03) (0.206463333465 1.11770632162 -0.03) (0.208952829687 1.1223211694 -0.03) (0.211460981773 1.12696720416 -0.03) (0.213988018384 1.13164481539 -0.03) (0.216534171943 1.13635439892 -0.03) (0.21909967871 1.14109635699 -0.03) (0.221684778862 1.14587109845 -0.03))
    polyLine 55 59 ((0.16899547869 1.04781498336 0) (0.171214782431 1.05197911535 0) (0.173449538614 1.05616896656 0) (0.175699924845 1.06038484078 0) (0.177966121477 1.0646270464 0) (0.180248311668 1.06889589654 0) (0.182546681427 1.07319170908 0) (0.184861419674 1.0775148068 0) (0.187192718297 1.08186551747 0) (0.189540772208 1.08624417389 0) (0.191905779403 1.0906511141 0) (0.194287941022 1.09508668137 0) (0.196687461412 1.09955122438 0) (0.199104548191 1.10404509728 0) (0.201539412311 1.10856865983 0) (0.203992268128 1.11312227752 0) (0.206463333465 1.11770632162 0) (0.208952829687 1.1223211694 0) (0.211460981773 1.12696720416 0) (0.213988018384 1.13164481539 0) (0.216534171943 1.13635439892 0) (0.21909967871 1.14109635699 0) (0.221684778862 1.14587109845 0))
    polyLine 56 60 ((0.313366914277 0.564623736477 -0.03) (0.313992501251 0.565248090242 -0.03) (0.314622669809 0.565867819437 -0.03) (0.315257385765 0.566482890441 -0.03) (0.315896614688 0.567093269889 -0.03) (0.3165403219 0.567698924667 -0.03) (0.317188472481 0.568299821921 -0.03) (0.31784103127 0.568895929053 -0.03) (0.318497962867 0.569487213724 -0.03) (0.319159231635 0.570073643859 -0.03) (0.319824801699 0.570655187644 -0.03) (0.320494636956 0.571231813532 -0.03) (0.321168701066 0.571803490243 -0.03) (0.321846957463 0.572370186762 -0.03) (0.322529369353 0.572931872348 -0.03) (0.323215899716 0.573488516531 -0.03) (0.323906511309 0.574040089113 -0.03) (0.324601166667 0.574586560173 -0.03) (0.325299828107 0.575127900065 -0.03) (0.326002457727 0.575664079422 -0.03) (0.32670901741 0.576195069158 -0.03) (0.327419468827 0.576720840467 -0.03) (0.328133773438 0.577241364827 -0.03) (0.328851892491 0.577756614 -0.03) (0.329573787031 0.578266560036 -0.03) (0.330299417895 0.578771175269 -0.03) (0.331028745721 0.579270432326 -0.03) (0.331761730941 0.579764304123 -0.03) (0.332498333794 0.580252763869 -0.03) (0.33323851432 0.580735785063 -0.03) (0.333982232365 0.581213341505 -0.03) (0.334729447584 0.581685407287 -0.03) (0.335480119441 0.5821519568 -0.03) (0.336234207215 0.582612964735 -0.03) (0.336991669996 0.583068406082 -0.03) (0.337752466693 0.583518256136 -0.03) (0.338516556035 0.583962490492 -0.03) (0.339283896572 0.58440108505 -0.03) (0.340054446675 0.584834016019 -0.03) (0.340828164544 0.585261259913 -0.03) (0.341605008206 0.585682793553 -0.03) (0.342384935519 0.586098594073 -0.03) (0.343167904173 0.586508638916 -0.03) (0.343953871692 0.586912905838 -0.03) (0.34474279544 0.587311372908 -0.03) (0.345534632618 0.58770401851 -0.03) (0.346329340271 0.588090821343 -0.03) (0.347126875288 0.588471760424 -0.03) (0.347927194402 0.588846815087 -0.03) (0.348730254199 0.589215964987 -0.03) (0.349536011113 0.589579190098 -0.03) (0.350344421433 0.589936470715 -0.03) (0.351155441305 0.590287787457 -0.03) (0.351969026732 0.590633121264 -0.03))
    polyLine 58 62 ((0.313366914277 0.564623736477 0) (0.313992501251 0.565248090242 0) (0.314622669809 0.565867819437 0) (0.315257385765 0.566482890441 0) (0.315896614688 0.567093269889 0) (0.3165403219 0.567698924667 0) (0.317188472481 0.568299821921 0) (0.31784103127 0.568895929053 0) (0.318497962867 0.569487213724 0) (0.319159231635 0.570073643859 0) (0.319824801699 0.570655187644 0) (0.320494636956 0.571231813532 0) (0.321168701066 0.571803490243 0) (0.321846957463 0.572370186762 0) (0.322529369353 0.572931872348 0) (0.323215899716 0.573488516531 0) (0.323906511309 0.574040089113 0) (0.324601166667 0.574586560173 0) (0.325299828107 0.575127900065 0) (0.326002457727 0.575664079422 0) (0.32670901741 0.576195069158 0) (0.327419468827 0.576720840467 0) (0.328133773438 0.577241364827 0) (0.328851892491 0.577756614 0) (0.329573787031 0.578266560036 0) (0.330299417895 0.578771175269 0) (0.331028745721 0.579270432326 0) (0.331761730941 0.579764304123 0) (0.332498333794 0.580252763869 0) (0.33323851432 0.580735785063 0) (0.333982232365 0.581213341505 0) (0.334729447584 0.581685407287 0) (0.335480119441 0.5821519568 0) (0.336234207215 0.582612964735 0) (0.336991669996 0.583068406082 0) (0.337752466693 0.583518256136 0) (0.338516556035 0.583962490492 0) (0.339283896572 0.58440108505 0) (0.340054446675 0.584834016019 0) (0.340828164544 0.585261259913 0) (0.341605008206 0.585682793553 0) (0.342384935519 0.586098594073 0) (0.343167904173 0.586508638916 0) (0.343953871692 0.586912905838 0) (0.34474279544 0.587311372908 0) (0.345534632618 0.58770401851 0) (0.346329340271 0.588090821343 0) (0.347126875288 0.588471760424 0) (0.347927194402 0.588846815087 0) (0.348730254199 0.589215964987 0) (0.349536011113 0.589579190098 0) (0.350344421433 0.589936470715 0) (0.351155441305 0.590287787457 0) (0.351969026732 0.590633121264 0))
    polyLine 57 61 ((0.227061924441 1.15579196395 -0.03) (0.229856821326 1.16094287595 -0.03) (0.232674709771 1.16613228942 -0.03) (0.235515897728 1.171360728 -0.03) (0.238380698678 1.17662872463 -0.03) (0.241269431755 1.18193682172 -0.03) (0.244182421874 1.18728557142 -0.03) (0.247119999861 1.19267553582 -0.03) (0.250082502588 1.19810728713 -0.03) (0.253070273109 1.20358140799 -0.03) (0.256083660804 1.20909849164 -0.03) (0.259123021526 1.21465914222 -0.03) (0.262188717745 1.22026397498 -0.03) (0.265281118708 1.22591361656 -0.03) (0.268400600595 1.23160870524 -0.03) (0.271547546681 1.23734989125 -0.03) (0.274722347504 1.24313783701 -0.03) (0.277925401038 1.24897321744 -0.03) (0.281157112868 1.25485672025 -0.03) (0.284417896374 1.26078904625 -0.03) (0.287708172917 1.26677090969 -0.03) (0.291028372033 1.27280303853 -0.03) (0.294378931631 1.27888617482 -0.03))
    polyLine 59 63 ((0.227061924441 1.15579196395 0) (0.229856821326 1.16094287595 0) (0.232674709771 1.16613228942 0) (0.235515897728 1.171360728 0) (0.238380698678 1.17662872463 0) (0.241269431755 1.18193682172 0) (0.244182421874 1.18728557142 0) (0.247119999861 1.19267553582 0) (0.250082502588 1.19810728713 0) (0.253070273109 1.20358140799 0) (0.256083660804 1.20909849164 0) (0.259123021526 1.21465914222 0) (0.262188717745 1.22026397498 0) (0.265281118708 1.22591361656 0) (0.268400600595 1.23160870524 0) (0.271547546681 1.23734989125 0) (0.274722347504 1.24313783701 0) (0.277925401038 1.24897321744 0) (0.281157112868 1.25485672025 0) (0.284417896374 1.26078904625 0) (0.287708172917 1.26677090969 0) (0.291028372033 1.27280303853 0) (0.294378931631 1.27888617482 0))
    polyLine 60 64 ((0.352785133579 0.590972453404 -0.03) (0.353603717572 0.591305765468 -0.03) (0.354424734305 0.591633039375 -0.03) (0.355248139239 0.591954257369 -0.03) (0.356073887705 0.592269402027 -0.03) (0.356901934909 0.592578456251 -0.03) (0.35773223593 0.592881403277 -0.03) (0.358564745726 0.593178226669 -0.03) (0.359399419134 0.593468910325 -0.03) (0.360236210874 0.593753438477 -0.03) (0.361075075552 0.594031795689 -0.03) (0.361915967661 0.59430396686 -0.03) (0.362758841584 0.594569937227 -0.03) (0.363603651596 0.59482969236 -0.03) (0.364450351868 0.595083218168 -0.03) (0.365298896467 0.595330500897 -0.03) (0.366149239362 0.595571527134 -0.03) (0.367001334423 0.595806283803 -0.03) (0.367855135424 0.596034758168 -0.03) (0.368710596049 0.596256937835 -0.03) (0.36956766989 0.596472810752 -0.03) (0.370426310453 0.596682365207 -0.03) (0.371286471157 0.596885589833 -0.03) (0.372148105341 0.597082473605 -0.03) (0.373011166261 0.597273005842 -0.03) (0.373875607099 0.597457176209 -0.03) (0.374741380959 0.597634974714 -0.03) (0.375608440875 0.597806391712 -0.03) (0.376476739811 0.597971417904 -0.03) (0.377346230662 0.598130044337 -0.03) (0.37821686626 0.598282262407 -0.03) (0.379088599375 0.598428063856 -0.03) (0.379961382716 0.598567440774 -0.03) (0.380835168936 0.5987003856 -0.03) (0.381709910634 0.598826891122 -0.03) (0.382585560357 0.598946950479 -0.03) (0.383462070601 0.599060557155 -0.03) (0.384339393819 0.599167704989 -0.03) (0.385217482415 0.599268388168 -0.03) (0.386096288756 0.599362601231 -0.03) (0.386975765167 0.599450339065 -0.03) (0.387855863939 0.599531596912 -0.03) (0.388736537327 0.599606370363 -0.03) (0.389617737556 0.599674655362 -0.03) (0.390499416824 0.599736448205 -0.03) (0.391381527299 0.599791745539 -0.03) (0.392264021129 0.599840544366 -0.03) (0.39314685044 0.599882842036 -0.03) (0.39402996734 0.599918636257 -0.03) (0.394913323922 0.599947925086 -0.03) (0.395796872264 0.599970706934 -0.03) (0.396680564436 0.599986980565 -0.03) (0.397564352498 0.599996745097 -0.03))
    polyLine 62 66 ((0.352785133579 0.590972453404 0) (0.353603717572 0.591305765468 0) (0.354424734305 0.591633039375 0) (0.355248139239 0.591954257369 0) (0.356073887705 0.592269402027 0) (0.356901934909 0.592578456251 0) (0.35773223593 0.592881403277 0) (0.358564745726 0.593178226669 0) (0.359399419134 0.593468910325 0) (0.360236210874 0.593753438477 0) (0.361075075552 0.594031795689 0) (0.361915967661 0.59430396686 0) (0.362758841584 0.594569937227 0) (0.363603651596 0.59482969236 0) (0.364450351868 0.595083218168 0) (0.365298896467 0.595330500897 0) (0.366149239362 0.595571527134 0) (0.367001334423 0.595806283803 0) (0.367855135424 0.596034758168 0) (0.368710596049 0.596256937835 0) (0.36956766989 0.596472810752 0) (0.370426310453 0.596682365207 0) (0.371286471157 0.596885589833 0) (0.372148105341 0.597082473605 0) (0.373011166261 0.597273005842 0) (0.373875607099 0.597457176209 0) (0.374741380959 0.597634974714 0) (0.375608440875 0.597806391712 0) (0.376476739811 0.597971417904 0) (0.377346230662 0.598130044337 0) (0.37821686626 0.598282262407 0) (0.379088599375 0.598428063856 0) (0.379961382716 0.598567440774 0) (0.380835168936 0.5987003856 0) (0.381709910634 0.598826891122 0) (0.382585560357 0.598946950479 0) (0.383462070601 0.599060557155 0) (0.384339393819 0.599167704989 0) (0.385217482415 0.599268388168 0) (0.386096288756 0.599362601231 0) (0.386975765167 0.599450339065 0) (0.387855863939 0.599531596912 0) (0.388736537327 0.599606370363 0) (0.389617737556 0.599674655362 0) (0.390499416824 0.599736448205 0) (0.391381527299 0.599791745539 0) (0.392264021129 0.599840544366 0) (0.39314685044 0.599882842036 0) (0.39402996734 0.599918636257 0) (0.394913323922 0.599947925086 0) (0.395796872264 0.599970706934 0) (0.396680564436 0.599986980565 0) (0.397564352498 0.599996745097 0))
    polyLine 61 65 ((0.301467143469 1.29174175919 -0.03) (0.305211439538 1.29852538606 -0.03) (0.308993794063 1.30537298471 -0.03) (0.312814827903 1.31228560635 -0.03) (0.316675175474 1.31926432505 -0.03) (0.320575485123 1.32631023825 -0.03) (0.324516419508 1.33342446747 -0.03) (0.328498655995 1.34060815895 -0.03) (0.33252288707 1.34786248436 -0.03) (0.336589820757 1.35518864148 -0.03) (0.340700181059 1.36258785496 -0.03) (0.344854708408 1.37006137707 -0.03) (0.349054160132 1.37761048849 -0.03) (0.353299310944 1.38523649912 -0.03) (0.357590953432 1.39294074894 -0.03) (0.361929898588 1.40072460883 -0.03) (0.366316976336 1.40858948154 -0.03) (0.370753036087 1.41653680256 -0.03) (0.375238947319 1.42456804113 -0.03) (0.379775600166 1.43268470123 -0.03) (0.384363906034 1.44088832257 -0.03) (0.389004798242 1.44918048175 -0.03) (0.393699232684 1.45756279329 -0.03))
    polyLine 63 67 ((0.301467143469 1.29174175919 0) (0.305211439538 1.29852538606 0) (0.308993794063 1.30537298471 0) (0.312814827903 1.31228560635 0) (0.316675175474 1.31926432505 0) (0.320575485123 1.32631023825 0) (0.324516419508 1.33342446747 0) (0.328498655995 1.34060815895 0) (0.33252288707 1.34786248436 0) (0.336589820757 1.35518864148 0) (0.340700181059 1.36258785496 0) (0.344854708408 1.37006137707 0) (0.349054160132 1.37761048849 0) (0.353299310944 1.38523649912 0) (0.357590953432 1.39294074894 0) (0.361929898588 1.40072460883 0) (0.366316976336 1.40858948154 0) (0.370753036087 1.41653680256 0) (0.375238947319 1.42456804113 0) (0.379775600166 1.43268470123 0) (0.384363906034 1.44088832257 0) (0.389004798242 1.44918048175 0) (0.393699232684 1.45756279329 0))
);

boundary
(
    body_fore
    {
        type wall;
        faces
        (
            (0 2 6 4)
            (4 6 10 8)
            (8 10 14 12)
            (12 14 18 16)
            (16 18 22 20)
            (20 22 26 24)
            (24 26 30 28)
            (28 30 34 32)
            (32 34 38 36)
            (36 38 42 40)
            (40 42 46 44)
            (44 46 50 48)
            (48 50 54 52)
            (52 54 58 56)
            (56 58 62 60)
            (60 62 66 64)
        );
    }
    freestream
    {
        type patch;
        faces
        (
            (1 5 7 3)
            (5 9 11 7)
            (9 13 15 11)
            (13 17 19 15)
            (17 21 23 19)
            (21 25 27 23)
            (25 29 31 27)
            (29 33 35 31)
            (33 37 39 35)
            (37 41 43 39)
            (41 45 47 43)
            (45 49 51 47)
            (49 53 55 51)
            (53 57 59 55)
            (57 61 63 59)
            (61 65 67 63)
        );
    }
    outlet
    {
        type patch;
        faces
        (
            (64 66 67 65)
        );
    }
    axis
    {
        type patch;
        faces
        (
            (0 1 3 2)
        );
    }
    front
    {
        type patch;
        faces
        (
            (2 6 7 3)
            (6 10 11 7)
            (10 14 15 11)
            (14 18 19 15)
            (18 22 23 19)
            (22 26 27 23)
            (26 30 31 27)
            (30 34 35 31)
            (34 38 39 35)
            (38 42 43 39)
            (42 46 47 43)
            (46 50 51 47)
            (50 54 55 51)
            (54 58 59 55)
            (58 62 63 59)
            (62 66 67 63)
        );
    }
    back
    {
        type patch;
        faces
        (
            (0 1 5 4)
            (4 5 9 8)
            (8 9 13 12)
            (12 13 17 16)
            (16 17 21 20)
            (20 21 25 24)
            (24 25 29 28)
            (28 29 33 32)
            (32 33 37 36)
            (36 37 41 40)
            (40 41 45 44)
            (44 45 49 48)
            (48 49 53 52)
            (52 53 57 56)
            (56 57 61 60)
            (60 61 65 64)
        );
    }
);
