FoamFile
{
    version     2.0;
    format      ascii;
    class       dictionary;
    object      blockMeshDict;
}
// Generated by aether.cfd - do not edit by hand. Regenerate from the run config.

scale 1;

vertices
(
    (0 0 -0.03)
    (-0.307459825559 6.92643775394e-17 -0.03)
    (0 0 0)
    (-0.307459825559 6.92643775394e-17 0)
    (0.00107209963284 0.0424739459635 -0.03)
    (-0.303881244375 0.092862345522 -0.03)
    (0.00107209963284 0.0424739459635 0)
    (-0.303881244375 0.092862345522 0)
    (0.00428560871192 0.0848397190744 -0.03)
    (-0.293366400412 0.184322071878 -0.03)
    (0.00428560871192 0.0848397190744 0)
    (-0.293366400412 0.184322071878 0)
    (0.00963234316025 0.126989424966 -0.03)
    (-0.276513110261 0.273219872247 -0.03)
    (0.00963234316025 0.126989424966 0)
    (-0.276513110261 0.273219872247 0)
    (0.0170986861612 0.168815719542 -0.03)
    (-0.254137614126 0.358789254749 -0.03)
    (0.0170986861612 0.168815719542 0)
    (-0.254137614126 0.358789254749 0)
    (0.0266656228367 0.21021208235 -0.03)
    (-0.227099504152 0.440680580717 -0.03)
    (0.0266656228367 0.21021208235 0)
    (-0.227099504152 0.440680580717 0)
    (0.0383087886736 0.251073087859 -0.03)
    (-0.196171021935 0.518892754632 -0.03)
    (0.0383087886736 0.251073087859 0)
    (-0.196171021935 0.518892754632 0)
    (0.0519985315725 0.291294673952 -0.03)
    (-0.161969422003 0.593668260676 -0.03)
    (0.0519985315725 0.291294673952 0)
    (-0.161969422003 0.593668260676 0)
    (0.0676999873642 0.330774406936 -0.03)
    (-0.124940175253 0.665393546004 -0.03)
    (0.0676999873642 0.330774406936 0)
    (-0.124940175253 0.665393546004 0)
    (0.0853731685982 0.369411742419 -0.03)
    (-0.0853694982561 0.734523421909 -0.03)
    (0.0853731685982 0.369411742419 0)
    (-0.0853694982561 0.734523421909 0)
    (0.10497306638 0.407108281362 -0.03)
    (-0.0434085490745 0.801531631403 -0.03)
    (0.10497306638 0.407108281362 0)
    (-0.0434085490745 0.801531631403 0)
    (0.126449764996 0.443768020679 -0.03)
    (0.000901220019689 0.866882463502 -0.03)
    (0.126449764996 0.443768020679 0)
    (0.000901220019689 0.866882463502 0)
    (0.148897519525 0.479846641603 -0.03)
    (0.0465235977475 0.929577793996 -0.03)
    (0.148897519525 0.479846641603 0)
    (0.0465235977475 0.929577793996 0)
    (0.171346086469 0.515924757626 -0.03)
    (0.0919084148519 0.988194330236 -0.03)
    (0.171346086469 0.515924757626 0)
    (0.0919084148519 0.988194330236 0)
    (0.193794653412 0.552002873649 -0.03)
    (0.136588700043 1.04285981658 -0.03)
    (0.193794653412 0.552002873649 0)
    (0.136588700043 1.04285981658 0)
    (0.218880327934 0.586007361318 -0.03)
    (0.184544568546 1.09869138606 -0.03)
    (0.218880327934 0.586007361318 0)
    (0.184544568546 1.09869138606 0)
    (0.258126738563 0.6 -0.03)
    (0.258126738563 1.17956892773 -0.03)
    (0.258126738563 0.6 0)
    (0.258126738563 1.17956892773 0)
);

blocks
(
    hex (0 4 5 1 2 6 7 3) (4 48 1) simpleGrading (1 4 1)
    hex (4 8 9 5 6 10 11 7) (4 48 1) simpleGrading (1 4 1)
    hex (8 12 13 9 10 14 15 11) (4 48 1) simpleGrading (1 4 1)
    hex (12 16 17 13 14 18 19 15) (4 48 1) simpleGrading (1 4 1)
    hex (16 20 21 17 18 22 23 19) (4 48 1) simpleGrading (1 4 1)
    hex (20 24 25 21 22 26 27 23) (4 48 1) simpleGrading (1 4 1)
    hex (24 28 29 25 26 30 31 27) (4 48 1) simpleGrading (1 4 1)
    hex (28 32 33 29 30 34 35 31) (4 48 1) simpleGrading (1 4 1)
    hex (32 36 37 33 34 38 39 35) (4 48 1) simpleGrading (1 4 1)
    hex (36 40 41 37 38 42 43 39) (4 48 1) simpleGrading (1 4 1)
    hex (40 44 45 41 42 46 47 43) (4 48 1) simpleGrading (1 4 1)
    hex (44 48 49 45 46 50 51 47) (4 48 1) simpleGrading (1 4 1)
    hex (48 52 53 49 50 54 55 51) (4 48 1) simpleGrading (1 4 1)
    hex (52 56 57 53 54 58 59 55) (4 48 1) simpleGrading (1 4 1)
    hex (56 60 61 57 58 62 63 59) (4 48 1) simpleGrading (1 4 1)
    hex (60 64 65 61 62 66 67 63) (4 48 1) simpleGrading (1 4 1)
);

edges
(
    polyLine 0 4 ((4.84158283346e-07 0.000902906147612 -0.03) (1.93663257639e-06 0.00180581125676 -0.03) (4.35742120871e-06 0.00270871428898 -0.03) (7.74652139606e-06 0.0036116142058 -0.03) (1.21039292405e-05 0.00451450996878 -0.03) (1.74296397303e-05 0.00541740053945 -0.03) (2.37236467404e-05 0.00632028487938 -0.03) (3.09859430316e-05 0.00722316195011 -0.03) (3.92165202514e-05 0.00812603071322 -0.03) (4.84153689335e-05 0.00902889013029 -0.03) (5.85824784979e-05 0.0099317391629 -0.03) (6.97178372511e-05 0.0108345767727 -0.03) (8.18214323859e-05 0.0117374019212 -0.03) (9.48932499815e-05 0.0126402135701 -0.03) (0.000108933275004 0.013543010681 -0.03) (0.000123941491304 0.0144457922156 -0.03) (0.000139917881622 0.0153485571356 -0.03) (0.000156862427581 0.0162513044027 -0.03) (0.000174775109694 0.0171540329785 -0.03) (0.000193655907358 0.0180567418248 -0.03) (0.000213504798859 0.0189594299035 -0.03) (0.000234321761366 0.0198620961762 -0.03) (0.000256106770938 0.0207647396048 -0.03) (0.000278859802519 0.0216673591511 -0.03) (0.000302580829939 0.0225699537769 -0.03) (0.000327269825917 0.0234725224443 -0.03) (0.000352926762057 0.024375064115 -0.03) (0.000379551608849 0.0252775777511 -0.03) (0.000407144335672 0.0261800623146 -0.03) (0.000435704910789 0.0270825167673 -0.03) (0.000465233301354 0.0279849400715 -0.03) (0.000495729473403 0.0288873311892 -0.03) (0.000527193391862 0.0297896890826 -0.03) (0.000559625020544 0.0306920127137 -0.03) (0.000593024322147 0.0315943010448 -0.03) (0.000627391258257 0.0324965530381 -0.03) (0.000662725789349 0.033398767656 -0.03) (0.000699027874782 0.0343009438608 -0.03) (0.000736297472805 0.0352030806147 -0.03) (0.000774534540551 0.0361051768804 -0.03) (0.000813739034044 0.0370072316201 -0.03) (0.000853910908192 0.0379092437965 -0.03) (0.000895050116793 0.038811212372 -0.03) (0.000937156612531 0.0397131363094 -0.03) (0.000980230346977 0.0406150145713 -0.03) (0.00102427127059 0.0415168461203 -0.03) (0.00106927933272 0.0424186299193 -0.03))
    polyLine 2 6 ((4.84158283346e-07 0.000902906147612 0) (1.93663257639e-06 0.00180581125676 0) (4.35742120871e-06 0.00270871428898 0) (7.74652139606e-06 0.0036116142058 0) (1.21039292405e-05 0.00451450996878 0) (1.74296397303e-05 0.00541740053945 0) (2.37236467404e-05 0.00632028487938 0) (3.09859430316e-05 0.00722316195011 0) (3.92165202514e-05 0.00812603071322 0) (4.84153689335e-05 0.00902889013029 0) (5.85824784979e-05 0.0099317391629 0) (6.97178372511e-05 0.0108345767727 0) (8.18214323859e-05 0.0117374019212 0) (9.48932499815e-05 0.0126402135701 0) (0.000108933275004 0.013543010681 0) (0.000123941491304 0.0144457922156 0) (0.000139917881622 0.0153485571356 0) (0.000156862427581 0.0162513044027 0) (0.000174775109694 0.0171540329785 0) (0.000193655907358 0.0180567418248 0) (0.000213504798859 0.0189594299035 0) (0.000234321761366 0.0198620961762 0) (0.000256106770938 0.0207647396048 0) (0.000278859802519 0.0216673591511 0) (0.000302580829939 0.0225699537769 0) (0.000327269825917 0.0234725224443 0) (0.000352926762057 0.024375064115 0) (0.000379551608849 0.0252775777511 0) (0.000407144335672 0.0261800623146 0) (0.000435704910789 0.0270825167673 0) (0.000465233301354 0.0279849400715 0) (0.000495729473403 0.0288873311892 0) (0.000527193391862 0.0297896890826 0) (0.000559625020544 0.0306920127137 0) (0.000593024322147 0.0315943010448 0) (0.000627391258257 0.0324965530381 0) (0.000662725789349 0.033398767656 0) (0.000699027874782 0.0343009438608 0) (0.000736297472805 0.0352030806147 0) (0.000774534540551 0.0361051768804 0) (0.000813739034044 0.0370072316201 0) (0.000853910908192 0.0379092437965 0) (0.000895050116793 0.038811212372 0) (0.000937156612531 0.0397131363094 0) (0.000980230346977 0.0406150145713 0) (0.00102427127059 0.0415168461203 0) (0.00106927933272 0.0424186299193 0))
    polyLine 1 5 ((-0.307453644677 0.00385905194254 -0.03) (-0.307435101365 0.00771821016312 -0.03) (-0.307404193632 0.0115775809498 -0.03) (-0.307360918159 0.0154372706106 -0.03) (-0.307305270296 0.0192973854835 -0.03) (-0.307237244065 0.0231580319466 -0.03) (-0.307156832156 0.0270193164279 -0.03) (-0.307064025928 0.0308813454155 -0.03) (-0.306958815403 0.0347442254675 -0.03) (-0.306841189268 0.0386080632224 -0.03) (-0.306711134874 0.0424729654085 -0.03) (-0.306568638227 0.0463390388548 -0.03) (-0.306413683991 0.0502063905005 -0.03) (-0.306246255482 0.0540751274054 -0.03) (-0.306066334668 0.05794535676 -0.03) (-0.30587390216 0.061817185896 -0.03) (-0.305668937212 0.0656907222957 -0.03) (-0.305451417717 0.0695660736034 -0.03) (-0.3052213202 0.0734433476348 -0.03) (-0.304978619814 0.0773226523875 -0.03) (-0.304723290338 0.0812040960519 -0.03) (-0.304455304166 0.0850877870209 -0.03) (-0.304174632307 0.0889738339009 -0.03))
    polyLine 3 7 ((-0.307453644677 0.00385905194254 0) (-0.307435101365 0.00771821016312 0) (-0.307404193632 0.0115775809498 0) (-0.307360918159 0.0154372706106 0) (-0.307305270296 0.0192973854835 0) (-0.307237244065 0.0231580319466 0) (-0.307156832156 0.0270193164279 0) (-0.307064025928 0.0308813454155 0) (-0.306958815403 0.0347442254675 0) (-0.306841189268 0.0386080632224 0) (-0.306711134874 0.0424729654085 0) (-0.306568638227 0.0463390388548 0) (-0.306413683991 0.0502063905005 0) (-0.306246255482 0.0540751274054 0) (-0.306066334668 0.05794535676 0) (-0.30587390216 0.061817185896 0) (-0.305668937212 0.0656907222957 0) (-0.305451417717 0.0695660736034 0) (-0.3052213202 0.0734433476348 0) (-0.304978619814 0.0773226523875 0) (-0.304723290338 0.0812040960519 0) (-0.304455304166 0.0850877870209 0) (-0.304174632307 0.0889738339009 0))
    polyLine 4 8 ((0.0011152544816 0.0433203649311 -0.03) (0.00116219666435 0.0442220501186 -0.03) (0.00121010582698 0.0451236844447 -0.03) (0.00125898191439 0.0460252668723 -0.03) (0.00130882487037 0.0469267963647 -0.03) (0.00135963463759 0.0478282718848 -0.03) (0.00141141115761 0.0487296923958 -0.03) (0.00146415437088 0.0496310568611 -0.03) (0.00151786421674 0.0505323642439 -0.03) (0.00157254063341 0.0514336135076 -0.03) (0.00162818355801 0.0523348036156 -0.03) (0.00168479292655 0.0532359335314 -0.03) (0.00174236867391 0.0541370022186 -0.03) (0.00180091073388 0.0550380086409 -0.03) (0.00186041903912 0.055938951762 -0.03) (0.0019208935212 0.0568398305456 -0.03) (0.00198233411054 0.0577406439557 -0.03) (0.0020447407365 0.0586413909562 -0.03) (0.0021081133273 0.059542070511 -0.03) (0.00217245181005 0.0604426815844 -0.03) (0.00223775611074 0.0613432231404 -0.03) (0.00230402615428 0.0622436941434 -0.03) (0.00237126186444 0.0631440935575 -0.03) (0.00243946316389 0.0640444203474 -0.03) (0.00250862997419 0.0649446734775 -0.03) (0.00257876221579 0.0658448519123 -0.03) (0.00264985980803 0.0667449546165 -0.03) (0.00272192266914 0.0676449805549 -0.03) (0.00279495071623 0.0685449286924 -0.03) (0.00286894386531 0.0694447979939 -0.03) (0.00294390203128 0.0703445874243 -0.03) (0.00301982512793 0.0712442959489 -0.03) (0.00309671306794 0.0721439225328 -0.03) (0.00317456576287 0.0730434661414 -0.03) (0.00325338312318 0.07394292574 -0.03) (0.00333316505822 0.0748423002941 -0.03) (0.00341391147624 0.0757415887694 -0.03) (0.00349562228436 0.0766407901315 -0.03) (0.0035782973886 0.0775399033463 -0.03) (0.00366193669388 0.0784389273796 -0.03) (0.00374654010399 0.0793378611974 -0.03) (0.00383210752165 0.0802367037658 -0.03) (0.00391863884842 0.0811354540511 -0.03) (0.00400613398479 0.0820341110195 -0.03) (0.00409459283012 0.0829326736375 -0.03) (0.00418401528268 0.0838311408717 -0.03) (0.00427440123962 0.0847295116885 -0.03))
    polyLine 6 10 ((0.0011152544816 0.0433203649311 0) (0.00116219666435 0.0442220501186 0) (0.00121010582698 0.0451236844447 0) (0.00125898191439 0.0460252668723 0) (0.00130882487037 0.0469267963647 0) (0.00135963463759 0.0478282718848 0) (0.00141141115761 0.0487296923958 0) (0.00146415437088 0.0496310568611 0) (0.00151786421674 0.0505323642439 0) (0.00157254063341 0.0514336135076 0) (0.00162818355801 0.0523348036156 0) (0.00168479292655 0.0532359335314 0) (0.00174236867391 0.0541370022186 0) (0.00180091073388 0.0550380086409 0) (0.00186041903912 0.055938951762 0) (0.0019208935212 0.0568398305456 0) (0.00198233411054 0.0577406439557 0) (0.0020447407365 0.0586413909562 0) (0.0021081133273 0.059542070511 0) (0.00217245181005 0.0604426815844 0) (0.00223775611074 0.0613432231404 0) (0.00230402615428 0.0622436941434 0) (0.00237126186444 0.0631440935575 0) (0.00243946316389 0.0640444203474 0) (0.00250862997419 0.0649446734775 0) (0.00257876221579 0.0658448519123 0) (0.00264985980803 0.0667449546165 0) (0.00272192266914 0.0676449805549 0) (0.00279495071623 0.0685449286924 0) (0.00286894386531 0.0694447979939 0) (0.00294390203128 0.0703445874243 0) (0.00301982512793 0.0712442959489 0) (0.00309671306794 0.0721439225328 0) (0.00317456576287 0.0730434661414 0) (0.00325338312318 0.07394292574 0) (0.00333316505822 0.0748423002941 0) (0.00341391147624 0.0757415887694 0) (0.00349562228436 0.0766407901315 0) (0.0035782973886 0.0775399033463 0) (0.00366193669388 0.0784389273796 0) (0.00374654010399 0.0793378611974 0) (0.00383210752165 0.0802367037658 0) (0.00391863884842 0.0811354540511 0) (0.00400613398479 0.0820341110195 0) (0.00409459283012 0.0829326736375 0) (0.00418401528268 0.0838311408717 0) (0.00427440123962 0.0847295116885 0))
    polyLine 5 9 ((-0.303584560191 0.0966356406502 -0.03) (-0.303275857781 0.100411455843 -0.03) (-0.302955105648 0.104189891006 -0.03) (-0.302622271039 0.107971046278 -0.03) (-0.302277319939 0.111755022046 -0.03) (-0.301920217066 0.115541918945 -0.03) (-0.301550925862 0.119331837878 -0.03) (-0.301169408486 0.123124880017 -0.03) (-0.300775625811 0.126921146816 -0.03) (-0.300369537408 0.130720740023 -0.03) (-0.299951101548 0.134523761683 -0.03) (-0.299520275186 0.138330314154 -0.03) (-0.299077013955 0.142140500114 -0.03) (-0.298621272162 0.145954422569 -0.03) (-0.29815300277 0.149772184867 -0.03) (-0.297672157397 0.153593890705 -0.03) (-0.297178686302 0.15741964414 -0.03) (-0.296672538377 0.161249549597 -0.03) (-0.296153661136 0.165083711884 -0.03) (-0.295622000704 0.168922236197 -0.03) (-0.29507750181 0.172765228133 -0.03) (-0.29452010777 0.1766127937 -0.03) (-0.293949760483 0.180465039328 -0.03))
    polyLine 7 11 ((-0.303584560191 0.0966356406502 0) (-0.303275857781 0.100411455843 0) (-0.302955105648 0.104189891006 0) (-0.302622271039 0.107971046278 0) (-0.302277319939 0.111755022046 0) (-0.301920217066 0.115541918945 0) (-0.301550925862 0.119331837878 0) (-0.301169408486 0.123124880017 0) (-0.300775625811 0.126921146816 0) (-0.300369537408 0.130720740023 0) (-0.299951101548 0.134523761683 0) (-0.299520275186 0.138330314154 0) (-0.299077013955 0.142140500114 0) (-0.298621272162 0.145954422569 0) (-0.29815300277 0.149772184867 0) (-0.297672157397 0.153593890705 0) (-0.297178686302 0.15741964414 0) (-0.296672538377 0.161249549597 0) (-0.296153661136 0.165083711884 0) (-0.295622000704 0.168922236197 0) (-0.29507750181 0.172765228133 0) (-0.29452010777 0.1766127937 0) (-0.293949760483 0.180465039328 0))
    polyLine 8 12 ((0.00436575059698 0.0856277850549 -0.03) (0.0044580632497 0.0865259599376 -0.03) (0.0045513390916 0.0874240353037 -0.03) (0.00464557801541 0.0883220101202 -0.03) (0.00474077991274 0.0892198833543 -0.03) (0.00483694467409 0.0901176539734 -0.03) (0.00493407218886 0.0910153209448 -0.03) (0.00503216234534 0.0919128832363 -0.03) (0.00513121503071 0.0928103398153 -0.03) (0.00523123013106 0.0937076896499 -0.03) (0.00533220753134 0.0946049317077 -0.03) (0.00543414711542 0.095502064957 -0.03) (0.00553704876605 0.0963990883659 -0.03) (0.00564091236489 0.0972960009027 -0.03) (0.00574573779248 0.0981928015358 -0.03) (0.00585152492826 0.0990894892338 -0.03) (0.00595827365054 0.0999860629654 -0.03) (0.00606598383657 0.100882521699 -0.03) (0.00617465536245 0.101778864405 -0.03) (0.0062842881032 0.10267509005 -0.03) (0.00639488193274 0.103571197606 -0.03) (0.00650643672385 0.10446718604 -0.03) (0.00661895234823 0.105363054323 -0.03) (0.00673242867649 0.106258801423 -0.03) (0.0068468655781 0.107154426312 -0.03) (0.00696226292144 0.108049927959 -0.03) (0.0070786205738 0.108945305333 -0.03) (0.00719593840135 0.109840557406 -0.03) (0.00731421626915 0.110735683146 -0.03) (0.00743345404118 0.111630681526 -0.03) (0.00755365158028 0.112525551515 -0.03) (0.00767480874822 0.113420292084 -0.03) (0.00779692540565 0.114314902205 -0.03) (0.00792000141211 0.115209380848 -0.03) (0.00804403662606 0.116103726984 -0.03) (0.00816903090484 0.116997939585 -0.03) (0.00829498410468 0.117892017623 -0.03) (0.00842189608073 0.118785960068 -0.03) (0.00854976668701 0.119679765894 -0.03) (0.00867859577646 0.120573434072 -0.03) (0.00880838320091 0.121466963573 -0.03) (0.00893912881108 0.122360353371 -0.03) (0.0090708324566 0.123253602438 -0.03) (0.00920349398599 0.124146709747 -0.03) (0.00933711324667 0.125039674269 -0.03) (0.00947169008497 0.125932494979 -0.03) (0.0096072243461 0.12682517085 -0.03))
    polyLine 10 14 ((0.00436575059698 0.0856277850549 0) (0.0044580632497 0.0865259599376 0) (0.0045513390916 0.0874240353037 0) (0.00464557801541 0.0883220101202 0) (0.00474077991274 0.0892198833543 0) (0.00483694467409 0.0901176539734 0) (0.00493407218886 0.0910153209448 0) (0.00503216234534 0.0919128832363 0) (0.00513121503071 0.0928103398153 0) (0.00523123013106 0.0937076896499 0) (0.00533220753134 0.0946049317077 0) (0.00543414711542 0.095502064957 0) (0.00553704876605 0.0963990883659 0) (0.00564091236489 0.0972960009027 0) (0.00574573779248 0.0981928015358 0) (0.00585152492826 0.0990894892338 0) (0.00595827365054 0.0999860629654 0) (0.00606598383657 0.100882521699 0) (0.00617465536245 0.101778864405 0) (0.0062842881032 0.10267509005 0) (0.00639488193274 0.103571197606 0) (0.00650643672385 0.10446718604 0) (0.00661895234823 0.105363054323 0) (0.00673242867649 0.106258801423 0) (0.0068468655781 0.107154426312 0) (0.00696226292144 0.108049927959 0) (0.0070786205738 0.108945305333 0) (0.00719593840135 0.109840557406 0) (0.00731421626915 0.110735683146 0) (0.00743345404118 0.111630681526 0) (0.00755365158028 0.112525551515 0) (0.00767480874822 0.113420292084 0) (0.00779692540565 0.114314902205 0) (0.00792000141211 0.115209380848 0) (0.00804403662606 0.116103726984 0) (0.00816903090484 0.116997939585 0) (0.00829498410468 0.117892017623 0) (0.00842189608073 0.118785960068 0) (0.00854976668701 0.119679765894 0) (0.00867859577646 0.120573434072 0) (0.00880838320091 0.121466963573 0) (0.00893912881108 0.122360353371 0) (0.0090708324566 0.123253602438 0) (0.00920349398599 0.124146709747 0) (0.00933711324667 0.125039674269 0) (0.00947169008497 0.125932494979 0) (0.0096072243461 0.12682517085 0))
    polyLine 9 13 ((-0.292803790019 0.187967108602 -0.03) (-0.292229479804 0.191616596172 -0.03) (-0.291643416134 0.195270625557 -0.03) (-0.291045544202 0.198929288105 -0.03) (-0.290435808015 0.202592675544 -0.03) (-0.289814150384 0.206260880001 -0.03) (-0.289180512916 0.209933993999 -0.03) (-0.288534836002 0.213612110474 -0.03) (-0.287877058808 0.21729532278 -0.03) (-0.287207119259 0.220983724699 -0.03) (-0.286524954033 0.224677410446 -0.03) (-0.285830498549 0.228376474686 -0.03) (-0.285123686952 0.232081012533 -0.03) (-0.284404452101 0.235791119567 -0.03) (-0.283672725563 0.23950689184 -0.03) (-0.28292843759 0.243228425883 -0.03) (-0.282171517117 0.24695581872 -0.03) (-0.281401891741 0.250689167876 -0.03) (-0.280619487709 0.254428571382 -0.03) (-0.27982422991 0.258174127792 -0.03) (-0.27901604185 0.261925936187 -0.03) (-0.278194845651 0.265684096188 -0.03) (-0.277360562023 0.269448707965 -0.03))
    polyLine 11 15 ((-0.292803790019 0.187967108602 0) (-0.292229479804 0.191616596172 0) (-0.291643416134 0.195270625557 0) (-0.291045544202 0.198929288105 0) (-0.290435808015 0.202592675544 0) (-0.289814150384 0.206260880001 0) (-0.289180512916 0.209933993999 0) (-0.288534836002 0.213612110474 0) (-0.287877058808 0.21729532278 0) (-0.287207119259 0.220983724699 0) (-0.286524954033 0.224677410446 0) (-0.285830498549 0.228376474686 0) (-0.285123686952 0.232081012533 0) (-0.284404452101 0.235791119567 0) (-0.283672725563 0.23950689184 0) (-0.28292843759 0.243228425883 0) (-0.282171517117 0.24695581872 0) (-0.281401891741 0.250689167876 0) (-0.280619487709 0.254428571382 0) (-0.27982422991 0.258174127792 0) (-0.27901604185 0.261925936187 0) (-0.278194845651 0.265684096188 0) (-0.277360562023 0.269448707965 0))
    polyLine 12 16 ((0.00974371587417 0.127717700854 -0.03) (0.00988116451221 0.128610083966 -0.03) (0.0100195701021 0.129502319158 -0.03) (0.0101589324847 0.130394405405 -0.03) (0.0102992514997 0.131286341681 -0.03) (0.0104405269858 0.132178126959 -0.03) (0.0105827587804 0.133069760215 -0.03) (0.0107259467199 0.133961240422 -0.03) (0.0108700906397 0.134852566555 -0.03) (0.0110151903739 0.13574373759 -0.03) (0.0111612457558 0.136634752501 -0.03) (0.0113082566173 0.137525610263 -0.03) (0.0114562227893 0.138416309852 -0.03) (0.0116051441016 0.139306850243 -0.03) (0.011755020383 0.140197230413 -0.03) (0.0119058514611 0.141087449336 -0.03) (0.0120576371625 0.14197750599 -0.03) (0.0122103773124 0.14286739935 -0.03) (0.0123640717353 0.143757128393 -0.03) (0.0125187202544 0.144646692096 -0.03) (0.0126743226919 0.145536089435 -0.03) (0.0128308788687 0.146425319388 -0.03) (0.0129883886048 0.147314380932 -0.03) (0.0131468517191 0.148203273044 -0.03) (0.0133062680292 0.149091994703 -0.03) (0.0134666373519 0.149980544885 -0.03) (0.0136279595027 0.150868922569 -0.03) (0.0137902342961 0.151757126733 -0.03) (0.0139534615453 0.152645156356 -0.03) (0.0141176410628 0.153533010416 -0.03) (0.0142827726596 0.154420687892 -0.03) (0.0144488561458 0.155308187763 -0.03) (0.0146158913304 0.156195509009 -0.03) (0.0147838780214 0.157082650608 -0.03) (0.0149528160254 0.157969611541 -0.03) (0.0151227051482 0.158856390787 -0.03) (0.0152935451944 0.159742987327 -0.03) (0.0154653359675 0.160629400141 -0.03) (0.0156380772699 0.161515628209 -0.03) (0.015811768903 0.162401670511 -0.03) (0.0159864106669 0.16328752603 -0.03) (0.0161620023609 0.164173193746 -0.03) (0.0163385437829 0.16505867264 -0.03) (0.0165160347299 0.165943961694 -0.03) (0.0166944749978 0.16682905989 -0.03) (0.0168738643814 0.16771396621 -0.03) (0.0170542026742 0.168598679636 -0.03))
    polyLine 14 18 ((0.00974371587417 0.127717700854 0) (0.00988116451221 0.128610083966 0) (0.0100195701021 0.129502319158 0) (0.0101589324847 0.130394405405 0) (0.0102992514997 0.131286341681 0) (0.0104405269858 0.132178126959 0) (0.0105827587804 0.133069760215 0) (0.0107259467199 0.133961240422 0) (0.0108700906397 0.134852566555 0) (0.0110151903739 0.13574373759 0) (0.0111612457558 0.136634752501 0) (0.0113082566173 0.137525610263 0) (0.0114562227893 0.138416309852 0) (0.0116051441016 0.139306850243 0) (0.011755020383 0.140197230413 0) (0.0119058514611 0.141087449336 0) (0.0120576371625 0.14197750599 0) (0.0122103773124 0.14286739935 0) (0.0123640717353 0.143757128393 0) (0.0125187202544 0.144646692096 0) (0.0126743226919 0.145536089435 0) (0.0128308788687 0.146425319388 0) (0.0129883886048 0.147314380932 0) (0.0131468517191 0.148203273044 0) (0.0133062680292 0.149091994703 0) (0.0134666373519 0.149980544885 0) (0.0136279595027 0.150868922569 0) (0.0137902342961 0.151757126733 0) (0.0139534615453 0.152645156356 0) (0.0141176410628 0.153533010416 0) (0.0142827726596 0.154420687892 0) (0.0144488561458 0.155308187763 0) (0.0146158913304 0.156195509009 0) (0.0147838780214 0.157082650608 0) (0.0149528160254 0.157969611541 0) (0.0151227051482 0.158856390787 0) (0.0152935451944 0.159742987327 0) (0.0154653359675 0.160629400141 0) (0.0156380772699 0.161515628209 0) (0.015811768903 0.162401670511 0) (0.0159864106669 0.16328752603 0) (0.0161620023609 0.164173193746 0) (0.0163385437829 0.16505867264 0) (0.0165160347299 0.165943961694 0) (0.0166944749978 0.16682905989 0) (0.0168738643814 0.16771396621 0) (0.0170542026742 0.168598679636 0))
    polyLine 13 17 ((-0.275717926658 0.276711920133 -0.03) (-0.274911354073 0.280209734471 -0.03) (-0.274093325442 0.283713396153 -0.03) (-0.273263772623 0.287222986509 -0.03) (-0.272422626376 0.290738587314 -0.03) (-0.271569816361 0.294260280794 -0.03) (-0.270705271122 0.297788149633 -0.03) (-0.269828918074 0.301322276985 -0.03) (-0.268940683493 0.304862746476 -0.03) (-0.268040492506 0.308409642216 -0.03) (-0.267128269074 0.311963048802 -0.03) (-0.266203935979 0.315523051331 -0.03) (-0.265267414819 0.319089735404 -0.03) (-0.264318625983 0.322663187138 -0.03) (-0.263357488649 0.326243493167 -0.03) (-0.262383920762 0.329830740659 -0.03) (-0.261397839024 0.333425017319 -0.03) (-0.260399158878 0.337026411398 -0.03) (-0.259387794498 0.340635011701 -0.03) (-0.258363658767 0.344250907598 -0.03) (-0.257326663267 0.347874189032 -0.03) (-0.256276718263 0.351504946527 -0.03) (-0.255213732689 0.355143271195 -0.03))
    polyLine 15 19 ((-0.275717926658 0.276711920133 0) (-0.274911354073 0.280209734471 0) (-0.274093325442 0.283713396153 0) (-0.273263772623 0.287222986509 0) (-0.272422626376 0.290738587314 0) (-0.271569816361 0.294260280794 0) (-0.270705271122 0.297788149633 0) (-0.269828918074 0.301322276985 0) (-0.268940683493 0.304862746476 0) (-0.268040492506 0.308409642216 0) (-0.267128269074 0.311963048802 0) (-0.266203935979 0.315523051331 0) (-0.265267414819 0.319089735404 0) (-0.264318625983 0.322663187138 0) (-0.263357488649 0.326243493167 0) (-0.262383920762 0.329830740659 0) (-0.261397839024 0.333425017319 0) (-0.260399158878 0.337026411398 0) (-0.259387794498 0.340635011701 0) (-0.258363658767 0.344250907598 0) (-0.257326663267 0.347874189032 0) (-0.256276718263 0.351504946527 0) (-0.255213732689 0.355143271195 0))
    polyLine 16 20 ((0.017235489669 0.169483199151 -0.03) (0.0174177251571 0.170367523736 -0.03) (0.0176009089291 0.171251652376 -0.03) (0.0177850407742 0.172135584053 -0.03) (0.0179701204806 0.17301931775 -0.03) (0.0181561478355 0.173902852452 -0.03) (0.018343122625 0.174786187141 -0.03) (0.0185310446339 0.175669320803 -0.03) (0.0187199136461 0.176552252421 -0.03) (0.0189097294444 0.17743498098 -0.03) (0.0191004918106 0.178317505464 -0.03) (0.0192922005251 0.179199824859 -0.03) (0.0194848553675 0.18008193815 -0.03) (0.0196784561163 0.180963844322 -0.03) (0.0198730025487 0.18184554236 -0.03) (0.020068494441 0.182727031252 -0.03) (0.0202649315684 0.183608309982 -0.03) (0.0204623137049 0.184489377538 -0.03) (0.0206606406236 0.185370232906 -0.03) (0.0208599120962 0.186250875073 -0.03) (0.0210601278936 0.187131303026 -0.03) (0.0212612877856 0.188011515752 -0.03) (0.0214633915408 0.18889151224 -0.03) (0.0216664389267 0.189771291476 -0.03) (0.0218704297099 0.19065085245 -0.03) (0.0220753636556 0.191530194149 -0.03) (0.0222812405282 0.192409315562 -0.03) (0.0224880600909 0.193288215678 -0.03) (0.0226958221058 0.194166893486 -0.03) (0.022904526334 0.195045347976 -0.03) (0.0231141725354 0.195923578138 -0.03) (0.023324760469 0.19680158296 -0.03) (0.0235362898924 0.197679361434 -0.03) (0.0237487605625 0.198556912549 -0.03) (0.0239621722348 0.199434235297 -0.03) (0.0241765246639 0.200311328668 -0.03) (0.0243918176033 0.201188191654 -0.03) (0.0246080508054 0.202064823246 -0.03) (0.0248252240213 0.202941222436 -0.03) (0.0250433370015 0.203817388216 -0.03) (0.025262389495 0.204693319578 -0.03) (0.0254823812498 0.205569015514 -0.03) (0.025703312013 0.206444475019 -0.03) (0.0259251815304 0.207319697084 -0.03) (0.0261479895469 0.208194680703 -0.03) (0.0263717358063 0.20906942487 -0.03) (0.026596420051 0.209943928578 -0.03))
    polyLine 18 22 ((0.017235489669 0.169483199151 0) (0.0174177251571 0.170367523736 0) (0.0176009089291 0.171251652376 0) (0.0177850407742 0.172135584053 0) (0.0179701204806 0.17301931775 0) (0.0181561478355 0.173902852452 0) (0.018343122625 0.174786187141 0) (0.0185310446339 0.175669320803 0) (0.0187199136461 0.176552252421 0) (0.0189097294444 0.17743498098 0) (0.0191004918106 0.178317505464 0) (0.0192922005251 0.179199824859 0) (0.0194848553675 0.18008193815 0) (0.0196784561163 0.180963844322 0) (0.0198730025487 0.18184554236 0) (0.020068494441 0.182727031252 0) (0.0202649315684 0.183608309982 0) (0.0204623137049 0.184489377538 0) (0.0206606406236 0.185370232906 0) (0.0208599120962 0.186250875073 0) (0.0210601278936 0.187131303026 0) (0.0212612877856 0.188011515752 0) (0.0214633915408 0.18889151224 0) (0.0216664389267 0.189771291476 0) (0.0218704297099 0.19065085245 0) (0.0220753636556 0.191530194149 0) (0.0222812405282 0.192409315562 0) (0.0224880600909 0.193288215678 0) (0.0226958221058 0.194166893486 0) (0.022904526334 0.195045347976 0) (0.0231141725354 0.195923578138 0) (0.023324760469 0.19680158296 0) (0.0235362898924 0.197679361434 0) (0.0237487605625 0.198556912549 0) (0.0239621722348 0.199434235297 0) (0.0241765246639 0.200311328668 0) (0.0243918176033 0.201188191654 0) (0.0246080508054 0.202064823246 0) (0.0248252240213 0.202941222436 0) (0.0250433370015 0.203817388216 0) (0.025262389495 0.204693319578 0) (0.0254823812498 0.205569015514 0) (0.025703312013 0.206444475019 0) (0.0259251815304 0.207319697084 0) (0.0261479895469 0.208194680703 0) (0.0263717358063 0.20906942487 0) (0.026596420051 0.209943928578 0))
    polyLine 17 21 ((-0.25314491826 0.362120299391 -0.03) (-0.252141154634 0.365457858193 -0.03) (-0.251126250199 0.36880200201 -0.03) (-0.25010013093 0.372152802139 -0.03) (-0.249062721816 0.375510330321 -0.03) (-0.248013946849 0.378874658748 -0.03) (-0.246953729009 0.382245860068 -0.03) (-0.245881990259 0.385624007394 -0.03) (-0.244798651527 0.38900917431 -0.03) (-0.243703632701 0.392401434875 -0.03) (-0.242596852609 0.39580086363 -0.03) (-0.241478229014 0.399207535607 -0.03) (-0.240347678597 0.402621526336 -0.03) (-0.239205116947 0.406042911847 -0.03) (-0.238050458545 0.409471768683 -0.03) (-0.236883616756 0.4129081739 -0.03) (-0.235704503811 0.416352205083 -0.03) (-0.234513030796 0.419803940344 -0.03) (-0.233309107636 0.423263458336 -0.03) (-0.232092643085 0.426730838257 -0.03) (-0.230863544708 0.430206159859 -0.03) (-0.229621718867 0.433689503453 -0.03) (-0.22836707071 0.43718094992 -0.03))
    polyLine 19 23 ((-0.25314491826 0.362120299391 0) (-0.252141154634 0.365457858193 0) (-0.251126250199 0.36880200201 0) (-0.25010013093 0.372152802139 0) (-0.249062721816 0.375510330321 0) (-0.248013946849 0.378874658748 0) (-0.246953729009 0.382245860068 0) (-0.245881990259 0.385624007394 0) (-0.244798651527 0.38900917431 0) (-0.243703632701 0.392401434875 0) (-0.242596852609 0.39580086363 0) (-0.241478229014 0.399207535607 0) (-0.240347678597 0.402621526336 0) (-0.239205116947 0.406042911847 0) (-0.238050458545 0.409471768683 0) (-0.236883616756 0.4129081739 0) (-0.235704503811 0.416352205083 0) (-0.234513030796 0.419803940344 0) (-0.233309107636 0.423263458336 0) (-0.232092643085 0.426730838257 0) (-0.230863544708 0.430206159859 0) (-0.229621718867 0.433689503453 0) (-0.22836707071 0.43718094992 0))
    polyLine 20 24 ((0.0268220420229 0.210818190822 -0.03) (0.0270486014623 0.211692210597 -0.03) (0.0272760981087 0.212565986896 -0.03) (0.0275045317004 0.213439518716 -0.03) (0.0277339019747 0.214312805051 -0.03) (0.0279642086678 0.215185844897 -0.03) (0.0281954515148 0.21605863725 -0.03) (0.0284276302498 0.216931181106 -0.03) (0.0286607446057 0.217803475462 -0.03) (0.0288947943144 0.218675519314 -0.03) (0.0291297791066 0.219547311659 -0.03) (0.0293656987123 0.220418851495 -0.03) (0.0296025528599 0.221290137819 -0.03) (0.0298403412771 0.222161169629 -0.03) (0.0300790636905 0.223031945924 -0.03) (0.0303187198253 0.223902465701 -0.03) (0.0305593094061 0.22477272796 -0.03) (0.0308008321561 0.2256427317 -0.03) (0.0310432877974 0.22651247592 -0.03) (0.0312866760514 0.227381959619 -0.03) (0.0315309966379 0.228251181798 -0.03) (0.031776249276 0.229120141457 -0.03) (0.0320224336837 0.229988837597 -0.03) (0.0322695495778 0.230857269218 -0.03) (0.0325175966741 0.231725435322 -0.03) (0.0327665746873 0.23259333491 -0.03) (0.033016483331 0.233460966984 -0.03) (0.0332673223178 0.234328330546 -0.03) (0.0335190913592 0.235195424598 -0.03) (0.0337717901656 0.236062248144 -0.03) (0.0340254184465 0.236928800185 -0.03) (0.03427997591 0.237795079727 -0.03) (0.0345354622635 0.238661085771 -0.03) (0.034791877213 0.239526817323 -0.03) (0.0350492204637 0.240392273386 -0.03) (0.0353074917195 0.241257452965 -0.03) (0.0355666906835 0.242122355065 -0.03) (0.0358268170575 0.242986978692 -0.03) (0.0360878705424 0.24385132285 -0.03) (0.0363498508378 0.244715386546 -0.03) (0.0366127576425 0.245579168786 -0.03) (0.0368765906541 0.246442668576 -0.03) (0.0371413495692 0.247305884923 -0.03) (0.0374070340832 0.248168816835 -0.03) (0.0376736438906 0.249031463319 -0.03) (0.0379411786847 0.249893823383 -0.03) (0.0382096381579 0.250755896035 -0.03))
    polyLine 22 26 ((0.0268220420229 0.210818190822 0) (0.0270486014623 0.211692210597 0) (0.0272760981087 0.212565986896 0) (0.0275045317004 0.213439518716 0) (0.0277339019747 0.214312805051 0) (0.0279642086678 0.215185844897 0) (0.0281954515148 0.21605863725 0) (0.0284276302498 0.216931181106 0) (0.0286607446057 0.217803475462 0) (0.0288947943144 0.218675519314 0) (0.0291297791066 0.219547311659 0) (0.0293656987123 0.220418851495 0) (0.0296025528599 0.221290137819 0) (0.0298403412771 0.222161169629 0) (0.0300790636905 0.223031945924 0) (0.0303187198253 0.223902465701 0) (0.0305593094061 0.22477272796 0) (0.0308008321561 0.2256427317 0) (0.0310432877974 0.22651247592 0) (0.0312866760514 0.227381959619 0) (0.0315309966379 0.228251181798 0) (0.031776249276 0.229120141457 0) (0.0320224336837 0.229988837597 0) (0.0322695495778 0.230857269218 0) (0.0325175966741 0.231725435322 0) (0.0327665746873 0.23259333491 0) (0.033016483331 0.233460966984 0) (0.0332673223178 0.234328330546 0) (0.0335190913592 0.235195424598 0) (0.0337717901656 0.236062248144 0) (0.0340254184465 0.236928800185 0) (0.03427997591 0.237795079727 0) (0.0345354622635 0.238661085771 0) (0.034791877213 0.239526817323 0) (0.0350492204637 0.240392273386 0) (0.0353074917195 0.241257452965 0) (0.0355666906835 0.242122355065 0) (0.0358268170575 0.242986978692 0) (0.0360878705424 0.24385132285 0) (0.0363498508378 0.244715386546 0) (0.0366127576425 0.245579168786 0) (0.0368765906541 0.246442668576 0) (0.0371413495692 0.247305884923 0) (0.0374070340832 0.248168816835 0) (0.0376736438906 0.249031463319 0) (0.0379411786847 0.249893823383 0) (0.0382096381579 0.250755896035 0))
    polyLine 21 25 ((-0.225940930647 0.443855440008 -0.03) (-0.224771620049 0.447037133344 -0.03) (-0.223591498427 0.45022572239 -0.03) (-0.222400490983 0.453421269215 -0.03) (-0.221198522045 0.456623836301 -0.03) (-0.219985515053 0.459833486549 -0.03) (-0.218761392552 0.463050283279 -0.03) (-0.217526076178 0.466274290242 -0.03) (-0.216279486653 0.469505571619 -0.03) (-0.215021543769 0.472744192033 -0.03) (-0.213752166381 0.475990216546 -0.03) (-0.212471272395 0.479243710673 -0.03) (-0.211178778756 0.482504740381 -0.03) (-0.209874601438 0.485773372098 -0.03) (-0.20855865543 0.489049672719 -0.03) (-0.207230854729 0.492333709609 -0.03) (-0.205891112324 0.495625550611 -0.03) (-0.204539340186 0.498925264053 -0.03) (-0.203175449257 0.502232918749 -0.03) (-0.201799349432 0.505548584012 -0.03) (-0.200410949556 0.508872329653 -0.03) (-0.199010157401 0.512204225994 -0.03) (-0.197596879661 0.515544343869 -0.03))
    polyLine 23 27 ((-0.225940930647 0.443855440008 0) (-0.224771620049 0.447037133344 0) (-0.223591498427 0.45022572239 0) (-0.222400490983 0.453421269215 0) (-0.221198522045 0.456623836301 0) (-0.219985515053 0.459833486549 0) (-0.218761392552 0.463050283279 0) (-0.217526076178 0.466274290242 0) (-0.216279486653 0.469505571619 0) (-0.215021543769 0.472744192033 0) (-0.213752166381 0.475990216546 0) (-0.212471272395 0.479243710673 0) (-0.211178778756 0.482504740381 0) (-0.209874601438 0.485773372098 0) (-0.20855865543 0.489049672719 0) (-0.207230854729 0.492333709609 0) (-0.205891112324 0.495625550611 0) (-0.204539340186 0.498925264053 0) (-0.203175449257 0.502232918749 0) (-0.201799349432 0.505548584012 0) (-0.200410949556 0.508872329653 0) (-0.199010157401 0.512204225994 0) (-0.197596879661 0.515544343869 0))
    polyLine 24 28 ((0.0384790220013 0.251617680283 -0.03) (0.0387493299052 0.252479175137 -0.03) (0.0390205615586 0.253340379605 -0.03) (0.0392927166496 0.254201292697 -0.03) (0.0395657948652 0.255061913423 -0.03) (0.0398397958913 0.255922240793 -0.03) (0.0401147194127 0.256782273818 -0.03) (0.0403905651133 0.257642011508 -0.03) (0.0406673326759 0.258501452874 -0.03) (0.040945021782 0.259360596928 -0.03) (0.0412236321123 0.260219442683 -0.03) (0.0415031633463 0.261077989149 -0.03) (0.0417836151627 0.26193623534 -0.03) (0.0420649872387 0.262794180269 -0.03) (0.0423472792508 0.263651822948 -0.03) (0.0426304908744 0.264509162392 -0.03) (0.0429146217836 0.265366197615 -0.03) (0.0431996716517 0.266222927629 -0.03) (0.0434856401509 0.267079351452 -0.03) (0.0437725269522 0.267935468096 -0.03) (0.0440603317257 0.268791276578 -0.03) (0.0443490541404 0.269646775914 -0.03) (0.0446386938642 0.270501965119 -0.03) (0.044929250564 0.27135684321 -0.03) (0.0452207239055 0.272211409203 -0.03) (0.0455131135536 0.273065662116 -0.03) (0.045806419172 0.273919600966 -0.03) (0.0461006404233 0.274773224772 -0.03) (0.0463957769692 0.27562653255 -0.03) (0.0466918284701 0.276479523321 -0.03) (0.0469887945857 0.277332196102 -0.03) (0.0472866749743 0.278184549914 -0.03) (0.0475854692933 0.279036583775 -0.03) (0.0478851771991 0.279888296706 -0.03) (0.048185798347 0.280739687727 -0.03) (0.0484873323912 0.28159075586 -0.03) (0.0487897789849 0.282441500124 -0.03) (0.0490931377803 0.283291919543 -0.03) (0.0493974084284 0.284142013137 -0.03) (0.0497025905793 0.284991779928 -0.03) (0.0500086838821 0.285841218941 -0.03) (0.0503156879846 0.286690329197 -0.03) (0.0506236025337 0.28753910972 -0.03) (0.0509324271754 0.288387559534 -0.03) (0.0512421615544 0.289235677662 -0.03) (0.0515528053145 0.290083463131 -0.03) (0.0518643580984 0.290930914963 -0.03))
    polyLine 26 30 ((0.0384790220013 0.251617680283 0) (0.0387493299052 0.252479175137 0) (0.0390205615586 0.253340379605 0) (0.0392927166496 0.254201292697 0) (0.0395657948652 0.255061913423 0) (0.0398397958913 0.255922240793 0) (0.0401147194127 0.256782273818 0) (0.0403905651133 0.257642011508 0) (0.0406673326759 0.258501452874 0) (0.040945021782 0.259360596928 0) (0.0412236321123 0.260219442683 0) (0.0415031633463 0.261077989149 0) (0.0417836151627 0.26193623534 0) (0.0420649872387 0.262794180269 0) (0.0423472792508 0.263651822948 0) (0.0426304908744 0.264509162392 0) (0.0429146217836 0.265366197615 0) (0.0431996716517 0.266222927629 0) (0.0434856401509 0.267079351452 0) (0.0437725269522 0.267935468096 0) (0.0440603317257 0.268791276578 0) (0.0443490541404 0.269646775914 0) (0.0446386938642 0.270501965119 0) (0.044929250564 0.27135684321 0) (0.0452207239055 0.272211409203 0) (0.0455131135536 0.273065662116 0) (0.045806419172 0.273919600966 0) (0.0461006404233 0.274773224772 0) (0.0463957769692 0.27562653255 0) (0.0466918284701 0.276479523321 0) (0.0469887945857 0.277332196102 0) (0.0472866749743 0.278184549914 0) (0.0475854692933 0.279036583775 0) (0.0478851771991 0.279888296706 0) (0.048185798347 0.280739687727 0) (0.0484873323912 0.28159075586 0) (0.0487897789849 0.282441500124 0) (0.0490931377803 0.283291919543 0) (0.0493974084284 0.284142013137 0) (0.0497025905793 0.284991779928 0) (0.0500086838821 0.285841218941 0) (0.0503156879846 0.286690329197 0) (0.0506236025337 0.28753910972 0) (0.0509324271754 0.288387559534 0) (0.0512421615544 0.289235677662 0) (0.0515528053145 0.290083463131 0) (0.0518643580984 0.290930914963 0))
    polyLine 25 29 ((-0.194872136451 0.521924596838 -0.03) (-0.193562836983 0.524963317789 -0.03) (-0.192243051594 0.5280089712 -0.03) (-0.190912707584 0.531061611151 -0.03) (-0.189571731479 0.534121292087 -0.03) (-0.188220049029 0.537188068824 -0.03) (-0.186857585191 0.540261996556 -0.03) (-0.185484264126 0.543343130856 -0.03) (-0.184100009187 0.546431527679 -0.03) (-0.182704742913 0.549527243371 -0.03) (-0.181298387016 0.552630334669 -0.03) (-0.179880862375 0.555740858709 -0.03) (-0.178452089021 0.558858873028 -0.03) (-0.177011986136 0.561984435569 -0.03) (-0.175560472036 0.565117604686 -0.03) (-0.174097464162 0.56825843915 -0.03) (-0.172622879075 0.57140699815 -0.03) (-0.171136632437 0.574563341302 -0.03) (-0.169638639011 0.577727528651 -0.03) (-0.16812881264 0.580899620678 -0.03) (-0.166607066246 0.584079678304 -0.03) (-0.165073311811 0.587267762892 -0.03) (-0.163527460371 0.590463936259 -0.03))
    polyLine 27 31 ((-0.194872136451 0.521924596838 0) (-0.193562836983 0.524963317789 0) (-0.192243051594 0.5280089712 0) (-0.190912707584 0.531061611151 0) (-0.189571731479 0.534121292087 0) (-0.188220049029 0.537188068824 0) (-0.186857585191 0.540261996556 0) (-0.185484264126 0.543343130856 0) (-0.184100009187 0.546431527679 0) (-0.182704742913 0.549527243371 0) (-0.181298387016 0.552630334669 0) (-0.179880862375 0.555740858709 0) (-0.178452089021 0.558858873028 0) (-0.177011986136 0.561984435569 0) (-0.175560472036 0.565117604686 0) (-0.174097464162 0.56825843915 0) (-0.172622879075 0.57140699815 0) (-0.171136632437 0.574563341302 0) (-0.169638639011 0.577727528651 0) (-0.16812881264 0.580899620678 0) (-0.166607066246 0.584079678304 0) (-0.165073311811 0.587267762892 0) (-0.163527460371 0.590463936259 0))
    polyLine 28 32 ((0.0521768195478 0.291778032186 -0.03) (0.0524901893032 0.292624813823 -0.03) (0.0528044670044 0.293471258903 -0.03) (0.0531196522897 0.29431736645 -0.03) (0.0534357447968 0.295163135492 -0.03) (0.0537527441621 0.296008565057 -0.03) (0.0540706500209 0.296853654171 -0.03) (0.0543894620077 0.297698401863 -0.03) (0.0547091797557 0.298542807161 -0.03) (0.0550298028973 0.299386869094 -0.03) (0.0553513310637 0.300230586691 -0.03) (0.055673763885 0.301073958982 -0.03) (0.0559971009905 0.301916984997 -0.03) (0.0563213420082 0.302759663767 -0.03) (0.0566464865653 0.303601994321 -0.03) (0.0569725342878 0.304443975692 -0.03) (0.0572994848006 0.30528560691 -0.03) (0.0576273377278 0.306126887008 -0.03) (0.0579560926922 0.306967815019 -0.03) (0.0582857493158 0.307808389975 -0.03) (0.0586163072194 0.308648610909 -0.03) (0.0589477660228 0.309488476855 -0.03) (0.0592801253448 0.310327986847 -0.03) (0.0596133848031 0.31116713992 -0.03) (0.0599475440144 0.312005935108 -0.03) (0.0602826025945 0.312844371446 -0.03) (0.0606185601579 0.313682447971 -0.03) (0.0609554163183 0.314520163718 -0.03) (0.0612931706881 0.315357517724 -0.03) (0.0616318228791 0.316194509026 -0.03) (0.0619713725016 0.317031136661 -0.03) (0.0623118191651 0.317867399667 -0.03) (0.0626531624781 0.318703297082 -0.03) (0.0629954020479 0.319538827945 -0.03) (0.0633385374811 0.320373991294 -0.03) (0.0636825683828 0.32120878617 -0.03) (0.0640274943575 0.322043211612 -0.03) (0.0643733150083 0.32287726666 -0.03) (0.0647200299376 0.323710950355 -0.03) (0.0650676387467 0.324544261739 -0.03) (0.0654161410356 0.325377199852 -0.03) (0.0657655364036 0.326209763737 -0.03) (0.0661158244488 0.327041952436 -0.03) (0.0664670047684 0.327873764992 -0.03) (0.0668190769584 0.328705200449 -0.03) (0.067172040614 0.32953625785 -0.03) (0.067525895329 0.330366936239 -0.03))
    polyLine 30 34 ((0.0521768195478 0.291778032186 0) (0.0524901893032 0.292624813823 0) (0.0528044670044 0.293471258903 0) (0.0531196522897 0.29431736645 0) (0.0534357447968 0.295163135492 0) (0.0537527441621 0.296008565057 0) (0.0540706500209 0.296853654171 0) (0.0543894620077 0.297698401863 0) (0.0547091797557 0.298542807161 0) (0.0550298028973 0.299386869094 0) (0.0553513310637 0.300230586691 0) (0.055673763885 0.301073958982 0) (0.0559971009905 0.301916984997 0) (0.0563213420082 0.302759663767 0) (0.0566464865653 0.303601994321 0) (0.0569725342878 0.304443975692 0) (0.0572994848006 0.30528560691 0) (0.0576273377278 0.306126887008 0) (0.0579560926922 0.306967815019 0) (0.0582857493158 0.307808389975 0) (0.0586163072194 0.308648610909 0) (0.0589477660228 0.309488476855 0) (0.0592801253448 0.310327986847 0) (0.0596133848031 0.31116713992 0) (0.0599475440144 0.312005935108 0) (0.0602826025945 0.312844371446 0) (0.0606185601579 0.313682447971 0) (0.0609554163183 0.314520163718 0) (0.0612931706881 0.315357517724 0) (0.0616318228791 0.316194509026 0) (0.0619713725016 0.317031136661 0) (0.0623118191651 0.317867399667 0) (0.0626531624781 0.318703297082 0) (0.0629954020479 0.319538827945 0) (0.0633385374811 0.320373991294 0) (0.0636825683828 0.32120878617 0) (0.0640274943575 0.322043211612 0) (0.0643733150083 0.32287726666 0) (0.0647200299376 0.323710950355 0) (0.0650676387467 0.324544261739 0) (0.0654161410356 0.325377199852 0) (0.0657655364036 0.326209763737 0) (0.0661158244488 0.327041952436 0) (0.0664670047684 0.327873764992 0) (0.0668190769584 0.328705200449 0) (0.067172040614 0.32953625785 0) (0.067525895329 0.330366936239 0))
    polyLine 29 33 ((-0.160549030956 0.596574814413 -0.03) (-0.159118519075 0.599488140214 -0.03) (-0.157677817664 0.602408285198 -0.03) (-0.15622685735 0.605335296805 -0.03) (-0.154765568084 0.608269222795 -0.03) (-0.15329387913 0.611210111256 -0.03) (-0.151811719054 0.614158010604 -0.03) (-0.150319015725 0.617112969585 -0.03) (-0.148815696299 0.620075037285 -0.03) (-0.147301687216 0.623044263125 -0.03) (-0.145776914189 0.626020696874 -0.03) (-0.144241302201 0.629004388642 -0.03) (-0.142694775491 0.631995388895 -0.03) (-0.141137257548 0.634993748448 -0.03) (-0.139568671106 0.637999518476 -0.03) (-0.13798893813 0.641012750516 -0.03) (-0.136397979811 0.644033496469 -0.03) (-0.134795716557 0.647061808606 -0.03) (-0.133182067982 0.650097739573 -0.03) (-0.131556952902 0.653141342388 -0.03) (-0.12992028932 0.656192670456 -0.03) (-0.12827199442 0.659251777565 -0.03) (-0.126611984559 0.66231871789 -0.03))
    polyLine 31 35 ((-0.160549030956 0.596574814413 0) (-0.159118519075 0.599488140214 0) (-0.157677817664 0.602408285198 0) (-0.15622685735 0.605335296805 0) (-0.154765568084 0.608269222795 0) (-0.15329387913 0.611210111256 0) (-0.151811719054 0.614158010604 0) (-0.150319015725 0.617112969585 0) (-0.148815696299 0.620075037285 0) (-0.147301687216 0.623044263125 0) (-0.145776914189 0.626020696874 0) (-0.144241302201 0.629004388642 0) (-0.142694775491 0.631995388895 0) (-0.141137257548 0.634993748448 0) (-0.139568671106 0.637999518476 0) (-0.13798893813 0.641012750516 0) (-0.136397979811 0.644033496469 0) (-0.134795716557 0.647061808606 0) (-0.133182067982 0.650097739573 0) (-0.131556952902 0.653141342388 0) (-0.12992028932 0.656192670456 0) (-0.12827199442 0.659251777565 0) (-0.126611984559 0.66231871789 0))
    polyLine 32 36 ((0.0678806406967 0.331197234662 -0.03) (0.0682362763089 0.332027152162 -0.03) (0.0685928017566 0.332856687785 -0.03) (0.0689502166299 0.333685840579 -0.03) (0.0693085205175 0.334514609587 -0.03) (0.0696677130075 0.335342993859 -0.03) (0.0700277936866 0.33617099244 -0.03) (0.0703887621408 0.336998604378 -0.03) (0.0707506179548 0.337825828723 -0.03) (0.0711133607126 0.338652664521 -0.03) (0.0714769899969 0.339479110822 -0.03) (0.0718415053894 0.340305166677 -0.03) (0.072206906471 0.341130831134 -0.03) (0.0725731928213 0.341956103244 -0.03) (0.0729403640191 0.342780982057 -0.03) (0.0733084196421 0.343605466626 -0.03) (0.073677359267 0.344429556002 -0.03) (0.0740471824695 0.345253249236 -0.03) (0.0744178888241 0.346076545383 -0.03) (0.0747894779046 0.346899443494 -0.03) (0.0751619492836 0.347721942623 -0.03) (0.0755353025326 0.348544041824 -0.03) (0.0759095372222 0.349365740153 -0.03) (0.0762846529221 0.350187036663 -0.03) (0.0766606492008 0.35100793041 -0.03) (0.0770375256259 0.35182842045 -0.03) (0.0774152817639 0.35264850584 -0.03) (0.0777939171803 0.353468185635 -0.03) (0.0781734314396 0.354287458894 -0.03) (0.0785538241054 0.355106324674 -0.03) (0.0789350947401 0.355924782033 -0.03) (0.0793172429053 0.356742830031 -0.03) (0.0797002681614 0.357560467725 -0.03) (0.0800841700678 0.358377694176 -0.03) (0.0804689481831 0.359194508443 -0.03) (0.0808546020647 0.360010909588 -0.03) (0.0812411312691 0.360826896671 -0.03) (0.0816285353516 0.361642468755 -0.03) (0.0820168138667 0.362457624899 -0.03) (0.0824059663679 0.363272364168 -0.03) (0.0827959924075 0.364086685625 -0.03) (0.083186891537 0.364900588332 -0.03) (0.0835786633068 0.365714071353 -0.03) (0.0839713072663 0.366527133754 -0.03) (0.0843648229638 0.367339774598 -0.03) (0.0847592099469 0.368151992951 -0.03) (0.0851544677619 0.368963787879 -0.03))
    polyLine 34 38 ((0.0678806406967 0.331197234662 0) (0.0682362763089 0.332027152162 0) (0.0685928017566 0.332856687785 0) (0.0689502166299 0.333685840579 0) (0.0693085205175 0.334514609587 0) (0.0696677130075 0.335342993859 0) (0.0700277936866 0.33617099244 0) (0.0703887621408 0.336998604378 0) (0.0707506179548 0.337825828723 0) (0.0711133607126 0.338652664521 0) (0.0714769899969 0.339479110822 0) (0.0718415053894 0.340305166677 0) (0.072206906471 0.341130831134 0) (0.0725731928213 0.341956103244 0) (0.0729403640191 0.342780982057 0) (0.0733084196421 0.343605466626 0) (0.073677359267 0.344429556002 0) (0.0740471824695 0.345253249236 0) (0.0744178888241 0.346076545383 0) (0.0747894779046 0.346899443494 0) (0.0751619492836 0.347721942623 0) (0.0755353025326 0.348544041824 0) (0.0759095372222 0.349365740153 0) (0.0762846529221 0.350187036663 0) (0.0766606492008 0.35100793041 0) (0.0770375256259 0.35182842045 0) (0.0774152817639 0.35264850584 0) (0.0777939171803 0.353468185635 0) (0.0781734314396 0.354287458894 0) (0.0785538241054 0.355106324674 0) (0.0789350947401 0.355924782033 0) (0.0793172429053 0.356742830031 0) (0.0797002681614 0.357560467725 0) (0.0800841700678 0.358377694176 0) (0.0804689481831 0.359194508443 0) (0.0808546020647 0.360010909588 0) (0.0812411312691 0.360826896671 0) (0.0816285353516 0.361642468755 0) (0.0820168138667 0.362457624899 0) (0.0824059663679 0.363272364168 0) (0.0827959924075 0.364086685625 0) (0.083186891537 0.364900588332 0) (0.0835786633068 0.365714071353 0) (0.0839713072663 0.366527133754 0) (0.0843648229638 0.367339774598 0) (0.0847592099469 0.368151992951 0) (0.0851544677619 0.368963787879 0))
    polyLine 33 37 ((-0.123410763888 0.668194408018 -0.03) (-0.121871475066 0.671001869608 -0.03) (-0.120322243564 0.673815972578 -0.03) (-0.118763003562 0.676636759012 -0.03) (-0.117193688638 0.679464271278 -0.03) (-0.115614231762 0.682298552027 -0.03) (-0.114024565286 0.685139644199 -0.03) (-0.112424620942 0.687987591024 -0.03) (-0.110814329832 0.690842436026 -0.03) (-0.109193622424 0.693704223026 -0.03) (-0.107562428543 0.696572996144 -0.03) (-0.105920677366 0.699448799802 -0.03) (-0.104268297415 0.702331678728 -0.03) (-0.102605216548 0.705221677959 -0.03) (-0.100931361954 0.708118842843 -0.03) (-0.0992466601452 0.711023219042 -0.03) (-0.0975510369505 0.713934852538 -0.03) (-0.0958444175064 0.716853789631 -0.03) (-0.0941267262509 0.719780076948 -0.03) (-0.0923978869156 0.722713761442 -0.03) (-0.0906578225183 0.725654890397 -0.03) (-0.0889064553546 0.728603511433 -0.03) (-0.087143706991 0.731559672505 -0.03))
    polyLine 35 39 ((-0.123410763888 0.668194408018 0) (-0.121871475066 0.671001869608 0) (-0.120322243564 0.673815972578 0) (-0.118763003562 0.676636759012 0) (-0.117193688638 0.679464271278 0) (-0.115614231762 0.682298552027 0) (-0.114024565286 0.685139644199 0) (-0.112424620942 0.687987591024 0) (-0.110814329832 0.690842436026 0) (-0.109193622424 0.693704223026 0) (-0.107562428543 0.696572996144 0) (-0.105920677366 0.699448799802 0) (-0.104268297415 0.702331678728 0) (-0.102605216548 0.705221677959 0) (-0.100931361954 0.708118842843 0) (-0.0992466601452 0.711023219042 0) (-0.0975510369505 0.713934852538 0) (-0.0958444175064 0.716853789631 0) (-0.0941267262509 0.719780076948 0) (-0.0923978869156 0.722713761442 0) (-0.0906578225183 0.725654890397 0) (-0.0889064553546 0.728603511433 0) (-0.087143706991 0.731559672505 0))
    polyLine 36 40 ((0.0855505959542 0.369775158449 -0.03) (0.0859475940682 0.370586103726 -0.03) (0.0863454616473 0.371396622779 -0.03) (0.086744198234 0.372206714676 -0.03) (0.0871438033695 0.373016378483 -0.03) (0.0875442765943 0.373825613271 -0.03) (0.0879456174478 0.374634418109 -0.03) (0.0883478254684 0.375442792065 -0.03) (0.0887509001935 0.376250734212 -0.03) (0.0891548411596 0.377058243618 -0.03) (0.0895596479019 0.377865319356 -0.03) (0.0899653199551 0.378671960498 -0.03) (0.0903718568524 0.379478166115 -0.03) (0.0907792581262 0.38028393528 -0.03) (0.0911875233082 0.381089267067 -0.03) (0.0915966519285 0.38189416055 -0.03) (0.0920066435169 0.382698614801 -0.03) (0.0924174976015 0.383502628898 -0.03) (0.09282921371 0.384306201913 -0.03) (0.0932417913688 0.385109332925 -0.03) (0.0936552301034 0.385912021008 -0.03) (0.0940695294383 0.386714265239 -0.03) (0.0944846888969 0.387516064696 -0.03) (0.0949007080018 0.388317418457 -0.03) (0.0953175862745 0.3891183256 -0.03) (0.0957353232355 0.389918785204 -0.03) (0.0961539184045 0.390718796348 -0.03) (0.0965733712998 0.391518358112 -0.03) (0.0969936814392 0.392317469576 -0.03) (0.0974148483391 0.393116129822 -0.03) (0.0978368715153 0.393914337931 -0.03) (0.0982597504823 0.394712092984 -0.03) (0.0986834847537 0.395509394065 -0.03) (0.0991080738422 0.396306240255 -0.03) (0.0995335172594 0.39710263064 -0.03) (0.0999598145161 0.397898564302 -0.03) (0.100386965122 0.398694040327 -0.03) (0.100814968586 0.399489057799 -0.03) (0.101243824415 0.400283615804 -0.03) (0.101673532117 0.401077713428 -0.03) (0.102104091196 0.401871349758 -0.03) (0.102535501159 0.402664523882 -0.03) (0.102967761508 0.403457234886 -0.03) (0.103400871747 0.404249481859 -0.03) (0.103834831378 0.40504126389 -0.03) (0.104269639901 0.405832580069 -0.03) (0.104705296816 0.406623429484 -0.03))
    polyLine 38 42 ((0.0855505959542 0.369775158449 0) (0.0859475940682 0.370586103726 0) (0.0863454616473 0.371396622779 0) (0.086744198234 0.372206714676 0) (0.0871438033695 0.373016378483 0) (0.0875442765943 0.373825613271 0) (0.0879456174478 0.374634418109 0) (0.0883478254684 0.375442792065 0) (0.0887509001935 0.376250734212 0) (0.0891548411596 0.377058243618 0) (0.0895596479019 0.377865319356 0) (0.0899653199551 0.378671960498 0) (0.0903718568524 0.379478166115 0) (0.0907792581262 0.38028393528 0) (0.0911875233082 0.381089267067 0) (0.0915966519285 0.38189416055 0) (0.0920066435169 0.382698614801 0) (0.0924174976015 0.383502628898 0) (0.09282921371 0.384306201913 0) (0.0932417913688 0.385109332925 0) (0.0936552301034 0.385912021008 0) (0.0940695294383 0.386714265239 0) (0.0944846888969 0.387516064696 0) (0.0949007080018 0.388317418457 0) (0.0953175862745 0.3891183256 0) (0.0957353232355 0.389918785204 0) (0.0961539184045 0.390718796348 0) (0.0965733712998 0.391518358112 0) (0.0969936814392 0.392317469576 0) (0.0974148483391 0.393116129822 0) (0.0978368715153 0.393914337931 0) (0.0982597504823 0.394712092984 0) (0.0986834847537 0.395509394065 0) (0.0991080738422 0.396306240255 0) (0.0995335172594 0.39710263064 0) (0.0999598145161 0.397898564302 0) (0.100386965122 0.398694040327 0) (0.100814968586 0.399489057799 0) (0.101243824415 0.400283615804 0) (0.101673532117 0.401077713428 0) (0.102104091196 0.401871349758 0) (0.102535501159 0.402664523882 0) (0.102967761508 0.403457234886 0) (0.103400871747 0.404249481859 0) (0.103834831378 0.40504126389 0) (0.104269639901 0.405832580069 0) (0.104705296816 0.406623429484 0))
    polyLine 37 41 ((-0.0837381341513 0.737238378058 -0.03) (-0.0820970719948 0.739959748704 -0.03) (-0.0804462497247 0.742687571463 -0.03) (-0.0787856047431 0.745421884195 -0.03) (-0.0771150739103 0.748162725014 -0.03) (-0.0754345935399 0.750910132282 -0.03) (-0.0737440993928 0.753664144617 -0.03) (-0.072043526672 0.756424800894 -0.03) (-0.0703328100164 0.759192140244 -0.03) (-0.0686118834959 0.761966202064 -0.03) (-0.0668806806047 0.76474702601 -0.03) (-0.0651391342563 0.767534652008 -0.03) (-0.0633871767767 0.770329120252 -0.03) (-0.0616247398991 0.773130471206 -0.03) (-0.0598517547576 0.775938745609 -0.03) (-0.0580681518808 0.778753984477 -0.03) (-0.0562738611858 0.781576229104 -0.03) (-0.0544688119719 0.784405521068 -0.03) (-0.0526529329142 0.787241902229 -0.03) (-0.0508261520569 0.790085414736 -0.03) (-0.0489883968071 0.792936101027 -0.03) (-0.047139593928 0.795794003834 -0.03) (-0.0452796695321 0.798659166185 -0.03))
    polyLine 39 43 ((-0.0837381341513 0.737238378058 0) (-0.0820970719948 0.739959748704 0) (-0.0804462497247 0.742687571463 0) (-0.0787856047431 0.745421884195 0) (-0.0771150739103 0.748162725014 0) (-0.0754345935399 0.750910132282 0) (-0.0737440993928 0.753664144617 0) (-0.072043526672 0.756424800894 0) (-0.0703328100164 0.759192140244 0) (-0.0686118834959 0.761966202064 0) (-0.0668806806047 0.76474702601 0) (-0.0651391342563 0.767534652008 0) (-0.0633871767767 0.770329120252 0) (-0.0616247398991 0.773130471206 0) (-0.0598517547576 0.775938745609 0) (-0.0580681518808 0.778753984477 0) (-0.0562738611858 0.781576229104 0) (-0.0544688119719 0.784405521068 0) (-0.0526529329142 0.787241902229 0) (-0.0508261520569 0.790085414736 0) (-0.0489883968071 0.792936101027 0) (-0.047139593928 0.795794003834 0) (-0.0452796695321 0.798659166185 0))
    polyLine 40 44 ((0.105141801622 0.407413811228 -0.03) (0.105579153817 0.408203724389 -0.03) (0.106017352899 0.408993168061 -0.03) (0.106456398363 0.409782141335 -0.03) (0.106896289703 0.410570643303 -0.03) (0.107337026415 0.411358673059 -0.03) (0.107778607992 0.412146229696 -0.03) (0.108221033925 0.41293331231 -0.03) (0.108664303705 0.413719919993 -0.03) (0.109108416823 0.414506051842 -0.03) (0.109553372769 0.415291706952 -0.03) (0.109999171029 0.416076884421 -0.03) (0.110445811092 0.416861583344 -0.03) (0.110893292444 0.417645802819 -0.03) (0.11134161457 0.418429541945 -0.03) (0.111790776955 0.419212799819 -0.03) (0.112240779081 0.419995575542 -0.03) (0.112691620432 0.420777868213 -0.03) (0.113143300488 0.421559676931 -0.03) (0.113595818731 0.422341000798 -0.03) (0.11404917464 0.423121838916 -0.03) (0.114503367693 0.423902190386 -0.03) (0.114958397368 0.42468205431 -0.03) (0.115414263142 0.425461429792 -0.03) (0.115870964491 0.426240315935 -0.03) (0.116328500888 0.427018711844 -0.03) (0.116786871809 0.427796616623 -0.03) (0.117246076725 0.428574029377 -0.03) (0.117706115109 0.429350949213 -0.03) (0.118166986431 0.430127375237 -0.03) (0.118628690162 0.430903306555 -0.03) (0.11909122577 0.431678742276 -0.03) (0.119554592723 0.432453681507 -0.03) (0.120018790489 0.433228123358 -0.03) (0.120483818534 0.434002066937 -0.03) (0.120949676322 0.434775511354 -0.03) (0.121416363318 0.435548455721 -0.03) (0.121883878985 0.436320899147 -0.03) (0.122352222786 0.437092840744 -0.03) (0.122821394182 0.437864279626 -0.03) (0.123291392632 0.438635214903 -0.03) (0.123762217598 0.43940564569 -0.03) (0.124233868536 0.440175571101 -0.03) (0.124706344906 0.44094499025 -0.03) (0.125179646162 0.441713902251 -0.03) (0.125653771761 0.442482306222 -0.03) (0.126128721158 0.443250201277 -0.03))
    polyLine 42 46 ((0.105141801622 0.407413811228 0) (0.105579153817 0.408203724389 0) (0.106017352899 0.408993168061 0) (0.106456398363 0.409782141335 0) (0.106896289703 0.410570643303 0) (0.107337026415 0.411358673059 0) (0.107778607992 0.412146229696 0) (0.108221033925 0.41293331231 0) (0.108664303705 0.413719919993 0) (0.109108416823 0.414506051842 0) (0.109553372769 0.415291706952 0) (0.109999171029 0.416076884421 0) (0.110445811092 0.416861583344 0) (0.110893292444 0.417645802819 0) (0.11134161457 0.418429541945 0) (0.111790776955 0.419212799819 0) (0.112240779081 0.419995575542 0) (0.112691620432 0.420777868213 0) (0.113143300488 0.421559676931 0) (0.113595818731 0.422341000798 0) (0.11404917464 0.423121838916 0) (0.114503367693 0.423902190386 0) (0.114958397368 0.42468205431 0) (0.115414263142 0.425461429792 0) (0.115870964491 0.426240315935 0) (0.116328500888 0.427018711844 0) (0.116786871809 0.427796616623 0) (0.117246076725 0.428574029377 0) (0.117706115109 0.429350949213 0) (0.118166986431 0.430127375237 0) (0.118628690162 0.430903306555 0) (0.11909122577 0.431678742276 0) (0.119554592723 0.432453681507 0) (0.120018790489 0.433228123358 0) (0.120483818534 0.434002066937 0) (0.120949676322 0.434775511354 0) (0.121416363318 0.435548455721 0) (0.121883878985 0.436320899147 0) (0.122352222786 0.437092840744 0) (0.122821394182 0.437864279626 0) (0.123291392632 0.438635214903 0) (0.123762217598 0.43940564569 0) (0.124233868536 0.440175571101 0) (0.124706344906 0.44094499025 0) (0.125179646162 0.441713902251 0) (0.125653771761 0.442482306222 0) (0.126128721158 0.443250201277 0))
    polyLine 41 45 ((-0.0416778519675 0.804179737728 -0.03) (-0.0399375634135 0.806834091364 -0.03) (-0.0381876239321 0.809494726689 -0.03) (-0.0364279735531 0.812161678303 -0.03) (-0.0346585518123 0.814834981029 -0.03) (-0.0328792977462 0.817514669916 -0.03) (-0.0310901498879 0.820200780239 -0.03) (-0.0292910462613 0.822893347506 -0.03) (-0.0274819243767 0.825592407453 -0.03) (-0.0256627212258 0.828297996052 -0.03) (-0.0238333732762 0.831010149509 -0.03) (-0.0219938164665 0.83372890427 -0.03) (-0.0201439862013 0.83645429702 -0.03) (-0.0182838173453 0.839186364687 -0.03) (-0.0164132442188 0.841925144441 -0.03) (-0.0145322005917 0.844670673702 -0.03) (-0.0126406196781 0.847422990138 -0.03) (-0.0107384341311 0.850182131668 -0.03) (-0.00882557603689 0.852948136463 -0.03) (-0.00690197690917 0.855721042952 -0.03) (-0.00496756768355 0.858500889822 -0.03) (-0.00302227871164 0.861287716019 -0.03) (-0.00106603975523 0.864081560754 -0.03))
    polyLine 43 47 ((-0.0416778519675 0.804179737728 0) (-0.0399375634135 0.806834091364 0) (-0.0381876239321 0.809494726689 0) (-0.0364279735531 0.812161678303 0) (-0.0346585518123 0.814834981029 0) (-0.0328792977462 0.817514669916 0) (-0.0310901498879 0.820200780239 0) (-0.0292910462613 0.822893347506 0) (-0.0274819243767 0.825592407453 0) (-0.0256627212258 0.828297996052 0) (-0.0238333732762 0.831010149509 0) (-0.0219938164665 0.83372890427 0) (-0.0201439862013 0.83645429702 0) (-0.0182838173453 0.839186364687 0) (-0.0164132442188 0.841925144441 0) (-0.0145322005917 0.844670673702 0) (-0.0126406196781 0.847422990138 0) (-0.0107384341311 0.850182131668 0) (-0.00882557603689 0.852948136463 0) (-0.00690197690917 0.855721042952 0) (-0.00496756768355 0.858500889822 0) (-0.00302227871164 0.861287716019 0) (-0.00106603975523 0.864081560754 0))
    polyLine 44 48 ((0.126604493807 0.444017586534 -0.03) (0.127081089159 0.444784461111 -0.03) (0.127556054594 0.445547799729 -0.03) (0.128031020029 0.446311138346 -0.03) (0.128505985464 0.447074476964 -0.03) (0.128980950898 0.447837815582 -0.03) (0.129455916333 0.4486011542 -0.03) (0.129930881768 0.449364492818 -0.03) (0.130405847203 0.450127831436 -0.03) (0.130880812638 0.450891170054 -0.03) (0.131355778072 0.451654508672 -0.03) (0.131830743507 0.45241784729 -0.03) (0.132305708942 0.453181185907 -0.03) (0.132780674377 0.453944524525 -0.03) (0.133255639812 0.454707863143 -0.03) (0.133730605246 0.455471201761 -0.03) (0.134205570681 0.456234540379 -0.03) (0.134680536116 0.456997878997 -0.03) (0.135155501551 0.457761217615 -0.03) (0.135630466986 0.458524556233 -0.03) (0.136105432421 0.459287894851 -0.03) (0.136580397855 0.460051233468 -0.03) (0.13705536329 0.460814572086 -0.03) (0.137530328725 0.461577910704 -0.03) (0.13800529416 0.462341249322 -0.03) (0.138480259595 0.46310458794 -0.03) (0.138955225029 0.463867926558 -0.03) (0.139430190464 0.464631265176 -0.03) (0.139905155899 0.465394603794 -0.03) (0.140380121334 0.466157942411 -0.03) (0.140855086769 0.466921281029 -0.03) (0.141330052204 0.467684619647 -0.03) (0.141805017638 0.468447958265 -0.03) (0.142279983073 0.469211296883 -0.03) (0.142754948508 0.469974635501 -0.03) (0.143229913943 0.470737974119 -0.03) (0.143704879378 0.471501312737 -0.03) (0.144179844812 0.472264651355 -0.03) (0.144654810247 0.473027989972 -0.03) (0.145129775682 0.47379132859 -0.03) (0.145604741117 0.474554667208 -0.03) (0.146079706552 0.475318005826 -0.03) (0.146554671986 0.476081344444 -0.03) (0.147029637421 0.476844683062 -0.03) (0.147504602856 0.47760802168 -0.03) (0.147979568291 0.478371360298 -0.03) (0.148454533726 0.479134698916 -0.03))
    polyLine 46 50 ((0.126604493807 0.444017586534 0) (0.127081089159 0.444784461111 0) (0.127556054594 0.445547799729 0) (0.128031020029 0.446311138346 0) (0.128505985464 0.447074476964 0) (0.128980950898 0.447837815582 0) (0.129455916333 0.4486011542 0) (0.129930881768 0.449364492818 0) (0.130405847203 0.450127831436 0) (0.130880812638 0.450891170054 0) (0.131355778072 0.451654508672 0) (0.131830743507 0.45241784729 0) (0.132305708942 0.453181185907 0) (0.132780674377 0.453944524525 0) (0.133255639812 0.454707863143 0) (0.133730605246 0.455471201761 0) (0.134205570681 0.456234540379 0) (0.134680536116 0.456997878997 0) (0.135155501551 0.457761217615 0) (0.135630466986 0.458524556233 0) (0.136105432421 0.459287894851 0) (0.136580397855 0.460051233468 0) (0.13705536329 0.460814572086 0) (0.137530328725 0.461577910704 0) (0.13800529416 0.462341249322 0) (0.138480259595 0.46310458794 0) (0.138955225029 0.463867926558 0) (0.139430190464 0.464631265176 0) (0.139905155899 0.465394603794 0) (0.140380121334 0.466157942411 0) (0.140855086769 0.466921281029 0) (0.141330052204 0.467684619647 0) (0.141805017638 0.468447958265 0) (0.142279983073 0.469211296883 0) (0.142754948508 0.469974635501 0) (0.143229913943 0.470737974119 0) (0.143704879378 0.471501312737 0) (0.144179844812 0.472264651355 0) (0.144654810247 0.473027989972 0) (0.145129775682 0.47379132859 0) (0.145604741117 0.474554667208 0) (0.146079706552 0.475318005826 0) (0.146554671986 0.476081344444 0) (0.147029637421 0.476844683062 0) (0.147504602856 0.47760802168 0) (0.147979568291 0.478371360298 0) (0.148454533726 0.479134698916 0))
    polyLine 45 49 ((0.00269220364901 0.869424891655 -0.03) (0.00449233625042 0.871973169576 -0.03) (0.00630167170892 0.87452732715 -0.03) (0.00812026432576 0.877087394445 -0.03) (0.00994816882223 0.879653401719 -0.03) (0.0117854403435 0.882225379415 -0.03) (0.0136321344626 0.884803358165 -0.03) (0.0154883071842 0.887387368796 -0.03) (0.0173540149489 0.889977442324 -0.03) (0.0192293146371 0.892573609961 -0.03) (0.0211142635728 0.895175903115 -0.03) (0.0230089195283 0.897784353391 -0.03) (0.024913340728 0.900398992595 -0.03) (0.0268275858526 0.903019852731 -0.03) (0.0287517140436 0.905646966009 -0.03) (0.0306857849073 0.908280364842 -0.03) (0.0326298585196 0.91092008185 -0.03) (0.0345839954298 0.91356614986 -0.03) (0.0365482566658 0.91621860191 -0.03) (0.0385227037379 0.91887747125 -0.03) (0.0405073986438 0.921542791341 -0.03) (0.042502403873 0.924214595863 -0.03) (0.0445077824118 0.92689291871 -0.03))
    polyLine 47 51 ((0.00269220364901 0.869424891655 0) (0.00449233625042 0.871973169576 0) (0.00630167170892 0.87452732715 0) (0.00812026432576 0.877087394445 0) (0.00994816882223 0.879653401719 0) (0.0117854403435 0.882225379415 0) (0.0136321344626 0.884803358165 0) (0.0154883071842 0.887387368796 0) (0.0173540149489 0.889977442324 0) (0.0192293146371 0.892573609961 0) (0.0211142635728 0.895175903115 0) (0.0230089195283 0.897784353391 0) (0.024913340728 0.900398992595 0) (0.0268275858526 0.903019852731 0) (0.0287517140436 0.905646966009 0) (0.0306857849073 0.908280364842 0) (0.0326298585196 0.91092008185 0) (0.0345839954298 0.91356614986 0) (0.0365482566658 0.91621860191 0) (0.0385227037379 0.91887747125 0) (0.0405073986438 0.921542791341 0) (0.042502403873 0.924214595863 0) (0.0445077824118 0.92689291871 0))
    polyLine 48 52 ((0.148929499161 0.479898037533 -0.03) (0.149404464595 0.480661376151 -0.03) (0.14987943003 0.481424714769 -0.03) (0.150354395465 0.482188053387 -0.03) (0.1508293609 0.482951392005 -0.03) (0.151304326335 0.483714730623 -0.03) (0.151779291769 0.484478069241 -0.03) (0.152254257204 0.485241407859 -0.03) (0.152729222639 0.486004746477 -0.03) (0.153204188074 0.486768085094 -0.03) (0.153679153509 0.487531423712 -0.03) (0.154154118944 0.48829476233 -0.03) (0.154629084378 0.489058100948 -0.03) (0.155104049813 0.489821439566 -0.03) (0.155579015248 0.490584778184 -0.03) (0.156053980683 0.491348116802 -0.03) (0.156528946118 0.49211145542 -0.03) (0.157003911552 0.492874794037 -0.03) (0.157478876987 0.493638132655 -0.03) (0.157953842422 0.494401471273 -0.03) (0.158428807857 0.495164809891 -0.03) (0.158903773292 0.495928148509 -0.03) (0.159378738726 0.496691487127 -0.03) (0.159853704161 0.497454825745 -0.03) (0.160328669596 0.498218164363 -0.03) (0.160803635031 0.498981502981 -0.03) (0.161278600466 0.499744841598 -0.03) (0.161753565901 0.500508180216 -0.03) (0.162228531335 0.501271518834 -0.03) (0.16270349677 0.502034857452 -0.03) (0.163178462205 0.50279819607 -0.03) (0.16365342764 0.503561534688 -0.03) (0.164128393075 0.504324873306 -0.03) (0.164603358509 0.505088211924 -0.03) (0.165078323944 0.505851550542 -0.03) (0.165553289379 0.506614889159 -0.03) (0.166028254814 0.507378227777 -0.03) (0.166503220249 0.508141566395 -0.03) (0.166978185683 0.508904905013 -0.03) (0.167453151118 0.509668243631 -0.03) (0.167928116553 0.510431582249 -0.03) (0.168403081988 0.511194920867 -0.03) (0.168878047423 0.511958259485 -0.03) (0.169353012858 0.512721598102 -0.03) (0.169827978292 0.51348493672 -0.03) (0.170302943727 0.514248275338 -0.03) (0.170777909162 0.515011613956 -0.03) (0.171252874597 0.515774952574 -0.03))
    polyLine 50 54 ((0.148929499161 0.479898037533 0) (0.149404464595 0.480661376151 0) (0.14987943003 0.481424714769 0) (0.150354395465 0.482188053387 0) (0.1508293609 0.482951392005 0) (0.151304326335 0.483714730623 0) (0.151779291769 0.484478069241 0) (0.152254257204 0.485241407859 0) (0.152729222639 0.486004746477 0) (0.153204188074 0.486768085094 0) (0.153679153509 0.487531423712 0) (0.154154118944 0.48829476233 0) (0.154629084378 0.489058100948 0) (0.155104049813 0.489821439566 0) (0.155579015248 0.490584778184 0) (0.156053980683 0.491348116802 0) (0.156528946118 0.49211145542 0) (0.157003911552 0.492874794037 0) (0.157478876987 0.493638132655 0) (0.157953842422 0.494401471273 0) (0.158428807857 0.495164809891 0) (0.158903773292 0.495928148509 0) (0.159378738726 0.496691487127 0) (0.159853704161 0.497454825745 0) (0.160328669596 0.498218164363 0) (0.160803635031 0.498981502981 0) (0.161278600466 0.499744841598 0) (0.161753565901 0.500508180216 0) (0.162228531335 0.501271518834 0) (0.16270349677 0.502034857452 0) (0.163178462205 0.50279819607 0) (0.16365342764 0.503561534688 0) (0.164128393075 0.504324873306 0) (0.164603358509 0.505088211924 0) (0.165078323944 0.505851550542 0) (0.165553289379 0.506614889159 0) (0.166028254814 0.507378227777 0) (0.166503220249 0.508141566395 0) (0.166978185683 0.508904905013 0) (0.167453151118 0.509668243631 0) (0.167928116553 0.510431582249 0) (0.168403081988 0.511194920867 0) (0.168878047423 0.511958259485 0) (0.169353012858 0.512721598102 0) (0.169827978292 0.51348493672 0) (0.170302943727 0.514248275338 0) (0.170777909162 0.515011613956 0) (0.171252874597 0.515774952574 0))
    polyLine 49 53 ((0.0483156714358 0.931958499816 -0.03) (0.0501160080179 0.934344384576 -0.03) (0.0519246524495 0.936735472331 -0.03) (0.0537416500044 0.939131787277 -0.03) (0.0555670462773 0.941533353746 -0.03) (0.0574008871868 0.943940196215 -0.03) (0.0592432189776 0.9463523393 -0.03) (0.0610940882237 0.94876980776 -0.03) (0.0629535418309 0.9511926265 -0.03) (0.0648216270401 0.953620820569 -0.03) (0.0666983914296 0.956054415162 -0.03) (0.0685838829182 0.958493435623 -0.03) (0.0704781497684 0.960937907444 -0.03) (0.0723812405891 0.963387856266 -0.03) (0.0742932043383 0.965843307881 -0.03) (0.0762140903267 0.968304288235 -0.03) (0.0781439482204 0.970770823426 -0.03) (0.080082828044 0.973242939707 -0.03) (0.0820307801836 0.975720663487 -0.03) (0.0839878553902 0.978204021331 -0.03) (0.0859541047828 0.980693039963 -0.03) (0.0879295798514 0.983187746268 -0.03) (0.0899143324604 0.98568816729 -0.03))
    polyLine 51 55 ((0.0483156714358 0.931958499816 0) (0.0501160080179 0.934344384576 0) (0.0519246524495 0.936735472331 0) (0.0537416500044 0.939131787277 0) (0.0555670462773 0.941533353746 0) (0.0574008871868 0.943940196215 0) (0.0592432189776 0.9463523393 0) (0.0610940882237 0.94876980776 0) (0.0629535418309 0.9511926265 0) (0.0648216270401 0.953620820569 0) (0.0666983914296 0.956054415162 0) (0.0685838829182 0.958493435623 0) (0.0704781497684 0.960937907444 0) (0.0723812405891 0.963387856266 0) (0.0742932043383 0.965843307881 0) (0.0762140903267 0.968304288235 0) (0.0781439482204 0.970770823426 0) (0.080082828044 0.973242939707 0) (0.0820307801836 0.975720663487 0) (0.0839878553902 0.978204021331 0) (0.0859541047828 0.980693039963 0) (0.0879295798514 0.983187746268 0) (0.0899143324604 0.98568816729 0))
    polyLine 52 56 ((0.171727840032 0.516538291192 -0.03) (0.172202805466 0.51730162981 -0.03) (0.172677770901 0.518064968428 -0.03) (0.173152736336 0.518828307046 -0.03) (0.173627701771 0.519591645663 -0.03) (0.174102667206 0.520354984281 -0.03) (0.174577632641 0.521118322899 -0.03) (0.175052598075 0.521881661517 -0.03) (0.17552756351 0.522645000135 -0.03) (0.176002528945 0.523408338753 -0.03) (0.17647749438 0.524171677371 -0.03) (0.176952459815 0.524935015989 -0.03) (0.177427425249 0.525698354607 -0.03) (0.177902390684 0.526461693224 -0.03) (0.178377356119 0.527225031842 -0.03) (0.178852321554 0.52798837046 -0.03) (0.179327286989 0.528751709078 -0.03) (0.179802252423 0.529515047696 -0.03) (0.180277217858 0.530278386314 -0.03) (0.180752183293 0.531041724932 -0.03) (0.181227148728 0.53180506355 -0.03) (0.181702114163 0.532568402167 -0.03) (0.182177079598 0.533331740785 -0.03) (0.182652045032 0.534095079403 -0.03) (0.183127010467 0.534858418021 -0.03) (0.183601975902 0.535621756639 -0.03) (0.184076941337 0.536385095257 -0.03) (0.184551906772 0.537148433875 -0.03) (0.185026872206 0.537911772493 -0.03) (0.185501837641 0.538675111111 -0.03) (0.185976803076 0.539438449728 -0.03) (0.186451768511 0.540201788346 -0.03) (0.186926733946 0.540965126964 -0.03) (0.187401699381 0.541728465582 -0.03) (0.187876664815 0.5424918042 -0.03) (0.18835163025 0.543255142818 -0.03) (0.188826595685 0.544018481436 -0.03) (0.18930156112 0.544781820054 -0.03) (0.189776526555 0.545545158672 -0.03) (0.190251491989 0.546308497289 -0.03) (0.190726457424 0.547071835907 -0.03) (0.191201422859 0.547835174525 -0.03) (0.191676388294 0.548598513143 -0.03) (0.192151353729 0.549361851761 -0.03) (0.192626319163 0.550125190379 -0.03) (0.193101284598 0.550888528997 -0.03) (0.193576250033 0.551651867615 -0.03))
    polyLine 54 58 ((0.171727840032 0.516538291192 0) (0.172202805466 0.51730162981 0) (0.172677770901 0.518064968428 0) (0.173152736336 0.518828307046 0) (0.173627701771 0.519591645663 0) (0.174102667206 0.520354984281 0) (0.174577632641 0.521118322899 0) (0.175052598075 0.521881661517 0) (0.17552756351 0.522645000135 0) (0.176002528945 0.523408338753 0) (0.17647749438 0.524171677371 0) (0.176952459815 0.524935015989 0) (0.177427425249 0.525698354607 0) (0.177902390684 0.526461693224 0) (0.178377356119 0.527225031842 0) (0.178852321554 0.52798837046 0) (0.179327286989 0.528751709078 0) (0.179802252423 0.529515047696 0) (0.180277217858 0.530278386314 0) (0.180752183293 0.531041724932 0) (0.181227148728 0.53180506355 0) (0.181702114163 0.532568402167 0) (0.182177079598 0.533331740785 0) (0.182652045032 0.534095079403 0) (0.183127010467 0.534858418021 0) (0.183601975902 0.535621756639 0) (0.184076941337 0.536385095257 0) (0.184551906772 0.537148433875 0) (0.185026872206 0.537911772493 0) (0.185501837641 0.538675111111 0) (0.185976803076 0.539438449728 0) (0.186451768511 0.540201788346 0) (0.186926733946 0.540965126964 0) (0.187401699381 0.541728465582 0) (0.187876664815 0.5424918042 0) (0.18835163025 0.543255142818 0) (0.188826595685 0.544018481436 0) (0.18930156112 0.544781820054 0) (0.189776526555 0.545545158672 0) (0.190251491989 0.546308497289 0) (0.190726457424 0.547071835907 0) (0.191201422859 0.547835174525 0) (0.191676388294 0.548598513143 0) (0.192151353729 0.549361851761 0) (0.192626319163 0.550125190379 0) (0.193101284598 0.550888528997 0) (0.193576250033 0.551651867615 0))
    polyLine 53 57 ((0.0936818502226 0.990418158247 -0.03) (0.0954626779212 0.992646528334 -0.03) (0.0972509349653 0.994879459706 -0.03) (0.0990466586121 0.997116971673 -0.03) (0.100849886361 0.999359083651 -0.03) (0.102660655953 1.00160581516 -0.03) (0.104479005379 1.00385718582 -0.03) (0.106304972872 1.00611321536 -0.03) (0.108138596919 1.00837392362 -0.03) (0.109979916255 1.01063933054 -0.03) (0.11182896987 1.01290945617 -0.03) (0.113685797008 1.01518432068 -0.03) (0.115550437172 1.01746394432 -0.03) (0.117422930124 1.01974834748 -0.03) (0.119303315886 1.02203755066 -0.03) (0.121191634745 1.02433157444 -0.03) (0.123087927251 1.02663043956 -0.03) (0.124992234226 1.02893416682 -0.03) (0.126904596757 1.03124277719 -0.03) (0.128825056206 1.03355629171 -0.03) (0.130753654209 1.03587473156 -0.03) (0.132690432675 1.03819811803 -0.03) (0.134635433797 1.04052647253 -0.03))
    polyLine 55 59 ((0.0936818502226 0.990418158247 0) (0.0954626779212 0.992646528334 0) (0.0972509349653 0.994879459706 0) (0.0990466586121 0.997116971673 0) (0.100849886361 0.999359083651 0) (0.102660655953 1.00160581516 0) (0.104479005379 1.00385718582 0) (0.106304972872 1.00611321536 0) (0.108138596919 1.00837392362 0) (0.109979916255 1.01063933054 0) (0.11182896987 1.01290945617 0) (0.113685797008 1.01518432068 0) (0.115550437172 1.01746394432 0) (0.117422930124 1.01974834748 0) (0.119303315886 1.02203755066 0) (0.121191634745 1.02433157444 0) (0.123087927251 1.02663043956 0) (0.124992234226 1.02893416682 0) (0.126904596757 1.03124277719 0) (0.128825056206 1.03355629171 0) (0.130753654209 1.03587473156 0) (0.132690432675 1.03819811803 0) (0.134635433797 1.04052647253 0))
    polyLine 56 60 ((0.194051215468 0.552415206232 -0.03) (0.194526180903 0.55317854485 -0.03) (0.195001146338 0.553941883468 -0.03) (0.195476111772 0.554705222086 -0.03) (0.195951077207 0.555468560704 -0.03) (0.196426042642 0.556231899322 -0.03) (0.196901008077 0.55699523794 -0.03) (0.197375973512 0.557758576558 -0.03) (0.197850938946 0.558521915176 -0.03) (0.198325904381 0.559285253793 -0.03) (0.198800869816 0.560048592411 -0.03) (0.199275835251 0.560811931029 -0.03) (0.199750800686 0.561575269647 -0.03) (0.200225766121 0.562338608265 -0.03) (0.200700731555 0.563101946883 -0.03) (0.20117569699 0.563865285501 -0.03) (0.201650662425 0.564628624119 -0.03) (0.20212562786 0.565391962737 -0.03) (0.202600593295 0.566155301354 -0.03) (0.203075558729 0.566918639972 -0.03) (0.203550524164 0.56768197859 -0.03) (0.204025489599 0.568445317208 -0.03) (0.204500455034 0.569208655826 -0.03) (0.204975420469 0.569971994444 -0.03) (0.205450385903 0.570735333062 -0.03) (0.205930779361 0.571495069679 -0.03) (0.206422129486 0.572247766601 -0.03) (0.206924333138 0.572993265825 -0.03) (0.207437284898 0.573731410861 -0.03) (0.20796087709 0.574462046762 -0.03) (0.208494999804 0.575185020156 -0.03) (0.20903954092 0.575900179281 -0.03) (0.209594386131 0.576607374016 -0.03) (0.210159418968 0.57730645591 -0.03) (0.210734520822 0.577997278217 -0.03) (0.211319570972 0.578679695922 -0.03) (0.211914446606 0.579353565777 -0.03) (0.212519022853 0.580018746327 -0.03) (0.213133172803 0.580675097941 -0.03) (0.213756767537 0.581322482841 -0.03) (0.214389676154 0.581960765133 -0.03) (0.215031765798 0.582589810832 -0.03) (0.215682901684 0.583209487892 -0.03) (0.216342947131 0.583819666235 -0.03) (0.217011763586 0.584420217775 -0.03) (0.217689210653 0.585011016448 -0.03) (0.218375146129 0.585591938238 -0.03))
    polyLine 58 62 ((0.194051215468 0.552415206232 0) (0.194526180903 0.55317854485 0) (0.195001146338 0.553941883468 0) (0.195476111772 0.554705222086 0) (0.195951077207 0.555468560704 0) (0.196426042642 0.556231899322 0) (0.196901008077 0.55699523794 0) (0.197375973512 0.557758576558 0) (0.197850938946 0.558521915176 0) (0.198325904381 0.559285253793 0) (0.198800869816 0.560048592411 0) (0.199275835251 0.560811931029 0) (0.199750800686 0.561575269647 0) (0.200225766121 0.562338608265 0) (0.200700731555 0.563101946883 0) (0.20117569699 0.563865285501 0) (0.201650662425 0.564628624119 0) (0.20212562786 0.565391962737 0) (0.202600593295 0.566155301354 0) (0.203075558729 0.566918639972 0) (0.203550524164 0.56768197859 0) (0.204025489599 0.568445317208 0) (0.204500455034 0.569208655826 0) (0.204975420469 0.569971994444 0) (0.205450385903 0.570735333062 0) (0.205930779361 0.571495069679 0) (0.206422129486 0.572247766601 0) (0.206924333138 0.572993265825 0) (0.207437284898 0.573731410861 0) (0.20796087709 0.574462046762 0) (0.208494999804 0.575185020156 0) (0.20903954092 0.575900179281 0) (0.209594386131 0.576607374016 0) (0.210159418968 0.57730645591 0) (0.210734520822 0.577997278217 0) (0.211319570972 0.578679695922 0) (0.211914446606 0.579353565777 0) (0.212519022853 0.580018746327 0) (0.213133172803 0.580675097941 0) (0.213756767537 0.581322482841 0) (0.214389676154 0.581960765133 0) (0.215031765798 0.582589810832 0) (0.215682901684 0.583209487892 0) (0.216342947131 0.583819666235 0) (0.217011763586 0.584420217775 0) (0.217689210653 0.585011016448 0) (0.218375146129 0.585591938238 0))
    polyLine 57 61 ((0.13849290374 1.04512985123 -0.03) (0.140404976804 1.04740462873 -0.03) (0.142324958866 1.04968416912 -0.03) (0.144252889812 1.05196849252 -0.03) (0.146188809791 1.05425761917 -0.03) (0.148132759211 1.05655156941 -0.03) (0.150084778744 1.05885036372 -0.03) (0.152044909327 1.06115402266 -0.03) (0.154013192166 1.06346256691 -0.03) (0.155989668734 1.06577601727 -0.03) (0.157974380779 1.06809439464 -0.03) (0.159967370321 1.07041772007 -0.03) (0.161968679656 1.07274601468 -0.03) (0.163978351359 1.07507929973 -0.03) (0.165996428285 1.0774175966 -0.03) (0.168022953573 1.07976092678 -0.03) (0.170057970645 1.08210931188 -0.03) (0.172101523211 1.08446277363 -0.03) (0.174153655272 1.08682133388 -0.03) (0.176214411119 1.08918501461 -0.03) (0.178283835338 1.09155383791 -0.03) (0.180361972811 1.09392782601 -0.03) (0.182448868719 1.09630700123 -0.03))
    polyLine 59 63 ((0.13849290374 1.04512985123 0) (0.140404976804 1.04740462873 0) (0.142324958866 1.04968416912 0) (0.144252889812 1.05196849252 0) (0.146188809791 1.05425761917 0) (0.148132759211 1.05655156941 0) (0.150084778744 1.05885036372 0) (0.152044909327 1.06115402266 0) (0.154013192166 1.06346256691 0) (0.155989668734 1.06577601727 0) (0.157974380779 1.06809439464 0) (0.159967370321 1.07041772007 0) (0.161968679656 1.07274601468 0) (0.163978351359 1.07507929973 0) (0.165996428285 1.0774175966 0) (0.168022953573 1.07976092678 0) (0.170057970645 1.08210931188 0) (0.172101523211 1.08446277363 0) (0.174153655272 1.08682133388 0) (0.176214411119 1.08918501461 0) (0.178283835338 1.09155383791 0) (0.180361972811 1.09392782601 0) (0.182448868719 1.09630700123 0))
    polyLine 60 64 ((0.219069426024 0.5861628612 -0.03) (0.219771904601 0.586723665489 -0.03) (0.220482434398 0.587274233386 -0.03) (0.221200866267 0.587814449317 -0.03) (0.221927049396 0.588344199885 -0.03) (0.222660831352 0.588863373886 -0.03) (0.223402058102 0.58937186234 -0.03) (0.224150574052 0.589869558506 -0.03) (0.224906222078 0.590356357913 -0.03) (0.22566884356 0.590832158372 -0.03) (0.226438278412 0.591296860009 -0.03) (0.227214365119 0.591750365273 -0.03) (0.227996940769 0.59219257897 -0.03) (0.228785841089 0.592623408272 -0.03) (0.229580900477 0.593042762741 -0.03) (0.23038195204 0.59345055435 -0.03) (0.231188827624 0.593846697496 -0.03) (0.232001357857 0.594231109025 -0.03) (0.232819372175 0.594603708242 -0.03) (0.233642698867 0.594964416934 -0.03) (0.234471165104 0.595313159383 -0.03) (0.23530459698 0.595649862383 -0.03) (0.236142819545 0.595974455256 -0.03) (0.236985656845 0.596286869864 -0.03) (0.237832931957 0.596587040627 -0.03) (0.238684467025 0.596874904536 -0.03) (0.2395400833 0.597150401163 -0.03) (0.240399601176 0.597413472679 -0.03) (0.241262840229 0.59766406386 -0.03) (0.242129619251 0.597902122104 -0.03) (0.242999756295 0.598127597439 -0.03) (0.243873068706 0.598340442535 -0.03) (0.244749373164 0.598540612712 -0.03) (0.245628485719 0.598728065952 -0.03) (0.246510221833 0.598902762907 -0.03) (0.247394396419 0.599064666903 -0.03) (0.248280823874 0.599213743957 -0.03) (0.249169318126 0.599349962774 -0.03) (0.250059692667 0.599473294759 -0.03) (0.250951760595 0.599583714025 -0.03) (0.251845334652 0.599681197392 -0.03) (0.252740227264 0.599765724397 -0.03) (0.253636250581 0.599837277297 -0.03) (0.254533216515 0.599895841071 -0.03) (0.255430936779 0.599941403428 -0.03) (0.256329222931 0.599973954801 -0.03) (0.257227886406 0.599993488359 -0.03))
    polyLine 62 66 ((0.219069426024 0.5861628612 0) (0.219771904601 0.586723665489 0) (0.220482434398 0.587274233386 0) (0.221200866267 0.587814449317 0) (0.221927049396 0.588344199885 0) (0.222660831352 0.588863373886 0) (0.223402058102 0.58937186234 0) (0.224150574052 0.589869558506 0) (0.224906222078 0.590356357913 0) (0.22566884356 0.590832158372 0) (0.226438278412 0.591296860009 0) (0.227214365119 0.591750365273 0) (0.227996940769 0.59219257897 0) (0.228785841089 0.592623408272 0) (0.229580900477 0.593042762741 0) (0.23038195204 0.59345055435 0) (0.231188827624 0.593846697496 0) (0.232001357857 0.594231109025 0) (0.232819372175 0.594603708242 0) (0.233642698867 0.594964416934 0) (0.234471165104 0.595313159383 0) (0.23530459698 0.595649862383 0) (0.236142819545 0.595974455256 0) (0.236985656845 0.596286869864 0) (0.237832931957 0.596587040627 0) (0.238684467025 0.596874904536 0) (0.2395400833 0.597150401163 0) (0.240399601176 0.597413472679 0) (0.241262840229 0.59766406386 0) (0.242129619251 0.597902122104 0) (0.242999756295 0.598127597439 0) (0.243873068706 0.598340442535 0) (0.244749373164 0.598540612712 0) (0.245628485719 0.598728065952 0) (0.246510221833 0.598902762907 0) (0.247394396419 0.599064666903 0) (0.248280823874 0.599213743957 0) (0.249169318126 0.599349962774 0) (0.250059692667 0.599473294759 0) (0.250951760595 0.599583714025 0) (0.251845334652 0.599681197392 0) (0.252740227264 0.599765724397 0) (0.253636250581 0.599837277297 0) (0.254533216515 0.599895841071 0) (0.255430936779 0.599941403428 0) (0.256329222931 0.599973954801 0) (0.257227886406 0.599993488359 0))
    polyLine 61 65 ((0.187410342515 1.10194415015 -0.03) (0.190292617281 1.10520665854 -0.03) (0.19319151016 1.10847896896 -0.03) (0.196107139543 1.1117611396 -0.03) (0.199039624903 1.11505322909 -0.03) (0.201989086812 1.1183552965 -0.03) (0.204955646949 1.12166740139 -0.03) (0.207939428115 1.12498960375 -0.03) (0.210940554245 1.12832196405 -0.03) (0.213959150421 1.13166454324 -0.03) (0.216995342882 1.13501740273 -0.03) (0.220049259041 1.13838060443 -0.03) (0.223121027497 1.14175421071 -0.03) (0.226210778045 1.14513828447 -0.03) (0.229318641695 1.14853288907 -0.03) (0.232444750682 1.15193808839 -0.03) (0.235589238479 1.15535394681 -0.03) (0.238752239815 1.15878052923 -0.03) (0.241933890687 1.16221790107 -0.03) (0.245134328374 1.16566612825 -0.03) (0.248353691452 1.16912527723 -0.03) (0.251592119809 1.17259541503 -0.03) (0.25484975466 1.17607660917 -0.03))
    polyLine 63 67 ((0.187410342515 1.10194415015 0) (0.190292617281 1.10520665854 0) (0.19319151016 1.10847896896 0) (0.196107139543 1.1117611396 0) (0.199039624903 1.11505322909 0) (0.201989086812 1.1183552965 0) (0.204955646949 1.12166740139 0) (0.207939428115 1.12498960375 0) (0.210940554245 1.12832196405 0) (0.213959150421 1.13166454324 0) (0.216995342882 1.13501740273 0) (0.220049259041 1.13838060443 0) (0.223121027497 1.14175421071 0) (0.226210778045 1.14513828447 0) (0.229318641695 1.14853288907 0) (0.232444750682 1.15193808839 0) (0.235589238479 1.15535394681 0) (0.238752239815 1.15878052923 0) (0.241933890687 1.16221790107 0) (0.245134328374 1.16566612825 0) (0.248353691452 1.16912527723 0) (0.251592119809 1.17259541503 0) (0.25484975466 1.17607660917 0))
);

boundary
(
    body_fore
    {
        type wall;
        faces
        (
            (0 2 6 4)
            (4 6 10 8)
            (8 10 14 12)
            (12 14 18 16)
            (16 18 22 20)
            (20 22 26 24)
            (24 26 30 28)
            (28 30 34 32)
            (32 34 38 36)
            (36 38 42 40)
            (40 42 46 44)
            (44 46 50 48)
            (48 50 54 52)
            (52 54 58 56)
            (56 58 62 60)
            (60 62 66 64)
        );
    }
    freestream
    {
        type patch;
        faces
        (
            (1 5 7 3)
            (5 9 11 7)
            (9 13 15 11)
            (13 17 19 15)
            (17 21 23 19)
            (21 25 27 23)
            (25 29 31 27)
            (29 33 35 31)
            (33 37 39 35)
            (37 41 43 39)
            (41 45 47 43)
            (45 49 51 47)
            (49 53 55 51)
            (53 57 59 55)
            (57 61 63 59)
            (61 65 67 63)
        );
    }
    outlet
    {
        type patch;
        faces
        (
            (64 66 67 65)
        );
    }
    axis
    {
        type patch;
        faces
        (
            (0 1 3 2)
        );
    }
    front
    {
        type patch;
        faces
        (
            (2 6 7 3)
            (6 10 11 7)
            (10 14 15 11)
            (14 18 19 15)
            (18 22 23 19)
            (22 26 27 23)
            (26 30 31 27)
            (30 34 35 31)
            (34 38 39 35)
            (38 42 43 39)
            (42 46 47 43)
            (46 50 51 47)
            (50 54 55 51)
            (54 58 59 55)
            (58 62 63 59)
            (62 66 67 63)
        );
    }
    back
    {
        type patch;
        faces
        (
            (0 1 5 4)
            (4 5 9 8)
            (8 9 13 12)
            (12 13 17 16)
            (16 17 21 20)
            (20 21 25 24)
            (24 25 29 28)
            (28 29 33 32)
            (32 33 37 36)
            (36 37 41 40)
            (40 41 45 44)
            (44 45 49 48)
            (48 49 53 52)
            (52 53 57 56)
            (56 57 61 60)
            (60 61 65 64)
        );
    }
);
