FoamFile
{
    version     2.0;
    format      ascii;
    class       dictionary;
    object      blockMeshDict;
}
// Generated by aether.cfd - do not edit by hand. Regenerate from the run config.

scale 1;

vertices
(
    (0 0 -0.03)
    (-0.34543900652 7.45417819662e-17 -0.03)
    (0 0 0)
    (-0.34543900652 7.45417819662e-17 0)
    (0.00135212507838 0.0432603137211 -0.03)
    (-0.341849310085 0.0999523404882 -0.03)
    (0.00135212507838 0.0432603137211 0)
    (-0.341849310085 0.0999523404882 0)
    (0.0054028339756 0.0863517789311 -0.03)
    (-0.331200067071 0.199082482627 -0.03)
    (0.0054028339756 0.0863517789311 0)
    (-0.331200067071 0.199082482627 0)
    (0.0121363187072 0.129106230504 -0.03)
    (-0.313820420793 0.296697982976 -0.03)
    (0.0121363187072 0.129106230504 0)
    (-0.313820420793 0.296697982976 0)
    (0.0215266586115 0.171356727354 -0.03)
    (-0.290170926628 0.392326299441 -0.03)
    (0.0215266586115 0.171356727354 0)
    (-0.290170926628 0.392326299441 0)
    (0.0335368632883 0.21293842528 -0.03)
    (-0.260749315531 0.485745355974 -0.03)
    (0.0335368632883 0.21293842528 0)
    (-0.260749315531 0.485745355974 0)
    (0.0480925340814 0.253699684508 -0.03)
    (-0.226022126457 0.576931625409 -0.03)
    (0.0480925340814 0.253699684508 0)
    (-0.226022126457 0.576931625409 0)
    (0.0635720177776 0.294125892192 -0.03)
    (-0.187412445576 0.663843258306 -0.03)
    (0.0635720177776 0.294125892192 0)
    (-0.187412445576 0.663843258306 0)
    (0.0790515014738 0.334552099876 -0.03)
    (-0.146716935407 0.744626359798 -0.03)
    (0.0790515014738 0.334552099876 0)
    (-0.146716935407 0.744626359798 0)
    (0.09453098517 0.37497830756 -0.03)
    (-0.105209953099 0.818927010282 -0.03)
    (0.09453098517 0.37497830756 0)
    (-0.105209953099 0.818927010282 0)
    (0.110010468866 0.415404515243 -0.03)
    (-0.0638795611196 0.886816973619 -0.03)
    (0.110010468866 0.415404515243 0)
    (-0.0638795611196 0.886816973619 0)
    (0.125489952562 0.455830722927 -0.03)
    (-0.0234319219237 0.948627316966 -0.03)
    (0.125489952562 0.455830722927 0)
    (-0.0234319219237 0.948627316966 0)
    (0.140969436259 0.496256930611 -0.03)
    (0.0156653334052 1.00482254856 -0.03)
    (0.140969436259 0.496256930611 0)
    (0.0156653334052 1.00482254856 0)
    (0.157281550912 0.536324535643 -0.03)
    (0.0543159814606 1.05749605622 -0.03)
    (0.157281550912 0.536324535643 0)
    (0.0543159814606 1.05749605622 0)
    (0.183981937986 0.57009934053 -0.03)
    (0.106812020462 1.12517291245 -0.03)
    (0.183981937986 0.57009934053 0)
    (0.106812020462 1.12517291245 0)
    (0.220885145536 0.592276081261 -0.03)
    (0.176739446295 1.20958256504 -0.03)
    (0.220885145536 0.592276081261 0)
    (0.176739446295 1.20958256504 0)
    (0.263240835032 0.6 -0.03)
    (0.263240835032 1.30666242585 -0.03)
    (0.263240835032 0.6 0)
    (0.263240835032 1.30666242585 0)
);

blocks
(
    hex (0 4 5 1 2 6 7 3) (4 48 1) simpleGrading (1 4 1)
    hex (4 8 9 5 6 10 11 7) (4 48 1) simpleGrading (1 4 1)
    hex (8 12 13 9 10 14 15 11) (4 48 1) simpleGrading (1 4 1)
    hex (12 16 17 13 14 18 19 15) (4 48 1) simpleGrading (1 4 1)
    hex (16 20 21 17 18 22 23 19) (4 48 1) simpleGrading (1 4 1)
    hex (20 24 25 21 22 26 27 23) (4 48 1) simpleGrading (1 4 1)
    hex (24 28 29 25 26 30 31 27) (4 48 1) simpleGrading (1 4 1)
    hex (28 32 33 29 30 34 35 31) (4 48 1) simpleGrading (1 4 1)
    hex (32 36 37 33 34 38 39 35) (4 48 1) simpleGrading (1 4 1)
    hex (36 40 41 37 38 42 43 39) (4 48 1) simpleGrading (1 4 1)
    hex (40 44 45 41 42 46 47 43) (4 48 1) simpleGrading (1 4 1)
    hex (44 48 49 45 46 50 51 47) (4 48 1) simpleGrading (1 4 1)
    hex (48 52 53 49 50 54 55 51) (4 48 1) simpleGrading (1 4 1)
    hex (52 56 57 53 54 58 59 55) (4 48 1) simpleGrading (1 4 1)
    hex (56 60 61 57 58 62 63 59) (4 48 1) simpleGrading (1 4 1)
    hex (60 64 65 61 62 66 67 63) (4 48 1) simpleGrading (1 4 1)
);

edges
(
    polyLine 0 4 ((5.95078327935e-07 0.000908032247664 -0.03) (2.38031228955e-06 0.00181606293539 -0.03) (5.35569881794e-06 0.00272409050325 -0.03) (9.52123280145e-06 0.00363211339131 -0.03) (1.48769070842e-05 0.00454013003966 -0.03) (2.14227124653e-05 0.00544813888837 -0.03) (2.91586376997e-05 0.00635613837757 -0.03) (3.80846694974e-05 0.00726412694736 -0.03) (4.82007925244e-05 0.00817210303789 -0.03) (5.95069894016e-05 0.00908006508931 -0.03) (7.2003240706e-05 0.00998801154182 -0.03) (8.56895249697e-05 0.0108959408356 -0.03) (0.000100565818681 0.011803851411 -0.03) (0.000116632096283 0.0127117417081 -0.03) (0.000133888330175 0.0136196101673 -0.03) (0.000152334490712 0.0145274552291 -0.03) (0.000171970546205 0.0154352753336 -0.03) (0.000192796462921 0.0163430689215 -0.03) (0.000214812205081 0.017250834433 -0.03) (0.000238017734866 0.0181585703089 -0.03) (0.000262413012408 0.0190662749896 -0.03) (0.000287997995799 0.0199739469157 -0.03) (0.000314772641085 0.0208815845281 -0.03) (0.00034273690227 0.0217891862673 -0.03) (0.000371890731313 0.0226967505742 -0.03) (0.00040223407813 0.0236042758896 -0.03) (0.000433766890592 0.0245117606546 -0.03) (0.000466489114529 0.0254192033101 -0.03) (0.000500400693726 0.0263266022971 -0.03) (0.000535501569925 0.0272339560569 -0.03) (0.000571791682827 0.0281412630307 -0.03) (0.000609270970085 0.0290485216597 -0.03) (0.000647939367315 0.0299557303854 -0.03) (0.000687796808086 0.0308628876492 -0.03) (0.000728843223926 0.0317699918928 -0.03) (0.000771078544321 0.0326770415577 -0.03) (0.000814502696712 0.0335840350857 -0.03) (0.0008591156065 0.0344909709188 -0.03) (0.000904917197043 0.0353978474987 -0.03) (0.000951907389658 0.0363046632676 -0.03) (0.00100008610362 0.0372114166676 -0.03) (0.00104945325616 0.038118106141 -0.03) (0.00110000876246 0.0390247301301 -0.03) (0.00115175253569 0.0399312870775 -0.03) (0.00120468448693 0.0408377754257 -0.03) (0.00125880452528 0.0417441936175 -0.03) (0.00131411255773 0.0426505400957 -0.03))
    polyLine 2 6 ((5.95078327935e-07 0.000908032247664 0) (2.38031228955e-06 0.00181606293539 0) (5.35569881794e-06 0.00272409050325 0) (9.52123280145e-06 0.00363211339131 0) (1.48769070842e-05 0.00454013003966 0) (2.14227124653e-05 0.00544813888837 0) (2.91586376997e-05 0.00635613837757 0) (3.80846694974e-05 0.00726412694736 0) (4.82007925244e-05 0.00817210303789 0) (5.95069894016e-05 0.00908006508931 0) (7.2003240706e-05 0.00998801154182 0) (8.56895249697e-05 0.0108959408356 0) (0.000100565818681 0.011803851411 0) (0.000116632096283 0.0127117417081 0) (0.000133888330175 0.0136196101673 0) (0.000152334490712 0.0145274552291 0) (0.000171970546205 0.0154352753336 0) (0.000192796462921 0.0163430689215 0) (0.000214812205081 0.017250834433 0) (0.000238017734866 0.0181585703089 0) (0.000262413012408 0.0190662749896 0) (0.000287997995799 0.0199739469157 0) (0.000314772641085 0.0208815845281 0) (0.00034273690227 0.0217891862673 0) (0.000371890731313 0.0226967505742 0) (0.00040223407813 0.0236042758896 0) (0.000433766890592 0.0245117606546 0) (0.000466489114529 0.0254192033101 0) (0.000500400693726 0.0263266022971 0) (0.000535501569925 0.0272339560569 0) (0.000571791682827 0.0281412630307 0) (0.000609270970085 0.0290485216597 0) (0.000647939367315 0.0299557303854 0) (0.000687796808086 0.0308628876492 0) (0.000728843223926 0.0317699918928 0) (0.000771078544321 0.0326770415577 0) (0.000814502696712 0.0335840350857 0) (0.0008591156065 0.0344909709188 0) (0.000904917197043 0.0353978474987 0) (0.000951907389658 0.0363046632676 0) (0.00100008610362 0.0372114166676 0) (0.00104945325616 0.038118106141 0) (0.00110000876246 0.0390247301301 0) (0.00115175253569 0.0399312870775 0) (0.00120468448693 0.0408377754257 0) (0.00125880452528 0.0417441936175 0) (0.00131411255773 0.0426505400957 0))
    polyLine 1 5 ((-0.345432812259 0.00415191749436 -0.03) (-0.34541422869 0.00830396784175 -0.03) (-0.345383253451 0.0124562839067 -0.03) (-0.345339882609 0.0166089985767 -0.03) (-0.345284110652 0.020762244774 -0.03) (-0.345215930495 0.0249161554665 -0.03) (-0.345135333473 0.0290708636801 -0.03) (-0.345042309344 0.0332265025096 -0.03) (-0.344936846281 0.0373832051305 -0.03) (-0.344818930876 0.0415411048105 -0.03) (-0.344688548133 0.0457003349212 -0.03) (-0.344545681465 0.0498610289495 -0.03) (-0.344390312694 0.0540233205092 -0.03) (-0.344222422042 0.058187343353 -0.03) (-0.344041988132 0.0623532313835 -0.03) (-0.34384898798 0.0665211186657 -0.03) (-0.343643396993 0.0706911394379 -0.03) (-0.34342518896 0.0748634281239 -0.03) (-0.343194336052 0.0790381193446 -0.03) (-0.342950808812 0.0832153479299 -0.03) (-0.342694576148 0.0873952489303 -0.03) (-0.342425605331 0.091577957629 -0.03) (-0.342143861987 0.0957636095536 -0.03))
    polyLine 3 7 ((-0.345432812259 0.00415191749436 0) (-0.34541422869 0.00830396784175 0) (-0.345383253451 0.0124562839067 0) (-0.345339882609 0.0166089985767 0) (-0.345284110652 0.020762244774 0) (-0.345215930495 0.0249161554665 0) (-0.345135333473 0.0290708636801 0) (-0.345042309344 0.0332265025096 0) (-0.344936846281 0.0373832051305 0) (-0.344818930876 0.0415411048105 0) (-0.344688548133 0.0457003349212 0) (-0.344545681465 0.0498610289495 0) (-0.344390312694 0.0540233205092 0) (-0.344222422042 0.058187343353 0) (-0.344041988132 0.0623532313835 0) (-0.34384898798 0.0665211186657 0) (-0.343643396993 0.0706911394379 0) (-0.34342518896 0.0748634281239 0) (-0.343194336052 0.0790381193446 0) (-0.342950808812 0.0832153479299 0) (-0.342694576148 0.0873952489303 0) (-0.342425605331 0.091577957629 0) (-0.342143861987 0.0957636095536 0))
    polyLine 4 8 ((0.0013706084893 0.0435568133032 -0.03) (0.0014282922229 0.0444630116831 -0.03) (0.00148716365946 0.0453691336787 -0.03) (0.00154722269783 0.0462751777332 -0.03) (0.00160846923483 0.0471811422903 -0.03) (0.00167090316526 0.0480870257934 -0.03) (0.00173452438184 0.0489928266864 -0.03) (0.00179933277529 0.0498985434131 -0.03) (0.00186532823426 0.0508041744176 -0.03) (0.00193251064539 0.0517097181441 -0.03) (0.00200087989325 0.0526151730369 -0.03) (0.0020704358604 0.0535205375405 -0.03) (0.00214117842734 0.0544258100995 -0.03) (0.00221310747254 0.0553309891588 -0.03) (0.00228622287243 0.0562360731633 -0.03) (0.00236052450141 0.0571410605581 -0.03) (0.00243601223183 0.0580459497886 -0.03) (0.002512685934 0.0589507393002 -0.03) (0.00259054547621 0.0598554275386 -0.03) (0.0026695907247 0.0607600129495 -0.03) (0.00274982154368 0.0616644939789 -0.03) (0.0028312377953 0.0625688690731 -0.03) (0.00291383933972 0.0634731366782 -0.03) (0.00299762603502 0.064377295241 -0.03) (0.00308259773726 0.065281343208 -0.03) (0.00316875430047 0.0661852790263 -0.03) (0.00325609557664 0.0670891011429 -0.03) (0.00334462141572 0.067992808005 -0.03) (0.00343433166563 0.0688963980603 -0.03) (0.00352522617225 0.0697998697564 -0.03) (0.00361730477943 0.0707032215411 -0.03) (0.003710567329 0.0716064518627 -0.03) (0.00380501366072 0.0725095591693 -0.03) (0.00390064361235 0.0734125419096 -0.03) (0.0039974570196 0.0743153985323 -0.03) (0.00409545371616 0.0752181274863 -0.03) (0.00419463353367 0.0761207272208 -0.03) (0.00429499630175 0.0770231961852 -0.03) (0.00439654184798 0.0779255328291 -0.03) (0.00449926999791 0.0788277356024 -0.03) (0.00460318057507 0.0797298029551 -0.03) (0.00470827340094 0.0806317333376 -0.03) (0.00481454829498 0.0815335252004 -0.03) (0.00492200507462 0.0824351769943 -0.03) (0.00503064355525 0.0833366871703 -0.03) (0.00514046355024 0.0842380541797 -0.03) (0.00525146487093 0.085139276474 -0.03) (0.00536364732663 0.0860403525049 -0.03))
    polyLine 6 10 ((0.0013706084893 0.0435568133032 0) (0.0014282922229 0.0444630116831 0) (0.00148716365946 0.0453691336787 0) (0.00154722269783 0.0462751777332 0) (0.00160846923483 0.0471811422903 0) (0.00167090316526 0.0480870257934 0) (0.00173452438184 0.0489928266864 0) (0.00179933277529 0.0498985434131 0) (0.00186532823426 0.0508041744176 0) (0.00193251064539 0.0517097181441 0) (0.00200087989325 0.0526151730369 0) (0.0020704358604 0.0535205375405 0) (0.00214117842734 0.0544258100995 0) (0.00221310747254 0.0553309891588 0) (0.00228622287243 0.0562360731633 0) (0.00236052450141 0.0571410605581 0) (0.00243601223183 0.0580459497886 0) (0.002512685934 0.0589507393002 0) (0.00259054547621 0.0598554275386 0) (0.0026695907247 0.0607600129495 0) (0.00274982154368 0.0616644939789 0) (0.0028312377953 0.0625688690731 0) (0.00291383933972 0.0634731366782 0) (0.00299762603502 0.064377295241 0) (0.00308259773726 0.065281343208 0) (0.00316875430047 0.0661852790263 0) (0.00325609557664 0.0670891011429 0) (0.00334462141572 0.067992808005 0) (0.00343433166563 0.0688963980603 0) (0.00352522617225 0.0697998697564 0) (0.00361730477943 0.0707032215411 0) (0.003710567329 0.0716064518627 0) (0.00380501366072 0.0725095591693 0) (0.00390064361235 0.0734125419096 0) (0.0039974570196 0.0743153985323 0) (0.00409545371616 0.0752181274863 0) (0.00419463353367 0.0761207272208 0) (0.00429499630175 0.0770231961852 0) (0.00439654184798 0.0779255328291 0) (0.00449926999791 0.0788277356024 0) (0.00460318057507 0.0797298029551 0) (0.00470827340094 0.0806317333376 0) (0.00481454829498 0.0815335252004 0) (0.00492200507462 0.0824351769943 0) (0.00503064355525 0.0833366871703 0) (0.00514046355024 0.0842380541797 0) (0.00525146487093 0.085139276474 0) (0.00536364732663 0.0860403525049 0))
    polyLine 5 9 ((-0.341550052778 0.104035447908 -0.03) (-0.341238571042 0.108121731656 -0.03) (-0.340914827015 0.112211317983 -0.03) (-0.340578781317 0.116304333412 -0.03) (-0.340230393044 0.120400904753 -0.03) (-0.339869619762 0.124501159108 -0.03) (-0.339496417492 0.128605223886 -0.03) (-0.339110740706 0.132713226813 -0.03) (-0.338712542319 0.136825295941 -0.03) (-0.338301773676 0.140941559661 -0.03) (-0.337878384543 0.145062146713 -0.03) (-0.337442323101 0.149187186198 -0.03) (-0.336993535929 0.153316807586 -0.03) (-0.336531967999 0.157451140733 -0.03) (-0.336057562662 0.161590315884 -0.03) (-0.335570261638 0.165734463692 -0.03) (-0.335070005004 0.169883715226 -0.03) (-0.33455673118 0.17403820198 -0.03) (-0.33403037692 0.178198055888 -0.03) (-0.333490877297 0.182363409336 -0.03) (-0.33293816569 0.18653439517 -0.03) (-0.332372173772 0.190711146711 -0.03) (-0.331792831493 0.194893797762 -0.03))
    polyLine 7 11 ((-0.341550052778 0.104035447908 0) (-0.341238571042 0.108121731656 0) (-0.340914827015 0.112211317983 0) (-0.340578781317 0.116304333412 0) (-0.340230393044 0.120400904753 0) (-0.339869619762 0.124501159108 0) (-0.339496417492 0.128605223886 0) (-0.339110740706 0.132713226813 0) (-0.338712542319 0.136825295941 0) (-0.338301773676 0.140941559661 0) (-0.337878384543 0.145062146713 0) (-0.337442323101 0.149187186198 0) (-0.336993535929 0.153316807586 0) (-0.336531967999 0.157451140733 0) (-0.336057562662 0.161590315884 0) (-0.335570261638 0.165734463692 0) (-0.335070005004 0.169883715226 0) (-0.33455673118 0.17403820198 0) (-0.33403037692 0.178198055888 0) (-0.333490877297 0.182363409336 0) (-0.33293816569 0.18653439517 0) (-0.332372173772 0.190711146711 0) (-0.331792831493 0.194893797762 0))
    polyLine 8 12 ((0.00547701072461 0.0869412807246 -0.03) (0.00559155487013 0.0878420595851 -0.03) (0.0057072795664 0.0887426875392 -0.03) (0.00582418461461 0.0896431630395 -0.03) (0.00594226981394 0.090543484539 -0.03) (0.00606153496152 0.0914436504912 -0.03) (0.00618197985247 0.0923436593496 -0.03) (0.00630360427985 0.093243509568 -0.03) (0.00642640803475 0.0941431996006 -0.03) (0.00655039090617 0.0950427279017 -0.03) (0.00667555268114 0.0959420929261 -0.03) (0.00680189314463 0.0968412931286 -0.03) (0.0069294120796 0.0977403269645 -0.03) (0.00705810926698 0.0986391928894 -0.03) (0.00718798448567 0.099537889359 -0.03) (0.00731903751256 0.100436414829 -0.03) (0.00745126812252 0.101334767757 -0.03) (0.00758467608837 0.102232946599 -0.03) (0.00771926118093 0.103130949811 -0.03) (0.00785502316899 0.104028775852 -0.03) (0.00799196181933 0.104926423179 -0.03) (0.0081300768967 0.105823890249 -0.03) (0.00826936816381 0.106721175521 -0.03) (0.00840983538138 0.107618277454 -0.03) (0.0085514783081 0.108515194506 -0.03) (0.00869429670063 0.109411925137 -0.03) (0.00883829031362 0.110308467805 -0.03) (0.0089834588997 0.111204820971 -0.03) (0.00912980220948 0.112100983095 -0.03) (0.00927731999155 0.112996952638 -0.03) (0.00942601199249 0.113892728059 -0.03) (0.00957587795685 0.114788307821 -0.03) (0.00972691762718 0.115683690384 -0.03) (0.009879130744 0.116578874211 -0.03) (0.0100325170458 0.117473857764 -0.03) (0.0101870762691 0.118368639504 -0.03) (0.0103428081484 0.119263217896 -0.03) (0.0104997124161 0.120157591402 -0.03) (0.0106577888027 0.121051758485 -0.03) (0.0108170370366 0.12194571761 -0.03) (0.0109774568443 0.122839467241 -0.03) (0.0111390479501 0.123733005842 -0.03) (0.0113018100764 0.124626331878 -0.03) (0.0114657429437 0.125519443815 -0.03) (0.0116308462703 0.126412340118 -0.03) (0.0117971197726 0.127305019254 -0.03) (0.0119645631649 0.128197479688 -0.03) (0.0121331761595 0.129089719889 -0.03))
    polyLine 10 14 ((0.00547701072461 0.0869412807246 0) (0.00559155487013 0.0878420595851 0) (0.0057072795664 0.0887426875392 0) (0.00582418461461 0.0896431630395 0) (0.00594226981394 0.090543484539 0) (0.00606153496152 0.0914436504912 0) (0.00618197985247 0.0923436593496 0) (0.00630360427985 0.093243509568 0) (0.00642640803475 0.0941431996006 0) (0.00655039090617 0.0950427279017 0) (0.00667555268114 0.0959420929261 0) (0.00680189314463 0.0968412931286 0) (0.0069294120796 0.0977403269645 0) (0.00705810926698 0.0986391928894 0) (0.00718798448567 0.099537889359 0) (0.00731903751256 0.100436414829 0) (0.00745126812252 0.101334767757 0) (0.00758467608837 0.102232946599 0) (0.00771926118093 0.103130949811 0) (0.00785502316899 0.104028775852 0) (0.00799196181933 0.104926423179 0) (0.0081300768967 0.105823890249 0) (0.00826936816381 0.106721175521 0) (0.00840983538138 0.107618277454 0) (0.0085514783081 0.108515194506 0) (0.00869429670063 0.109411925137 0) (0.00883829031362 0.110308467805 0) (0.0089834588997 0.111204820971 0) (0.00912980220948 0.112100983095 0) (0.00927731999155 0.112996952638 0) (0.00942601199249 0.113892728059 0) (0.00957587795685 0.114788307821 0) (0.00972691762718 0.115683690384 0) (0.009879130744 0.116578874211 0) (0.0100325170458 0.117473857764 0) (0.0101870762691 0.118368639504 0) (0.0103428081484 0.119263217896 0) (0.0104997124161 0.120157591402 0) (0.0106577888027 0.121051758485 0) (0.0108170370366 0.12194571761 0) (0.0109774568443 0.122839467241 0) (0.0111390479501 0.123733005842 0) (0.0113018100764 0.124626331878 0) (0.0114657429437 0.125519443815 0) (0.0116308462703 0.126412340118 0) (0.0117971197726 0.127305019254 0) (0.0119645631649 0.128197479688 0) (0.0121331761595 0.129089719889 0))
    polyLine 9 13 ((-0.330623466191 0.203074131502 -0.03) (-0.330034579749 0.207071482847 -0.03) (-0.329433341437 0.211074653704 -0.03) (-0.32881968348 0.215083761558 -0.03) (-0.328193536616 0.219098924353 -0.03) (-0.327554830089 0.223120260495 -0.03) (-0.326903491631 0.227147888868 -0.03) (-0.326239447452 0.231181928839 -0.03) (-0.325562622226 0.235222500268 -0.03) (-0.324872939074 0.239269723522 -0.03) (-0.324170319553 0.243323719482 -0.03) (-0.323454683641 0.247384609551 -0.03) (-0.322725949719 0.251452515669 -0.03) (-0.321984034558 0.25552756032 -0.03) (-0.321228853305 0.259609866542 -0.03) (-0.320460319462 0.26369955794 -0.03) (-0.319678344875 0.267796758694 -0.03) (-0.318882839713 0.271901593572 -0.03) (-0.318073712456 0.276014187936 -0.03) (-0.317250869872 0.28013466776 -0.03) (-0.316414217001 0.284263159634 -0.03) (-0.31556365714 0.288399790778 -0.03) (-0.314699091821 0.292544689054 -0.03))
    polyLine 11 15 ((-0.330623466191 0.203074131502 0) (-0.330034579749 0.207071482847 0) (-0.329433341437 0.211074653704 0) (-0.32881968348 0.215083761558 0) (-0.328193536616 0.219098924353 0) (-0.327554830089 0.223120260495 0) (-0.326903491631 0.227147888868 0) (-0.326239447452 0.231181928839 0) (-0.325562622226 0.235222500268 0) (-0.324872939074 0.239269723522 0) (-0.324170319553 0.243323719482 0) (-0.323454683641 0.247384609551 0) (-0.322725949719 0.251452515669 0) (-0.321984034558 0.25552756032 0) (-0.321228853305 0.259609866542 0) (-0.320460319462 0.26369955794 0) (-0.319678344875 0.267796758694 0) (-0.318882839713 0.271901593572 0) (-0.318073712456 0.276014187936 0) (-0.317250869872 0.28013466776 0) (-0.316414217001 0.284263159634 0) (-0.31556365714 0.288399790778 0) (-0.314699091821 0.292544689054 0))
    polyLine 12 16 ((0.0123029584669 0.129981738322 -0.03) (0.0124739097953 0.130873533455 -0.03) (0.0126460298511 0.131765103757 -0.03) (0.0128193183385 0.132656447696 -0.03) (0.0129937749599 0.13354756374 -0.03) (0.0131693994155 0.134438450359 -0.03) (0.0133461914037 0.135329106022 -0.03) (0.0135241506207 0.136219529199 -0.03) (0.0137032767608 0.13710971836 -0.03) (0.0138835695163 0.137999671976 -0.03) (0.0140650285774 0.138889388519 -0.03) (0.0142476536325 0.139778866459 -0.03) (0.0144314443677 0.140668104269 -0.03) (0.0146164004674 0.141557100421 -0.03) (0.0148025216138 0.142445853388 -0.03) (0.0149898074871 0.143334361642 -0.03) (0.0151782577657 0.144222623658 -0.03) (0.0153678721257 0.14511063791 -0.03) (0.0155586502415 0.145998402872 -0.03) (0.0157505917852 0.146885917019 -0.03) (0.0159436964272 0.147773178826 -0.03) (0.0161379638356 0.148660186769 -0.03) (0.0163333936768 0.149546939324 -0.03) (0.0165299856151 0.150433434968 -0.03) (0.0167277393126 0.151319672178 -0.03) (0.0169266544297 0.152205649431 -0.03) (0.0171267306247 0.153091365205 -0.03) (0.0173279675538 0.15397681798 -0.03) (0.0175303648712 0.154862006232 -0.03) (0.0177339222294 0.155746928443 -0.03) (0.0179386392787 0.156631583091 -0.03) (0.0181445156672 0.157515968657 -0.03) (0.0183515510414 0.158400083622 -0.03) (0.0185597450456 0.159283926466 -0.03) (0.018769097322 0.160167495672 -0.03) (0.0189796075111 0.161050789721 -0.03) (0.0191912752513 0.161933807096 -0.03) (0.0194041001788 0.16281654628 -0.03) (0.0196180819281 0.163699005757 -0.03) (0.0198332201315 0.16458118401 -0.03) (0.0200495144195 0.165463079524 -0.03) (0.0202669644205 0.166344690784 -0.03) (0.020485569761 0.167226016276 -0.03) (0.0207053300653 0.168107054485 -0.03) (0.0209262449559 0.168987803898 -0.03) (0.0211483140534 0.169868263001 -0.03) (0.0213715369762 0.170748430283 -0.03))
    polyLine 14 18 ((0.0123029584669 0.129981738322 0) (0.0124739097953 0.130873533455 0) (0.0126460298511 0.131765103757 0) (0.0128193183385 0.132656447696 0) (0.0129937749599 0.13354756374 0) (0.0131693994155 0.134438450359 0) (0.0133461914037 0.135329106022 0) (0.0135241506207 0.136219529199 0) (0.0137032767608 0.13710971836 0) (0.0138835695163 0.137999671976 0) (0.0140650285774 0.138889388519 0) (0.0142476536325 0.139778866459 0) (0.0144314443677 0.140668104269 0) (0.0146164004674 0.141557100421 0) (0.0148025216138 0.142445853388 0) (0.0149898074871 0.143334361642 0) (0.0151782577657 0.144222623658 0) (0.0153678721257 0.14511063791 0) (0.0155586502415 0.145998402872 0) (0.0157505917852 0.146885917019 0) (0.0159436964272 0.147773178826 0) (0.0161379638356 0.148660186769 0) (0.0163333936768 0.149546939324 0) (0.0165299856151 0.150433434968 0) (0.0167277393126 0.151319672178 0) (0.0169266544297 0.152205649431 0) (0.0171267306247 0.153091365205 0) (0.0173279675538 0.15397681798 0) (0.0175303648712 0.154862006232 0) (0.0177339222294 0.155746928443 0) (0.0179386392787 0.156631583091 0) (0.0181445156672 0.157515968657 0) (0.0183515510414 0.158400083622 0) (0.0185597450456 0.159283926466 0) (0.018769097322 0.160167495672 0) (0.0189796075111 0.161050789721 0) (0.0191912752513 0.161933807096 0) (0.0194041001788 0.16281654628 0) (0.0196180819281 0.163699005757 0) (0.0198332201315 0.16458118401 0) (0.0200495144195 0.165463079524 0) (0.0202669644205 0.166344690784 0) (0.020485569761 0.167226016276 0) (0.0207053300653 0.168107054485 0) (0.0209262449559 0.168987803898 0) (0.0211483140534 0.169868263001 0) (0.0213715369762 0.170748430283 0))
    polyLine 13 17 ((-0.312986565936 0.300586459576 -0.03) (-0.312140221964 0.304482484893 -0.03) (-0.311281302783 0.308386165363 -0.03) (-0.310409720881 0.312297607952 -0.03) (-0.309525387318 0.316216920165 -0.03) (-0.308628211702 0.320144210056 -0.03) (-0.307718102182 0.324079586233 -0.03) (-0.306794965425 0.328023157871 -0.03) (-0.305858706608 0.331975034716 -0.03) (-0.304909229395 0.335935327099 -0.03) (-0.303946435923 0.339904145939 -0.03) (-0.302970226786 0.343881602757 -0.03) (-0.301980501016 0.347867809681 -0.03) (-0.300977156068 0.351862879461 -0.03) (-0.2999600878 0.355866925469 -0.03) (-0.298929190456 0.359880061718 -0.03) (-0.297884356647 0.363902402866 -0.03) (-0.296825477332 0.367934064226 -0.03) (-0.295752441802 0.371975161775 -0.03) (-0.294665137655 0.376025812169 -0.03) (-0.293563450782 0.380086132745 -0.03) (-0.292447265342 0.384156241538 -0.03) (-0.291316463744 0.388236257285 -0.03))
    polyLine 15 19 ((-0.312986565936 0.300586459576 0) (-0.312140221964 0.304482484893 0) (-0.311281302783 0.308386165363 0) (-0.310409720881 0.312297607952 0) (-0.309525387318 0.316216920165 0) (-0.308628211702 0.320144210056 0) (-0.307718102182 0.324079586233 0) (-0.306794965425 0.328023157871 0) (-0.305858706608 0.331975034716 0) (-0.304909229395 0.335935327099 0) (-0.303946435923 0.339904145939 0) (-0.302970226786 0.343881602757 0) (-0.301980501016 0.347867809681 0) (-0.300977156068 0.351862879461 0) (-0.2999600878 0.355866925469 0) (-0.298929190456 0.359880061718 0) (-0.297884356647 0.363902402866 0) (-0.296825477332 0.367934064226 0) (-0.295752441802 0.371975161775 0) (-0.294665137655 0.376025812169 0) (-0.293563450782 0.380086132745 0) (-0.292447265342 0.384156241538 0) (-0.291316463744 0.388236257285 0))
    polyLine 16 20 ((0.0215959133408 0.17162830423 -0.03) (0.0218214427618 0.172507883333 -0.03) (0.0220481248518 0.173387166078 -0.03) (0.0222759592213 0.174266150957 -0.03) (0.0225049454789 0.175144836459 -0.03) (0.0227350832312 0.176023221074 -0.03) (0.0229663720829 0.176901303293 -0.03) (0.0231988116366 0.177779081608 -0.03) (0.0234324014931 0.178656554512 -0.03) (0.0236671412509 0.179533720495 -0.03) (0.0239030305069 0.180410578053 -0.03) (0.0241400688559 0.181287125677 -0.03) (0.0243782558905 0.182163361863 -0.03) (0.0246175912017 0.183039285105 -0.03) (0.0248580743782 0.183914893898 -0.03) (0.0250997050069 0.184790186738 -0.03) (0.0253424826727 0.185665162122 -0.03) (0.0255864069586 0.186539818546 -0.03) (0.0258314774454 0.187414154507 -0.03) (0.0260776937123 0.188288168504 -0.03) (0.0263250553361 0.189161859035 -0.03) (0.026573561892 0.190035224599 -0.03) (0.026823212953 0.190908263696 -0.03) (0.0270740080903 0.191780974826 -0.03) (0.0273259468729 0.192653356489 -0.03) (0.0275790288682 0.193525407188 -0.03) (0.0278332536412 0.194397125423 -0.03) (0.0280886207554 0.195268509698 -0.03) (0.0283451297718 0.196139558514 -0.03) (0.02860278025 0.197010270377 -0.03) (0.0288615717473 0.19788064379 -0.03) (0.029121503819 0.198750677258 -0.03) (0.0293825760187 0.199620369286 -0.03) (0.0296447878979 0.20048971838 -0.03) (0.029908139006 0.201358723047 -0.03) (0.0301726288906 0.202227381793 -0.03) (0.0304382570975 0.203095693127 -0.03) (0.0307050231702 0.203963655557 -0.03) (0.0309729266505 0.204831267591 -0.03) (0.0312419670781 0.20569852774 -0.03) (0.0315121439908 0.206565434512 -0.03) (0.0317834569245 0.20743198642 -0.03) (0.0320559054132 0.208298181974 -0.03) (0.0323294889886 0.209164019687 -0.03) (0.0326042071809 0.21002949807 -0.03) (0.0328800595182 0.210894615637 -0.03) (0.0331570455264 0.211759370902 -0.03) (0.0334351647298 0.212623762379 -0.03))
    polyLine 18 22 ((0.0215959133408 0.17162830423 0) (0.0218214427618 0.172507883333 0) (0.0220481248518 0.173387166078 0) (0.0222759592213 0.174266150957 0) (0.0225049454789 0.175144836459 0) (0.0227350832312 0.176023221074 0) (0.0229663720829 0.176901303293 0) (0.0231988116366 0.177779081608 0) (0.0234324014931 0.178656554512 0) (0.0236671412509 0.179533720495 0) (0.0239030305069 0.180410578053 0) (0.0241400688559 0.181287125677 0) (0.0243782558905 0.182163361863 0) (0.0246175912017 0.183039285105 0) (0.0248580743782 0.183914893898 0) (0.0250997050069 0.184790186738 0) (0.0253424826727 0.185665162122 0) (0.0255864069586 0.186539818546 0) (0.0258314774454 0.187414154507 0) (0.0260776937123 0.188288168504 0) (0.0263250553361 0.189161859035 0) (0.026573561892 0.190035224599 0) (0.026823212953 0.190908263696 0) (0.0270740080903 0.191780974826 0) (0.0273259468729 0.192653356489 0) (0.0275790288682 0.193525407188 0) (0.0278332536412 0.194397125423 0) (0.0280886207554 0.195268509698 0) (0.0283451297718 0.196139558514 0) (0.02860278025 0.197010270377 0) (0.0288615717473 0.19788064379 0) (0.029121503819 0.198750677258 0) (0.0293825760187 0.199620369286 0) (0.0296447878979 0.20048971838 0) (0.029908139006 0.201358723047 0) (0.0301726288906 0.202227381793 0) (0.0304382570975 0.203095693127 0) (0.0307050231702 0.203963655557 0) (0.0309729266505 0.204831267591 0) (0.0312419670781 0.20569852774 0) (0.0315121439908 0.206565434512 0) (0.0317834569245 0.20743198642 0) (0.0320559054132 0.208298181974 0) (0.0323294889886 0.209164019687 0) (0.0326042071809 0.21002949807 0) (0.0328800595182 0.210894615637 0) (0.0331570455264 0.211759370902 0) (0.0334351647298 0.212623762379 0))
    polyLine 17 21 ((-0.28910053977 0.396109967483 -0.03) (-0.288017402456 0.399902372693 -0.03) (-0.286921416751 0.403703610634 -0.03) (-0.285812483373 0.407513777419 -0.03) (-0.284690501683 0.411332969715 -0.03) (-0.283555369662 0.415161284753 -0.03) (-0.282406983901 0.418998820335 -0.03) (-0.281245239581 0.422845674837 -0.03) (-0.280070030462 0.426701947223 -0.03) (-0.278881248861 0.430567737048 -0.03) (-0.277678785637 0.43444314447 -0.03) (-0.276462530176 0.438328270254 -0.03) (-0.275232370371 0.442223215779 -0.03) (-0.273988192606 0.446128083052 -0.03) (-0.272729881738 0.450042974709 -0.03) (-0.271457321077 0.453967994031 -0.03) (-0.270170392369 0.457903244943 -0.03) (-0.268868975779 0.461848832031 -0.03) (-0.267552949868 0.465804860544 -0.03) (-0.266222191576 0.469771436408 -0.03) (-0.264876576202 0.473748666232 -0.03) (-0.263515977383 0.477736657314 -0.03) (-0.262140267075 0.481735517658 -0.03))
    polyLine 19 23 ((-0.28910053977 0.396109967483 0) (-0.288017402456 0.399902372693 0) (-0.286921416751 0.403703610634 0) (-0.285812483373 0.407513777419 0) (-0.284690501683 0.411332969715 0) (-0.283555369662 0.415161284753 0) (-0.282406983901 0.418998820335 0) (-0.281245239581 0.422845674837 0) (-0.280070030462 0.426701947223 0) (-0.278881248861 0.430567737048 0) (-0.277678785637 0.43444314447 0) (-0.276462530176 0.438328270254 0) (-0.275232370371 0.442223215779 0) (-0.273988192606 0.446128083052 0) (-0.272729881738 0.450042974709 0) (-0.271457321077 0.453967994031 0) (-0.270170392369 0.457903244943 0) (-0.268868975779 0.461848832031 0) (-0.267552949868 0.465804860544 0) (-0.266222191576 0.469771436408 0) (-0.264876576202 0.473748666232 0) (-0.263515977383 0.477736657314 0) (-0.262140267075 0.481735517658 0))
    polyLine 20 24 ((0.0337144166505 0.213487788583 -0.03) (0.0339948008089 0.21435144803 -0.03) (0.0342763167233 0.215214739237 -0.03) (0.03455896391 0.216077660719 -0.03) (0.0348427418835 0.216940210995 -0.03) (0.0351276501562 0.217802388583 -0.03) (0.0354136882387 0.218664192002 -0.03) (0.0357008556396 0.21952561977 -0.03) (0.0359891518656 0.220386670409 -0.03) (0.0362785764214 0.221247342439 -0.03) (0.0365691288098 0.222107634382 -0.03) (0.0368608085317 0.222967544759 -0.03) (0.0371536150859 0.223827072094 -0.03) (0.0374475479694 0.224686214909 -0.03) (0.0377426066773 0.225544971729 -0.03) (0.0380387907028 0.226403341078 -0.03) (0.0383360995368 0.227261321483 -0.03) (0.0386345326688 0.228118911468 -0.03) (0.038934089586 0.22897610956 -0.03) (0.0392347697738 0.229832914288 -0.03) (0.0395365727157 0.230689324179 -0.03) (0.0398394978932 0.231545337762 -0.03) (0.0401435447858 0.232400953566 -0.03) (0.0404487128713 0.233256170121 -0.03) (0.0407550016253 0.234110985959 -0.03) (0.0410624105218 0.23496539961 -0.03) (0.0413709390326 0.235819409607 -0.03) (0.0416805866276 0.236673014483 -0.03) (0.041991352775 0.23752621277 -0.03) (0.0423032369408 0.238379003005 -0.03) (0.0426162385892 0.239231383721 -0.03) (0.0429303571826 0.240083353454 -0.03) (0.0432455921812 0.240934910741 -0.03) (0.0435619430436 0.241786054118 -0.03) (0.0438794092263 0.242636782124 -0.03) (0.0441979901839 0.243487093297 -0.03) (0.0445176853691 0.244336986175 -0.03) (0.0448384942326 0.2451864593 -0.03) (0.0451604162234 0.246035511212 -0.03) (0.0454834507884 0.246884140452 -0.03) (0.0458075973727 0.247732345562 -0.03) (0.0461318058296 0.248579048118 -0.03) (0.0464560142866 0.249425750674 -0.03) (0.0467802227435 0.25027245323 -0.03) (0.0471044312005 0.251119155787 -0.03) (0.0474286396574 0.251965858343 -0.03) (0.0477528481144 0.252812560899 -0.03) (0.0480770565713 0.253659263455 -0.03))
    polyLine 22 26 ((0.0337144166505 0.213487788583 0) (0.0339948008089 0.21435144803 0) (0.0342763167233 0.215214739237 0) (0.03455896391 0.216077660719 0) (0.0348427418835 0.216940210995 0) (0.0351276501562 0.217802388583 0) (0.0354136882387 0.218664192002 0) (0.0357008556396 0.21952561977 0) (0.0359891518656 0.220386670409 0) (0.0362785764214 0.221247342439 0) (0.0365691288098 0.222107634382 0) (0.0368608085317 0.222967544759 0) (0.0371536150859 0.223827072094 0) (0.0374475479694 0.224686214909 0) (0.0377426066773 0.225544971729 0) (0.0380387907028 0.226403341078 0) (0.0383360995368 0.227261321483 0) (0.0386345326688 0.228118911468 0) (0.038934089586 0.22897610956 0) (0.0392347697738 0.229832914288 0) (0.0395365727157 0.230689324179 0) (0.0398394978932 0.231545337762 0) (0.0401435447858 0.232400953566 0) (0.0404487128713 0.233256170121 0) (0.0407550016253 0.234110985959 0) (0.0410624105218 0.23496539961 0) (0.0413709390326 0.235819409607 0) (0.0416805866276 0.236673014483 0) (0.041991352775 0.23752621277 0) (0.0423032369408 0.238379003005 0) (0.0426162385892 0.239231383721 0) (0.0429303571826 0.240083353454 0) (0.0432455921812 0.240934910741 0) (0.0435619430436 0.241786054118 0) (0.0438794092263 0.242636782124 0) (0.0441979901839 0.243487093297 0) (0.0445176853691 0.244336986175 0) (0.0448384942326 0.2451864593 0) (0.0451604162234 0.246035511212 0) (0.0454834507884 0.246884140452 0) (0.0458075973727 0.247732345562 0) (0.0461318058296 0.248579048118 0) (0.0464560142866 0.249425750674 0) (0.0467802227435 0.25027245323 0) (0.0471044312005 0.251119155787 0) (0.0474286396574 0.251965858343 0) (0.0477528481144 0.252812560899 0) (0.0480770565713 0.253659263455 0))
    polyLine 21 25 ((-0.259461286805 0.489429321054 -0.03) (-0.258160248524 0.493122679994 -0.03) (-0.256846097012 0.49682551804 -0.03) (-0.255518727334 0.500537920964 -0.03) (-0.254178033283 0.50425997507 -0.03) (-0.252823907362 0.507991767201 -0.03) (-0.251456240775 0.511733384744 -0.03) (-0.250074923403 0.515484915639 -0.03) (-0.248679843797 0.519246448381 -0.03) (-0.247270889159 0.523018072033 -0.03) (-0.245847945324 0.526799876227 -0.03) (-0.244410896747 0.530591951172 -0.03) (-0.242959626486 0.534394387664 -0.03) (-0.241494016182 0.53820727709 -0.03) (-0.240013946049 0.542030711436 -0.03) (-0.238519294849 0.545864783294 -0.03) (-0.23700993988 0.549709585868 -0.03) (-0.235485756958 0.553565212985 -0.03) (-0.233946620393 0.557431759098 -0.03) (-0.232392402979 0.561309319297 -0.03) (-0.230822975972 0.565197989314 -0.03) (-0.229238209067 0.569097865532 -0.03) (-0.227637970387 0.573009044995 -0.03))
    polyLine 23 27 ((-0.259461286805 0.489429321054 0) (-0.258160248524 0.493122679994 0) (-0.256846097012 0.49682551804 0) (-0.255518727334 0.500537920964 0) (-0.254178033283 0.50425997507 0) (-0.252823907362 0.507991767201 0) (-0.251456240775 0.511733384744 0) (-0.250074923403 0.515484915639 0) (-0.248679843797 0.519246448381 0) (-0.247270889159 0.523018072033 0) (-0.245847945324 0.526799876227 0) (-0.244410896747 0.530591951172 0) (-0.242959626486 0.534394387664 0) (-0.241494016182 0.53820727709 0) (-0.240013946049 0.542030711436 0) (-0.238519294849 0.545864783294 0) (-0.23700993988 0.549709585868 0) (-0.235485756958 0.553565212985 0) (-0.233946620393 0.557431759098 0) (-0.232392402979 0.561309319297 0) (-0.230822975972 0.565197989314 0) (-0.229238209067 0.569097865532 0) (-0.227637970387 0.573009044995 0))
    polyLine 24 28 ((0.0484012650282 0.254505966011 -0.03) (0.0487254734852 0.255352668567 -0.03) (0.0490496819421 0.256199371123 -0.03) (0.0493738903991 0.25704607368 -0.03) (0.049698098856 0.257892776236 -0.03) (0.050022307313 0.258739478792 -0.03) (0.0503465157699 0.259586181348 -0.03) (0.0506707242269 0.260432883904 -0.03) (0.0509949326838 0.26127958646 -0.03) (0.0513191411407 0.262126289016 -0.03) (0.0516433495977 0.262972991572 -0.03) (0.0519675580546 0.263819694129 -0.03) (0.0522917665116 0.264666396685 -0.03) (0.0526159749685 0.265513099241 -0.03) (0.0529401834255 0.266359801797 -0.03) (0.0532643918824 0.267206504353 -0.03) (0.0535886003394 0.268053206909 -0.03) (0.0539128087963 0.268899909465 -0.03) (0.0542370172532 0.269746612022 -0.03) (0.0545612257102 0.270593314578 -0.03) (0.0548854341671 0.271440017134 -0.03) (0.0552096426241 0.27228671969 -0.03) (0.055533851081 0.273133422246 -0.03) (0.055858059538 0.273980124802 -0.03) (0.0561822679949 0.274826827358 -0.03) (0.0565064764519 0.275673529915 -0.03) (0.0568306849088 0.276520232471 -0.03) (0.0571548933657 0.277366935027 -0.03) (0.0574791018227 0.278213637583 -0.03) (0.0578033102796 0.279060340139 -0.03) (0.0581275187366 0.279907042695 -0.03) (0.0584517271935 0.280753745251 -0.03) (0.0587759356505 0.281600447808 -0.03) (0.0591001441074 0.282447150364 -0.03) (0.0594243525644 0.28329385292 -0.03) (0.0597485610213 0.284140555476 -0.03) (0.0600727694782 0.284987258032 -0.03) (0.0603969779352 0.285833960588 -0.03) (0.0607211863921 0.286680663144 -0.03) (0.0610453948491 0.2875273657 -0.03) (0.061369603306 0.288374068257 -0.03) (0.061693811763 0.289220770813 -0.03) (0.0620180202199 0.290067473369 -0.03) (0.0623422286769 0.290914175925 -0.03) (0.0626664371338 0.291760878481 -0.03) (0.0629906455907 0.292607581037 -0.03) (0.0633148540477 0.293454283593 -0.03))
    polyLine 26 30 ((0.0484012650282 0.254505966011 0) (0.0487254734852 0.255352668567 0) (0.0490496819421 0.256199371123 0) (0.0493738903991 0.25704607368 0) (0.049698098856 0.257892776236 0) (0.050022307313 0.258739478792 0) (0.0503465157699 0.259586181348 0) (0.0506707242269 0.260432883904 0) (0.0509949326838 0.26127958646 0) (0.0513191411407 0.262126289016 0) (0.0516433495977 0.262972991572 0) (0.0519675580546 0.263819694129 0) (0.0522917665116 0.264666396685 0) (0.0526159749685 0.265513099241 0) (0.0529401834255 0.266359801797 0) (0.0532643918824 0.267206504353 0) (0.0535886003394 0.268053206909 0) (0.0539128087963 0.268899909465 0) (0.0542370172532 0.269746612022 0) (0.0545612257102 0.270593314578 0) (0.0548854341671 0.271440017134 0) (0.0552096426241 0.27228671969 0) (0.055533851081 0.273133422246 0) (0.055858059538 0.273980124802 0) (0.0561822679949 0.274826827358 0) (0.0565064764519 0.275673529915 0) (0.0568306849088 0.276520232471 0) (0.0571548933657 0.277366935027 0) (0.0574791018227 0.278213637583 0) (0.0578033102796 0.279060340139 0) (0.0581275187366 0.279907042695 0) (0.0584517271935 0.280753745251 0) (0.0587759356505 0.281600447808 0) (0.0591001441074 0.282447150364 0) (0.0594243525644 0.28329385292 0) (0.0597485610213 0.284140555476 0) (0.0600727694782 0.284987258032 0) (0.0603969779352 0.285833960588 0) (0.0607211863921 0.286680663144 0) (0.0610453948491 0.2875273657 0) (0.061369603306 0.288374068257 0) (0.061693811763 0.289220770813 0) (0.0620180202199 0.290067473369 0) (0.0623422286769 0.290914175925 0) (0.0626664371338 0.291760878481 0) (0.0629906455907 0.292607581037 0) (0.0633148540477 0.293454283593 0))
    polyLine 25 29 ((-0.22456732887 0.580440716715 -0.03) (-0.223099907069 0.58395903027 -0.03) (-0.221619762993 0.587486636821 -0.03) (-0.220126797523 0.591023607559 -0.03) (-0.218620910469 0.594570014121 -0.03) (-0.217102000556 0.598125928594 -0.03) (-0.215569965417 0.601691423525 -0.03) (-0.214024701576 0.605266571918 -0.03) (-0.212466104435 0.608851447245 -0.03) (-0.210894068267 0.612446123451 -0.03) (-0.209308486195 0.616050674957 -0.03) (-0.207709250187 0.619665176663 -0.03) (-0.206096251037 0.623289703959 -0.03) (-0.204469378354 0.626924332726 -0.03) (-0.202828520547 0.630569139345 -0.03) (-0.201173564814 0.634224200696 -0.03) (-0.199504397123 0.637889594172 -0.03) (-0.197820902203 0.641565397677 -0.03) (-0.196122963527 0.645251689638 -0.03) (-0.194410463298 0.648948549006 -0.03) (-0.19268328243 0.652656055264 -0.03) (-0.190941300543 0.656374288432 -0.03) (-0.189184395935 0.660103329075 -0.03))
    polyLine 27 31 ((-0.22456732887 0.580440716715 0) (-0.223099907069 0.58395903027 0) (-0.221619762993 0.587486636821 0) (-0.220126797523 0.591023607559 0) (-0.218620910469 0.594570014121 0) (-0.217102000556 0.598125928594 0) (-0.215569965417 0.601691423525 0) (-0.214024701576 0.605266571918 0) (-0.212466104435 0.608851447245 0) (-0.210894068267 0.612446123451 0) (-0.209308486195 0.616050674957 0) (-0.207709250187 0.619665176663 0) (-0.206096251037 0.623289703959 0) (-0.204469378354 0.626924332726 0) (-0.202828520547 0.630569139345 0) (-0.201173564814 0.634224200696 0) (-0.199504397123 0.637889594172 0) (-0.197820902203 0.641565397677 0) (-0.196122963527 0.645251689638 0) (-0.194410463298 0.648948549006 0) (-0.19268328243 0.652656055264 0) (-0.190941300543 0.656374288432 0) (-0.189184395935 0.660103329075 0))
    polyLine 28 32 ((0.0636390625046 0.29430098615 -0.03) (0.0639632709616 0.295147688706 -0.03) (0.0642874794185 0.295994391262 -0.03) (0.0646116878755 0.296841093818 -0.03) (0.0649358963324 0.297687796374 -0.03) (0.0652601047894 0.29853449893 -0.03) (0.0655843132463 0.299381201486 -0.03) (0.0659085217032 0.300227904043 -0.03) (0.0662327301602 0.301074606599 -0.03) (0.0665569386171 0.301921309155 -0.03) (0.0668811470741 0.302768011711 -0.03) (0.067205355531 0.303614714267 -0.03) (0.067529563988 0.304461416823 -0.03) (0.0678537724449 0.305308119379 -0.03) (0.0681779809019 0.306154821936 -0.03) (0.0685021893588 0.307001524492 -0.03) (0.0688263978157 0.307848227048 -0.03) (0.0691506062727 0.308694929604 -0.03) (0.0694748147296 0.30954163216 -0.03) (0.0697990231866 0.310388334716 -0.03) (0.0701232316435 0.311235037272 -0.03) (0.0704474401005 0.312081739829 -0.03) (0.0707716485574 0.312928442385 -0.03) (0.0710958570144 0.313775144941 -0.03) (0.0714200654713 0.314621847497 -0.03) (0.0717442739282 0.315468550053 -0.03) (0.0720684823852 0.316315252609 -0.03) (0.0723926908421 0.317161955165 -0.03) (0.0727168992991 0.318008657721 -0.03) (0.073041107756 0.318855360278 -0.03) (0.073365316213 0.319702062834 -0.03) (0.0736895246699 0.32054876539 -0.03) (0.0740137331269 0.321395467946 -0.03) (0.0743379415838 0.322242170502 -0.03) (0.0746621500407 0.323088873058 -0.03) (0.0749863584977 0.323935575614 -0.03) (0.0753105669546 0.324782278171 -0.03) (0.0756347754116 0.325628980727 -0.03) (0.0759589838685 0.326475683283 -0.03) (0.0762831923255 0.327322385839 -0.03) (0.0766074007824 0.328169088395 -0.03) (0.0769316092394 0.329015790951 -0.03) (0.0772558176963 0.329862493507 -0.03) (0.0775800261532 0.330709196064 -0.03) (0.0779042346102 0.33155589862 -0.03) (0.0782284430671 0.332402601176 -0.03) (0.0785526515241 0.333249303732 -0.03) (0.078876859981 0.334096006288 -0.03))
    polyLine 30 34 ((0.0636390625046 0.29430098615 0) (0.0639632709616 0.295147688706 0) (0.0642874794185 0.295994391262 0) (0.0646116878755 0.296841093818 0) (0.0649358963324 0.297687796374 0) (0.0652601047894 0.29853449893 0) (0.0655843132463 0.299381201486 0) (0.0659085217032 0.300227904043 0) (0.0662327301602 0.301074606599 0) (0.0665569386171 0.301921309155 0) (0.0668811470741 0.302768011711 0) (0.067205355531 0.303614714267 0) (0.067529563988 0.304461416823 0) (0.0678537724449 0.305308119379 0) (0.0681779809019 0.306154821936 0) (0.0685021893588 0.307001524492 0) (0.0688263978157 0.307848227048 0) (0.0691506062727 0.308694929604 0) (0.0694748147296 0.30954163216 0) (0.0697990231866 0.310388334716 0) (0.0701232316435 0.311235037272 0) (0.0704474401005 0.312081739829 0) (0.0707716485574 0.312928442385 0) (0.0710958570144 0.313775144941 0) (0.0714200654713 0.314621847497 0) (0.0717442739282 0.315468550053 0) (0.0720684823852 0.316315252609 0) (0.0723926908421 0.317161955165 0) (0.0727168992991 0.318008657721 0) (0.073041107756 0.318855360278 0) (0.073365316213 0.319702062834 0) (0.0736895246699 0.32054876539 0) (0.0740137331269 0.321395467946 0) (0.0743379415838 0.322242170502 0) (0.0746621500407 0.323088873058 0) (0.0749863584977 0.323935575614 0) (0.0753105669546 0.324782278171 0) (0.0756347754116 0.325628980727 0) (0.0759589838685 0.326475683283 0) (0.0762831923255 0.327322385839 0) (0.0766074007824 0.328169088395 0) (0.0769316092394 0.329015790951 0) (0.0772558176963 0.329862493507 0) (0.0775800261532 0.330709196064 0) (0.0779042346102 0.33155589862 0) (0.0782284430671 0.332402601176 0) (0.0785526515241 0.333249303732 0) (0.078876859981 0.334096006288 0))
    polyLine 29 33 ((-0.185857413683 0.667108220227 -0.03) (-0.184290800431 0.670381551476 -0.03) (-0.182712522113 0.67366330662 -0.03) (-0.181122494219 0.676953540553 -0.03) (-0.179520631436 0.680252308503 -0.03) (-0.17790684763 0.683559666032 -0.03) (-0.176281055846 0.686875669043 -0.03) (-0.174643168294 0.690200373779 -0.03) (-0.172993096341 0.69353383683 -0.03) (-0.171330750504 0.696876115136 -0.03) (-0.169656040441 0.700227265987 -0.03) (-0.167968874937 0.70358734703 -0.03) (-0.166269161903 0.706956416272 -0.03) (-0.16455680836 0.710334532083 -0.03) (-0.16283172043 0.7137217532 -0.03) (-0.161093803333 0.717118138729 -0.03) (-0.159342961367 0.720523748151 -0.03) (-0.157579097906 0.723938641324 -0.03) (-0.155802115389 0.727362878489 -0.03) (-0.154011915305 0.730796520272 -0.03) (-0.152208398189 0.734239627687 -0.03) (-0.150391463606 0.737692262143 -0.03) (-0.148561010145 0.741154485444 -0.03))
    polyLine 31 35 ((-0.185857413683 0.667108220227 0) (-0.184290800431 0.670381551476 0) (-0.182712522113 0.67366330662 0) (-0.181122494219 0.676953540553 0) (-0.179520631436 0.680252308503 0) (-0.17790684763 0.683559666032 0) (-0.176281055846 0.686875669043 0) (-0.174643168294 0.690200373779 0) (-0.172993096341 0.69353383683 0) (-0.171330750504 0.696876115136 0) (-0.169656040441 0.700227265987 0) (-0.167968874937 0.70358734703 0) (-0.166269161903 0.706956416272 0) (-0.16455680836 0.710334532083 0) (-0.16283172043 0.7137217532 0) (-0.161093803333 0.717118138729 0) (-0.159342961367 0.720523748151 0) (-0.157579097906 0.723938641324 0) (-0.155802115389 0.727362878489 0) (-0.154011915305 0.730796520272 0) (-0.152208398189 0.734239627687 0) (-0.150391463606 0.737692262143 0) (-0.148561010145 0.741154485444 0))
    polyLine 32 36 ((0.079201068438 0.334942708844 -0.03) (0.0795252768949 0.3357894114 -0.03) (0.0798494853519 0.336636113957 -0.03) (0.0801736938088 0.337482816513 -0.03) (0.0804979022657 0.338329519069 -0.03) (0.0808221107227 0.339176221625 -0.03) (0.0811463191796 0.340022924181 -0.03) (0.0814705276366 0.340869626737 -0.03) (0.0817947360935 0.341716329293 -0.03) (0.0821189445505 0.342563031849 -0.03) (0.0824431530074 0.343409734406 -0.03) (0.0827673614644 0.344256436962 -0.03) (0.0830915699213 0.345103139518 -0.03) (0.0834157783782 0.345949842074 -0.03) (0.0837399868352 0.34679654463 -0.03) (0.0840641952921 0.347643247186 -0.03) (0.0843884037491 0.348489949742 -0.03) (0.084712612206 0.349336652299 -0.03) (0.085036820663 0.350183354855 -0.03) (0.0853610291199 0.351030057411 -0.03) (0.0856852375769 0.351876759967 -0.03) (0.0860094460338 0.352723462523 -0.03) (0.0863336544908 0.353570165079 -0.03) (0.0866578629477 0.354416867635 -0.03) (0.0869820714046 0.355263570192 -0.03) (0.0873062798616 0.356110272748 -0.03) (0.0876304883185 0.356956975304 -0.03) (0.0879546967755 0.35780367786 -0.03) (0.0882789052324 0.358650380416 -0.03) (0.0886031136894 0.359497082972 -0.03) (0.0889273221463 0.360343785528 -0.03) (0.0892515306033 0.361190488085 -0.03) (0.0895757390602 0.362037190641 -0.03) (0.0898999475171 0.362883893197 -0.03) (0.0902241559741 0.363730595753 -0.03) (0.090548364431 0.364577298309 -0.03) (0.090872572888 0.365424000865 -0.03) (0.0911967813449 0.366270703421 -0.03) (0.0915209898019 0.367117405977 -0.03) (0.0918451982588 0.367964108534 -0.03) (0.0921694067158 0.36881081109 -0.03) (0.0924936151727 0.369657513646 -0.03) (0.0928178236296 0.370504216202 -0.03) (0.0931420320866 0.371350918758 -0.03) (0.0934662405435 0.372197621314 -0.03) (0.0937904490005 0.37304432387 -0.03) (0.0941146574574 0.373891026427 -0.03) (0.0944388659144 0.374737728983 -0.03))
    polyLine 34 38 ((0.079201068438 0.334942708844 0) (0.0795252768949 0.3357894114 0) (0.0798494853519 0.336636113957 0) (0.0801736938088 0.337482816513 0) (0.0804979022657 0.338329519069 0) (0.0808221107227 0.339176221625 0) (0.0811463191796 0.340022924181 0) (0.0814705276366 0.340869626737 0) (0.0817947360935 0.341716329293 0) (0.0821189445505 0.342563031849 0) (0.0824431530074 0.343409734406 0) (0.0827673614644 0.344256436962 0) (0.0830915699213 0.345103139518 0) (0.0834157783782 0.345949842074 0) (0.0837399868352 0.34679654463 0) (0.0840641952921 0.347643247186 0) (0.0843884037491 0.348489949742 0) (0.084712612206 0.349336652299 0) (0.085036820663 0.350183354855 0) (0.0853610291199 0.351030057411 0) (0.0856852375769 0.351876759967 0) (0.0860094460338 0.352723462523 0) (0.0863336544908 0.353570165079 0) (0.0866578629477 0.354416867635 0) (0.0869820714046 0.355263570192 0) (0.0873062798616 0.356110272748 0) (0.0876304883185 0.356956975304 0) (0.0879546967755 0.35780367786 0) (0.0882789052324 0.358650380416 0) (0.0886031136894 0.359497082972 0) (0.0889273221463 0.360343785528 0) (0.0892515306033 0.361190488085 0) (0.0895757390602 0.362037190641 0) (0.0898999475171 0.362883893197 0) (0.0902241559741 0.363730595753 0) (0.090548364431 0.364577298309 0) (0.090872572888 0.365424000865 0) (0.0911967813449 0.366270703421 0) (0.0915209898019 0.367117405977 0) (0.0918451982588 0.367964108534 0) (0.0921694067158 0.36881081109 0) (0.0924936151727 0.369657513646 0) (0.0928178236296 0.370504216202 0) (0.0931420320866 0.371350918758 0) (0.0934662405435 0.372197621314 0) (0.0937904490005 0.37304432387 0) (0.0941146574574 0.373891026427 0) (0.0944388659144 0.374737728983 0))
    polyLine 33 37 ((-0.145112136169 0.747634759476 -0.03) (-0.143497018181 0.750650455266 -0.03) (-0.141871513519 0.753673488061 -0.03) (-0.140235553684 0.756703898991 -0.03) (-0.138589069595 0.759741729415 -0.03) (-0.13693199159 0.762787020934 -0.03) (-0.135264249411 0.765839815383 -0.03) (-0.133585772207 0.768900154842 -0.03) (-0.131896488523 0.77196808163 -0.03) (-0.130196326295 0.775043638313 -0.03) (-0.128485212847 0.778126867705 -0.03) (-0.126763074879 0.781217812869 -0.03) (-0.12502983847 0.784316517118 -0.03) (-0.123285429062 0.787423024021 -0.03) (-0.12152977146 0.790537377403 -0.03) (-0.119762789827 0.793659621346 -0.03) (-0.117984407672 0.796789800195 -0.03) (-0.116194547847 0.799927958557 -0.03) (-0.114393132541 0.803074141305 -0.03) (-0.112580083272 0.806228393579 -0.03) (-0.110755320882 0.809390760792 -0.03) (-0.108918765528 0.812561288627 -0.03) (-0.107070336677 0.815740023045 -0.03))
    polyLine 35 39 ((-0.145112136169 0.747634759476 0) (-0.143497018181 0.750650455266 0) (-0.141871513519 0.753673488061 0) (-0.140235553684 0.756703898991 0) (-0.138589069595 0.759741729415 0) (-0.13693199159 0.762787020934 0) (-0.135264249411 0.765839815383 0) (-0.133585772207 0.768900154842 0) (-0.131896488523 0.77196808163 0) (-0.130196326295 0.775043638313 0) (-0.128485212847 0.778126867705 0) (-0.126763074879 0.781217812869 0) (-0.12502983847 0.784316517118 0) (-0.123285429062 0.787423024021 0) (-0.12152977146 0.790537377403 0) (-0.119762789827 0.793659621346 0) (-0.117984407672 0.796789800195 0) (-0.116194547847 0.799927958557 0) (-0.114393132541 0.803074141305 0) (-0.112580083272 0.806228393579 0) (-0.110755320882 0.809390760792 0) (-0.108918765528 0.812561288627 0) (-0.107070336677 0.815740023045 0))
    polyLine 36 40 ((0.0947630743713 0.375584431539 -0.03) (0.0950872828283 0.376431134095 -0.03) (0.0954114912852 0.377277836651 -0.03) (0.0957356997421 0.378124539207 -0.03) (0.0960599081991 0.378971241763 -0.03) (0.096384116656 0.37981794432 -0.03) (0.096708325113 0.380664646876 -0.03) (0.0970325335699 0.381511349432 -0.03) (0.0973567420269 0.382358051988 -0.03) (0.0976809504838 0.383204754544 -0.03) (0.0980051589408 0.3840514571 -0.03) (0.0983293673977 0.384898159656 -0.03) (0.0986535758546 0.385744862213 -0.03) (0.0989777843116 0.386591564769 -0.03) (0.0993019927685 0.387438267325 -0.03) (0.0996262012255 0.388284969881 -0.03) (0.0999504096824 0.389131672437 -0.03) (0.100274618139 0.389978374993 -0.03) (0.100598826596 0.390825077549 -0.03) (0.100923035053 0.391671780106 -0.03) (0.10124724351 0.392518482662 -0.03) (0.101571451967 0.393365185218 -0.03) (0.101895660424 0.394211887774 -0.03) (0.102219868881 0.39505859033 -0.03) (0.102544077338 0.395905292886 -0.03) (0.102868285795 0.396751995442 -0.03) (0.103192494252 0.397598697998 -0.03) (0.103516702709 0.398445400555 -0.03) (0.103840911166 0.399292103111 -0.03) (0.104165119623 0.400138805667 -0.03) (0.10448932808 0.400985508223 -0.03) (0.104813536537 0.401832210779 -0.03) (0.105137744994 0.402678913335 -0.03) (0.10546195345 0.403525615891 -0.03) (0.105786161907 0.404372318448 -0.03) (0.106110370364 0.405219021004 -0.03) (0.106434578821 0.40606572356 -0.03) (0.106758787278 0.406912426116 -0.03) (0.107082995735 0.407759128672 -0.03) (0.107407204192 0.408605831228 -0.03) (0.107731412649 0.409452533784 -0.03) (0.108055621106 0.410299236341 -0.03) (0.108379829563 0.411145938897 -0.03) (0.10870403802 0.411992641453 -0.03) (0.109028246477 0.412839344009 -0.03) (0.109352454934 0.413686046565 -0.03) (0.109676663391 0.414532749121 -0.03) (0.110000871848 0.415379451677 -0.03))
    polyLine 38 42 ((0.0947630743713 0.375584431539 0) (0.0950872828283 0.376431134095 0) (0.0954114912852 0.377277836651 0) (0.0957356997421 0.378124539207 0) (0.0960599081991 0.378971241763 0) (0.096384116656 0.37981794432 0) (0.096708325113 0.380664646876 0) (0.0970325335699 0.381511349432 0) (0.0973567420269 0.382358051988 0) (0.0976809504838 0.383204754544 0) (0.0980051589408 0.3840514571 0) (0.0983293673977 0.384898159656 0) (0.0986535758546 0.385744862213 0) (0.0989777843116 0.386591564769 0) (0.0993019927685 0.387438267325 0) (0.0996262012255 0.388284969881 0) (0.0999504096824 0.389131672437 0) (0.100274618139 0.389978374993 0) (0.100598826596 0.390825077549 0) (0.100923035053 0.391671780106 0) (0.10124724351 0.392518482662 0) (0.101571451967 0.393365185218 0) (0.101895660424 0.394211887774 0) (0.102219868881 0.39505859033 0) (0.102544077338 0.395905292886 0) (0.102868285795 0.396751995442 0) (0.103192494252 0.397598697998 0) (0.103516702709 0.398445400555 0) (0.103840911166 0.399292103111 0) (0.104165119623 0.400138805667 0) (0.10448932808 0.400985508223 0) (0.104813536537 0.401832210779 0) (0.105137744994 0.402678913335 0) (0.10546195345 0.403525615891 0) (0.105786161907 0.404372318448 0) (0.106110370364 0.405219021004 0) (0.106434578821 0.40606572356 0) (0.106758787278 0.406912426116 0) (0.107082995735 0.407759128672 0) (0.107407204192 0.408605831228 0) (0.107731412649 0.409452533784 0) (0.108055621106 0.410299236341 0) (0.108379829563 0.411145938897 0) (0.10870403802 0.411992641453 0) (0.109028246477 0.412839344009 0) (0.109352454934 0.413686046565 0) (0.109676663391 0.414532749121 0) (0.110000871848 0.415379451677 0))
    polyLine 37 41 ((-0.103596071881 0.821681830011 -0.03) (-0.101973187598 0.824442850881 -0.03) (-0.100341246895 0.827210103045 -0.03) (-0.0987001960137 0.829983616815 -0.03) (-0.0970499807956 0.832763422664 -0.03) (-0.0953905466732 0.835549551226 -0.03) (-0.0937218386688 0.838342033298 -0.03) (-0.0920438013906 0.841140899841 -0.03) (-0.0903563790288 0.843946181982 -0.03) (-0.0886595153525 0.846757911013 -0.03) (-0.0869531537055 0.849576118396 -0.03) (-0.0852372370027 0.852400835761 -0.03) (-0.0835117077265 0.85523209491 -0.03) (-0.0817765079228 0.858069927816 -0.03) (-0.0800315791974 0.860914366627 -0.03) (-0.0782768627117 0.863765443664 -0.03) (-0.0765122991793 0.866623191426 -0.03) (-0.0747378288614 0.869487642589 -0.03) (-0.0729533915634 0.872358830008 -0.03) (-0.0711589266306 0.87523678672 -0.03) (-0.069354372944 0.878121545942 -0.03) (-0.067539668916 0.881013141077 -0.03) (-0.0657147524868 0.883911605712 -0.03))
    polyLine 39 43 ((-0.103596071881 0.821681830011 0) (-0.101973187598 0.824442850881 0) (-0.100341246895 0.827210103045 0) (-0.0987001960137 0.829983616815 0) (-0.0970499807956 0.832763422664 0) (-0.0953905466732 0.835549551226 0) (-0.0937218386688 0.838342033298 0) (-0.0920438013906 0.841140899841 0) (-0.0903563790288 0.843946181982 0) (-0.0886595153525 0.846757911013 0) (-0.0869531537055 0.849576118396 0) (-0.0852372370027 0.852400835761 0) (-0.0835117077265 0.85523209491 0) (-0.0817765079228 0.858069927816 0) (-0.0800315791974 0.860914366627 0) (-0.0782768627117 0.863765443664 0) (-0.0765122991793 0.866623191426 0) (-0.0747378288614 0.869487642589 0) (-0.0729533915634 0.872358830008 0) (-0.0711589266306 0.87523678672 0) (-0.069354372944 0.878121545942 0) (-0.067539668916 0.881013141077 0) (-0.0657147524868 0.883911605712 0))
    polyLine 40 44 ((0.110325080305 0.416226154234 -0.03) (0.110649288762 0.41707285679 -0.03) (0.110973497219 0.417919559346 -0.03) (0.111297705675 0.418766261902 -0.03) (0.111621914132 0.419612964458 -0.03) (0.111946122589 0.420459667014 -0.03) (0.112270331046 0.42130636957 -0.03) (0.112594539503 0.422153072126 -0.03) (0.11291874796 0.422999774683 -0.03) (0.113242956417 0.423846477239 -0.03) (0.113567164874 0.424693179795 -0.03) (0.113891373331 0.425539882351 -0.03) (0.114215581788 0.426386584907 -0.03) (0.114539790245 0.427233287463 -0.03) (0.114863998702 0.428079990019 -0.03) (0.115188207159 0.428926692576 -0.03) (0.115512415616 0.429773395132 -0.03) (0.115836624073 0.430620097688 -0.03) (0.11616083253 0.431466800244 -0.03) (0.116485040987 0.4323135028 -0.03) (0.116809249444 0.433160205356 -0.03) (0.1171334579 0.434006907912 -0.03) (0.117457666357 0.434853610469 -0.03) (0.117781874814 0.435700313025 -0.03) (0.118106083271 0.436547015581 -0.03) (0.118430291728 0.437393718137 -0.03) (0.118754500185 0.438240420693 -0.03) (0.119078708642 0.439087123249 -0.03) (0.119402917099 0.439933825805 -0.03) (0.119727125556 0.440780528362 -0.03) (0.120051334013 0.441627230918 -0.03) (0.12037554247 0.442473933474 -0.03) (0.120699750927 0.44332063603 -0.03) (0.121023959384 0.444167338586 -0.03) (0.121348167841 0.445014041142 -0.03) (0.121672376298 0.445860743698 -0.03) (0.121996584755 0.446707446254 -0.03) (0.122320793212 0.447554148811 -0.03) (0.122645001669 0.448400851367 -0.03) (0.122969210125 0.449247553923 -0.03) (0.123293418582 0.450094256479 -0.03) (0.123617627039 0.450940959035 -0.03) (0.123941835496 0.451787661591 -0.03) (0.124266043953 0.452634364147 -0.03) (0.12459025241 0.453481066704 -0.03) (0.124914460867 0.45432776926 -0.03) (0.125238669324 0.455174471816 -0.03))
    polyLine 42 46 ((0.110325080305 0.416226154234 0) (0.110649288762 0.41707285679 0) (0.110973497219 0.417919559346 0) (0.111297705675 0.418766261902 0) (0.111621914132 0.419612964458 0) (0.111946122589 0.420459667014 0) (0.112270331046 0.42130636957 0) (0.112594539503 0.422153072126 0) (0.11291874796 0.422999774683 0) (0.113242956417 0.423846477239 0) (0.113567164874 0.424693179795 0) (0.113891373331 0.425539882351 0) (0.114215581788 0.426386584907 0) (0.114539790245 0.427233287463 0) (0.114863998702 0.428079990019 0) (0.115188207159 0.428926692576 0) (0.115512415616 0.429773395132 0) (0.115836624073 0.430620097688 0) (0.11616083253 0.431466800244 0) (0.116485040987 0.4323135028 0) (0.116809249444 0.433160205356 0) (0.1171334579 0.434006907912 0) (0.117457666357 0.434853610469 0) (0.117781874814 0.435700313025 0) (0.118106083271 0.436547015581 0) (0.118430291728 0.437393718137 0) (0.118754500185 0.438240420693 0) (0.119078708642 0.439087123249 0) (0.119402917099 0.439933825805 0) (0.119727125556 0.440780528362 0) (0.120051334013 0.441627230918 0) (0.12037554247 0.442473933474 0) (0.120699750927 0.44332063603 0) (0.121023959384 0.444167338586 0) (0.121348167841 0.445014041142 0) (0.121672376298 0.445860743698 0) (0.121996584755 0.446707446254 0) (0.122320793212 0.447554148811 0) (0.122645001669 0.448400851367 0) (0.122969210125 0.449247553923 0) (0.123293418582 0.450094256479 0) (0.123617627039 0.450940959035 0) (0.123941835496 0.451787661591 0) (0.124266043953 0.452634364147 0) (0.12459025241 0.453481066704 0) (0.124914460867 0.45432776926 0) (0.125238669324 0.455174471816 0))
    polyLine 41 45 ((-0.0622869108903 0.889330783001 -0.03) (-0.0606865149226 0.891849784686 -0.03) (-0.0590783321065 0.894374000747 -0.03) (-0.0574623210584 0.896903453362 -0.03) (-0.0558384401185 0.899438164818 -0.03) (-0.054206647349 0.901978157508 -0.03) (-0.0525669005317 0.904523453938 -0.03) (-0.050919157166 0.907074076722 -0.03) (-0.0492633744663 0.909630048583 -0.03) (-0.0475995093604 0.912191392358 -0.03) (-0.0459275184866 0.914758130996 -0.03) (-0.0442473581918 0.917330287558 -0.03) (-0.042558984529 0.91990788522 -0.03) (-0.0408623532552 0.922490947273 -0.03) (-0.0391574198289 0.925079497123 -0.03) (-0.0374441394075 0.927673558292 -0.03) (-0.0357224668454 0.930273154421 -0.03) (-0.0339923566913 0.932878309267 -0.03) (-0.0322537631856 0.935489046707 -0.03) (-0.0305066402584 0.938105390739 -0.03) (-0.0287509415266 0.94072736548 -0.03) (-0.0269866202914 0.94335499517 -0.03) (-0.0252136295363 0.94598830417 -0.03))
    polyLine 43 47 ((-0.0622869108903 0.889330783001 0) (-0.0606865149226 0.891849784686 0) (-0.0590783321065 0.894374000747 0) (-0.0574623210584 0.896903453362 0) (-0.0558384401185 0.899438164818 0) (-0.054206647349 0.901978157508 0) (-0.0525669005317 0.904523453938 0) (-0.050919157166 0.907074076722 0) (-0.0492633744663 0.909630048583 0) (-0.0475995093604 0.912191392358 0) (-0.0459275184866 0.914758130996 0) (-0.0442473581918 0.917330287558 0) (-0.042558984529 0.91990788522 0) (-0.0408623532552 0.922490947273 0) (-0.0391574198289 0.925079497123 0) (-0.0374441394075 0.927673558292 0) (-0.0357224668454 0.930273154421 0) (-0.0339923566913 0.932878309267 0) (-0.0322537631856 0.935489046707 0) (-0.0305066402584 0.938105390739 0) (-0.0287509415266 0.94072736548 0) (-0.0269866202914 0.94335499517 0) (-0.0252136295363 0.94598830417 0))
    polyLine 44 48 ((0.125562877781 0.456021174372 -0.03) (0.125887086238 0.456867876928 -0.03) (0.126211294695 0.457714579484 -0.03) (0.126535503152 0.45856128204 -0.03) (0.126859711609 0.459407984597 -0.03) (0.127183920066 0.460254687153 -0.03) (0.127508128523 0.461101389709 -0.03) (0.12783233698 0.461948092265 -0.03) (0.128156545437 0.462794794821 -0.03) (0.128480753894 0.463641497377 -0.03) (0.12880496235 0.464488199933 -0.03) (0.129129170807 0.46533490249 -0.03) (0.129453379264 0.466181605046 -0.03) (0.129777587721 0.467028307602 -0.03) (0.130101796178 0.467875010158 -0.03) (0.130426004635 0.468721712714 -0.03) (0.130750213092 0.46956841527 -0.03) (0.131074421549 0.470415117826 -0.03) (0.131398630006 0.471261820383 -0.03) (0.131722838463 0.472108522939 -0.03) (0.13204704692 0.472955225495 -0.03) (0.132371255377 0.473801928051 -0.03) (0.132695463834 0.474648630607 -0.03) (0.133019672291 0.475495333163 -0.03) (0.133343880748 0.476342035719 -0.03) (0.133668089205 0.477188738275 -0.03) (0.133992297662 0.478035440832 -0.03) (0.134316506119 0.478882143388 -0.03) (0.134640714575 0.479728845944 -0.03) (0.134964923032 0.4805755485 -0.03) (0.135289131489 0.481422251056 -0.03) (0.135613339946 0.482268953612 -0.03) (0.135937548403 0.483115656168 -0.03) (0.13626175686 0.483962358725 -0.03) (0.136585965317 0.484809061281 -0.03) (0.136910173774 0.485655763837 -0.03) (0.137234382231 0.486502466393 -0.03) (0.137558590688 0.487349168949 -0.03) (0.137882799145 0.488195871505 -0.03) (0.138207007602 0.489042574061 -0.03) (0.138531216059 0.489889276618 -0.03) (0.138855424516 0.490735979174 -0.03) (0.139179632973 0.49158268173 -0.03) (0.13950384143 0.492429384286 -0.03) (0.139828049887 0.493276086842 -0.03) (0.140152258344 0.494122789398 -0.03) (0.1404764668 0.494969491954 -0.03) (0.140800675257 0.495816194511 -0.03))
    polyLine 46 50 ((0.125562877781 0.456021174372 0) (0.125887086238 0.456867876928 0) (0.126211294695 0.457714579484 0) (0.126535503152 0.45856128204 0) (0.126859711609 0.459407984597 0) (0.127183920066 0.460254687153 0) (0.127508128523 0.461101389709 0) (0.12783233698 0.461948092265 0) (0.128156545437 0.462794794821 0) (0.128480753894 0.463641497377 0) (0.12880496235 0.464488199933 0) (0.129129170807 0.46533490249 0) (0.129453379264 0.466181605046 0) (0.129777587721 0.467028307602 0) (0.130101796178 0.467875010158 0) (0.130426004635 0.468721712714 0) (0.130750213092 0.46956841527 0) (0.131074421549 0.470415117826 0) (0.131398630006 0.471261820383 0) (0.131722838463 0.472108522939 0) (0.13204704692 0.472955225495 0) (0.132371255377 0.473801928051 0) (0.132695463834 0.474648630607 0) (0.133019672291 0.475495333163 0) (0.133343880748 0.476342035719 0) (0.133668089205 0.477188738275 0) (0.133992297662 0.478035440832 0) (0.134316506119 0.478882143388 0) (0.134640714575 0.479728845944 0) (0.134964923032 0.4805755485 0) (0.135289131489 0.481422251056 0) (0.135613339946 0.482268953612 0) (0.135937548403 0.483115656168 0) (0.13626175686 0.483962358725 0) (0.136585965317 0.484809061281 0) (0.136910173774 0.485655763837 0) (0.137234382231 0.486502466393 0) (0.137558590688 0.487349168949 0) (0.137882799145 0.488195871505 0) (0.138207007602 0.489042574061 0) (0.138531216059 0.489889276618 0) (0.138855424516 0.490735979174 0) (0.139179632973 0.49158268173 0) (0.13950384143 0.492429384286 0) (0.139828049887 0.493276086842 0) (0.140152258344 0.494122789398 0) (0.1404764668 0.494969491954 0) (0.140800675257 0.495816194511 0))
    polyLine 45 49 ((-0.0218815763608 0.950917782545 -0.03) (-0.0203246240324 0.953212561941 -0.03) (-0.0187610335841 0.955511671292 -0.03) (-0.0171907734756 0.95781512681 -0.03) (-0.0156138119792 0.960122944777 -0.03) (-0.0140301171788 0.962435141548 -0.03) (-0.0124396569681 0.96475173355 -0.03) (-0.0108423990498 0.967072737284 -0.03) (-0.00923831093363 0.969398169326 -0.03) (-0.00762735993566 0.971728046322 -0.03) (-0.00600951317638 0.974062384998 -0.03) (-0.00438473757961 0.976401202151 -0.03) (-0.00275299987098 0.978744514655 -0.03) (-0.00111426657661 0.981092339462 -0.03) (0.000531495978388 0.983444693596 -0.03) (0.00218432167131 0.985801594163 -0.03) (0.00384424458328 0.988163058344 -0.03) (0.00551129900077 0.990529103398 -0.03) (0.00718551941701 0.992899746663 -0.03) (0.00886694053349 0.995275005558 -0.03) (0.0105555972615 0.997654897577 -0.03) (0.0122515247235 1.0000394403 -0.03) (0.0139547582549 1.00242865138 -0.03))
    polyLine 47 51 ((-0.0218815763608 0.950917782545 0) (-0.0203246240324 0.953212561941 0) (-0.0187610335841 0.955511671292 0) (-0.0171907734756 0.95781512681 0) (-0.0156138119792 0.960122944777 0) (-0.0140301171788 0.962435141548 0) (-0.0124396569681 0.96475173355 0) (-0.0108423990498 0.967072737284 0) (-0.00923831093363 0.969398169326 0) (-0.00762735993566 0.971728046322 0) (-0.00600951317638 0.974062384998 0) (-0.00438473757961 0.976401202151 0) (-0.00275299987098 0.978744514655 0) (-0.00111426657661 0.981092339462 0) (0.000531495978388 0.983444693596 0) (0.00218432167131 0.985801594163 0) (0.00384424458328 0.988163058344 0) (0.00551129900077 0.990529103398 0) (0.00718551941701 0.992899746663 0) (0.00886694053349 0.995275005558 0) (0.0105555972615 0.997654897577 0) (0.0122515247235 1.0000394403 0) (0.0139547582549 1.00242865138 0))
    polyLine 48 52 ((0.141124883714 0.496662897067 -0.03) (0.141449092171 0.497509599623 -0.03) (0.141773300628 0.498356302179 -0.03) (0.142097509085 0.499203004735 -0.03) (0.142421717542 0.500049707291 -0.03) (0.142745925999 0.500896409847 -0.03) (0.143070134456 0.501743112403 -0.03) (0.143394342913 0.50258981496 -0.03) (0.14371855137 0.503436517516 -0.03) (0.144042759827 0.504283220072 -0.03) (0.144366968284 0.505129922628 -0.03) (0.144691176741 0.505976625184 -0.03) (0.145015385198 0.50682332774 -0.03) (0.145339593655 0.507670030296 -0.03) (0.145663802112 0.508516732853 -0.03) (0.145988010569 0.509363435409 -0.03) (0.146312219025 0.510210137965 -0.03) (0.146636427482 0.511056840521 -0.03) (0.146960635939 0.511903543077 -0.03) (0.147284844396 0.512750245633 -0.03) (0.147609052853 0.513596948189 -0.03) (0.14793326131 0.514443650746 -0.03) (0.148257469767 0.515290353302 -0.03) (0.148581678224 0.516137055858 -0.03) (0.148905886681 0.516983758414 -0.03) (0.149230095138 0.51783046097 -0.03) (0.149554303595 0.518677163526 -0.03) (0.149878512052 0.519523866082 -0.03) (0.150202720509 0.520370568639 -0.03) (0.150526928966 0.521217271195 -0.03) (0.150851137423 0.522063973751 -0.03) (0.15117534588 0.522910676307 -0.03) (0.15150172248 0.523753522443 -0.03) (0.151834438034 0.524593886443 -0.03) (0.152173473669 0.525431720635 -0.03) (0.152518810149 0.526266977487 -0.03) (0.152870427884 0.527099609616 -0.03) (0.153228306926 0.527929569786 -0.03) (0.153592426975 0.528756810914 -0.03) (0.153962767371 0.529581286071 -0.03) (0.154339307108 0.530402948484 -0.03) (0.154722024823 0.53122175154 -0.03) (0.155110898804 0.532037648788 -0.03) (0.155505906992 0.532850593944 -0.03) (0.155907026976 0.533660540887 -0.03) (0.156314236002 0.534467443671 -0.03) (0.15672751097 0.535271256519 -0.03) (0.157146828432 0.536071933832 -0.03))
    polyLine 50 54 ((0.141124883714 0.496662897067 0) (0.141449092171 0.497509599623 0) (0.141773300628 0.498356302179 0) (0.142097509085 0.499203004735 0) (0.142421717542 0.500049707291 0) (0.142745925999 0.500896409847 0) (0.143070134456 0.501743112403 0) (0.143394342913 0.50258981496 0) (0.14371855137 0.503436517516 0) (0.144042759827 0.504283220072 0) (0.144366968284 0.505129922628 0) (0.144691176741 0.505976625184 0) (0.145015385198 0.50682332774 0) (0.145339593655 0.507670030296 0) (0.145663802112 0.508516732853 0) (0.145988010569 0.509363435409 0) (0.146312219025 0.510210137965 0) (0.146636427482 0.511056840521 0) (0.146960635939 0.511903543077 0) (0.147284844396 0.512750245633 0) (0.147609052853 0.513596948189 0) (0.14793326131 0.514443650746 0) (0.148257469767 0.515290353302 0) (0.148581678224 0.516137055858 0) (0.148905886681 0.516983758414 0) (0.149230095138 0.51783046097 0) (0.149554303595 0.518677163526 0) (0.149878512052 0.519523866082 0) (0.150202720509 0.520370568639 0) (0.150526928966 0.521217271195 0) (0.150851137423 0.522063973751 0) (0.15117534588 0.522910676307 0) (0.15150172248 0.523753522443 0) (0.151834438034 0.524593886443 0) (0.152173473669 0.525431720635 0) (0.152518810149 0.526266977487 0) (0.152870427884 0.527099609616 0) (0.153228306926 0.527929569786 0) (0.153592426975 0.528756810914 0) (0.153962767371 0.529581286071 0) (0.154339307108 0.530402948484 0) (0.154722024823 0.53122175154 0) (0.155110898804 0.532037648788 0) (0.155505906992 0.532850593944 0) (0.155907026976 0.533660540887 0) (0.156314236002 0.534467443671 0) (0.15672751097 0.535271256519 0) (0.157146828432 0.536071933832 0))
    polyLine 49 53 ((0.0172050387176 1.00697254204 -0.03) (0.0187506984988 1.00912632854 -0.03) (0.0203023388036 1.011283921 -0.03) (0.0218599858294 1.01344533244 -0.03) (0.0234236659166 1.0156105759 -0.03) (0.0249934055499 1.01777966449 -0.03) (0.0265692313587 1.01995261139 -0.03) (0.0281511701188 1.0221294298 -0.03) (0.0297392487525 1.024310133 -0.03) (0.0313334943304 1.02649473433 -0.03) (0.0329339340717 1.02868324717 -0.03) (0.0345405953457 1.03087568495 -0.03) (0.0361535056722 1.0330720612 -0.03) (0.0377726927232 1.03527238944 -0.03) (0.0393981843232 1.03747668331 -0.03) (0.0410300084508 1.03968495648 -0.03) (0.0426681932393 1.04189722266 -0.03) (0.0443127669779 1.04411349566 -0.03) (0.0459637581128 1.04633378931 -0.03) (0.047621195248 1.04855811753 -0.03) (0.0492851071465 1.05078649427 -0.03) (0.0509555227316 1.05301893357 -0.03) (0.0526324710875 1.0552554495 -0.03))
    polyLine 51 55 ((0.0172050387176 1.00697254204 0) (0.0187506984988 1.00912632854 0) (0.0203023388036 1.011283921 0) (0.0218599858294 1.01344533244 0) (0.0234236659166 1.0156105759 0) (0.0249934055499 1.01777966449 0) (0.0265692313587 1.01995261139 0) (0.0281511701188 1.0221294298 0) (0.0297392487525 1.024310133 0) (0.0313334943304 1.02649473433 0) (0.0329339340717 1.02868324717 0) (0.0345405953457 1.03087568495 0) (0.0361535056722 1.0330720612 0) (0.0377726927232 1.03527238944 0) (0.0393981843232 1.03747668331 0) (0.0410300084508 1.03968495648 0) (0.0426681932393 1.04189722266 0) (0.0443127669779 1.04411349566 0) (0.0459637581128 1.04633378931 0) (0.047621195248 1.04855811753 0) (0.0492851071465 1.05078649427 0) (0.0509555227316 1.05301893357 0) (0.0526324710875 1.0552554495 0))
    polyLine 52 56 ((0.157572164603 0.536869430187 -0.03) (0.158003495352 0.537663700341 -0.03) (0.15844079621 0.538454699237 -0.03) (0.158884042369 0.539242382001 -0.03) (0.159333208684 0.540026703947 -0.03) (0.159788269673 0.540807620581 -0.03) (0.160249199522 0.541585087602 -0.03) (0.16071597208 0.542359060904 -0.03) (0.16118856087 0.543129496579 -0.03) (0.161666939079 0.543896350921 -0.03) (0.162151079571 0.544659580427 -0.03) (0.16264095488 0.545419141797 -0.03) (0.163136537215 0.546174991943 -0.03) (0.163637798462 0.546927087985 -0.03) (0.164144710184 0.547675387256 -0.03) (0.164657243625 0.548419847306 -0.03) (0.165175369708 0.549160425901 -0.03) (0.16569905904 0.549897081029 -0.03) (0.166228281912 0.550629770899 -0.03) (0.166763008301 0.551358453945 -0.03) (0.167303207873 0.55208308883 -0.03) (0.167848849982 0.552803634444 -0.03) (0.168399903673 0.553520049912 -0.03) (0.168956337686 0.554232294591 -0.03) (0.169518120454 0.554940328076 -0.03) (0.170085220107 0.5556441102 -0.03) (0.170657604473 0.556343601037 -0.03) (0.171235241081 0.557038760905 -0.03) (0.171818097162 0.557729550368 -0.03) (0.172406139651 0.558415930238 -0.03) (0.172999335187 0.559097861575 -0.03) (0.173597650119 0.559775305695 -0.03) (0.174201050505 0.560448224166 -0.03) (0.174809502113 0.561116578813 -0.03) (0.175422970427 0.56178033172 -0.03) (0.176041420643 0.562439445233 -0.03) (0.176664817679 0.563093881961 -0.03) (0.177293126167 0.563743604776 -0.03) (0.177926310465 0.564388576821 -0.03) (0.178564334651 0.565028761506 -0.03) (0.179207162531 0.565664122514 -0.03) (0.179854757637 0.5662946238 -0.03) (0.180507083232 0.566920229597 -0.03) (0.181164102308 0.567540904413 -0.03) (0.181825777593 0.568156613038 -0.03) (0.18249207155 0.568767320542 -0.03) (0.183162946381 0.569372992281 -0.03) (0.183838364026 0.569973593894 -0.03))
    polyLine 54 58 ((0.157572164603 0.536869430187 0) (0.158003495352 0.537663700341 0) (0.15844079621 0.538454699237 0) (0.158884042369 0.539242382001 0) (0.159333208684 0.540026703947 0) (0.159788269673 0.540807620581 0) (0.160249199522 0.541585087602 0) (0.16071597208 0.542359060904 0) (0.16118856087 0.543129496579 0) (0.161666939079 0.543896350921 0) (0.162151079571 0.544659580427 0) (0.16264095488 0.545419141797 0) (0.163136537215 0.546174991943 0) (0.163637798462 0.546927087985 0) (0.164144710184 0.547675387256 0) (0.164657243625 0.548419847306 0) (0.165175369708 0.549160425901 0) (0.16569905904 0.549897081029 0) (0.166228281912 0.550629770899 0) (0.166763008301 0.551358453945 0) (0.167303207873 0.55208308883 0) (0.167848849982 0.552803634444 0) (0.168399903673 0.553520049912 0) (0.168956337686 0.554232294591 0) (0.169518120454 0.554940328076 0) (0.170085220107 0.5556441102 0) (0.170657604473 0.556343601037 0) (0.171235241081 0.557038760905 0) (0.171818097162 0.557729550368 0) (0.172406139651 0.558415930238 0) (0.172999335187 0.559097861575 0) (0.173597650119 0.559775305695 0) (0.174201050505 0.560448224166 0) (0.174809502113 0.561116578813 0) (0.175422970427 0.56178033172 0) (0.176041420643 0.562439445233 0) (0.176664817679 0.563093881961 0) (0.177293126167 0.563743604776 0) (0.177926310465 0.564388576821 0) (0.178564334651 0.565028761506 0) (0.179207162531 0.565664122514 0) (0.179854757637 0.5662946238 0) (0.180507083232 0.566920229597 0) (0.181164102308 0.567540904413 0) (0.181825777593 0.568156613038 0) (0.18249207155 0.568767320542 0) (0.183162946381 0.569372992281 0) (0.183838364026 0.569973593894 0))
    polyLine 53 57 ((0.0563844774632 1.06024269512 -0.03) (0.0584628923497 1.06299550366 -0.03) (0.0605512806713 1.06575450812 -0.03) (0.0626496973535 1.06851973491 -0.03) (0.064758197699 1.07129121059 -0.03) (0.0668768373909 1.07406896183 -0.03) (0.0690056724957 1.07685301549 -0.03) (0.0711447594669 1.07964339854 -0.03) (0.0732941551477 1.0824401381 -0.03) (0.0754539167745 1.08524326144 -0.03) (0.07762410198 1.08805279599 -0.03) (0.0798047687968 1.0908687693 -0.03) (0.0819959756601 1.09369120909 -0.03) (0.0841977814121 1.09652014321 -0.03) (0.0864102453041 1.09935559969 -0.03) (0.0886334270011 1.10219760669 -0.03) (0.0908673865845 1.10504619253 -0.03) (0.093112184556 1.10790138568 -0.03) (0.0953678818408 1.11076321477 -0.03) (0.0976345397916 1.11363170859 -0.03) (0.0999122201916 1.11650689609 -0.03) (0.102200985259 1.11938880636 -0.03) (0.10450089765 1.12227746867 -0.03))
    polyLine 55 59 ((0.0563844774632 1.06024269512 0) (0.0584628923497 1.06299550366 0) (0.0605512806713 1.06575450812 0) (0.0626496973535 1.06851973491 0) (0.064758197699 1.07129121059 0) (0.0668768373909 1.07406896183 0) (0.0690056724957 1.07685301549 0) (0.0711447594669 1.07964339854 0) (0.0732941551477 1.0824401381 0) (0.0754539167745 1.08524326144 0) (0.07762410198 1.08805279599 0) (0.0798047687968 1.0908687693 0) (0.0819959756601 1.09369120909 0) (0.0841977814121 1.09652014321 0) (0.0864102453041 1.09935559969 0) (0.0886334270011 1.10219760669 0) (0.0908673865845 1.10504619253 0) (0.093112184556 1.10790138568 0) (0.0953678818408 1.11076321477 0) (0.0976345397916 1.11363170859 0) (0.0999122201916 1.11650689609 0) (0.102200985259 1.11938880636 0) (0.10450089765 1.12227746867 0))
    polyLine 56 60 ((0.18451828617 0.57056909131 -0.03) (0.18520267424 0.571159450746 -0.03) (0.185891489411 0.57174463871 -0.03) (0.186584692607 0.572324622006 -0.03) (0.187282244501 0.57289936773 -0.03) (0.187984105523 0.573468843278 -0.03) (0.188690235856 0.574033016343 -0.03) (0.18940059544 0.574591854919 -0.03) (0.190115143978 0.575145327305 -0.03) (0.190833840932 0.5756934021 -0.03) (0.191556645532 0.576236048213 -0.03) (0.192283516772 0.576773234861 -0.03) (0.193014413417 0.577304931567 -0.03) (0.193749294004 0.577831108169 -0.03) (0.194488116842 0.578351734817 -0.03) (0.195230840019 0.578866781977 -0.03) (0.1959774214 0.579376220428 -0.03) (0.19672781863 0.579880021272 -0.03) (0.197481989141 0.580378155926 -0.03) (0.198239890148 0.580870596133 -0.03) (0.199001478656 0.581357313956 -0.03) (0.199766711458 0.581838281783 -0.03) (0.200535545145 0.58231347233 -0.03) (0.2013079361 0.582782858639 -0.03) (0.202083840505 0.583246414081 -0.03) (0.202863214344 0.583704112358 -0.03) (0.203646013402 0.584155927507 -0.03) (0.204432193271 0.584601833895 -0.03) (0.205221709351 0.585041806226 -0.03) (0.206014516854 0.585475819541 -0.03) (0.206810570803 0.585903849217 -0.03) (0.207609826038 0.586325870974 -0.03) (0.208412237217 0.586741860869 -0.03) (0.209217758821 0.587151795303 -0.03) (0.21002634515 0.587555651021 -0.03) (0.210837950335 0.587953405113 -0.03) (0.211652528333 0.588345035013 -0.03) (0.212470032933 0.588730518505 -0.03) (0.213290417759 0.589109833719 -0.03) (0.214113636269 0.589482959138 -0.03) (0.214939641762 0.589849873595 -0.03) (0.21576838738 0.590210556273 -0.03) (0.216599826108 0.590564986712 -0.03) (0.217433910778 0.590913144804 -0.03) (0.218270594072 0.5912550108 -0.03) (0.219109828526 0.591590565304 -0.03) (0.219951566529 0.59191978928 -0.03) (0.220795760331 0.592242664053 -0.03))
    polyLine 58 62 ((0.18451828617 0.57056909131 0) (0.18520267424 0.571159450746 0) (0.185891489411 0.57174463871 0) (0.186584692607 0.572324622006 0) (0.187282244501 0.57289936773 0) (0.187984105523 0.573468843278 0) (0.188690235856 0.574033016343 0) (0.18940059544 0.574591854919 0) (0.190115143978 0.575145327305 0) (0.190833840932 0.5756934021 0) (0.191556645532 0.576236048213 0) (0.192283516772 0.576773234861 0) (0.193014413417 0.577304931567 0) (0.193749294004 0.577831108169 0) (0.194488116842 0.578351734817 0) (0.195230840019 0.578866781977 0) (0.1959774214 0.579376220428 0) (0.19672781863 0.579880021272 0) (0.197481989141 0.580378155926 0) (0.198239890148 0.580870596133 0) (0.199001478656 0.581357313956 0) (0.199766711458 0.581838281783 0) (0.200535545145 0.58231347233 0) (0.2013079361 0.582782858639 0) (0.202083840505 0.583246414081 0) (0.202863214344 0.583704112358 0) (0.203646013402 0.584155927507 0) (0.204432193271 0.584601833895 0) (0.205221709351 0.585041806226 0) (0.206014516854 0.585475819541 0) (0.206810570803 0.585903849217 0) (0.207609826038 0.586325870974 0) (0.208412237217 0.586741860869 0) (0.209217758821 0.587151795303 0) (0.21002634515 0.587555651021 0) (0.210837950335 0.587953405113 0) (0.211652528333 0.588345035013 0) (0.212470032933 0.588730518505 0) (0.213290417759 0.589109833719 0) (0.214113636269 0.589482959138 0) (0.214939641762 0.589849873595 0) (0.21576838738 0.590210556273 0) (0.216599826108 0.590564986712 0) (0.217433910778 0.590913144804 0) (0.218270594072 0.5912550108 0) (0.219109828526 0.591590565304 0) (0.219951566529 0.59191978928 0) (0.220795760331 0.592242664053 0))
    polyLine 57 61 ((0.1095369515 1.12857746536 -0.03) (0.112277493619 1.13199143516 -0.03) (0.11503375098 1.13541487019 -0.03) (0.11780582861 1.13884781911 -0.03) (0.120593832413 1.14229033088 -0.03) (0.123397869179 1.1457424548 -0.03) (0.12621804659 1.1492042405 -0.03) (0.129054473232 1.15267573791 -0.03) (0.131907258603 1.15615699731 -0.03) (0.134776513121 1.15964806932 -0.03) (0.137662348137 1.16314900488 -0.03) (0.140564875939 1.16665985529 -0.03) (0.143484209767 1.17018067218 -0.03) (0.14642046382 1.17371150751 -0.03) (0.149373753266 1.17725241363 -0.03) (0.15234419425 1.18080344321 -0.03) (0.15533190391 1.18436464929 -0.03) (0.158337000379 1.18793608526 -0.03) (0.161359602802 1.19151780488 -0.03) (0.164399831345 1.19510986227 -0.03) (0.167457807203 1.19871231193 -0.03) (0.170533652611 1.20232520872 -0.03) (0.173627490858 1.20594860788 -0.03))
    polyLine 59 63 ((0.1095369515 1.12857746536 0) (0.112277493619 1.13199143516 0) (0.11503375098 1.13541487019 0) (0.11780582861 1.13884781911 0) (0.120593832413 1.14229033088 0) (0.123397869179 1.1457424548 0) (0.12621804659 1.1492042405 0) (0.129054473232 1.15267573791 0) (0.131907258603 1.15615699731 0) (0.134776513121 1.15964806932 0) (0.137662348137 1.16314900488 0) (0.140564875939 1.16665985529 0) (0.143484209767 1.17018067218 0) (0.14642046382 1.17371150751 0) (0.149373753266 1.17725241363 0) (0.15234419425 1.18080344321 0) (0.15533190391 1.18436464929 0) (0.158337000379 1.18793608526 0) (0.161359602802 1.19151780488 0) (0.164399831345 1.19510986227 0) (0.167457807203 1.19871231193 0) (0.170533652611 1.20232520872 0) (0.173627490858 1.20594860788 0))
    polyLine 60 64 ((0.22164236204 0.592559171304 -0.03) (0.222491323628 0.59286929308 -0.03) (0.223342596934 0.593173011786 -0.03) (0.224196133665 0.593470310192 -0.03) (0.2250518854 0.593761171434 -0.03) (0.225909803592 0.59404557901 -0.03) (0.226769839572 0.594323516785 -0.03) (0.227631944549 0.594594968993 -0.03) (0.228496069617 0.594859920235 -0.03) (0.229362165754 0.595118355478 -0.03) (0.230230183826 0.595370260063 -0.03) (0.231100074591 0.595615619699 -0.03) (0.2319717887 0.595854420466 -0.03) (0.2328452767 0.596086648818 -0.03) (0.233720489039 0.596312291579 -0.03) (0.234597376065 0.596531335951 -0.03) (0.235475888034 0.596743769505 -0.03) (0.236355975106 0.596949580191 -0.03) (0.237237587355 0.597148756333 -0.03) (0.238120674768 0.597341286631 -0.03) (0.239005187245 0.597527160165 -0.03) (0.23989107461 0.597706366388 -0.03) (0.240778286606 0.597878895135 -0.03) (0.241666772901 0.598044736618 -0.03) (0.242556483091 0.598203881429 -0.03) (0.243447366704 0.598356320539 -0.03) (0.244339373199 0.598502045301 -0.03) (0.245232451973 0.598641047448 -0.03) (0.246126552362 0.598773319094 -0.03) (0.247021623643 0.598898852736 -0.03) (0.247917615039 0.599017641251 -0.03) (0.248814475721 0.599129677902 -0.03) (0.249712154809 0.599234956332 -0.03) (0.250610601379 0.599333470568 -0.03) (0.251509764462 0.599425215023 -0.03) (0.252409593047 0.599510184491 -0.03) (0.253310036088 0.599588374152 -0.03) (0.254211042503 0.599659779571 -0.03) (0.255112561178 0.599724396696 -0.03) (0.256014540969 0.599782221862 -0.03) (0.256916930708 0.599833251788 -0.03) (0.257819679201 0.59987748358 -0.03) (0.258722735236 0.599914914728 -0.03) (0.259626047583 0.599945543109 -0.03) (0.260529564997 0.599969366985 -0.03) (0.26143323622 0.599986385005 -0.03) (0.262337009989 0.599996596203 -0.03))
    polyLine 62 66 ((0.22164236204 0.592559171304 0) (0.222491323628 0.59286929308 0) (0.223342596934 0.593173011786 0) (0.224196133665 0.593470310192 0) (0.2250518854 0.593761171434 0) (0.225909803592 0.59404557901 0) (0.226769839572 0.594323516785 0) (0.227631944549 0.594594968993 0) (0.228496069617 0.594859920235 0) (0.229362165754 0.595118355478 0) (0.230230183826 0.595370260063 0) (0.231100074591 0.595615619699 0) (0.2319717887 0.595854420466 0) (0.2328452767 0.596086648818 0) (0.233720489039 0.596312291579 0) (0.234597376065 0.596531335951 0) (0.235475888034 0.596743769505 0) (0.236355975106 0.596949580191 0) (0.237237587355 0.597148756333 0) (0.238120674768 0.597341286631 0) (0.239005187245 0.597527160165 0) (0.23989107461 0.597706366388 0) (0.240778286606 0.597878895135 0) (0.241666772901 0.598044736618 0) (0.242556483091 0.598203881429 0) (0.243447366704 0.598356320539 0) (0.244339373199 0.598502045301 0) (0.245232451973 0.598641047448 0) (0.246126552362 0.598773319094 0) (0.247021623643 0.598898852736 0) (0.247917615039 0.599017641251 0) (0.248814475721 0.599129677902 0) (0.249712154809 0.599234956332 0) (0.250610601379 0.599333470568 0) (0.251509764462 0.599425215023 0) (0.252409593047 0.599510184491 0) (0.253310036088 0.599588374152 0) (0.254211042503 0.599659779571 0) (0.255112561178 0.599724396696 0) (0.256014540969 0.599782221862 0) (0.256916930708 0.599833251788 0) (0.257819679201 0.59987748358 0) (0.258722735236 0.599914914728 0) (0.259626047583 0.599945543109 0) (0.260529564997 0.599969366985 0) (0.26143323622 0.599986385005 0) (0.262337009989 0.599996596203 0))
    polyLine 61 65 ((0.180088048909 1.21348103272 -0.03) (0.183457674997 1.21739171129 -0.03) (0.18684848083 1.22131467028 -0.03) (0.19026062413 1.22524997971 -0.03) (0.19369426409 1.22919771016 -0.03) (0.197149561385 1.23315793272 -0.03) (0.200626678194 1.23713071899 -0.03) (0.204125778214 1.24111614114 -0.03) (0.207647026677 1.24511427188 -0.03) (0.211190590371 1.24912518444 -0.03) (0.214756637653 1.25314895263 -0.03) (0.21834533847 1.25718565081 -0.03) (0.221956864375 1.26123535391 -0.03) (0.225591388549 1.26529813743 -0.03) (0.229249085816 1.26937407745 -0.03) (0.232930132661 1.27346325062 -0.03) (0.236634707256 1.27756573419 -0.03) (0.240362989471 1.28168160601 -0.03) (0.244115160899 1.28581094452 -0.03) (0.247891404875 1.28995382877 -0.03) (0.251691906494 1.29411033843 -0.03) (0.255516852635 1.29828055378 -0.03) (0.259366431979 1.30246455574 -0.03))
    polyLine 63 67 ((0.180088048909 1.21348103272 0) (0.183457674997 1.21739171129 0) (0.18684848083 1.22131467028 0) (0.19026062413 1.22524997971 0) (0.19369426409 1.22919771016 0) (0.197149561385 1.23315793272 0) (0.200626678194 1.23713071899 0) (0.204125778214 1.24111614114 0) (0.207647026677 1.24511427188 0) (0.211190590371 1.24912518444 0) (0.214756637653 1.25314895263 0) (0.21834533847 1.25718565081 0) (0.221956864375 1.26123535391 0) (0.225591388549 1.26529813743 0) (0.229249085816 1.26937407745 0) (0.232930132661 1.27346325062 0) (0.236634707256 1.27756573419 0) (0.240362989471 1.28168160601 0) (0.244115160899 1.28581094452 0) (0.247891404875 1.28995382877 0) (0.251691906494 1.29411033843 0) (0.255516852635 1.29828055378 0) (0.259366431979 1.30246455574 0))
);

boundary
(
    body_fore
    {
        type wall;
        faces
        (
            (0 2 6 4)
            (4 6 10 8)
            (8 10 14 12)
            (12 14 18 16)
            (16 18 22 20)
            (20 22 26 24)
            (24 26 30 28)
            (28 30 34 32)
            (32 34 38 36)
            (36 38 42 40)
            (40 42 46 44)
            (44 46 50 48)
            (48 50 54 52)
            (52 54 58 56)
            (56 58 62 60)
            (60 62 66 64)
        );
    }
    freestream
    {
        type patch;
        faces
        (
            (1 5 7 3)
            (5 9 11 7)
            (9 13 15 11)
            (13 17 19 15)
            (17 21 23 19)
            (21 25 27 23)
            (25 29 31 27)
            (29 33 35 31)
            (33 37 39 35)
            (37 41 43 39)
            (41 45 47 43)
            (45 49 51 47)
            (49 53 55 51)
            (53 57 59 55)
            (57 61 63 59)
            (61 65 67 63)
        );
    }
    outlet
    {
        type patch;
        faces
        (
            (64 66 67 65)
        );
    }
    axis
    {
        type patch;
        faces
        (
            (0 1 3 2)
        );
    }
    front
    {
        type patch;
        faces
        (
            (2 6 7 3)
            (6 10 11 7)
            (10 14 15 11)
            (14 18 19 15)
            (18 22 23 19)
            (22 26 27 23)
            (26 30 31 27)
            (30 34 35 31)
            (34 38 39 35)
            (38 42 43 39)
            (42 46 47 43)
            (46 50 51 47)
            (50 54 55 51)
            (54 58 59 55)
            (58 62 63 59)
            (62 66 67 63)
        );
    }
    back
    {
        type patch;
        faces
        (
            (0 1 5 4)
            (4 5 9 8)
            (8 9 13 12)
            (12 13 17 16)
            (16 17 21 20)
            (20 21 25 24)
            (24 25 29 28)
            (28 29 33 32)
            (32 33 37 36)
            (36 37 41 40)
            (40 41 45 44)
            (44 45 49 48)
            (48 49 53 52)
            (52 53 57 56)
            (56 57 61 60)
            (60 61 65 64)
        );
    }
);
