FoamFile
{
    version     2.0;
    format      ascii;
    class       dictionary;
    object      blockMeshDict;
}
// Generated by aether.cfd - do not edit by hand. Regenerate from the run config.

scale 1;

vertices
(
    (0 0 -0.03)
    (-0.208500645798 6.88760046449e-17 -0.03)
    (0 0 0)
    (-0.208500645798 6.88760046449e-17 0)
    (0.00150849385254 0.0461751287442 -0.03)
    (-0.205318159979 0.0732752466201 -0.03)
    (0.00150849385254 0.0461751287442 0)
    (-0.205318159979 0.0732752466201 0)
    (0.00602700940511 0.0921533959064 -0.03)
    (-0.196084855896 0.145691649496 -0.03)
    (0.00602700940511 0.0921533959064 0)
    (-0.196084855896 0.145691649496 0)
    (0.0135367894762 0.13773871413 -0.03)
    (-0.181588592845 0.216698967706 -0.03)
    (0.0135367894762 0.13773871413 0)
    (-0.181588592845 0.216698967706 0)
    (0.0240053334193 0.182736798429 -0.03)
    (-0.162762647299 0.286187610395 -0.03)
    (0.0240053334193 0.182736798429 0)
    (-0.162762647299 0.286187610395 0)
    (0.0373884582019 0.226955685507 -0.03)
    (-0.140412628218 0.354442677795 -0.03)
    (0.0373884582019 0.226955685507 0)
    (-0.140412628218 0.354442677795 0)
    (0.0536286802495 0.270206964824 -0.03)
    (-0.115091504326 0.422026827195 -0.03)
    (0.0536286802495 0.270206964824 0)
    (-0.115091504326 0.422026827195 0)
    (0.0726571461904 0.312306079537 -0.03)
    (-0.0870835829255 0.489680929076 -0.03)
    (0.0726571461904 0.312306079537 0)
    (-0.0870835829255 0.489680929076 0)
    (0.0943923652992 0.353073691679 -0.03)
    (-0.0564332552516 0.558268271814 -0.03)
    (0.0943923652992 0.353073691679 0)
    (-0.0564332552516 0.558268271814 0)
    (0.118741991214 0.392335806612 -0.03)
    (-0.0229760694022 0.628762433176 -0.03)
    (0.118741991214 0.392335806612 0)
    (-0.0229760694022 0.628762433176 0)
    (0.145601909336 0.429925203066 -0.03)
    (0.0136439606584 0.702266000772 -0.03)
    (0.145601909336 0.429925203066 0)
    (0.0136439606584 0.702266000772 0)
    (0.174857859368 0.465681423748 -0.03)
    (0.0539783787381 0.780058443925 -0.03)
    (0.174857859368 0.465681423748 0)
    (0.0539783787381 0.780058443925 0)
    (0.206297996968 0.499536671862 -0.03)
    (0.0987315933577 0.8635428706 -0.03)
    (0.206297996968 0.499536671862 0)
    (0.0987315933577 0.8635428706 0)
    (0.238305494451 0.53286379479 -0.03)
    (0.147404358629 0.951843930633 -0.03)
    (0.238305494451 0.53286379479 0)
    (0.147404358629 0.951843930633 0)
    (0.270367084167 0.566137724223 -0.03)
    (0.19975175231 1.04464383736 -0.03)
    (0.270367084167 0.566137724223 0)
    (0.19975175231 1.04464383736 0)
    (0.308840323446 0.591212050499 -0.03)
    (0.265557449881 1.15892718697 -0.03)
    (0.308840323446 0.591212050499 0)
    (0.265557449881 1.15892718697 0)
    (0.353914612976 0.6 -0.03)
    (0.353914612976 1.30935089873 -0.03)
    (0.353914612976 0.6 0)
    (0.353914612976 1.30935089873 0)
);

blocks
(
    hex (0 4 5 1 2 6 7 3) (4 48 1) simpleGrading (1 4 1)
    hex (4 8 9 5 6 10 11 7) (4 48 1) simpleGrading (1 4 1)
    hex (8 12 13 9 10 14 15 11) (4 48 1) simpleGrading (1 4 1)
    hex (12 16 17 13 14 18 19 15) (4 48 1) simpleGrading (1 4 1)
    hex (16 20 21 17 18 22 23 19) (4 48 1) simpleGrading (1 4 1)
    hex (20 24 25 21 22 26 27 23) (4 48 1) simpleGrading (1 4 1)
    hex (24 28 29 25 26 30 31 27) (4 48 1) simpleGrading (1 4 1)
    hex (28 32 33 29 30 34 35 31) (4 48 1) simpleGrading (1 4 1)
    hex (32 36 37 33 34 38 39 35) (4 48 1) simpleGrading (1 4 1)
    hex (36 40 41 37 38 42 43 39) (4 48 1) simpleGrading (1 4 1)
    hex (40 44 45 41 42 46 47 43) (4 48 1) simpleGrading (1 4 1)
    hex (44 48 49 45 46 50 51 47) (4 48 1) simpleGrading (1 4 1)
    hex (48 52 53 49 50 54 55 51) (4 48 1) simpleGrading (1 4 1)
    hex (52 56 57 53 54 58 59 55) (4 48 1) simpleGrading (1 4 1)
    hex (56 60 61 57 58 62 63 59) (4 48 1) simpleGrading (1 4 1)
    hex (60 64 65 61 62 66 67 63) (4 48 1) simpleGrading (1 4 1)
);

edges
(
    polyLine 0 4 ((5.47669238325e-07 0.000880332555746 -0.03) (2.19067610541e-06 0.00176066374864 -0.03) (4.92901805776e-06 0.00264099221582 -0.03) (8.76269085601e-06 0.00352131659444 -0.03) (1.36916885653e-05 0.00440163552167 -0.03) (1.97160035549e-05 0.00528194763466 -0.03) (2.68356264986e-05 0.00616225157059 -0.03) (3.50505463742e-05 0.00704254596665 -0.03) (4.43607504644e-05 0.00792282946005 -0.03) (5.47662243555e-05 0.008803100688 -0.03) (6.6266951939e-05 0.00968335828775 -0.03) (7.88629154103e-05 0.0105636008966 -0.03) (9.25540952694e-05 0.0114438271517 -0.03) (0.000107340470321 0.0123240356905 -0.03) (0.000123222017674 0.0132042251503 -0.03) (0.000140198712741 0.0140843941684 -0.03) (0.000158270529242 0.0149645413823 -0.03) (0.000177437439199 0.0158446654293 -0.03) (0.000197699412938 0.016724764947 -0.03) (0.000219056419093 0.0176048385729 -0.03) (0.000241508424601 0.0184848849445 -0.03) (0.000265055394702 0.0193649026993 -0.03) (0.000289697292944 0.0202448904751 -0.03) (0.000315434081178 0.0211248469094 -0.03) (0.000342265719561 0.0220047706401 -0.03) (0.000370192166554 0.0228846603049 -0.03) (0.000399213378924 0.0237645145416 -0.03) (0.000429329311743 0.0246443319882 -0.03) (0.000460539918387 0.0255241112825 -0.03) (0.00049284515054 0.0264038510625 -0.03) (0.000526244958189 0.0272835499664 -0.03) (0.000560739289627 0.0281632066323 -0.03) (0.000596328091454 0.0290428196982 -0.03) (0.000633011308573 0.0299223878026 -0.03) (0.000670788884194 0.0308019095837 -0.03) (0.000709660759835 0.0316813836799 -0.03) (0.000749626875317 0.0325608087298 -0.03) (0.000790687168767 0.0334401833717 -0.03) (0.000832841576619 0.0343195062445 -0.03) (0.000876090033615 0.0351987759867 -0.03) (0.0009204324728 0.0360779912372 -0.03) (0.000965868825526 0.0369571506349 -0.03) (0.00101239902145 0.0378362528187 -0.03) (0.00106002298855 0.0387152964276 -0.03) (0.00110874065309 0.0395942801008 -0.03) (0.00115855193964 0.0404732024776 -0.03) (0.0012094567711 0.0413520621972 -0.03) (0.00126145506866 0.0422308578992 -0.03) (0.00131454675182 0.0431095882229 -0.03) (0.00136873173839 0.043988251808 -0.03) (0.00142400994448 0.0448668472943 -0.03) (0.00148038128452 0.0457453733217 -0.03))
    polyLine 2 6 ((5.47669238325e-07 0.000880332555746 0) (2.19067610541e-06 0.00176066374864 0) (4.92901805776e-06 0.00264099221582 0) (8.76269085601e-06 0.00352131659444 0) (1.36916885653e-05 0.00440163552167 0) (1.97160035549e-05 0.00528194763466 0) (2.68356264986e-05 0.00616225157059 0) (3.50505463742e-05 0.00704254596665 0) (4.43607504644e-05 0.00792282946005 0) (5.47662243555e-05 0.008803100688 0) (6.6266951939e-05 0.00968335828775 0) (7.88629154103e-05 0.0105636008966 0) (9.25540952694e-05 0.0114438271517 0) (0.000107340470321 0.0123240356905 0) (0.000123222017674 0.0132042251503 0) (0.000140198712741 0.0140843941684 0) (0.000158270529242 0.0149645413823 0) (0.000177437439199 0.0158446654293 0) (0.000197699412938 0.016724764947 0) (0.000219056419093 0.0176048385729 0) (0.000241508424601 0.0184848849445 0) (0.000265055394702 0.0193649026993 0) (0.000289697292944 0.0202448904751 0) (0.000315434081178 0.0211248469094 0) (0.000342265719561 0.0220047706401 0) (0.000370192166554 0.0228846603049 0) (0.000399213378924 0.0237645145416 0) (0.000429329311743 0.0246443319882 0) (0.000460539918387 0.0255241112825 0) (0.00049284515054 0.0264038510625 0) (0.000526244958189 0.0272835499664 0) (0.000560739289627 0.0281632066323 0) (0.000596328091454 0.0290428196982 0) (0.000633011308573 0.0299223878026 0) (0.000670788884194 0.0308019095837 0) (0.000709660759835 0.0316813836799 0) (0.000749626875317 0.0325608087298 0) (0.000790687168767 0.0334401833717 0) (0.000832841576619 0.0343195062445 0) (0.000876090033615 0.0351987759867 0) (0.0009204324728 0.0360779912372 0) (0.000965868825526 0.0369571506349 0) (0.00101239902145 0.0378362528187 0) (0.00106002298855 0.0387152964276 0) (0.00110874065309 0.0395942801008 0) (0.00115855193964 0.0404732024776 0) (0.0012094567711 0.0413520621972 0) (0.00126145506866 0.0422308578992 0) (0.00131454675182 0.0431095882229 0) (0.00136873173839 0.043988251808 0) (0.00142400994448 0.0448668472943 0) (0.00148038128452 0.0457453733217 0))
    polyLine 1 5 ((-0.208495095276 0.00305311686175 -0.03) (-0.208478444252 0.00610623289 -0.03) (-0.208450694351 0.00915934728754 -0.03) (-0.20841184828 0.0122124593298 -0.03) (-0.208361909821 0.0152655684009 -0.03) (-0.208300883831 0.01831867403 -0.03) (-0.208228776235 0.0213717759272 -0.03) (-0.208145594018 0.024424874019 -0.03) (-0.208051345214 0.0274779684846 -0.03) (-0.207946038901 0.0305310597906 -0.03) (-0.20782968519 0.0335841487263 -0.03) (-0.207702295208 0.0366372364388 -0.03) (-0.207563881087 0.0396903244672 -0.03) (-0.207414455953 0.0427434147767 -0.03) (-0.207254033905 0.0457965097924 -0.03) (-0.20708263 0.0488496124328 -0.03) (-0.206900260238 0.0519027261423 -0.03) (-0.206706941538 0.054955854924 -0.03) (-0.20650269172 0.0580090033715 -0.03) (-0.206287529487 0.0610621767004 -0.03) (-0.206061474398 0.0641153807789 -0.03) (-0.205824546849 0.0671686221584 -0.03) (-0.205576768045 0.0702219081033 -0.03))
    polyLine 3 7 ((-0.208495095276 0.00305311686175 0) (-0.208478444252 0.00610623289 0) (-0.208450694351 0.00915934728754 0) (-0.20841184828 0.0122124593298 0) (-0.208361909821 0.0152655684009 0) (-0.208300883831 0.01831867403 0) (-0.208228776235 0.0213717759272 0) (-0.208145594018 0.024424874019 0) (-0.208051345214 0.0274779684846 0) (-0.207946038901 0.0305310597906 0) (-0.20782968519 0.0335841487263 0) (-0.207702295208 0.0366372364388 0) (-0.207563881087 0.0396903244672 0) (-0.207414455953 0.0427434147767 0) (-0.207254033905 0.0457965097924 0) (-0.20708263 0.0488496124328 0) (-0.206900260238 0.0519027261423 0) (-0.206706941538 0.054955854924 0) (-0.20650269172 0.0580090033715 0) (-0.206287529487 0.0610621767004 0) (-0.206061474398 0.0641153807789 0) (-0.205824546849 0.0671686221584 0) (-0.205576768045 0.0702219081033 0))
    polyLine 4 8 ((0.00153784567124 0.0466238285299 -0.03) (0.00159640301567 0.0475022115592 -0.03) (0.00165605322717 0.0483805210496 -0.03) (0.00171679621338 0.0492587556414 -0.03) (0.00177863188027 0.050136913975 -0.03) (0.00184156013211 0.051014994691 -0.03) (0.00190558087149 0.0518929964299 -0.03) (0.00197069399928 0.0527709178326 -0.03) (0.00203689941469 0.0536487575398 -0.03) (0.00210419701523 0.0545265141927 -0.03) (0.0021725866967 0.0554041864323 -0.03) (0.00224206835324 0.0562817728998 -0.03) (0.00231264187728 0.0571592722368 -0.03) (0.00238430715956 0.0580366830846 -0.03) (0.00245706408914 0.0589140040851 -0.03) (0.00253091255338 0.05979123388 -0.03) (0.00260585243795 0.0606683711111 -0.03) (0.00268188362684 0.0615454144208 -0.03) (0.00275900600235 0.0624223624511 -0.03) (0.00283721944508 0.0632992138444 -0.03) (0.00291652383394 0.0641759672434 -0.03) (0.00299691904617 0.0650526212906 -0.03) (0.0030784049573 0.0659291746289 -0.03) (0.00316098144119 0.0668056259014 -0.03) (0.00324464837 0.067681973751 -0.03) (0.00332940561419 0.0685582168213 -0.03) (0.00341525304256 0.0694343537557 -0.03) (0.00350219052221 0.0703103831977 -0.03) (0.00359021791854 0.0711863037912 -0.03) (0.00367933509528 0.0720621141802 -0.03) (0.00376954191446 0.0729378130088 -0.03) (0.00386083823645 0.0738133989213 -0.03) (0.00395322391989 0.0746888705623 -0.03) (0.00404669882176 0.0755642265764 -0.03) (0.00414126279736 0.0764394656084 -0.03) (0.00423691570029 0.0773145863034 -0.03) (0.00433365738246 0.0781895873066 -0.03) (0.00443148769412 0.0790644672633 -0.03) (0.0045304064838 0.0799392248193 -0.03) (0.00463041359837 0.0808138586202 -0.03) (0.00473150888301 0.081688367312 -0.03) (0.00483369218122 0.0825627495409 -0.03) (0.00493696333479 0.0834370039532 -0.03) (0.00504132218385 0.0843111291956 -0.03) (0.00514676856685 0.0851851239146 -0.03) (0.00525330232054 0.0860589867574 -0.03) (0.00536092327999 0.086932716371 -0.03) (0.0054696312786 0.0878063114029 -0.03) (0.00557942614807 0.0886797705006 -0.03) (0.00569030771843 0.0895530923118 -0.03) (0.00580227581802 0.0904262754846 -0.03) (0.0059153302735 0.0912993186673 -0.03))
    polyLine 6 10 ((0.00153784567124 0.0466238285299 0) (0.00159640301567 0.0475022115592 0) (0.00165605322717 0.0483805210496 0) (0.00171679621338 0.0492587556414 0) (0.00177863188027 0.050136913975 0) (0.00184156013211 0.051014994691 0) (0.00190558087149 0.0518929964299 0) (0.00197069399928 0.0527709178326 0) (0.00203689941469 0.0536487575398 0) (0.00210419701523 0.0545265141927 0) (0.0021725866967 0.0554041864323 0) (0.00224206835324 0.0562817728998 0) (0.00231264187728 0.0571592722368 0) (0.00238430715956 0.0580366830846 0) (0.00245706408914 0.0589140040851 0) (0.00253091255338 0.05979123388 0) (0.00260585243795 0.0606683711111 0) (0.00268188362684 0.0615454144208 0) (0.00275900600235 0.0624223624511 0) (0.00283721944508 0.0632992138444 0) (0.00291652383394 0.0641759672434 0) (0.00299691904617 0.0650526212906 0) (0.0030784049573 0.0659291746289 0) (0.00316098144119 0.0668056259014 0) (0.00324464837 0.067681973751 0) (0.00332940561419 0.0685582168213 0) (0.00341525304256 0.0694343537557 0) (0.00350219052221 0.0703103831977 0) (0.00359021791854 0.0711863037912 0) (0.00367933509528 0.0720621141802 0) (0.00376954191446 0.0729378130088 0) (0.00386083823645 0.0738133989213 0) (0.00395322391989 0.0746888705623 0) (0.00404669882176 0.0755642265764 0) (0.00414126279736 0.0764394656084 0) (0.00423691570029 0.0773145863034 0) (0.00433365738246 0.0781895873066 0) (0.00443148769412 0.0790644672633 0) (0.0045304064838 0.0799392248193 0) (0.00463041359837 0.0808138586202 0) (0.00473150888301 0.081688367312 0) (0.00483369218122 0.0825627495409 0) (0.00493696333479 0.0834370039532 0) (0.00504132218385 0.0843111291956 0) (0.00514676856685 0.0851851239146 0) (0.00525330232054 0.0860589867574 0) (0.00536092327999 0.086932716371 0) (0.0054696312786 0.0878063114029 0) (0.00557942614807 0.0886797705006 0) (0.00569030771843 0.0895530923118 0) (0.00580227581802 0.0904262754846 0) (0.0059153302735 0.0912993186673 0))
    polyLine 5 9 ((-0.205052172302 0.0762905607076 -0.03) (-0.204775668632 0.0793059438385 -0.03) (-0.204488672261 0.082321406015 -0.03) (-0.204191207126 0.0853369580493 -0.03) (-0.203883297783 0.0883526115886 -0.03) (-0.203564969384 0.0913683791385 -0.03) (-0.203236247645 0.0943842740861 -0.03) (-0.202897158819 0.0974003107232 -0.03) (-0.202547729667 0.100416504268 -0.03) (-0.202187987428 0.103432870885 -0.03) (-0.20181795979 0.106449427709 -0.03) (-0.201437674863 0.109466192861 -0.03) (-0.201047161143 0.112483185472 -0.03) (-0.200646447483 0.115500425698 -0.03) (-0.200235563066 0.118517934739 -0.03) (-0.199814537369 0.121535734858 -0.03) (-0.199383400136 0.124553849398 -0.03) (-0.198942181342 0.127572302796 -0.03) (-0.198490911164 0.130591120599 -0.03) (-0.198029619952 0.133610329481 -0.03) (-0.197558338191 0.136629957258 -0.03) (-0.197077096475 0.139650032899 -0.03) (-0.196585925472 0.142670586539 -0.03))
    polyLine 7 11 ((-0.205052172302 0.0762905607076 0) (-0.204775668632 0.0793059438385 0) (-0.204488672261 0.082321406015 0) (-0.204191207126 0.0853369580493 0) (-0.203883297783 0.0883526115886 0) (-0.203564969384 0.0913683791385 0) (-0.203236247645 0.0943842740861 0) (-0.202897158819 0.0974003107232 0) (-0.202547729667 0.100416504268 0) (-0.202187987428 0.103432870885 0) (-0.20181795979 0.106449427709 0) (-0.201437674863 0.109466192861 0) (-0.201047161143 0.112483185472 0) (-0.200646447483 0.115500425698 0) (-0.200235563066 0.118517934739 0) (-0.199814537369 0.121535734858 0) (-0.199383400136 0.124553849398 0) (-0.198942181342 0.127572302796 0) (-0.198490911164 0.130591120599 0) (-0.198029619952 0.133610329481 0) (-0.197558338191 0.136629957258 0) (-0.197077096475 0.139650032899 0) (-0.196585925472 0.142670586539 0))
    polyLine 8 12 ((0.00602947090986 0.0921722205081 -0.03) (0.00614469755037 0.0930449796559 -0.03) (0.00626101001668 0.0939175947594 -0.03) (0.0063784081287 0.0947900644677 -0.03) (0.00649689170469 0.0956623874302 -0.03) (0.00661646056123 0.0965345622963 -0.03) (0.0067371145132 0.097406587716 -0.03) (0.00685885337384 0.0982784623391 -0.03) (0.00698167695466 0.099150184816 -0.03) (0.00710558506552 0.100021753797 -0.03) (0.00723057751461 0.100893167933 -0.03) (0.00735665410841 0.101764425875 -0.03) (0.00748381465174 0.102635526274 -0.03) (0.00761205894776 0.103506467781 -0.03) (0.00774138679791 0.104377249048 -0.03) (0.00787179800199 0.105247868728 -0.03) (0.00800329235811 0.106118325472 -0.03) (0.00813586966269 0.106988617932 -0.03) (0.00826952971049 0.107858744762 -0.03) (0.00840427229459 0.108728704615 -0.03) (0.00854009720639 0.109598496143 -0.03) (0.00867700423563 0.110468118 -0.03) (0.00881499317035 0.111337568839 -0.03) (0.00895406379693 0.112206847316 -0.03) (0.00909421590007 0.113075952083 -0.03) (0.00923544926281 0.113944881796 -0.03) (0.00937776366649 0.114813635109 -0.03) (0.0095211588908 0.115682210678 -0.03) (0.00966563471374 0.116550607157 -0.03) (0.00981119091166 0.117418823202 -0.03) (0.00995782725921 0.11828685747 -0.03) (0.0101055435294 0.119154708617 -0.03) (0.0102543394935 0.120022375298 -0.03) (0.0104042149212 0.120889856171 -0.03) (0.0105551695805 0.121757149892 -0.03) (0.0107072032376 0.12262425512 -0.03) (0.0108603156572 0.123491170511 -0.03) (0.0110145066023 0.124357894724 -0.03) (0.0111697758342 0.125224426417 -0.03) (0.0113261231124 0.126090764248 -0.03) (0.011483548195 0.126956906876 -0.03) (0.0116420508383 0.12782285296 -0.03) (0.0118016307968 0.12868860116 -0.03) (0.0119622878234 0.129554150135 -0.03) (0.0121240216696 0.130419498545 -0.03) (0.0122868320849 0.131284645052 -0.03) (0.0124507188172 0.132149588314 -0.03) (0.0126156816129 0.133014326994 -0.03) (0.0127817202166 0.133878859753 -0.03) (0.0129488343711 0.134743185252 -0.03) (0.0131170238179 0.135607302153 -0.03) (0.0132862882965 0.136471209118 -0.03) (0.0134566275449 0.137334904811 -0.03))
    polyLine 10 14 ((0.00602947090986 0.0921722205081 0) (0.00614469755037 0.0930449796559 0) (0.00626101001668 0.0939175947594 0) (0.0063784081287 0.0947900644677 0) (0.00649689170469 0.0956623874302 0) (0.00661646056123 0.0965345622963 0) (0.0067371145132 0.097406587716 0) (0.00685885337384 0.0982784623391 0) (0.00698167695466 0.099150184816 0) (0.00710558506552 0.100021753797 0) (0.00723057751461 0.100893167933 0) (0.00735665410841 0.101764425875 0) (0.00748381465174 0.102635526274 0) (0.00761205894776 0.103506467781 0) (0.00774138679791 0.104377249048 0) (0.00787179800199 0.105247868728 0) (0.00800329235811 0.106118325472 0) (0.00813586966269 0.106988617932 0) (0.00826952971049 0.107858744762 0) (0.00840427229459 0.108728704615 0) (0.00854009720639 0.109598496143 0) (0.00867700423563 0.110468118 0) (0.00881499317035 0.111337568839 0) (0.00895406379693 0.112206847316 0) (0.00909421590007 0.113075952083 0) (0.00923544926281 0.113944881796 0) (0.00937776366649 0.114813635109 0) (0.0095211588908 0.115682210678 0) (0.00966563471374 0.116550607157 0) (0.00981119091166 0.117418823202 0) (0.00995782725921 0.11828685747 0) (0.0101055435294 0.119154708617 0) (0.0102543394935 0.120022375298 0) (0.0104042149212 0.120889856171 0) (0.0105551695805 0.121757149892 0) (0.0107072032376 0.12262425512 0) (0.0108603156572 0.123491170511 0) (0.0110145066023 0.124357894724 0) (0.0111697758342 0.125224426417 0) (0.0113261231124 0.126090764248 0) (0.011483548195 0.126956906876 0) (0.0116420508383 0.12782285296 0) (0.0118016307968 0.12868860116 0) (0.0119622878234 0.129554150135 0) (0.0121240216696 0.130419498545 0) (0.0122868320849 0.131284645052 0) (0.0124507188172 0.132149588314 0) (0.0126156816129 0.133014326994 0) (0.0127817202166 0.133878859753 0) (0.0129488343711 0.134743185252 0) (0.0131170238179 0.135607302153 0) (0.0132862882965 0.136471209118 0) (0.0134566275449 0.137334904811 0))
    polyLine 9 13 ((-0.195586292744 0.148640750027 -0.03) (-0.195078358131 0.151590398025 -0.03) (-0.194561080559 0.154540625922 -0.03) (-0.19403448846 0.157491467266 -0.03) (-0.193498610162 0.160442956726 -0.03) (-0.192953473868 0.163395130099 -0.03) (-0.192399107624 0.166348024322 -0.03) (-0.191835539298 0.169301677479 -0.03) (-0.191262796545 0.172256128807 -0.03) (-0.190680906788 0.175211418704 -0.03) (-0.190089897188 0.178167588736 -0.03) (-0.189489794621 0.181124681645 -0.03) (-0.188880625646 0.184082741352 -0.03) (-0.188262416489 0.187041812967 -0.03) (-0.187635193009 0.190001942791 -0.03) (-0.186998980677 0.192963178325 -0.03) (-0.186353804555 0.195925568274 -0.03) (-0.185699689263 0.198889162548 -0.03) (-0.185036658965 0.201854012277 -0.03) (-0.184364737337 0.204820169803 -0.03) (-0.183683947551 0.207787688697 -0.03) (-0.182994312244 0.210756623754 -0.03) (-0.182295853505 0.213727031002 -0.03))
    polyLine 11 15 ((-0.195586292744 0.148640750027 0) (-0.195078358131 0.151590398025 0) (-0.194561080559 0.154540625922 0) (-0.19403448846 0.157491467266 0) (-0.193498610162 0.160442956726 0) (-0.192953473868 0.163395130099 0) (-0.192399107624 0.166348024322 0) (-0.191835539298 0.169301677479 0) (-0.191262796545 0.172256128807 0) (-0.190680906788 0.175211418704 0) (-0.190089897188 0.178167588736 0) (-0.189489794621 0.181124681645 0) (-0.188880625646 0.184082741352 0) (-0.188262416489 0.187041812967 0) (-0.187635193009 0.190001942791 0) (-0.186998980677 0.192963178325 0) (-0.186353804555 0.195925568274 0) (-0.185699689263 0.198889162548 0) (-0.185036658965 0.201854012277 0) (-0.184364737337 0.204820169803 0) (-0.183683947551 0.207787688697 0) (-0.182994312244 0.210756623754 0) (-0.182295853505 0.213727031002 0))
    polyLine 12 16 ((0.0136280412993 0.138198387893 -0.03) (0.0138005292945 0.139061657028 -0.03) (0.0139740912633 0.13992471088 -0.03) (0.0141487269371 0.140787548113 -0.03) (0.0143244360456 0.141650167391 -0.03) (0.0145012183167 0.142512567377 -0.03) (0.0146790734767 0.143374746738 -0.03) (0.0148580012503 0.144236704139 -0.03) (0.0150380013605 0.145098438245 -0.03) (0.0152190735286 0.145959947722 -0.03) (0.0154012174744 0.146821231236 -0.03) (0.0155844329158 0.147682287454 -0.03) (0.0157687195692 0.148543115043 -0.03) (0.0159540771492 0.14940371267 -0.03) (0.016140505369 0.150264079003 -0.03) (0.01632800394 0.151124212711 -0.03) (0.0165165725718 0.151984112461 -0.03) (0.0167062109726 0.152843776922 -0.03) (0.0168969188487 0.153703204763 -0.03) (0.0170886959049 0.154562394654 -0.03) (0.0172815418443 0.155421345266 -0.03) (0.0174754563684 0.156280055267 -0.03) (0.017670439177 0.157138523328 -0.03) (0.0178664899682 0.157996748122 -0.03) (0.0180636084386 0.158854728318 -0.03) (0.0182617942828 0.159712462589 -0.03) (0.0184610471942 0.160569949607 -0.03) (0.0186613668643 0.161427188044 -0.03) (0.0188627529829 0.162284176574 -0.03) (0.0190652052383 0.163140913869 -0.03) (0.0192687233171 0.163997398604 -0.03) (0.0194733069041 0.164853629451 -0.03) (0.0196789556828 0.165709605087 -0.03) (0.0198856693346 0.166565324185 -0.03) (0.0200934475396 0.167420785421 -0.03) (0.0203022899762 0.16827598747 -0.03) (0.0205121963209 0.169130929009 -0.03) (0.0207231662489 0.169985608714 -0.03) (0.0209351994336 0.170840025262 -0.03) (0.0211482955467 0.17169417733 -0.03) (0.0213624542582 0.172548063596 -0.03) (0.0215776752368 0.173401682737 -0.03) (0.0217939581491 0.174255033434 -0.03) (0.0220113026603 0.175108114363 -0.03) (0.022229708434 0.175960924205 -0.03) (0.022449175132 0.176813461639 -0.03) (0.0226697024147 0.177665725346 -0.03) (0.0228912899405 0.178517714007 -0.03) (0.0231139373665 0.179369426301 -0.03) (0.0233376443479 0.180220860911 -0.03) (0.0235624105385 0.181072016518 -0.03) (0.0237882355902 0.181922891806 -0.03))
    polyLine 14 18 ((0.0136280412993 0.138198387893 0) (0.0138005292945 0.139061657028 0) (0.0139740912633 0.13992471088 0) (0.0141487269371 0.140787548113 0) (0.0143244360456 0.141650167391 0) (0.0145012183167 0.142512567377 0) (0.0146790734767 0.143374746738 0) (0.0148580012503 0.144236704139 0) (0.0150380013605 0.145098438245 0) (0.0152190735286 0.145959947722 0) (0.0154012174744 0.146821231236 0) (0.0155844329158 0.147682287454 0) (0.0157687195692 0.148543115043 0) (0.0159540771492 0.14940371267 0) (0.016140505369 0.150264079003 0) (0.01632800394 0.151124212711 0) (0.0165165725718 0.151984112461 0) (0.0167062109726 0.152843776922 0) (0.0168969188487 0.153703204763 0) (0.0170886959049 0.154562394654 0) (0.0172815418443 0.155421345266 0) (0.0174754563684 0.156280055267 0) (0.017670439177 0.157138523328 0) (0.0178664899682 0.157996748122 0) (0.0180636084386 0.158854728318 0) (0.0182617942828 0.159712462589 0) (0.0184610471942 0.160569949607 0) (0.0186613668643 0.161427188044 0) (0.0188627529829 0.162284176574 0) (0.0190652052383 0.163140913869 0) (0.0192687233171 0.163997398604 0) (0.0194733069041 0.164853629451 0) (0.0196789556828 0.165709605087 0) (0.0198856693346 0.166565324185 0) (0.0200934475396 0.167420785421 0) (0.0203022899762 0.16827598747 0) (0.0205121963209 0.169130929009 0) (0.0207231662489 0.169985608714 0) (0.0209351994336 0.170840025262 0) (0.0211482955467 0.17169417733 0) (0.0213624542582 0.172548063596 0) (0.0215776752368 0.173401682737 0) (0.0217939581491 0.174255033434 0) (0.0220113026603 0.175108114363 0) (0.022229708434 0.175960924205 0) (0.022449175132 0.176813461639 0) (0.0226697024147 0.177665725346 0) (0.0228912899405 0.178517714007 0) (0.0231139373665 0.179369426301 0) (0.0233376443479 0.180220860911 0) (0.0235624105385 0.181072016518 0) (0.0237882355902 0.181922891806 0))
    polyLine 13 17 ((-0.18089699763 0.219571543186 -0.03) (-0.180197225666 0.222445654508 -0.03) (-0.179489294702 0.225321356612 -0.03) (-0.178773221917 0.228198705526 -0.03) (-0.178049023895 0.231077758375 -0.03) (-0.177316716613 0.233958573379 -0.03) (-0.17657631542 0.236841209863 -0.03) (-0.175827835027 0.239725728253 -0.03) (-0.175071289482 0.242612190086 -0.03) (-0.174306692161 0.24550065801 -0.03) (-0.173534055751 0.248391195787 -0.03) (-0.172753392229 0.2512838683 -0.03) (-0.171964712855 0.254178741554 -0.03) (-0.17116802815 0.257075882682 -0.03) (-0.170363347886 0.259975359946 -0.03) (-0.169550681067 0.262877242746 -0.03) (-0.16873003592 0.265781601618 -0.03) (-0.167901419875 0.268688508246 -0.03) (-0.167064839555 0.271598035458 -0.03) (-0.16622030076 0.27451025724 -0.03) (-0.165367808454 0.277425248734 -0.03) (-0.164507366752 0.280343086245 -0.03) (-0.163638978909 0.283263847249 -0.03))
    polyLine 15 19 ((-0.18089699763 0.219571543186 0) (-0.180197225666 0.222445654508 0) (-0.179489294702 0.225321356612 0) (-0.178773221917 0.228198705526 0) (-0.178049023895 0.231077758375 0) (-0.177316716613 0.233958573379 0) (-0.17657631542 0.236841209863 0) (-0.175827835027 0.239725728253 0) (-0.175071289482 0.242612190086 0) (-0.174306692161 0.24550065801 0) (-0.173534055751 0.248391195787 0) (-0.172753392229 0.2512838683 0) (-0.171964712855 0.254178741554 0) (-0.17116802815 0.257075882682 0) (-0.170363347886 0.259975359946 0) (-0.169550681067 0.262877242746 0) (-0.16873003592 0.265781601618 0) (-0.167901419875 0.268688508246 0) (-0.167064839555 0.271598035458 0) (-0.16622030076 0.27451025724 0) (-0.165367808454 0.277425248734 0) (-0.164507366752 0.280343086245 0) (-0.163638978909 0.283263847249 0))
    polyLine 16 20 ((0.0240151191535 0.182773485456 -0.03) (0.0242430608772 0.183623796151 -0.03) (0.0244720604083 0.184473822577 -0.03) (0.0247021173923 0.185323563415 -0.03) (0.0249332314731 0.186173017352 -0.03) (0.0251654022929 0.187022183071 -0.03) (0.0253986294923 0.187871059259 -0.03) (0.0256329127101 0.188719644601 -0.03) (0.0258682515838 0.189567937783 -0.03) (0.0261046457489 0.190415937493 -0.03) (0.0263420948395 0.191263642417 -0.03) (0.0265805984881 0.192111051243 -0.03) (0.0268201563253 0.192958162659 -0.03) (0.0270607679803 0.193804975353 -0.03) (0.0273024330806 0.194651488016 -0.03) (0.0275451512522 0.195497699336 -0.03) (0.0277889221191 0.196343608003 -0.03) (0.0280337453041 0.197189212708 -0.03) (0.0282796204282 0.198034512141 -0.03) (0.0285265471107 0.198879504994 -0.03) (0.0287745249692 0.19972418996 -0.03) (0.02902355362 0.200568565729 -0.03) (0.0292736326775 0.201412630995 -0.03) (0.0295247617546 0.202256384451 -0.03) (0.0297769404624 0.203099824792 -0.03) (0.0300301684106 0.203942950711 -0.03) (0.0302844452071 0.204785760903 -0.03) (0.0305397704584 0.205628254063 -0.03) (0.0307961437691 0.206470428887 -0.03) (0.0310535647423 0.207312284071 -0.03) (0.0313120329795 0.208153818312 -0.03) (0.0315715480805 0.208995030307 -0.03) (0.0318321096437 0.209835918754 -0.03) (0.0320937172657 0.210676482351 -0.03) (0.0323563705413 0.211516719797 -0.03) (0.0326200690641 0.212356629791 -0.03) (0.0328848124258 0.213196211033 -0.03) (0.0331506002165 0.214035462222 -0.03) (0.0334174320248 0.21487438206 -0.03) (0.0336853074375 0.215712969248 -0.03) (0.03395422604 0.216551222488 -0.03) (0.034224187416 0.217389140482 -0.03) (0.0344951911475 0.218226721932 -0.03) (0.034767236815 0.219063965543 -0.03) (0.0350403239973 0.219900870017 -0.03) (0.0353144522716 0.22073743406 -0.03) (0.0355896212137 0.221573656376 -0.03) (0.0358658303974 0.222409535671 -0.03) (0.0361430793952 0.22324507065 -0.03) (0.0364213677778 0.224080260021 -0.03) (0.0367006951145 0.22491510249 -0.03) (0.0369810609728 0.225749596764 -0.03) (0.0372624649187 0.226583741553 -0.03))
    polyLine 18 22 ((0.0240151191535 0.182773485456 0) (0.0242430608772 0.183623796151 0) (0.0244720604083 0.184473822577 0) (0.0247021173923 0.185323563415 0) (0.0249332314731 0.186173017352 0) (0.0251654022929 0.187022183071 0) (0.0253986294923 0.187871059259 0) (0.0256329127101 0.188719644601 0) (0.0258682515838 0.189567937783 0) (0.0261046457489 0.190415937493 0) (0.0263420948395 0.191263642417 0) (0.0265805984881 0.192111051243 0) (0.0268201563253 0.192958162659 0) (0.0270607679803 0.193804975353 0) (0.0273024330806 0.194651488016 0) (0.0275451512522 0.195497699336 0) (0.0277889221191 0.196343608003 0) (0.0280337453041 0.197189212708 0) (0.0282796204282 0.198034512141 0) (0.0285265471107 0.198879504994 0) (0.0287745249692 0.19972418996 0) (0.02902355362 0.200568565729 0) (0.0292736326775 0.201412630995 0) (0.0295247617546 0.202256384451 0) (0.0297769404624 0.203099824792 0) (0.0300301684106 0.203942950711 0) (0.0302844452071 0.204785760903 0) (0.0305397704584 0.205628254063 0) (0.0307961437691 0.206470428887 0) (0.0310535647423 0.207312284071 0) (0.0313120329795 0.208153818312 0) (0.0315715480805 0.208995030307 0) (0.0318321096437 0.209835918754 0) (0.0320937172657 0.210676482351 0) (0.0323563705413 0.211516719797 0) (0.0326200690641 0.212356629791 0) (0.0328848124258 0.213196211033 0) (0.0331506002165 0.214035462222 0) (0.0334174320248 0.21487438206 0) (0.0336853074375 0.215712969248 0) (0.03395422604 0.216551222488 0) (0.034224187416 0.217389140482 0) (0.0344951911475 0.218226721932 0) (0.034767236815 0.219063965543 0) (0.0350403239973 0.219900870017 0) (0.0353144522716 0.22073743406 0) (0.0355896212137 0.221573656376 0) (0.0358658303974 0.222409535671 0) (0.0361430793952 0.22324507065 0) (0.0364213677778 0.224080260021 0) (0.0367006951145 0.22491510249 0) (0.0369810609728 0.225749596764 0) (0.0372624649187 0.226583741553 0))
    polyLine 17 21 ((-0.16191561063 0.288991669615 -0.03) (-0.161061284299 0.291798628991 -0.03) (-0.160199668068 0.294608560752 -0.03) (-0.159330760921 0.297421538141 -0.03) (-0.158454561048 0.300237635415 -0.03) (-0.157571065842 0.303056927852 -0.03) (-0.156680271884 0.305879491761 -0.03) (-0.155782174937 0.308705404484 -0.03) (-0.15487676993 0.311534744401 -0.03) (-0.153964050956 0.314367590944 -0.03) (-0.153044011258 0.317204024597 -0.03) (-0.152116643217 0.320044126906 -0.03) (-0.151181938348 0.322887980487 -0.03) (-0.150239887286 0.325735669033 -0.03) (-0.149290479778 0.328587277325 -0.03) (-0.148333704674 0.331442891234 -0.03) (-0.147369549913 0.334302597737 -0.03) (-0.146398002522 0.337166484921 -0.03) (-0.145419048595 0.340034641995 -0.03) (-0.144432673295 0.342907159301 -0.03) (-0.143438860834 0.345784128318 -0.03) (-0.14243759447 0.34866564168 -0.03) (-0.141428856493 0.351551793183 -0.03))
    polyLine 19 23 ((-0.16191561063 0.288991669615 0) (-0.161061284299 0.291798628991 0) (-0.160199668068 0.294608560752 0) (-0.159330760921 0.297421538141 0) (-0.158454561048 0.300237635415 0) (-0.157571065842 0.303056927852 0) (-0.156680271884 0.305879491761 0) (-0.155782174937 0.308705404484 0) (-0.15487676993 0.311534744401 0) (-0.153964050956 0.314367590944 0) (-0.153044011258 0.317204024597 0) (-0.152116643217 0.320044126906 0) (-0.151181938348 0.322887980487 0) (-0.150239887286 0.325735669033 0) (-0.149290479778 0.328587277325 0) (-0.148333704674 0.331442891234 0) (-0.147369549913 0.334302597737 0) (-0.146398002522 0.337166484921 0) (-0.145419048595 0.340034641995 0) (-0.144432673295 0.342907159301 0) (-0.143438860834 0.345784128318 0) (-0.14243759447 0.34866564168 0) (-0.141428856493 0.351551793183 0))
    polyLine 20 24 ((0.0375449065165 0.227417535563 -0.03) (0.0378283853289 0.228250977506 -0.03) (0.0381129009172 0.22908406609 -0.03) (0.0383984528409 0.229916800025 -0.03) (0.0386850406578 0.230749178024 -0.03) (0.0389726639243 0.231581198796 -0.03) (0.0392613221952 0.232412861054 -0.03) (0.0395510150235 0.23324416351 -0.03) (0.0398417419609 0.234075104878 -0.03) (0.0401335025571 0.23490568387 -0.03) (0.0404262963606 0.235735899202 -0.03) (0.040720122918 0.236565749588 -0.03) (0.0410149817746 0.237395233743 -0.03) (0.0413108724737 0.238224350383 -0.03) (0.0416077945573 0.239053098225 -0.03) (0.0419057475658 0.239881475985 -0.03) (0.0422047310379 0.240709482381 -0.03) (0.0425047445107 0.241537116131 -0.03) (0.0428057875198 0.242364375955 -0.03) (0.0431078595991 0.24319126057 -0.03) (0.0434109602811 0.244017768698 -0.03) (0.0437150890963 0.244843899058 -0.03) (0.0440202455741 0.245669650372 -0.03) (0.044326429242 0.246495021362 -0.03) (0.0446336396261 0.247320010749 -0.03) (0.0449418762506 0.248144617256 -0.03) (0.0452511386384 0.248968839607 -0.03) (0.0455614263108 0.249792676526 -0.03) (0.0458727387874 0.250616126738 -0.03) (0.0461850755862 0.251439188967 -0.03) (0.0464984362237 0.252261861939 -0.03) (0.0468128202148 0.253084144381 -0.03) (0.0471282270728 0.25390603502 -0.03) (0.0474446563093 0.254727532584 -0.03) (0.0477621074346 0.2555486358 -0.03) (0.0480805799572 0.256369343398 -0.03) (0.0484000733841 0.257189654106 -0.03) (0.0487205872206 0.258009566656 -0.03) (0.0490421209705 0.258829079778 -0.03) (0.0493646741361 0.259648192202 -0.03) (0.049688246218 0.260466902662 -0.03) (0.0500128367153 0.261285209889 -0.03) (0.0503384451255 0.262103112616 -0.03) (0.0506650709445 0.262920609578 -0.03) (0.0509927136667 0.263737699509 -0.03) (0.0513213727848 0.264554381144 -0.03) (0.0516510477901 0.265370653219 -0.03) (0.0519817381721 0.266186514469 -0.03) (0.0523134434189 0.267001963632 -0.03) (0.052646163017 0.267816999446 -0.03) (0.0529798964513 0.268631620649 -0.03) (0.0533146432052 0.269445825979 -0.03))
    polyLine 22 26 ((0.0375449065165 0.227417535563 0) (0.0378283853289 0.228250977506 0) (0.0381129009172 0.22908406609 0) (0.0383984528409 0.229916800025 0) (0.0386850406578 0.230749178024 0) (0.0389726639243 0.231581198796 0) (0.0392613221952 0.232412861054 0) (0.0395510150235 0.23324416351 0) (0.0398417419609 0.234075104878 0) (0.0401335025571 0.23490568387 0) (0.0404262963606 0.235735899202 0) (0.040720122918 0.236565749588 0) (0.0410149817746 0.237395233743 0) (0.0413108724737 0.238224350383 0) (0.0416077945573 0.239053098225 0) (0.0419057475658 0.239881475985 0) (0.0422047310379 0.240709482381 0) (0.0425047445107 0.241537116131 0) (0.0428057875198 0.242364375955 0) (0.0431078595991 0.24319126057 0) (0.0434109602811 0.244017768698 0) (0.0437150890963 0.244843899058 0) (0.0440202455741 0.245669650372 0) (0.044326429242 0.246495021362 0) (0.0446336396261 0.247320010749 0) (0.0449418762506 0.248144617256 0) (0.0452511386384 0.248968839607 0) (0.0455614263108 0.249792676526 0) (0.0458727387874 0.250616126738 0) (0.0461850755862 0.251439188967 0) (0.0464984362237 0.252261861939 0) (0.0468128202148 0.253084144381 0) (0.0471282270728 0.25390603502 0) (0.0474446563093 0.254727532584 0) (0.0477621074346 0.2555486358 0) (0.0480805799572 0.256369343398 0) (0.0484000733841 0.257189654106 0) (0.0487205872206 0.258009566656 0) (0.0490421209705 0.258829079778 0) (0.0493646741361 0.259648192202 0) (0.049688246218 0.260466902662 0) (0.0500128367153 0.261285209889 0) (0.0503384451255 0.262103112616 0) (0.0506650709445 0.262920609578 0) (0.0509927136667 0.263737699509 0) (0.0513213727848 0.264554381144 0) (0.0516510477901 0.265370653219 0) (0.0519817381721 0.266186514469 0) (0.0523134434189 0.267001963632 0) (0.052646163017 0.267816999446 0) (0.0529798964513 0.268631620649 0) (0.0533146432052 0.269445825979 0))
    polyLine 21 25 ((-0.139438041699 0.357199735916 -0.03) (-0.138456628829 0.359961256249 -0.03) (-0.137468370962 0.362727323798 -0.03) (-0.136473248614 0.365498024568 -0.03) (-0.135471241461 0.368273445582 -0.03) (-0.134462328325 0.371053674883 -0.03) (-0.133446487171 0.37383880155 -0.03) (-0.132423695093 0.37662891571 -0.03) (-0.13139392831 0.379424108542 -0.03) (-0.130357162156 0.3822244723 -0.03) (-0.129313371071 0.385030100316 -0.03) (-0.12826252859 0.387841087015 -0.03) (-0.127204607339 0.390657527929 -0.03) (-0.12613957902 0.39347951971 -0.03) (-0.125067414409 0.396307160144 -0.03) (-0.123988083337 0.399140548162 -0.03) (-0.122901554689 0.401979783855 -0.03) (-0.121807796391 0.404824968493 -0.03) (-0.120706775397 0.407676204535 -0.03) (-0.119598457684 0.410533595646 -0.03) (-0.11848280824 0.413397246713 -0.03) (-0.117359791052 0.416267263861 -0.03) (-0.116229369096 0.419143754471 -0.03))
    polyLine 23 27 ((-0.139438041699 0.357199735916 0) (-0.138456628829 0.359961256249 0) (-0.137468370962 0.362727323798 0) (-0.136473248614 0.365498024568 0) (-0.135471241461 0.368273445582 0) (-0.134462328325 0.371053674883 0) (-0.133446487171 0.37383880155 0) (-0.132423695093 0.37662891571 0) (-0.13139392831 0.379424108542 0) (-0.130357162156 0.3822244723 0) (-0.129313371071 0.385030100316 0) (-0.12826252859 0.387841087015 0) (-0.127204607339 0.390657527929 0) (-0.12613957902 0.39347951971 0) (-0.125067414409 0.396307160144 0) (-0.123988083337 0.399140548162 0) (-0.122901554689 0.401979783855 0) (-0.121807796391 0.404824968493 0) (-0.120706775397 0.407676204535 0) (-0.119598457684 0.410533595646 0) (-0.11848280824 0.413397246713 0) (-0.117359791052 0.416267263861 0) (-0.116229369096 0.419143754471 0))
    polyLine 24 28 ((0.0536504027604 0.270259614176 -0.03) (0.0539871745971 0.27107298398 -0.03) (0.0543249581939 0.271885934132 -0.03) (0.0546637530281 0.272698463374 -0.03) (0.0550035585749 0.273510570448 -0.03) (0.0553443743084 0.274322254096 -0.03) (0.055686199701 0.275133513062 -0.03) (0.0560290342235 0.27594434609 -0.03) (0.0563728773451 0.276754751924 -0.03) (0.0567177285336 0.27756472931 -0.03) (0.057063587255 0.278374276995 -0.03) (0.0574104529739 0.279183393724 -0.03) (0.0577583251534 0.279992078246 -0.03) (0.0581072032548 0.280800329308 -0.03) (0.0584570867382 0.281608145658 -0.03) (0.0588079750618 0.282415526048 -0.03) (0.0591598676824 0.283222469226 -0.03) (0.0595127640552 0.284028973943 -0.03) (0.059866663634 0.28483503895 -0.03) (0.0602215658708 0.285640663001 -0.03) (0.0605774702162 0.286445844847 -0.03) (0.0609343761192 0.287250583243 -0.03) (0.0612922830274 0.288054876941 -0.03) (0.0616511903866 0.288858724698 -0.03) (0.0620110976412 0.289662125269 -0.03) (0.062372004234 0.290465077409 -0.03) (0.0627339096062 0.291267579877 -0.03) (0.0630968131978 0.292069631429 -0.03) (0.0634607144467 0.292871230823 -0.03) (0.0638256127896 0.29367237682 -0.03) (0.0641915076617 0.294473068178 -0.03) (0.0645583984965 0.295273303659 -0.03) (0.064926284726 0.296073082022 -0.03) (0.0652951657806 0.296872402031 -0.03) (0.0656650410894 0.297671262447 -0.03) (0.0660359100797 0.298469662034 -0.03) (0.0664077721773 0.299267599556 -0.03) (0.0667806268065 0.300065073778 -0.03) (0.0671544733902 0.300862083464 -0.03) (0.0675293113496 0.301658627382 -0.03) (0.0679051401044 0.302454704298 -0.03) (0.0682819590728 0.303250312979 -0.03) (0.0686597676713 0.304045452194 -0.03) (0.0690385653152 0.304840120712 -0.03) (0.069418351418 0.305634317303 -0.03) (0.0697991253917 0.306428040737 -0.03) (0.0701808866468 0.307221289785 -0.03) (0.0705636345924 0.30801406322 -0.03) (0.070947368636 0.308806359814 -0.03) (0.0713320881833 0.30959817834 -0.03) (0.071717792639 0.310389517573 -0.03) (0.0721044814057 0.311180376287 -0.03) (0.072492153885 0.311970753259 -0.03))
    polyLine 26 30 ((0.0536504027604 0.270259614176 0) (0.0539871745971 0.27107298398 0) (0.0543249581939 0.271885934132 0) (0.0546637530281 0.272698463374 0) (0.0550035585749 0.273510570448 0) (0.0553443743084 0.274322254096 0) (0.055686199701 0.275133513062 0) (0.0560290342235 0.27594434609 0) (0.0563728773451 0.276754751924 0) (0.0567177285336 0.27756472931 0) (0.057063587255 0.278374276995 0) (0.0574104529739 0.279183393724 0) (0.0577583251534 0.279992078246 0) (0.0581072032548 0.280800329308 0) (0.0584570867382 0.281608145658 0) (0.0588079750618 0.282415526048 0) (0.0591598676824 0.283222469226 0) (0.0595127640552 0.284028973943 0) (0.059866663634 0.28483503895 0) (0.0602215658708 0.285640663001 0) (0.0605774702162 0.286445844847 0) (0.0609343761192 0.287250583243 0) (0.0612922830274 0.288054876941 0) (0.0616511903866 0.288858724698 0) (0.0620110976412 0.289662125269 0) (0.062372004234 0.290465077409 0) (0.0627339096062 0.291267579877 0) (0.0630968131978 0.292069631429 0) (0.0634607144467 0.292871230823 0) (0.0638256127896 0.29367237682 0) (0.0641915076617 0.294473068178 0) (0.0645583984965 0.295273303659 0) (0.064926284726 0.296073082022 0) (0.0652951657806 0.296872402031 0) (0.0656650410894 0.297671262447 0) (0.0660359100797 0.298469662034 0) (0.0664077721773 0.299267599556 0) (0.0667806268065 0.300065073778 0) (0.0671544733902 0.300862083464 0) (0.0675293113496 0.301658627382 0) (0.0679051401044 0.302454704298 0) (0.0682819590728 0.303250312979 0) (0.0686597676713 0.304045452194 0) (0.0690385653152 0.304840120712 0) (0.069418351418 0.305634317303 0) (0.0697991253917 0.306428040737 0) (0.0701808866468 0.307221289785 0) (0.0705636345924 0.30801406322 0) (0.070947368636 0.308806359814 0) (0.0713320881833 0.30959817834 0) (0.071717792639 0.310389517573 0) (0.0721044814057 0.311180376287 0) (0.072492153885 0.311970753259 0))
    polyLine 25 29 ((-0.114005620585 0.424766863003 -0.03) (-0.112912975201 0.427513010898 -0.03) (-0.111813533134 0.430265366775 -0.03) (-0.110707258482 0.433024027616 -0.03) (-0.109594114474 0.435789091503 -0.03) (-0.108474063457 0.438560657634 -0.03) (-0.107347066886 0.441338826335 -0.03) (-0.10621308532 0.444123699083 -0.03) (-0.105072078404 0.446915378516 -0.03) (-0.103924004864 0.449713968451 -0.03) (-0.102768822496 0.452519573904 -0.03) (-0.101606488155 0.455332301102 -0.03) (-0.100436957743 0.458152257507 -0.03) (-0.0992601861983 0.460979551828 -0.03) (-0.0980761274858 0.463814294044 -0.03) (-0.0968847345838 0.466656595423 -0.03) (-0.0956859594725 0.469506568538 -0.03) (-0.0944797531225 0.472364327291 -0.03) (-0.0932660654818 0.475229986929 -0.03) (-0.0920448454636 0.478103664069 -0.03) (-0.0908160409331 0.480985476717 -0.03) (-0.0895795986947 0.483875544291 -0.03) (-0.0883354644782 0.486773987641 -0.03))
    polyLine 27 31 ((-0.114005620585 0.424766863003 0) (-0.112912975201 0.427513010898 0) (-0.111813533134 0.430265366775 0) (-0.110707258482 0.433024027616 0) (-0.109594114474 0.435789091503 0) (-0.108474063457 0.438560657634 0) (-0.107347066886 0.441338826335 0) (-0.10621308532 0.444123699083 0) (-0.105072078404 0.446915378516 0) (-0.103924004864 0.449713968451 0) (-0.102768822496 0.452519573904 0) (-0.101606488155 0.455332301102 0) (-0.100436957743 0.458152257507 0) (-0.0992601861983 0.460979551828 0) (-0.0980761274858 0.463814294044 0) (-0.0968847345838 0.466656595423 0) (-0.0956859594725 0.469506568538 0) (-0.0944797531225 0.472364327291 0) (-0.0932660654818 0.475229986929 0) (-0.0920448454636 0.478103664069 0) (-0.0908160409331 0.480985476717 0) (-0.0895795986947 0.483875544291 0) (-0.0883354644782 0.486773987641 0))
    polyLine 28 32 ((0.0728808094766 0.312760647265 -0.03) (0.0732704475789 0.313550057081 -0.03) (0.0736610675887 0.314338981486 -0.03) (0.0740526689011 0.315127419258 -0.03) (0.0744452509101 0.315915369177 -0.03) (0.0748388130078 0.316702830023 -0.03) (0.0752333545849 0.317489800577 -0.03) (0.0756288750307 0.31827627962 -0.03) (0.0760253737328 0.319062265935 -0.03) (0.0764228500775 0.319847758306 -0.03) (0.0768213034493 0.320632755515 -0.03) (0.0772207332315 0.321417256349 -0.03) (0.0776211388056 0.322201259592 -0.03) (0.0780225195518 0.32298476403 -0.03) (0.0784248748487 0.323767768452 -0.03) (0.0788282040734 0.324550271643 -0.03) (0.0792325066016 0.325332272394 -0.03) (0.0796377818072 0.326113769494 -0.03) (0.0800440290629 0.326894761732 -0.03) (0.0804512477399 0.327675247899 -0.03) (0.0808594372075 0.328455226788 -0.03) (0.0812685968341 0.329234697191 -0.03) (0.081678725986 0.330013657901 -0.03) (0.0820898240284 0.330792107712 -0.03) (0.0825018903248 0.331570045419 -0.03) (0.0829149242374 0.332347469817 -0.03) (0.0833289251267 0.333124379704 -0.03) (0.0837438923518 0.333900773877 -0.03) (0.0841598252702 0.334676651132 -0.03) (0.0845767232381 0.33545201027 -0.03) (0.0849945856101 0.33622685009 -0.03) (0.0854134117392 0.337001169393 -0.03) (0.0858332009771 0.337774966979 -0.03) (0.0862539526738 0.338548241651 -0.03) (0.0866756661781 0.339320992212 -0.03) (0.087098340837 0.340093217465 -0.03) (0.0875219759961 0.340864916215 -0.03) (0.0879465709998 0.341636087267 -0.03) (0.0883721251906 0.342406729427 -0.03) (0.0887986379097 0.343176841503 -0.03) (0.0892261084969 0.343946422301 -0.03) (0.0896545362904 0.344715470632 -0.03) (0.0900839206269 0.345483985303 -0.03) (0.0905142608416 0.346251965126 -0.03) (0.0909455562684 0.347019408911 -0.03) (0.0913778062396 0.347786315471 -0.03) (0.091811010086 0.348552683617 -0.03) (0.0922451671369 0.349318512165 -0.03) (0.0926802767203 0.350083799927 -0.03) (0.0931163381624 0.35084854572 -0.03) (0.0935533507884 0.351612748358 -0.03) (0.0939913139215 0.352376406661 -0.03))
    polyLine 30 34 ((0.0728808094766 0.312760647265 0) (0.0732704475789 0.313550057081 0) (0.0736610675887 0.314338981486 0) (0.0740526689011 0.315127419258 0) (0.0744452509101 0.315915369177 0) (0.0748388130078 0.316702830023 0) (0.0752333545849 0.317489800577 0) (0.0756288750307 0.31827627962 0) (0.0760253737328 0.319062265935 0) (0.0764228500775 0.319847758306 0) (0.0768213034493 0.320632755515 0) (0.0772207332315 0.321417256349 0) (0.0776211388056 0.322201259592 0) (0.0780225195518 0.32298476403 0) (0.0784248748487 0.323767768452 0) (0.0788282040734 0.324550271643 0) (0.0792325066016 0.325332272394 0) (0.0796377818072 0.326113769494 0) (0.0800440290629 0.326894761732 0) (0.0804512477399 0.327675247899 0) (0.0808594372075 0.328455226788 0) (0.0812685968341 0.329234697191 0) (0.081678725986 0.330013657901 0) (0.0820898240284 0.330792107712 0) (0.0825018903248 0.331570045419 0) (0.0829149242374 0.332347469817 0) (0.0833289251267 0.333124379704 0) (0.0837438923518 0.333900773877 0) (0.0841598252702 0.334676651132 0) (0.0845767232381 0.33545201027 0) (0.0849945856101 0.33622685009 0) (0.0854134117392 0.337001169393 0) (0.0858332009771 0.337774966979 0) (0.0862539526738 0.338548241651 0) (0.0866756661781 0.339320992212 0) (0.087098340837 0.340093217465 0) (0.0875219759961 0.340864916215 0) (0.0879465709998 0.341636087267 0) (0.0883721251906 0.342406729427 0) (0.0887986379097 0.343176841503 0) (0.0892261084969 0.343946422301 0) (0.0896545362904 0.344715470632 0) (0.0900839206269 0.345483985303 0) (0.0905142608416 0.346251965126 0) (0.0909455562684 0.347019408911 0) (0.0913778062396 0.347786315471 0) (0.091811010086 0.348552683617 0) (0.0922451671369 0.349318512165 0) (0.0926802767203 0.350083799927 0) (0.0931163381624 0.35084854572 0) (0.0935533507884 0.351612748358 0) (0.0939913139215 0.352376406661 0))
    polyLine 29 33 ((-0.0858919912547 0.492439129211 -0.03) (-0.0846933656005 0.495205152927 -0.03) (-0.0834876563226 0.497979107518 -0.03) (-0.0822748128636 0.500761101516 -0.03) (-0.0810547837371 0.503551244718 -0.03) (-0.0798275165162 0.506349648198 -0.03) (-0.0785929578209 0.509156424335 -0.03) (-0.0773510533061 0.511971686826 -0.03) (-0.0761017476487 0.514795550711 -0.03) (-0.0748449845349 0.517628132394 -0.03) (-0.0735807066467 0.520469549664 -0.03) (-0.0723088556487 0.523319921717 -0.03) (-0.0710293721741 0.526179369181 -0.03) (-0.0697421958104 0.529048014137 -0.03) (-0.0684472650857 0.531925980141 -0.03) (-0.067144517453 0.534813392254 -0.03) (-0.0658338892761 0.537710377061 -0.03) (-0.0645153158135 0.5406170627 -0.03) (-0.063188731203 0.543533578885 -0.03) (-0.0618540684458 0.546460056936 -0.03) (-0.0605112593896 0.549396629801 -0.03) (-0.0591602347122 0.552343432087 -0.03) (-0.0578009239043 0.555300600089 -0.03))
    polyLine 31 35 ((-0.0858919912547 0.492439129211 0) (-0.0846933656005 0.495205152927 0) (-0.0834876563226 0.497979107518 0) (-0.0822748128636 0.500761101516 0) (-0.0810547837371 0.503551244718 0) (-0.0798275165162 0.506349648198 0) (-0.0785929578209 0.509156424335 0) (-0.0773510533061 0.511971686826 0) (-0.0761017476487 0.514795550711 0) (-0.0748449845349 0.517628132394 0) (-0.0735807066467 0.520469549664 0) (-0.0723088556487 0.523319921717 0) (-0.0710293721741 0.526179369181 0) (-0.0697421958104 0.529048014137 0) (-0.0684472650857 0.531925980141 0) (-0.067144517453 0.534813392254 0) (-0.0658338892761 0.537710377061 0) (-0.0645153158135 0.5406170627 0) (-0.063188731203 0.543533578885 0) (-0.0618540684458 0.546460056936 0) (-0.0605112593896 0.549396629801 0) (-0.0591602347122 0.552343432087 0) (-0.0578009239043 0.555300600089 0))
    polyLine 32 36 ((0.0944302268838 0.353139519444 -0.03) (0.0948700889958 0.353902085527 -0.03) (0.0953108995766 0.354664103729 -0.03) (0.0957526579437 0.355425572871 -0.03) (0.0961953634132 0.356186491773 -0.03) (0.0966390152998 0.356946859258 -0.03) (0.0970836129166 0.357706674149 -0.03) (0.0975291555754 0.358465935269 -0.03) (0.0979756425864 0.359224641442 -0.03) (0.0984230732584 0.359982791495 -0.03) (0.0988714468987 0.360740384253 -0.03) (0.0993207628132 0.361497418544 -0.03) (0.0997710203063 0.362253893196 -0.03) (0.100222218681 0.363009807037 -0.03) (0.100674357239 0.363765158897 -0.03) (0.101127435279 0.364519947608 -0.03) (0.101581452102 0.365274172 -0.03) (0.102036407003 0.366027830906 -0.03) (0.102492299279 0.366780923159 -0.03) (0.102949128223 0.367533447593 -0.03) (0.103406893129 0.368285403044 -0.03) (0.103865593287 0.369036788347 -0.03) (0.104325227989 0.369787602338 -0.03) (0.104785796521 0.370537843857 -0.03) (0.105247298172 0.37128751174 -0.03) (0.105709732226 0.372036604828 -0.03) (0.106173097968 0.37278512196 -0.03) (0.10663739468 0.373533061979 -0.03) (0.107102621644 0.374280423726 -0.03) (0.107568778139 0.375027206044 -0.03) (0.108035863444 0.375773407777 -0.03) (0.108503876836 0.37651902777 -0.03) (0.108972817589 0.377264064869 -0.03) (0.109442684979 0.378008517919 -0.03) (0.109913478278 0.37875238577 -0.03) (0.110385196756 0.379495667268 -0.03) (0.110857839684 0.380238361264 -0.03) (0.11133140633 0.380980466607 -0.03) (0.11180589596 0.381721982149 -0.03) (0.112281307841 0.382462906742 -0.03) (0.112757641236 0.383203239238 -0.03) (0.113234895408 0.383942978493 -0.03) (0.113713069618 0.384682123359 -0.03) (0.114192163125 0.385420672694 -0.03) (0.114672175188 0.386158625354 -0.03) (0.115153105064 0.386895980195 -0.03) (0.115634952009 0.387632736078 -0.03) (0.116117715276 0.388368891861 -0.03) (0.116601394118 0.389104446405 -0.03) (0.117085987786 0.38983939857 -0.03) (0.11757149553 0.39057374722 -0.03) (0.118057916598 0.391307491217 -0.03) (0.118545250238 0.392040629425 -0.03))
    polyLine 34 38 ((0.0944302268838 0.353139519444 0) (0.0948700889958 0.353902085527 0) (0.0953108995766 0.354664103729 0) (0.0957526579437 0.355425572871 0) (0.0961953634132 0.356186491773 0) (0.0966390152998 0.356946859258 0) (0.0970836129166 0.357706674149 0) (0.0975291555754 0.358465935269 0) (0.0979756425864 0.359224641442 0) (0.0984230732584 0.359982791495 0) (0.0988714468987 0.360740384253 0) (0.0993207628132 0.361497418544 0) (0.0997710203063 0.362253893196 0) (0.100222218681 0.363009807037 0) (0.100674357239 0.363765158897 0) (0.101127435279 0.364519947608 0) (0.101581452102 0.365274172 0) (0.102036407003 0.366027830906 0) (0.102492299279 0.366780923159 0) (0.102949128223 0.367533447593 0) (0.103406893129 0.368285403044 0) (0.103865593287 0.369036788347 0) (0.104325227989 0.369787602338 0) (0.104785796521 0.370537843857 0) (0.105247298172 0.37128751174 0) (0.105709732226 0.372036604828 0) (0.106173097968 0.37278512196 0) (0.10663739468 0.373533061979 0) (0.107102621644 0.374280423726 0) (0.107568778139 0.375027206044 0) (0.108035863444 0.375773407777 0) (0.108503876836 0.37651902777 0) (0.108972817589 0.377264064869 0) (0.109442684979 0.378008517919 0) (0.109913478278 0.37875238577 0) (0.110385196756 0.379495667268 0) (0.110857839684 0.380238361264 0) (0.11133140633 0.380980466607 0) (0.11180589596 0.381721982149 0) (0.112281307841 0.382462906742 0) (0.112757641236 0.383203239238 0) (0.113234895408 0.383942978493 0) (0.113713069618 0.384682123359 0) (0.114192163125 0.385420672694 0) (0.114672175188 0.386158625354 0) (0.115153105064 0.386895980195 0) (0.115634952009 0.387632736078 0) (0.116117715276 0.388368891861 0) (0.116601394118 0.389104446405 0) (0.117085987786 0.38983939857 0) (0.11757149553 0.39057374722 0) (0.118057916598 0.391307491217 0) (0.118545250238 0.392040629425 0))
    polyLine 33 37 ((-0.0551324400462 0.561083844474 -0.03) (-0.0538240261127 0.563909050641 -0.03) (-0.0525079497856 0.566744011319 -0.03) (-0.0511841463791 0.569588848981 -0.03) (-0.0498525501727 0.572443687584 -0.03) (-0.0485130943956 0.575308652601 -0.03) (-0.0471657112116 0.578183871042 -0.03) (-0.0458103317037 0.58106947148 -0.03) (-0.0444468858571 0.583965584078 -0.03) (-0.043075302544 0.586872340616 -0.03) (-0.0416955095057 0.589789874517 -0.03) (-0.0403074333363 0.592718320875 -0.03) (-0.0389109994649 0.595657816484 -0.03) (-0.0375061321375 0.598608499866 -0.03) (-0.0360927543991 0.601570511304 -0.03) (-0.034670788075 0.604543992864 -0.03) (-0.0332401537515 0.607529088436 -0.03) (-0.0318007707567 0.610525943757 -0.03) (-0.0303525571403 0.613534706449 -0.03) (-0.0288954296537 0.616555526048 -0.03) (-0.0274293037286 0.619588554039 -0.03) (-0.0259540934565 0.622633943891 -0.03) (-0.0244697115662 0.62569185109 -0.03))
    polyLine 35 39 ((-0.0551324400462 0.561083844474 0) (-0.0538240261127 0.563909050641 0) (-0.0525079497856 0.566744011319 0) (-0.0511841463791 0.569588848981 0) (-0.0498525501727 0.572443687584 0) (-0.0485130943956 0.575308652601 0) (-0.0471657112116 0.578183871042 0) (-0.0458103317037 0.58106947148 0) (-0.0444468858571 0.583965584078 0) (-0.043075302544 0.586872340616 0) (-0.0416955095057 0.589789874517 0) (-0.0403074333363 0.592718320875 0) (-0.0389109994649 0.595657816484 0) (-0.0375061321375 0.598608499866 0) (-0.0360927543991 0.601570511304 0) (-0.034670788075 0.604543992864 0) (-0.0332401537515 0.607529088436 0) (-0.0318007707567 0.610525943757 0) (-0.0303525571403 0.613534706449 0) (-0.0288954296537 0.616555526048 0) (-0.0274293037286 0.619588554039 0) (-0.0259540934565 0.622633943891 0) (-0.0244697115662 0.62569185109 0))
    polyLine 36 40 ((0.119033495694 0.392773160709 -0.03) (0.119522652212 0.393505083936 -0.03) (0.120012719033 0.394236397972 -0.03) (0.1205036954 0.394967101685 -0.03) (0.120995580551 0.395697193944 -0.03) (0.121488373726 0.396426673618 -0.03) (0.121982074162 0.397155539579 -0.03) (0.122476681094 0.397883790697 -0.03) (0.122972193756 0.398611425846 -0.03) (0.123468611382 0.399338443899 -0.03) (0.123965933203 0.400064843731 -0.03) (0.124464158449 0.400790624216 -0.03) (0.124963286349 0.401515784232 -0.03) (0.12546331613 0.402240322655 -0.03) (0.125964247017 0.402964238364 -0.03) (0.126466078237 0.403687530239 -0.03) (0.12696880901 0.40441019716 -0.03) (0.12747243856 0.405132238007 -0.03) (0.127976966107 0.405853651663 -0.03) (0.128482390869 0.406574437012 -0.03) (0.128988712064 0.407294592936 -0.03) (0.129495928908 0.408014118323 -0.03) (0.130004040617 0.408733012056 -0.03) (0.130513046402 0.409451273025 -0.03) (0.131022945477 0.410168900116 -0.03) (0.131533737052 0.410885892219 -0.03) (0.132045420337 0.411602248223 -0.03) (0.132557994538 0.412317967021 -0.03) (0.133071458863 0.413033047503 -0.03) (0.133585812517 0.413747488562 -0.03) (0.134101054703 0.414461289093 -0.03) (0.134617184623 0.415174447991 -0.03) (0.13513420148 0.415886964152 -0.03) (0.135652104472 0.416598836471 -0.03) (0.136170892797 0.417310063849 -0.03) (0.136690565653 0.418020645182 -0.03) (0.137211122234 0.418730579372 -0.03) (0.137732561736 0.41943986532 -0.03) (0.13825488335 0.420148501926 -0.03) (0.138778086268 0.420856488095 -0.03) (0.139302169681 0.421563822729 -0.03) (0.139827132776 0.422270504735 -0.03) (0.140352974741 0.422976533018 -0.03) (0.140879694763 0.423681906484 -0.03) (0.141407292025 0.424386624043 -0.03) (0.141935765711 0.425090684603 -0.03) (0.142465115003 0.425794087074 -0.03) (0.142995339081 0.426496830367 -0.03) (0.143526437124 0.427198913394 -0.03) (0.14405840831 0.427900335069 -0.03) (0.144591251816 0.428601094305 -0.03) (0.145124966817 0.429301190017 -0.03))
    polyLine 38 42 ((0.119033495694 0.392773160709 0) (0.119522652212 0.393505083936 0) (0.120012719033 0.394236397972 0) (0.1205036954 0.394967101685 0) (0.120995580551 0.395697193944 0) (0.121488373726 0.396426673618 0) (0.121982074162 0.397155539579 0) (0.122476681094 0.397883790697 0) (0.122972193756 0.398611425846 0) (0.123468611382 0.399338443899 0) (0.123965933203 0.400064843731 0) (0.124464158449 0.400790624216 0) (0.124963286349 0.401515784232 0) (0.12546331613 0.402240322655 0) (0.125964247017 0.402964238364 0) (0.126466078237 0.403687530239 0) (0.12696880901 0.40441019716 0) (0.12747243856 0.405132238007 0) (0.127976966107 0.405853651663 0) (0.128482390869 0.406574437012 0) (0.128988712064 0.407294592936 0) (0.129495928908 0.408014118323 0) (0.130004040617 0.408733012056 0) (0.130513046402 0.409451273025 0) (0.131022945477 0.410168900116 0) (0.131533737052 0.410885892219 0) (0.132045420337 0.411602248223 0) (0.132557994538 0.412317967021 0) (0.133071458863 0.413033047503 0) (0.133585812517 0.413747488562 0) (0.134101054703 0.414461289093 0) (0.134617184623 0.415174447991 0) (0.13513420148 0.415886964152 0) (0.135652104472 0.416598836471 0) (0.136170892797 0.417310063849 0) (0.136690565653 0.418020645182 0) (0.137211122234 0.418730579372 0) (0.137732561736 0.41943986532 0) (0.13825488335 0.420148501926 0) (0.138778086268 0.420856488095 0) (0.139302169681 0.421563822729 0) (0.139827132776 0.422270504735 0) (0.140352974741 0.422976533018 0) (0.140879694763 0.423681906484 0) (0.141407292025 0.424386624043 0) (0.141935765711 0.425090684603 0) (0.142465115003 0.425794087074 0) (0.142995339081 0.426496830367 0) (0.143526437124 0.427198913394 0) (0.14405840831 0.427900335069 0) (0.144591251816 0.428601094305 0) (0.145124966817 0.429301190017 0))
    polyLine 37 41 ((-0.0215545324939 0.631678904807 -0.03) (-0.0201245510457 0.634606998249 -0.03) (-0.0186860464792 0.637546852112 -0.03) (-0.0172389390342 0.640498606767 -0.03) (-0.0157831477502 0.643462404377 -0.03) (-0.0143185904471 0.646438388927 -0.03) (-0.0128451837061 0.649426706256 -0.03) (-0.0113628428491 0.652427504088 -0.03) (-0.00987148191915 0.655440932065 -0.03) (-0.00837101365894 0.658467141781 -0.03) (-0.00686134949 0.661506286813 -0.03) (-0.00534239949084 0.66455852276 -0.03) (-0.00381407237481 0.667624007274 -0.03) (-0.00227627546746 0.670702900101 -0.03) (-0.000728914683387 0.673795363112 -0.03) (0.000828105497357 0.676901560347 -0.03) (0.00239488205347 0.680021658046 -0.03) (0.00397151344706 0.683155824697 -0.03) (0.00555809964888 0.686304231068 -0.03) (0.00715474216407 0.689467050255 -0.03) (0.00876154405858 0.692644457717 -0.03) (0.010378609986 0.695836631326 -0.03) (0.0120060462152 0.699043751404 -0.03))
    polyLine 39 43 ((-0.0215545324939 0.631678904807 0) (-0.0201245510457 0.634606998249 0) (-0.0186860464792 0.637546852112 0) (-0.0172389390342 0.640498606767 0) (-0.0157831477502 0.643462404377 0) (-0.0143185904471 0.646438388927 0) (-0.0128451837061 0.649426706256 0) (-0.0113628428491 0.652427504088 0) (-0.00987148191915 0.655440932065 0) (-0.00837101365894 0.658467141781 0) (-0.00686134949 0.661506286813 0) (-0.00534239949084 0.66455852276 0) (-0.00381407237481 0.667624007274 0) (-0.00227627546746 0.670702900101 0) (-0.000728914683387 0.673795363112 0) (0.000828105497357 0.676901560347 0) (0.00239488205347 0.680021658046 0) (0.00397151344706 0.683155824697 0) (0.00555809964888 0.686304231068 0) (0.00715474216407 0.689467050255 0) (0.00876154405858 0.692644457717 0) (0.010378609986 0.695836631326 0) (0.0120060462152 0.699043751404 0))
    polyLine 40 44 ((0.145659552486 0.430000621122 -0.03) (0.146195007996 0.430699386538 -0.03) (0.146731332518 0.431397485181 -0.03) (0.147268525221 0.432094915972 -0.03) (0.147806585275 0.43279167783 -0.03) (0.148345511846 0.433487769678 -0.03) (0.148885304099 0.434183190437 -0.03) (0.149425961199 0.434877939031 -0.03) (0.149967482309 0.435572014384 -0.03) (0.150509866591 0.436265415422 -0.03) (0.151053113205 0.436958141071 -0.03) (0.15159722131 0.437650190259 -0.03) (0.152142190064 0.438341561915 -0.03) (0.152688018622 0.439032254967 -0.03) (0.153234706141 0.439722268348 -0.03) (0.153782251773 0.440411600989 -0.03) (0.154330654671 0.441100251822 -0.03) (0.154879913987 0.441788219781 -0.03) (0.155430028869 0.442475503802 -0.03) (0.155980998466 0.44316210282 -0.03) (0.156532821925 0.443848015773 -0.03) (0.157085498392 0.444533241598 -0.03) (0.157639027011 0.445217779235 -0.03) (0.158193406925 0.445901627624 -0.03) (0.158748637276 0.446584785707 -0.03) (0.159304717205 0.447267252425 -0.03) (0.15986164585 0.447949026722 -0.03) (0.16041942235 0.448630107544 -0.03) (0.160978045841 0.449310493834 -0.03) (0.161537515457 0.449990184541 -0.03) (0.162097830334 0.450669178611 -0.03) (0.162658989603 0.451347474994 -0.03) (0.163220992396 0.45202507264 -0.03) (0.163783837843 0.452701970499 -0.03) (0.164347525072 0.453378167524 -0.03) (0.164912053211 0.454053662667 -0.03) (0.165477421386 0.454728454884 -0.03) (0.166043628721 0.455402543129 -0.03) (0.16661067434 0.456075926359 -0.03) (0.167178557365 0.456748603532 -0.03) (0.167747276917 0.457420573605 -0.03) (0.168316832116 0.458091835539 -0.03) (0.16888722208 0.458762388295 -0.03) (0.169458445925 0.459432230834 -0.03) (0.170030502768 0.460101362119 -0.03) (0.170603391723 0.460769781115 -0.03) (0.171177111902 0.461437486787 -0.03) (0.171751662419 0.462104478101 -0.03) (0.172327042382 0.462770754025 -0.03) (0.172903250902 0.463436313526 -0.03) (0.173480287087 0.464101155575 -0.03) (0.174058150043 0.464765279143 -0.03) (0.174636838875 0.4654286832 -0.03))
    polyLine 42 46 ((0.145659552486 0.430000621122 0) (0.146195007996 0.430699386538 0) (0.146731332518 0.431397485181 0) (0.147268525221 0.432094915972 0) (0.147806585275 0.43279167783 0) (0.148345511846 0.433487769678 0) (0.148885304099 0.434183190437 0) (0.149425961199 0.434877939031 0) (0.149967482309 0.435572014384 0) (0.150509866591 0.436265415422 0) (0.151053113205 0.436958141071 0) (0.15159722131 0.437650190259 0) (0.152142190064 0.438341561915 0) (0.152688018622 0.439032254967 0) (0.153234706141 0.439722268348 0) (0.153782251773 0.440411600989 0) (0.154330654671 0.441100251822 0) (0.154879913987 0.441788219781 0) (0.155430028869 0.442475503802 0) (0.155980998466 0.44316210282 0) (0.156532821925 0.443848015773 0) (0.157085498392 0.444533241598 0) (0.157639027011 0.445217779235 0) (0.158193406925 0.445901627624 0) (0.158748637276 0.446584785707 0) (0.159304717205 0.447267252425 0) (0.15986164585 0.447949026722 0) (0.16041942235 0.448630107544 0) (0.160978045841 0.449310493834 0) (0.161537515457 0.449990184541 0) (0.162097830334 0.450669178611 0) (0.162658989603 0.451347474994 0) (0.163220992396 0.45202507264 0) (0.163783837843 0.452701970499 0) (0.164347525072 0.453378167524 0) (0.164912053211 0.454053662667 0) (0.165477421386 0.454728454884 0) (0.166043628721 0.455402543129 0) (0.16661067434 0.456075926359 0) (0.167178557365 0.456748603532 0) (0.167747276917 0.457420573605 0) (0.168316832116 0.458091835539 0) (0.16888722208 0.458762388295 0) (0.169458445925 0.459432230834 0) (0.170030502768 0.460101362119 0) (0.170603391723 0.460769781115 0) (0.171177111902 0.461437486787 0) (0.171751662419 0.462104478101 0) (0.172327042382 0.462770754025 0) (0.172903250902 0.463436313526 0) (0.173480287087 0.464101155575 0) (0.174058150043 0.464765279143 0) (0.174636838875 0.4654286832 0))
    polyLine 41 45 ((0.015205427718 0.705332769781 -0.03) (0.0167764918954 0.708413443423 -0.03) (0.0183572491673 0.711508183569 -0.03) (0.0199477969275 0.714617154255 -0.03) (0.0215482340104 0.717740521711 -0.03) (0.023158660716 0.720878454405 -0.03) (0.0247791788345 0.724031123081 -0.03) (0.0264098916718 0.727198700797 -0.03) (0.0280509040757 0.730381362973 -0.03) (0.0297023224625 0.733579287424 -0.03) (0.0313642548442 0.736792654411 -0.03) (0.0330368108562 0.74002164668 -0.03) (0.0347201017857 0.743266449508 -0.03) (0.0364142406011 0.746527250752 -0.03) (0.0381193419809 0.749804240889 -0.03) (0.0398355223449 0.753097613073 -0.03) (0.0415628998846 0.756407563174 -0.03) (0.0433015945951 0.759734289838 -0.03) (0.0450517283074 0.763077994529 -0.03) (0.0468134247217 0.766438881588 -0.03) (0.0485868094411 0.769817158282 -0.03) (0.0503720100063 0.773213034861 -0.03) (0.052169155931 0.776626724614 -0.03))
    polyLine 43 47 ((0.015205427718 0.705332769781 0) (0.0167764918954 0.708413443423 0) (0.0183572491673 0.711508183569 0) (0.0199477969275 0.714617154255 0) (0.0215482340104 0.717740521711 0) (0.023158660716 0.720878454405 0) (0.0247791788345 0.724031123081 0) (0.0264098916718 0.727198700797 0) (0.0280509040757 0.730381362973 0) (0.0297023224625 0.733579287424 0) (0.0313642548442 0.736792654411 0) (0.0330368108562 0.74002164668 0) (0.0347201017857 0.743266449508 0) (0.0364142406011 0.746527250752 0) (0.0381193419809 0.749804240889 0) (0.0398355223449 0.753097613073 0) (0.0415628998846 0.756407563174 0) (0.0433015945951 0.759734289838 0) (0.0450517283074 0.763077994529 0) (0.0468134247217 0.766438881588 0) (0.0485868094411 0.769817158282 0) (0.0503720100063 0.773213034861 0) (0.052169155931 0.776626724614 0))
    polyLine 44 48 ((0.175216352689 0.466091366721 -0.03) (0.175796690585 0.46675332868 -0.03) (0.176377851667 0.467414568051 -0.03) (0.176959835034 0.46807508381 -0.03) (0.177542639786 0.468734874936 -0.03) (0.17812626502 0.469393940407 -0.03) (0.178710709832 0.470052279203 -0.03) (0.179295973319 0.470709890304 -0.03) (0.179882054573 0.471366772692 -0.03) (0.180468952688 0.472022925351 -0.03) (0.181056666755 0.472678347264 -0.03) (0.181645195864 0.473333037417 -0.03) (0.182234539103 0.473986994797 -0.03) (0.182824695562 0.474640218391 -0.03) (0.183415664325 0.475292707187 -0.03) (0.184007444479 0.475944460176 -0.03) (0.184600035106 0.476595476349 -0.03) (0.18519343529 0.477245754697 -0.03) (0.185787644112 0.477895294214 -0.03) (0.186382660651 0.478544093895 -0.03) (0.186978483988 0.479192152735 -0.03) (0.187575113199 0.479839469731 -0.03) (0.188172547361 0.480486043881 -0.03) (0.188770785549 0.481131874183 -0.03) (0.189369826836 0.481776959638 -0.03) (0.189969670296 0.482421299248 -0.03) (0.190570314999 0.483064892014 -0.03) (0.191171760017 0.483707736941 -0.03) (0.191774004417 0.484349833033 -0.03) (0.192377047268 0.484991179296 -0.03) (0.192980887635 0.485631774737 -0.03) (0.193585524585 0.486271618364 -0.03) (0.19419095718 0.486910709188 -0.03) (0.194797184484 0.487549046219 -0.03) (0.195404205558 0.488186628467 -0.03) (0.196012019463 0.488823454948 -0.03) (0.196620625258 0.489459524673 -0.03) (0.197230021999 0.49009483666 -0.03) (0.197839896578 0.490729855536 -0.03) (0.198449771158 0.491364874412 -0.03) (0.199059645737 0.491999893288 -0.03) (0.199669520317 0.492634912164 -0.03) (0.200279394896 0.49326993104 -0.03) (0.200889269475 0.493904949916 -0.03) (0.201499144055 0.494539968792 -0.03) (0.202109018634 0.495174987668 -0.03) (0.202718893214 0.495810006544 -0.03) (0.203328767793 0.49644502542 -0.03) (0.203938642372 0.497080044296 -0.03) (0.204548516952 0.497715063172 -0.03) (0.205158391531 0.498350082049 -0.03) (0.205768266111 0.498985100925 -0.03))
    polyLine 46 50 ((0.175216352689 0.466091366721 0) (0.175796690585 0.46675332868 0) (0.176377851667 0.467414568051 0) (0.176959835034 0.46807508381 0) (0.177542639786 0.468734874936 0) (0.17812626502 0.469393940407 0) (0.178710709832 0.470052279203 0) (0.179295973319 0.470709890304 0) (0.179882054573 0.471366772692 0) (0.180468952688 0.472022925351 0) (0.181056666755 0.472678347264 0) (0.181645195864 0.473333037417 0) (0.182234539103 0.473986994797 0) (0.182824695562 0.474640218391 0) (0.183415664325 0.475292707187 0) (0.184007444479 0.475944460176 0) (0.184600035106 0.476595476349 0) (0.18519343529 0.477245754697 0) (0.185787644112 0.477895294214 0) (0.186382660651 0.478544093895 0) (0.186978483988 0.479192152735 0) (0.187575113199 0.479839469731 0) (0.188172547361 0.480486043881 0) (0.188770785549 0.481131874183 0) (0.189369826836 0.481776959638 0) (0.189969670296 0.482421299248 0) (0.190570314999 0.483064892014 0) (0.191171760017 0.483707736941 0) (0.191774004417 0.484349833033 0) (0.192377047268 0.484991179296 0) (0.192980887635 0.485631774737 0) (0.193585524585 0.486271618364 0) (0.19419095718 0.486910709188 0) (0.194797184484 0.487549046219 0) (0.195404205558 0.488186628467 0) (0.196012019463 0.488823454948 0) (0.196620625258 0.489459524673 0) (0.197230021999 0.49009483666 0) (0.197839896578 0.490729855536 0) (0.198449771158 0.491364874412 0) (0.199059645737 0.491999893288 0) (0.199669520317 0.492634912164 0) (0.200279394896 0.49326993104 0) (0.200889269475 0.493904949916 0) (0.201499144055 0.494539968792 0) (0.202109018634 0.495174987668 0) (0.202718893214 0.495810006544 0) (0.203328767793 0.49644502542 0) (0.203938642372 0.497080044296 0) (0.204548516952 0.497715063172 0) (0.205158391531 0.498350082049 0) (0.205768266111 0.498985100925 0))
    polyLine 45 49 ((0.0557048450972 0.783328656692 -0.03) (0.0574424012013 0.786615460651 -0.03) (0.0591911642993 0.789919048166 -0.03) (0.0609512533838 0.79323961429 -0.03) (0.0627227892217 0.796577356815 -0.03) (0.0645058943861 0.79993247632 -0.03) (0.0663006932883 0.803305176227 -0.03) (0.0681073122114 0.806695662847 -0.03) (0.0699258793435 0.810104145434 -0.03) (0.0717565248128 0.813530836245 -0.03) (0.0735993807225 0.816975950587 -0.03) (0.0754545811871 0.820439706881 -0.03) (0.0773222623694 0.823922326717 -0.03) (0.0792025625181 0.827424034912 -0.03) (0.0810956220065 0.830945059574 -0.03) (0.0830015833719 0.83448563216 -0.03) (0.0849205913562 0.838045987543 -0.03) (0.0868527929469 0.841626364075 -0.03) (0.0887983374197 0.845227003656 -0.03) (0.0907573763814 0.848848151796 -0.03) (0.0927300638146 0.85249005769 -0.03) (0.0947165561223 0.856152974288 -0.03) (0.0967170121751 0.859837158365 -0.03))
    polyLine 47 51 ((0.0557048450972 0.783328656692 0) (0.0574424012013 0.786615460651 0) (0.0591911642993 0.789919048166 0) (0.0609512533838 0.79323961429 0) (0.0627227892217 0.796577356815 0) (0.0645058943861 0.79993247632 0) (0.0663006932883 0.803305176227 0) (0.0681073122114 0.806695662847 0) (0.0699258793435 0.810104145434 0) (0.0717565248128 0.813530836245 0) (0.0735993807225 0.816975950587 0) (0.0754545811871 0.820439706881 0) (0.0773222623694 0.823922326717 0) (0.0792025625181 0.827424034912 0) (0.0810956220065 0.830945059574 0) (0.0830015833719 0.83448563216 0) (0.0849205913562 0.838045987543 0) (0.0868527929469 0.841626364075 0) (0.0887983374197 0.845227003656 0) (0.0907573763814 0.848848151796 0) (0.0927300638146 0.85249005769 0) (0.0947165561223 0.856152974288 0) (0.0967170121751 0.859837158365 0))
    polyLine 48 52 ((0.20637814069 0.499620119801 -0.03) (0.206988015269 0.500255138677 -0.03) (0.207597889849 0.500890157553 -0.03) (0.208207764428 0.501525176429 -0.03) (0.208817639008 0.502160195305 -0.03) (0.209427513587 0.502795214181 -0.03) (0.210037388166 0.503430233057 -0.03) (0.210647262746 0.504065251933 -0.03) (0.211257137325 0.504700270809 -0.03) (0.211867011904 0.505335289685 -0.03) (0.212476886484 0.505970308561 -0.03) (0.213086761063 0.506605327437 -0.03) (0.213696635643 0.507240346314 -0.03) (0.214306510222 0.50787536519 -0.03) (0.214916384801 0.508510384066 -0.03) (0.215526259381 0.509145402942 -0.03) (0.21613613396 0.509780421818 -0.03) (0.21674600854 0.510415440694 -0.03) (0.217355883119 0.51105045957 -0.03) (0.217965757698 0.511685478446 -0.03) (0.218575632278 0.512320497322 -0.03) (0.219185506857 0.512955516198 -0.03) (0.219795381437 0.513590535074 -0.03) (0.220405256016 0.51422555395 -0.03) (0.221015130595 0.514860572826 -0.03) (0.221625005175 0.515495591703 -0.03) (0.222234879754 0.516130610579 -0.03) (0.222844754334 0.516765629455 -0.03) (0.223454628913 0.517400648331 -0.03) (0.224064503492 0.518035667207 -0.03) (0.224674378072 0.518670686083 -0.03) (0.225284252651 0.519305704959 -0.03) (0.22589412723 0.519940723835 -0.03) (0.22650400181 0.520575742711 -0.03) (0.227113876389 0.521210761587 -0.03) (0.227723750969 0.521845780463 -0.03) (0.228333625548 0.522480799339 -0.03) (0.228943500127 0.523115818215 -0.03) (0.229553374707 0.523750837092 -0.03) (0.230163249286 0.524385855968 -0.03) (0.230773123866 0.525020874844 -0.03) (0.231382998445 0.52565589372 -0.03) (0.231992873024 0.526290912596 -0.03) (0.232602747604 0.526925931472 -0.03) (0.233212622183 0.527560950348 -0.03) (0.233822496763 0.528195969224 -0.03) (0.234432371342 0.5288309881 -0.03) (0.235042245921 0.529466006976 -0.03) (0.235652120501 0.530101025852 -0.03) (0.23626199508 0.530736044728 -0.03) (0.236871869659 0.531371063604 -0.03) (0.237481744239 0.532006082481 -0.03) (0.238091618818 0.532641101357 -0.03))
    polyLine 50 54 ((0.20637814069 0.499620119801 0) (0.206988015269 0.500255138677 0) (0.207597889849 0.500890157553 0) (0.208207764428 0.501525176429 0) (0.208817639008 0.502160195305 0) (0.209427513587 0.502795214181 0) (0.210037388166 0.503430233057 0) (0.210647262746 0.504065251933 0) (0.211257137325 0.504700270809 0) (0.211867011904 0.505335289685 0) (0.212476886484 0.505970308561 0) (0.213086761063 0.506605327437 0) (0.213696635643 0.507240346314 0) (0.214306510222 0.50787536519 0) (0.214916384801 0.508510384066 0) (0.215526259381 0.509145402942 0) (0.21613613396 0.509780421818 0) (0.21674600854 0.510415440694 0) (0.217355883119 0.51105045957 0) (0.217965757698 0.511685478446 0) (0.218575632278 0.512320497322 0) (0.219185506857 0.512955516198 0) (0.219795381437 0.513590535074 0) (0.220405256016 0.51422555395 0) (0.221015130595 0.514860572826 0) (0.221625005175 0.515495591703 0) (0.222234879754 0.516130610579 0) (0.222844754334 0.516765629455 0) (0.223454628913 0.517400648331 0) (0.224064503492 0.518035667207 0) (0.224674378072 0.518670686083 0) (0.225284252651 0.519305704959 0) (0.22589412723 0.519940723835 0) (0.22650400181 0.520575742711 0) (0.227113876389 0.521210761587 0) (0.227723750969 0.521845780463 0) (0.228333625548 0.522480799339 0) (0.228943500127 0.523115818215 0) (0.229553374707 0.523750837092 0) (0.230163249286 0.524385855968 0) (0.230773123866 0.525020874844 0) (0.231382998445 0.52565589372 0) (0.231992873024 0.526290912596 0) (0.232602747604 0.526925931472 0) (0.233212622183 0.527560950348 0) (0.233822496763 0.528195969224 0) (0.234432371342 0.5288309881 0) (0.235042245921 0.529466006976 0) (0.235652120501 0.530101025852 0) (0.23626199508 0.530736044728 0) (0.236871869659 0.531371063604 0) (0.237481744239 0.532006082481 0) (0.238091618818 0.532641101357 0))
    polyLine 49 53 ((0.100605657639 0.866986118689 -0.03) (0.10249205148 0.870448182633 -0.03) (0.104390908115 0.873929277262 -0.03) (0.10630236275 0.87742962047 -0.03) (0.108226552602 0.880949433273 -0.03) (0.110163616932 0.884488939862 -0.03) (0.112113697084 0.888048367663 -0.03) (0.114076936522 0.891627947399 -0.03) (0.116053480873 0.895227913148 -0.03) (0.11804347796 0.898848502407 -0.03) (0.120047077848 0.902489956155 -0.03) (0.122064432885 0.906152518921 -0.03) (0.124095697742 0.909836438847 -0.03) (0.126141029459 0.913541967757 -0.03) (0.12820058749 0.91726936123 -0.03) (0.130274533747 0.921018878669 -0.03) (0.132363032647 0.924790783372 -0.03) (0.134466251159 0.928585342612 -0.03) (0.136584358855 0.932402827708 -0.03) (0.138717527959 0.936243514107 -0.03) (0.140865933397 0.940107681462 -0.03) (0.143029752851 0.943995613716 -0.03) (0.14520916681 0.947907599182 -0.03))
    polyLine 51 55 ((0.100605657639 0.866986118689 0) (0.10249205148 0.870448182633 0) (0.104390908115 0.873929277262 0) (0.10630236275 0.87742962047 0) (0.108226552602 0.880949433273 0) (0.110163616932 0.884488939862 0) (0.112113697084 0.888048367663 0) (0.114076936522 0.891627947399 0) (0.116053480873 0.895227913148 0) (0.11804347796 0.898848502407 0) (0.120047077848 0.902489956155 0) (0.122064432885 0.906152518921 0) (0.124095697742 0.909836438847 0) (0.126141029459 0.913541967757 0) (0.12820058749 0.91726936123 0) (0.130274533747 0.921018878669 0) (0.132363032647 0.924790783372 0) (0.134466251159 0.928585342612 0) (0.136584358855 0.932402827708 0) (0.138717527959 0.936243514107 0) (0.140865933397 0.940107681462 0) (0.143029752851 0.943995613716 0) (0.14520916681 0.947907599182 0))
    polyLine 52 56 ((0.238701493398 0.533276120233 -0.03) (0.239311367977 0.533911139109 -0.03) (0.239921242556 0.534546157985 -0.03) (0.240531117136 0.535181176861 -0.03) (0.241140991715 0.535816195737 -0.03) (0.241750866295 0.536451214613 -0.03) (0.242360740874 0.537086233489 -0.03) (0.242970615453 0.537721252365 -0.03) (0.243580490033 0.538356271241 -0.03) (0.244190364612 0.538991290117 -0.03) (0.244800239192 0.539626308993 -0.03) (0.245410113771 0.540261327869 -0.03) (0.24601998835 0.540896346746 -0.03) (0.24662986293 0.541531365622 -0.03) (0.247239737509 0.542166384498 -0.03) (0.247849612089 0.542801403374 -0.03) (0.248459486668 0.54343642225 -0.03) (0.249069361247 0.544071441126 -0.03) (0.249679235827 0.544706460002 -0.03) (0.250289110406 0.545341478878 -0.03) (0.250898984985 0.545976497754 -0.03) (0.251508859565 0.54661151663 -0.03) (0.252118734144 0.547246535506 -0.03) (0.252728608724 0.547881554382 -0.03) (0.253338483303 0.548516573258 -0.03) (0.253948357882 0.549151592135 -0.03) (0.254558232462 0.549786611011 -0.03) (0.255168107041 0.550421629887 -0.03) (0.255777981621 0.551056648763 -0.03) (0.2563878562 0.551691667639 -0.03) (0.256997730779 0.552326686515 -0.03) (0.257607605359 0.552961705391 -0.03) (0.258217479938 0.553596724267 -0.03) (0.258827354518 0.554231743143 -0.03) (0.259437229097 0.554866762019 -0.03) (0.260047103676 0.555501780895 -0.03) (0.260656978256 0.556136799771 -0.03) (0.261266852835 0.556771818647 -0.03) (0.261876727415 0.557406837524 -0.03) (0.262486601994 0.5580418564 -0.03) (0.263096476573 0.558676875276 -0.03) (0.263706351153 0.559311894152 -0.03) (0.264316225732 0.559946913028 -0.03) (0.264926100311 0.560581931904 -0.03) (0.265535974891 0.56121695078 -0.03) (0.26614584947 0.561851969656 -0.03) (0.26675572405 0.562486988532 -0.03) (0.267365598629 0.563122007408 -0.03) (0.26797666454 0.563753620928 -0.03) (0.268592339692 0.564380742362 -0.03) (0.269212591063 0.565003338075 -0.03) (0.269837385388 0.565621374674 -0.03))
    polyLine 54 58 ((0.238701493398 0.533276120233 0) (0.239311367977 0.533911139109 0) (0.239921242556 0.534546157985 0) (0.240531117136 0.535181176861 0) (0.241140991715 0.535816195737 0) (0.241750866295 0.536451214613 0) (0.242360740874 0.537086233489 0) (0.242970615453 0.537721252365 0) (0.243580490033 0.538356271241 0) (0.244190364612 0.538991290117 0) (0.244800239192 0.539626308993 0) (0.245410113771 0.540261327869 0) (0.24601998835 0.540896346746 0) (0.24662986293 0.541531365622 0) (0.247239737509 0.542166384498 0) (0.247849612089 0.542801403374 0) (0.248459486668 0.54343642225 0) (0.249069361247 0.544071441126 0) (0.249679235827 0.544706460002 0) (0.250289110406 0.545341478878 0) (0.250898984985 0.545976497754 0) (0.251508859565 0.54661151663 0) (0.252118734144 0.547246535506 0) (0.252728608724 0.547881554382 0) (0.253338483303 0.548516573258 0) (0.253948357882 0.549151592135 0) (0.254558232462 0.549786611011 0) (0.255168107041 0.550421629887 0) (0.255777981621 0.551056648763 0) (0.2563878562 0.551691667639 0) (0.256997730779 0.552326686515 0) (0.257607605359 0.552961705391 0) (0.258217479938 0.553596724267 0) (0.258827354518 0.554231743143 0) (0.259437229097 0.554866762019 0) (0.260047103676 0.555501780895 0) (0.260656978256 0.556136799771 0) (0.261266852835 0.556771818647 0) (0.261876727415 0.557406837524 0) (0.262486601994 0.5580418564 0) (0.263096476573 0.558676875276 0) (0.263706351153 0.559311894152 0) (0.264316225732 0.559946913028 0) (0.264926100311 0.560581931904 0) (0.265535974891 0.56121695078 0) (0.26614584947 0.561851969656 0) (0.26675572405 0.562486988532 0) (0.267365598629 0.563122007408 0) (0.26797666454 0.563753620928 0) (0.268592339692 0.564380742362 0) (0.269212591063 0.565003338075 0) (0.269837385388 0.565621374674 0))
    polyLine 53 57 ((0.149418218766 0.955451638841 -0.03) (0.151445472807 0.959080030195 -0.03) (0.153486265855 0.962729336135 -0.03) (0.155540745136 0.966399791409 -0.03) (0.157609060044 0.970091634138 -0.03) (0.159691362173 0.973805105875 -0.03) (0.161787805364 0.977540451667 -0.03) (0.16389854574 0.981297920122 -0.03) (0.166023741753 0.985077763474 -0.03) (0.168163554224 0.988880237647 -0.03) (0.170318146387 0.992705602329 -0.03) (0.172487683937 0.996554121038 -0.03) (0.17467233507 1.0004260612 -0.03) (0.176872270537 1.0043216942 -0.03) (0.179087663687 1.0082412955 -0.03) (0.181318690517 1.01218514468 -0.03) (0.183565529725 1.01615352552 -0.03) (0.185828362756 1.02014672609 -0.03) (0.188107373861 1.02416503884 -0.03) (0.190402750147 1.02820876067 -0.03) (0.19271468163 1.032278193 -0.03) (0.195043361296 1.0363736419 -0.03) (0.197388985158 1.04049541816 -0.03))
    polyLine 55 59 ((0.149418218766 0.955451638841 0) (0.151445472807 0.959080030195 0) (0.153486265855 0.962729336135 0) (0.155540745136 0.966399791409 0) (0.157609060044 0.970091634138 0) (0.159691362173 0.973805105875 0) (0.161787805364 0.977540451667 0) (0.16389854574 0.981297920122 0) (0.166023741753 0.985077763474 0) (0.168163554224 0.988880237647 0) (0.170318146387 0.992705602329 0) (0.172487683937 0.996554121038 0) (0.17467233507 1.0004260612 0) (0.176872270537 1.0043216942 0) (0.179087663687 1.0082412955 0) (0.181318690517 1.01218514468 0) (0.183565529725 1.01615352552 0) (0.185828362756 1.02014672609 0) (0.188107373861 1.02416503884 0) (0.190402750147 1.02820876067 0) (0.19271468163 1.032278193 0) (0.195043361296 1.0363736419 0) (0.197388985158 1.04049541816 0))
    polyLine 56 60 ((0.270466689155 0.566234819011 -0.03) (0.271100468612 0.566843638185 -0.03) (0.271738689766 0.567447799541 -0.03) (0.272381318387 0.568047270676 -0.03) (0.273028320007 0.568642019437 -0.03) (0.273679659926 0.569232013925 -0.03) (0.274335303209 0.569817222496 -0.03) (0.27499521469 0.570397613763 -0.03) (0.275659358975 0.570973156597 -0.03) (0.276327700444 0.571543820129 -0.03) (0.277000203251 0.572109573751 -0.03) (0.277676831325 0.57267038712 -0.03) (0.278357548377 0.573226230157 -0.03) (0.279042317896 0.573777073048 -0.03) (0.279731103156 0.574322886251 -0.03) (0.280423867212 0.57486364049 -0.03) (0.281120572911 0.575399306763 -0.03) (0.281821182883 0.57592985634 -0.03) (0.282525659552 0.576455260764 -0.03) (0.283233965133 0.576975491855 -0.03) (0.283946061638 0.577490521712 -0.03) (0.284661910873 0.578000322711 -0.03) (0.285381474444 0.578504867509 -0.03) (0.286104713758 0.579004129045 -0.03) (0.286831590023 0.579498080542 -0.03) (0.287562064254 0.579986695506 -0.03) (0.288296097273 0.58046994773 -0.03) (0.28903364971 0.580947811297 -0.03) (0.289774682007 0.581420260576 -0.03) (0.290519154419 0.581887270227 -0.03) (0.291267027016 0.582348815202 -0.03) (0.292018259686 0.582804870748 -0.03) (0.292772812139 0.583255412402 -0.03) (0.293530643902 0.583700416002 -0.03) (0.294291714332 0.584139857678 -0.03) (0.295055982607 0.584573713863 -0.03) (0.295823407738 0.585001961286 -0.03) (0.296593948562 0.585424576979 -0.03) (0.297367563753 0.585841538274 -0.03) (0.298144211819 0.586252822808 -0.03) (0.298923851103 0.586658408523 -0.03) (0.299706439791 0.587058273664 -0.03) (0.300491935909 0.587452396786 -0.03) (0.301280297327 0.587840756749 -0.03) (0.302071481761 0.588223332724 -0.03) (0.302865446777 0.588600104192 -0.03) (0.303662149791 0.588971050944 -0.03) (0.304461548072 0.589336153086 -0.03) (0.305263598745 0.589695391035 -0.03) (0.306068258792 0.590048745524 -0.03) (0.306875485056 0.5903961976 -0.03) (0.307685234241 0.590737728628 -0.03) (0.308497462916 0.591073320291 -0.03))
    polyLine 58 62 ((0.270466689155 0.566234819011 0) (0.271100468612 0.566843638185 0) (0.271738689766 0.567447799541 0) (0.272381318387 0.568047270676 0) (0.273028320007 0.568642019437 0) (0.273679659926 0.569232013925 0) (0.274335303209 0.569817222496 0) (0.27499521469 0.570397613763 0) (0.275659358975 0.570973156597 0) (0.276327700444 0.571543820129 0) (0.277000203251 0.572109573751 0) (0.277676831325 0.57267038712 0) (0.278357548377 0.573226230157 0) (0.279042317896 0.573777073048 0) (0.279731103156 0.574322886251 0) (0.280423867212 0.57486364049 0) (0.281120572911 0.575399306763 0) (0.281821182883 0.57592985634 0) (0.282525659552 0.576455260764 0) (0.283233965133 0.576975491855 0) (0.283946061638 0.577490521712 0) (0.284661910873 0.578000322711 0) (0.285381474444 0.578504867509 0) (0.286104713758 0.579004129045 0) (0.286831590023 0.579498080542 0) (0.287562064254 0.579986695506 0) (0.288296097273 0.58046994773 0) (0.28903364971 0.580947811297 0) (0.289774682007 0.581420260576 0) (0.290519154419 0.581887270227 0) (0.291267027016 0.582348815202 0) (0.292018259686 0.582804870748 0) (0.292772812139 0.583255412402 0) (0.293530643902 0.583700416002 0) (0.294291714332 0.584139857678 0) (0.295055982607 0.584573713863 0) (0.295823407738 0.585001961286 0) (0.296593948562 0.585424576979 0) (0.297367563753 0.585841538274 0) (0.298144211819 0.586252822808 0) (0.298923851103 0.586658408523 0) (0.299706439791 0.587058273664 0) (0.300491935909 0.587452396786 0) (0.301280297327 0.587840756749 0) (0.302071481761 0.588223332724 0) (0.302865446777 0.588600104192 0) (0.303662149791 0.588971050944 0) (0.304461548072 0.589336153086 0) (0.305263598745 0.589695391035 0) (0.306068258792 0.590048745524 0) (0.306875485056 0.5903961976 0) (0.307685234241 0.590737728628 0) (0.308497462916 0.591073320291 0))
    polyLine 57 61 ((0.202249098487 1.0490247905 -0.03) (0.204765771439 1.05343579398 -0.03) (0.207302012419 1.05787722992 -0.03) (0.209858066727 1.06234948677 -0.03) (0.212434183795 1.06685295938 -0.03) (0.215030617273 1.07138804924 -0.03) (0.217647625117 1.07595516451 -0.03) (0.220285469681 1.08055472022 -0.03) (0.22294441781 1.08518713842 -0.03) (0.225624740935 1.08985284831 -0.03) (0.228326715175 1.09455228639 -0.03) (0.231050621431 1.09928589664 -0.03) (0.233796745498 1.10405413064 -0.03) (0.236565378162 1.10885744781 -0.03) (0.239356815317 1.11369631549 -0.03) (0.242171358071 1.11857120918 -0.03) (0.245009312864 1.1234826127 -0.03) (0.247870991586 1.12843101836 -0.03) (0.250756711694 1.13341692718 -0.03) (0.253666796341 1.13844084903 -0.03) (0.2566015745 1.14350330291 -0.03) (0.259561381097 1.14860481706 -0.03) (0.262546557144 1.15374592925 -0.03))
    polyLine 59 63 ((0.202249098487 1.0490247905 0) (0.204765771439 1.05343579398 0) (0.207302012419 1.05787722992 0) (0.209858066727 1.06234948677 0) (0.212434183795 1.06685295938 0) (0.215030617273 1.07138804924 0) (0.217647625117 1.07595516451 0) (0.220285469681 1.08055472022 0) (0.22294441781 1.08518713842 0) (0.225624740935 1.08985284831 0) (0.228326715175 1.09455228639 0) (0.231050621431 1.09928589664 0) (0.233796745498 1.10405413064 0) (0.236565378162 1.10885744781 0) (0.239356815317 1.11369631549 0) (0.242171358071 1.11857120918 0) (0.245009312864 1.1234826127 0) (0.247870991586 1.12843101836 0) (0.250756711694 1.13341692718 0) (0.253666796341 1.13844084903 0) (0.2566015745 1.14350330291 0) (0.259561381097 1.14860481706 0) (0.262546557144 1.15374592925 0))
    polyLine 60 64 ((0.309312127519 0.591402954589 -0.03) (0.310129184356 0.591726613842 -0.03) (0.310948589603 0.592044280691 -0.03) (0.311770299312 0.592355938098 -0.03) (0.312594269412 0.592661569347 -0.03) (0.313420455709 0.592961158046 -0.03) (0.31424881389 0.593254688128 -0.03) (0.315079299528 0.593542143847 -0.03) (0.31591186808 0.593823509788 -0.03) (0.316746474891 0.594098770858 -0.03) (0.317583075198 0.594367912295 -0.03) (0.318421624129 0.594630919663 -0.03) (0.31926207671 0.594887778855 -0.03) (0.320104387863 0.595138476097 -0.03) (0.320948512412 0.59538299794 -0.03) (0.321794405082 0.595621331271 -0.03) (0.322642020504 0.595853463306 -0.03) (0.323491313217 0.596079381596 -0.03) (0.324342237669 0.596299074024 -0.03) (0.325194748222 0.596512528805 -0.03) (0.326048799151 0.596719734492 -0.03) (0.326904344649 0.596920679971 -0.03) (0.327761338831 0.597115354465 -0.03) (0.328619735731 0.597303747532 -0.03) (0.32947948931 0.597485849069 -0.03) (0.330340553455 0.597661649307 -0.03) (0.331202881983 0.597831138819 -0.03) (0.332066428645 0.597994308513 -0.03) (0.332931147124 0.598151149638 -0.03) (0.33379699104 0.598301653782 -0.03) (0.334663913956 0.598445812873 -0.03) (0.335531869375 0.598583619179 -0.03) (0.336400810742 0.598715065309 -0.03) (0.337270691455 0.598840144212 -0.03) (0.338141464856 0.598958849181 -0.03) (0.339013084243 0.599071173847 -0.03) (0.339885502866 0.599177112188 -0.03) (0.340758673933 0.599276658521 -0.03) (0.341632550614 0.599369807506 -0.03) (0.342507086036 0.599456554149 -0.03) (0.343382233297 0.599536893796 -0.03) (0.344257945456 0.599610822138 -0.03) (0.345134175546 0.59967833521 -0.03) (0.346010876571 0.599739429391 -0.03) (0.346888001509 0.599794101404 -0.03) (0.347765503316 0.599842348318 -0.03) (0.348643334927 0.599884167544 -0.03) (0.349521449261 0.599919556839 -0.03) (0.350399799221 0.599948514306 -0.03) (0.351278337695 0.599971038391 -0.03) (0.352157017565 0.599987127886 -0.03) (0.353035791703 0.599996781928 -0.03))
    polyLine 62 66 ((0.309312127519 0.591402954589 0) (0.310129184356 0.591726613842 0) (0.310948589603 0.592044280691 0) (0.311770299312 0.592355938098 0) (0.312594269412 0.592661569347 0) (0.313420455709 0.592961158046 0) (0.31424881389 0.593254688128 0) (0.315079299528 0.593542143847 0) (0.31591186808 0.593823509788 0) (0.316746474891 0.594098770858 0) (0.317583075198 0.594367912295 0) (0.318421624129 0.594630919663 0) (0.31926207671 0.594887778855 0) (0.320104387863 0.595138476097 0) (0.320948512412 0.59538299794 0) (0.321794405082 0.595621331271 0) (0.322642020504 0.595853463306 0) (0.323491313217 0.596079381596 0) (0.324342237669 0.596299074024 0) (0.325194748222 0.596512528805 0) (0.326048799151 0.596719734492 0) (0.326904344649 0.596920679971 0) (0.327761338831 0.597115354465 0) (0.328619735731 0.597303747532 0) (0.32947948931 0.597485849069 0) (0.330340553455 0.597661649307 0) (0.331202881983 0.597831138819 0) (0.332066428645 0.597994308513 0) (0.332931147124 0.598151149638 0) (0.33379699104 0.598301653782 0) (0.334663913956 0.598445812873 0) (0.335531869375 0.598583619179 0) (0.336400810742 0.598715065309 0) (0.337270691455 0.598840144212 0) (0.338141464856 0.598958849181 0) (0.339013084243 0.599071173847 0) (0.339885502866 0.599177112188 0) (0.340758673933 0.599276658521 0) (0.341632550614 0.599369807506 0) (0.342507086036 0.599456554149 0) (0.343382233297 0.599536893796 0) (0.344257945456 0.599610822138 0) (0.345134175546 0.59967833521 0) (0.346010876571 0.599739429391 0) (0.346888001509 0.599794101404 0) (0.347765503316 0.599842348318 0) (0.348643334927 0.599884167544 0) (0.349521449261 0.599919556839 0) (0.350399799221 0.599948514306 0) (0.351278337695 0.599971038391 0) (0.352157017565 0.599987127886 0) (0.353035791703 0.599996781928 0))
    polyLine 61 65 ((0.26884004981 1.16457133147 -0.03) (0.272153541328 1.170263713 -0.03) (0.275498388151 1.17600506227 -0.03) (0.278875063326 1.18179612454 -0.03) (0.282284049456 1.18763766001 -0.03) (0.285725838948 1.19353044416 -0.03) (0.289200934262 1.19947526816 -0.03) (0.292709848162 1.20547293926 -0.03) (0.296253103989 1.21152428123 -0.03) (0.299831235924 1.21763013475 -0.03) (0.303444789279 1.22379135787 -0.03) (0.307094320779 1.23000882646 -0.03) (0.310780398868 1.23628343466 -0.03) (0.314503604012 1.24261609541 -0.03) (0.318264529019 1.24900774089 -0.03) (0.322063779371 1.25545932305 -0.03) (0.325901973559 1.26197181416 -0.03) (0.329779743436 1.26854620736 -0.03) (0.333697734575 1.27518351717 -0.03) (0.337656606648 1.28188478014 -0.03) (0.341657033805 1.28865105542 -0.03) (0.345699705078 1.29548342536 -0.03) (0.349785324788 1.30238299621 -0.03))
    polyLine 63 67 ((0.26884004981 1.16457133147 0) (0.272153541328 1.170263713 0) (0.275498388151 1.17600506227 0) (0.278875063326 1.18179612454 0) (0.282284049456 1.18763766001 0) (0.285725838948 1.19353044416 0) (0.289200934262 1.19947526816 0) (0.292709848162 1.20547293926 0) (0.296253103989 1.21152428123 0) (0.299831235924 1.21763013475 0) (0.303444789279 1.22379135787 0) (0.307094320779 1.23000882646 0) (0.310780398868 1.23628343466 0) (0.314503604012 1.24261609541 0) (0.318264529019 1.24900774089 0) (0.322063779371 1.25545932305 0) (0.325901973559 1.26197181416 0) (0.329779743436 1.26854620736 0) (0.333697734575 1.27518351717 0) (0.337656606648 1.28188478014 0) (0.341657033805 1.28865105542 0) (0.345699705078 1.29548342536 0) (0.349785324788 1.30238299621 0))
);

boundary
(
    body_fore
    {
        type wall;
        faces
        (
            (0 2 6 4)
            (4 6 10 8)
            (8 10 14 12)
            (12 14 18 16)
            (16 18 22 20)
            (20 22 26 24)
            (24 26 30 28)
            (28 30 34 32)
            (32 34 38 36)
            (36 38 42 40)
            (40 42 46 44)
            (44 46 50 48)
            (48 50 54 52)
            (52 54 58 56)
            (56 58 62 60)
            (60 62 66 64)
        );
    }
    freestream
    {
        type patch;
        faces
        (
            (1 5 7 3)
            (5 9 11 7)
            (9 13 15 11)
            (13 17 19 15)
            (17 21 23 19)
            (21 25 27 23)
            (25 29 31 27)
            (29 33 35 31)
            (33 37 39 35)
            (37 41 43 39)
            (41 45 47 43)
            (45 49 51 47)
            (49 53 55 51)
            (53 57 59 55)
            (57 61 63 59)
            (61 65 67 63)
        );
    }
    outlet
    {
        type patch;
        faces
        (
            (64 66 67 65)
        );
    }
    axis
    {
        type patch;
        faces
        (
            (0 1 3 2)
        );
    }
    front
    {
        type patch;
        faces
        (
            (2 6 7 3)
            (6 10 11 7)
            (10 14 15 11)
            (14 18 19 15)
            (18 22 23 19)
            (22 26 27 23)
            (26 30 31 27)
            (30 34 35 31)
            (34 38 39 35)
            (38 42 43 39)
            (42 46 47 43)
            (46 50 51 47)
            (50 54 55 51)
            (54 58 59 55)
            (58 62 63 59)
            (62 66 67 63)
        );
    }
    back
    {
        type patch;
        faces
        (
            (0 1 5 4)
            (4 5 9 8)
            (8 9 13 12)
            (12 13 17 16)
            (16 17 21 20)
            (20 21 25 24)
            (24 25 29 28)
            (28 29 33 32)
            (32 33 37 36)
            (36 37 41 40)
            (40 41 45 44)
            (44 45 49 48)
            (48 49 53 52)
            (52 53 57 56)
            (56 57 61 60)
            (60 61 65 64)
        );
    }
);
