FoamFile
{
    version     2.0;
    format      ascii;
    class       dictionary;
    object      blockMeshDict;
}
// Generated by aether.cfd - do not edit by hand. Regenerate from the run config.

scale 1;

vertices
(
    (0 0 -0.03)
    (-0.33042972768 7.15605566566e-17 -0.03)
    (0 0 0)
    (-0.33042972768 7.15605566566e-17 0)
    (0.00265016059559 0.0413867755033 -0.03)
    (-0.326991525994 0.0956851193974 -0.03)
    (0.00265016059559 0.0413867755033 0)
    (-0.326991525994 0.0956851193974 0)
    (0.0105563103733 0.0820977148172 -0.03)
    (-0.31652416089 0.192443026121 -0.03)
    (0.0105563103733 0.0820977148172 0)
    (-0.31652416089 0.192443026121 0)
    (0.023590049121 0.121467876788 -0.03)
    (-0.298560602301 0.291368658868 -0.03)
    (0.023590049121 0.121467876788 0)
    (-0.298560602301 0.291368658868 0)
    (0.039955094257 0.15960403608 -0.03)
    (-0.272550467254 0.392727694832 -0.03)
    (0.039955094257 0.15960403608 0)
    (-0.272550467254 0.392727694832 0)
    (0.0564062803366 0.19770381596 -0.03)
    (-0.239078231009 0.493492839706 -0.03)
    (0.0564062803366 0.19770381596 0)
    (-0.239078231009 0.493492839706 0)
    (0.0728574664161 0.235803595841 -0.03)
    (-0.199618400369 0.590684071899 -0.03)
    (0.0728574664161 0.235803595841 0)
    (-0.199618400369 0.590684071899 0)
    (0.0893086524957 0.273903375722 -0.03)
    (-0.156045914964 0.682191941176 -0.03)
    (0.0893086524957 0.273903375722 0)
    (-0.156045914964 0.682191941176 0)
    (0.105759838575 0.312003155603 -0.03)
    (-0.11021062628 0.766845929541 -0.03)
    (0.105759838575 0.312003155603 0)
    (-0.11021062628 0.766845929541 0)
    (0.122211024655 0.350102935483 -0.03)
    (-0.0636684539544 0.844249908923 -0.03)
    (0.122211024655 0.350102935483 0)
    (-0.0636684539544 0.844249908923 0)
    (0.138662210734 0.388202715364 -0.03)
    (-0.0175878104208 0.91453378422 -0.03)
    (0.138662210734 0.388202715364 0)
    (-0.0175878104208 0.91453378422 0)
    (0.155113396814 0.426302495245 -0.03)
    (0.0272304769797 0.978130223605 -0.03)
    (0.155113396814 0.426302495245 0)
    (0.0272304769797 0.978130223605 0)
    (0.171564582893 0.464402275126 -0.03)
    (0.0702845054535 1.03561393411 -0.03)
    (0.171564582893 0.464402275126 0)
    (0.0702845054535 1.03561393411 0)
    (0.188015768973 0.502502055006 -0.03)
    (0.111294454966 1.08760076582 -0.03)
    (0.188015768973 0.502502055006 0)
    (0.111294454966 1.08760076582 0)
    (0.204466955053 0.540601834887 -0.03)
    (0.150135783784 1.13469092252 -0.03)
    (0.204466955053 0.540601834887 0)
    (0.150135783784 1.13469092252 0)
    (0.220924858445 0.578698664842 -0.03)
    (0.186800010219 1.17745500802 -0.03)
    (0.220924858445 0.578698664842 0)
    (0.186800010219 1.17745500802 0)
    (0.253906561823 0.6 -0.03)
    (0.253906561823 1.25204312941 -0.03)
    (0.253906561823 0.6 0)
    (0.253906561823 1.25204312941 0)
);

blocks
(
    hex (0 4 5 1 2 6 7 3) (4 48 1) simpleGrading (1 4 1)
    hex (4 8 9 5 6 10 11 7) (4 48 1) simpleGrading (1 4 1)
    hex (8 12 13 9 10 14 15 11) (4 48 1) simpleGrading (1 4 1)
    hex (12 16 17 13 14 18 19 15) (4 48 1) simpleGrading (1 4 1)
    hex (16 20 21 17 18 22 23 19) (4 48 1) simpleGrading (1 4 1)
    hex (20 24 25 21 22 26 27 23) (4 48 1) simpleGrading (1 4 1)
    hex (24 28 29 25 26 30 31 27) (4 48 1) simpleGrading (1 4 1)
    hex (28 32 33 29 30 34 35 31) (4 48 1) simpleGrading (1 4 1)
    hex (32 36 37 33 34 38 39 35) (4 48 1) simpleGrading (1 4 1)
    hex (36 40 41 37 38 42 43 39) (4 48 1) simpleGrading (1 4 1)
    hex (40 44 45 41 42 46 47 43) (4 48 1) simpleGrading (1 4 1)
    hex (44 48 49 45 46 50 51 47) (4 48 1) simpleGrading (1 4 1)
    hex (48 52 53 49 50 54 55 51) (4 48 1) simpleGrading (1 4 1)
    hex (52 56 57 53 54 58 59 55) (4 48 1) simpleGrading (1 4 1)
    hex (56 60 61 57 58 62 63 59) (4 48 1) simpleGrading (1 4 1)
    hex (60 64 65 61 62 66 67 63) (4 48 1) simpleGrading (1 4 1)
);

edges
(
    polyLine 0 4 ((1.23078627774e-06 0.000893778103812 -0.03) (4.92313577526e-06 0.00178754942817 -0.03) (1.10770204855e-05 0.00268130719367 -0.03) (1.96923937301e-05 0.00357504462101 -0.03) (3.07691901602e-05 0.00446875493105 -0.03) (4.43073257564e-05 0.00536243134484 -0.03) (6.03066978296e-05 0.00625606708371 -0.03) (7.87671850221e-05 0.00714965536928 -0.03) (9.9688647308e-05 0.00804318942353 -0.03) (0.000123070925995 0.00893666246886 -0.03) (0.000148913843723 0.00983006772813 -0.03) (0.000177217204471 0.0107233984247 -0.03) (0.000207980793553 0.0116166477825 -0.03) (0.000241204377622 0.0125098090262 -0.03) (0.000276887704671 0.0134028753809 -0.03) (0.000315030504037 0.0142958400725 -0.03) (0.0003556324864 0.0151886963279 -0.03) (0.000398693343787 0.0160814373745 -0.03) (0.000444212749575 0.0169740564407 -0.03) (0.000492190358491 0.0178665467559 -0.03) (0.000542625806618 0.0187589015504 -0.03) (0.000595518711393 0.0196511140555 -0.03) (0.000650868671617 0.0205431775037 -0.03) (0.00070867526745 0.0214350851285 -0.03) (0.000768938060419 0.0223268301646 -0.03) (0.000831656593422 0.0232184058481 -0.03) (0.000896830390727 0.0241098054161 -0.03) (0.000964458957982 0.0250010221072 -0.03) (0.00103454178221 0.0258920491615 -0.03) (0.00110707833183 0.0267828798203 -0.03) (0.00118206805662 0.0276735073265 -0.03) (0.0012595103878 0.0285639249246 -0.03) (0.00133940473793 0.0294541258607 -0.03) (0.00142175050101 0.0303441033823 -0.03) (0.00150654705244 0.0312338507389 -0.03) (0.00159379374901 0.0321233611815 -0.03) (0.00168348992896 0.0330126279632 -0.03) (0.0017756349119 0.0339016443387 -0.03) (0.00187022799892 0.0347904035645 -0.03) (0.00196726847251 0.0356788988995 -0.03) (0.00206675559659 0.036567123604 -0.03) (0.00216868861655 0.0374550709409 -0.03) (0.0022730667592 0.038342734175 -0.03) (0.00237988923283 0.039230106573 -0.03) (0.00248915522715 0.0401171814042 -0.03) (0.00260086391338 0.04100395194 -0.03))
    polyLine 2 6 ((1.23078627774e-06 0.000893778103812 0) (4.92313577526e-06 0.00178754942817 0) (1.10770204855e-05 0.00268130719367 0) (1.96923937301e-05 0.00357504462101 0) (3.07691901602e-05 0.00446875493105 0) (4.43073257564e-05 0.00536243134484 0) (6.03066978296e-05 0.00625606708371 0) (7.87671850221e-05 0.00714965536928 0) (9.9688647308e-05 0.00804318942353 0) (0.000123070925995 0.00893666246886 0) (0.000148913843723 0.00983006772813 0) (0.000177217204471 0.0107233984247 0) (0.000207980793553 0.0116166477825 0) (0.000241204377622 0.0125098090262 0) (0.000276887704671 0.0134028753809 0) (0.000315030504037 0.0142958400725 0) (0.0003556324864 0.0151886963279 0) (0.000398693343787 0.0160814373745 0) (0.000444212749575 0.0169740564407 0) (0.000492190358491 0.0178665467559 0) (0.000542625806618 0.0187589015504 0) (0.000595518711393 0.0196511140555 0) (0.000650868671617 0.0205431775037 0) (0.00070867526745 0.0214350851285 0) (0.000768938060419 0.0223268301646 0) (0.000831656593422 0.0232184058481 0) (0.000896830390727 0.0241098054161 0) (0.000964458957982 0.0250010221072 0) (0.00103454178221 0.0258920491615 0) (0.00110707833183 0.0267828798203 0) (0.00118206805662 0.0276735073265 0) (0.0012595103878 0.0285639249246 0) (0.00133940473793 0.0294541258607 0) (0.00142175050101 0.0303441033823 0) (0.00150654705244 0.0312338507389 0) (0.00159379374901 0.0321233611815 0) (0.00168348992896 0.0330126279632 0) (0.0017756349119 0.0339016443387 0) (0.00187022799892 0.0347904035645 0) (0.00196726847251 0.0356788988995 0) (0.00206675559659 0.036567123604 0) (0.00216868861655 0.0374550709409 0) (0.0022730667592 0.038342734175 0) (0.00237988923283 0.039230106573 0) (0.00248915522715 0.0401171814042 0) (0.00260086391338 0.04100395194 0))
    polyLine 1 5 ((-0.330423794418 0.00397480626295 -0.03) (-0.330405993885 0.00794973820335 -0.03) (-0.330376323848 0.0119249215094 -0.03) (-0.33033478058 0.015900481891 -0.03) (-0.330281358863 0.0198765450903 -0.03) (-0.330216051989 0.0238532368926 -0.03) (-0.330138851755 0.0278306831371 -0.03) (-0.33004974846 0.031809009728 -0.03) (-0.329948730909 0.035788342645 -0.03) (-0.329835786406 0.0397688079539 -0.03) (-0.329710900752 0.0437505318183 -0.03) (-0.329574058244 0.0477336405096 -0.03) (-0.329425241668 0.0517182604182 -0.03) (-0.329264432301 0.0557045180645 -0.03) (-0.329091609902 0.0596925401098 -0.03) (-0.328906752711 0.063682453367 -0.03) (-0.328709837444 0.0676743848117 -0.03) (-0.328500839286 0.0716684615935 -0.03) (-0.328279731888 0.0756648110463 -0.03) (-0.328046487363 0.0796635607002 -0.03) (-0.327801076276 0.0836648382918 -0.03) (-0.327543467642 0.087668771776 -0.03) (-0.327273628917 0.0916754893364 -0.03))
    polyLine 3 7 ((-0.330423794418 0.00397480626295 0) (-0.330405993885 0.00794973820335 0) (-0.330376323848 0.0119249215094 0) (-0.33033478058 0.015900481891 0) (-0.330281358863 0.0198765450903 0) (-0.330216051989 0.0238532368926 0) (-0.330138851755 0.0278306831371 0) (-0.33004974846 0.031809009728 0) (-0.329948730909 0.035788342645 0) (-0.329835786406 0.0397688079539 0) (-0.329710900752 0.0437505318183 0) (-0.329574058244 0.0477336405096 0) (-0.329425241668 0.0517182604182 0) (-0.329264432301 0.0557045180645 0) (-0.329091609902 0.0596925401098 0) (-0.328906752711 0.063682453367 0) (-0.328709837444 0.0676743848117 0) (-0.328500839286 0.0716684615935 0) (-0.328279731888 0.0756648110463 0) (-0.328046487363 0.0796635607002 0) (-0.327801076276 0.0836648382918 0) (-0.327543467642 0.087668771776 0) (-0.327273628917 0.0916754893364 0))
    polyLine 4 8 ((0.00271501444418 0.041890411454 -0.03) (0.0028316059537 0.0427765532224 -0.03) (0.00295063755758 0.0436623705235 -0.03) (0.00307210835294 0.0445478566383 -0.03) (0.00319601741841 0.0454330048503 -0.03) (0.00332236381411 0.0463178084454 -0.03) (0.0034511465817 0.0472022607124 -0.03) (0.00358236474432 0.0480863549423 -0.03) (0.00371601730667 0.0489700844294 -0.03) (0.00385210325497 0.0498534424703 -0.03) (0.00399062155698 0.0507364223645 -0.03) (0.00413157116203 0.0516190174147 -0.03) (0.00427495100098 0.052501220926 -0.03) (0.00442075998628 0.053383026207 -0.03) (0.00456899701194 0.0542644265688 -0.03) (0.00471966095356 0.0551454153261 -0.03) (0.00487275066833 0.0560259857962 -0.03) (0.00502826499504 0.0569061313001 -0.03) (0.00518620275408 0.0577858451615 -0.03) (0.00534656274747 0.0586651207077 -0.03) (0.00550934375886 0.0595439512693 -0.03) (0.00567454455352 0.0604223301802 -0.03) (0.00584216387838 0.0613002507778 -0.03) (0.00601220046202 0.0621777064028 -0.03) (0.00618465301467 0.0630546903997 -0.03) (0.00635952022828 0.0639311961163 -0.03) (0.00653680077642 0.0648072169043 -0.03) (0.00671649331441 0.0656827461188 -0.03) (0.00689859647924 0.0665577771189 -0.03) (0.00708310888964 0.0674323032672 -0.03) (0.00727002914604 0.0683063179304 -0.03) (0.00745935583062 0.0691798144788 -0.03) (0.00765108750732 0.070052786287 -0.03) (0.00784522272181 0.0709252267332 -0.03) (0.00804176000154 0.0717971291999 -0.03) (0.00824069785575 0.0726684870734 -0.03) (0.00844203477547 0.0735392937445 -0.03) (0.00864576923351 0.074409542608 -0.03) (0.00885189968452 0.0752792270627 -0.03) (0.00906042456497 0.0761483405121 -0.03) (0.00927134229315 0.0770168763638 -0.03) (0.00948465126923 0.0778848280297 -0.03) (0.00970034987522 0.0787521889264 -0.03) (0.00991843647501 0.0796189524747 -0.03) (0.0101389094144 0.0804851121001 -0.03) (0.010361767021 0.0813506612327 -0.03))
    polyLine 6 10 ((0.00271501444418 0.041890411454 0) (0.0028316059537 0.0427765532224 0) (0.00295063755758 0.0436623705235 0) (0.00307210835294 0.0445478566383 0) (0.00319601741841 0.0454330048503 0) (0.00332236381411 0.0463178084454 0) (0.0034511465817 0.0472022607124 0) (0.00358236474432 0.0480863549423 0) (0.00371601730667 0.0489700844294 0) (0.00385210325497 0.0498534424703 0) (0.00399062155698 0.0507364223645 0) (0.00413157116203 0.0516190174147 0) (0.00427495100098 0.052501220926 0) (0.00442075998628 0.053383026207 0) (0.00456899701194 0.0542644265688 0) (0.00471966095356 0.0551454153261 0) (0.00487275066833 0.0560259857962 0) (0.00502826499504 0.0569061313001 0) (0.00518620275408 0.0577858451615 0) (0.00534656274747 0.0586651207077 0) (0.00550934375886 0.0595439512693 0) (0.00567454455352 0.0604223301802 0) (0.00584216387838 0.0613002507778 0) (0.00601220046202 0.0621777064028 0) (0.00618465301467 0.0630546903997 0) (0.00635952022828 0.0639311961163 0) (0.00653680077642 0.0648072169043 0) (0.00671649331441 0.0656827461188 0) (0.00689859647924 0.0665577771189 0) (0.00708310888964 0.0674323032672 0) (0.00727002914604 0.0683063179304 0) (0.00745935583062 0.0691798144788 0) (0.00765108750732 0.070052786287 0) (0.00784522272181 0.0709252267332 0) (0.00804176000154 0.0717971291999 0) (0.00824069785575 0.0726684870734 0) (0.00844203477547 0.0735392937445 0) (0.00864576923351 0.074409542608 0) (0.00885189968452 0.0752792270627 0) (0.00906042456497 0.0761483405121 0) (0.00927134229315 0.0770168763638 0) (0.00948465126923 0.0778848280297 0) (0.00970034987522 0.0787521889264 0) (0.00991843647501 0.0796189524747 0) (0.0101389094144 0.0804851121001 0) (0.010361767021 0.0813506612327 0))
    polyLine 5 9 ((-0.326699208009 0.0996699426914 -0.03) (-0.326394723728 0.103657891385 -0.03) (-0.326078035124 0.107649092017 -0.03) (-0.325749102618 0.111643671404 -0.03) (-0.325407885074 0.115641756651 -0.03) (-0.325054339787 0.119643475162 -0.03) (-0.324688422477 0.123648954653 -0.03) (-0.324310087277 0.127658323159 -0.03) (-0.323919286727 0.131671709051 -0.03) (-0.323515971763 0.135689241042 -0.03) (-0.323100091704 0.139711048201 -0.03) (-0.322671594246 0.143737259965 -0.03) (-0.322230425448 0.147768006147 -0.03) (-0.321776529725 0.151803416952 -0.03) (-0.32130984983 0.155843622985 -0.03) (-0.320830326848 0.159888755264 -0.03) (-0.320337900182 0.163938945232 -0.03) (-0.319832507539 0.167994324768 -0.03) (-0.319314084918 0.172055026199 -0.03) (-0.318782566599 0.176121182313 -0.03) (-0.318237885125 0.18019292637 -0.03) (-0.31767997129 0.184270392112 -0.03) (-0.317108754127 0.188353713779 -0.03))
    polyLine 7 11 ((-0.326699208009 0.0996699426914 0) (-0.326394723728 0.103657891385 0) (-0.326078035124 0.107649092017 0) (-0.325749102618 0.111643671404 0) (-0.325407885074 0.115641756651 0) (-0.325054339787 0.119643475162 0) (-0.324688422477 0.123648954653 0) (-0.324310087277 0.127658323159 0) (-0.323919286727 0.131671709051 0) (-0.323515971763 0.135689241042 0) (-0.323100091704 0.139711048201 0) (-0.322671594246 0.143737259965 0) (-0.322230425448 0.147768006147 0) (-0.321776529725 0.151803416952 0) (-0.32130984983 0.155843622985 0) (-0.320830326848 0.159888755264 0) (-0.320337900182 0.163938945232 0) (-0.319832507539 0.167994324768 0) (-0.319314084918 0.172055026199 0) (-0.318782566599 0.176121182313 0) (-0.318237885125 0.18019292637 0) (-0.31767997129 0.184270392112 0) (-0.317108754127 0.188353713779 0))
    polyLine 8 12 ((0.0105870076045 0.082215593307 -0.03) (0.0108146294563 0.0830799017625 -0.03) (0.0110446308499 0.0839435800433 -0.03) (0.0112770100407 0.0848066215981 -0.03) (0.0115117652661 0.0856690198807 -0.03) (0.0117488947455 0.0865307683496 -0.03) (0.01198839668 0.0873918604684 -0.03) (0.0122302692532 0.0882522897055 -0.03) (0.0124745106303 0.0891120495344 -0.03) (0.0127211189587 0.0899711334337 -0.03) (0.0129700923679 0.0908295348871 -0.03) (0.0132214289694 0.0916872473835 -0.03) (0.0134751268567 0.092544264417 -0.03) (0.0137311841055 0.0934005794869 -0.03) (0.0139895987735 0.0942561860981 -0.03) (0.0142503689007 0.0951110777605 -0.03) (0.0145134925091 0.0959652479897 -0.03) (0.0147789676027 0.0968186903066 -0.03) (0.015046792168 0.0976713982378 -0.03) (0.0153169641735 0.0985233653153 -0.03) (0.0155894815698 0.0993745850768 -0.03) (0.0158643422899 0.100225051066 -0.03) (0.0161415442489 0.101074756831 -0.03) (0.0164210853441 0.101923695928 -0.03) (0.0167029634553 0.102771861916 -0.03) (0.0169871764443 0.103619248363 -0.03) (0.0172737221553 0.104465848841 -0.03) (0.0175625984149 0.105311656928 -0.03) (0.0178538030317 0.106156666209 -0.03) (0.0181473337971 0.107000870274 -0.03) (0.0184431884845 0.10784426272 -0.03) (0.0187413648499 0.108686837149 -0.03) (0.0190418606315 0.109528587171 -0.03) (0.0193446735499 0.1103695064 -0.03) (0.0196498013084 0.111209588458 -0.03) (0.0199572415924 0.112048826974 -0.03) (0.02026699207 0.11288721558 -0.03) (0.0205790503917 0.113724747918 -0.03) (0.0208934141905 0.114561417635 -0.03) (0.0212100810818 0.115397218385 -0.03) (0.0215290486637 0.116232143828 -0.03) (0.0218503145168 0.117066187631 -0.03) (0.0221738762042 0.117899343468 -0.03) (0.0224997312716 0.118731605019 -0.03) (0.0228278772474 0.119562965971 -0.03) (0.0231583116426 0.120393420018 -0.03) (0.0234910319507 0.121222960861 -0.03))
    polyLine 10 14 ((0.0105870076045 0.082215593307 0) (0.0108146294563 0.0830799017625 0) (0.0110446308499 0.0839435800433 0) (0.0112770100407 0.0848066215981 0) (0.0115117652661 0.0856690198807 0) (0.0117488947455 0.0865307683496 0) (0.01198839668 0.0873918604684 0) (0.0122302692532 0.0882522897055 0) (0.0124745106303 0.0891120495344 0) (0.0127211189587 0.0899711334337 0) (0.0129700923679 0.0908295348871 0) (0.0132214289694 0.0916872473835 0) (0.0134751268567 0.092544264417 0) (0.0137311841055 0.0934005794869 0) (0.0139895987735 0.0942561860981 0) (0.0142503689007 0.0951110777605 0) (0.0145134925091 0.0959652479897 0) (0.0147789676027 0.0968186903066 0) (0.015046792168 0.0976713982378 0) (0.0153169641735 0.0985233653153 0) (0.0155894815698 0.0993745850768 0) (0.0158643422899 0.100225051066 0) (0.0161415442489 0.101074756831 0) (0.0164210853441 0.101923695928 0) (0.0167029634553 0.102771861916 0) (0.0169871764443 0.103619248363 0) (0.0172737221553 0.104465848841 0) (0.0175625984149 0.105311656928 0) (0.0178538030317 0.106156666209 0) (0.0181473337971 0.107000870274 0) (0.0184431884845 0.10784426272 0) (0.0187413648499 0.108686837149 0) (0.0190418606315 0.109528587171 0) (0.0193446735499 0.1103695064 0) (0.0196498013084 0.111209588458 0) (0.0199572415924 0.112048826974 0) (0.02026699207 0.11288721558 0) (0.0205790503917 0.113724747918 0) (0.0208934141905 0.114561417635 0) (0.0212100810818 0.115397218385 0) (0.0215290486637 0.116232143828 0) (0.0218503145168 0.117066187631 0) (0.0221738762042 0.117899343468 0) (0.0224997312716 0.118731605019 0) (0.0228278772474 0.119562965971 0) (0.0231583116426 0.120393420018 0) (0.0234910319507 0.121222960861 0))
    polyLine 9 13 ((-0.31593421822 0.196483556979 -0.03) (-0.315331109611 0.200530181154 -0.03) (-0.314714760024 0.204583029577 -0.03) (-0.314085092676 0.208642233705 -0.03) (-0.313442029026 0.212707925538 -0.03) (-0.312785488755 0.216780237629 -0.03) (-0.312115389751 0.220859303092 -0.03) (-0.311431648094 0.224945255622 -0.03) (-0.310734178036 0.229038229499 -0.03) (-0.310022891984 0.233138359607 -0.03) (-0.309297700484 0.237245781441 -0.03) (-0.308558512198 0.241360631123 -0.03) (-0.307805233889 0.245483045416 -0.03) (-0.307037770401 0.24961316173 -0.03) (-0.306256024637 0.253751118144 -0.03) (-0.30545989754 0.257897053412 -0.03) (-0.304649288074 0.262051106979 -0.03) (-0.303824093198 0.266213418993 -0.03) (-0.302984207849 0.27038413032 -0.03) (-0.302129524918 0.274563382557 -0.03) (-0.301259935228 0.278751318044 -0.03) (-0.300375327508 0.28294807988 -0.03) (-0.299475588374 0.287153811936 -0.03))
    polyLine 11 15 ((-0.31593421822 0.196483556979 0) (-0.315331109611 0.200530181154 0) (-0.314714760024 0.204583029577 0) (-0.314085092676 0.208642233705 0) (-0.313442029026 0.212707925538 0) (-0.312785488755 0.216780237629 0) (-0.312115389751 0.220859303092 0) (-0.311431648094 0.224945255622 0) (-0.310734178036 0.229038229499 0) (-0.310022891984 0.233138359607 0) (-0.309297700484 0.237245781441 0) (-0.308558512198 0.241360631123 0) (-0.307805233889 0.245483045416 0) (-0.307037770401 0.24961316173 0) (-0.306256024637 0.253751118144 0) (-0.30545989754 0.257897053412 0) (-0.304649288074 0.262051106979 0) (-0.303824093198 0.266213418993 0) (-0.302984207849 0.27038413032 0) (-0.302129524918 0.274563382557 0) (-0.301259935228 0.278751318044 0) (-0.300375327508 0.28294807988 0) (-0.299475588374 0.287153811936 0))
    polyLine 12 16 ((0.023826035648 0.122051582208 -0.03) (0.0241633201934 0.122879277773 -0.03) (0.0245028830286 0.123706041279 -0.03) (0.024844721578 0.124531866454 -0.03) (0.0251888332486 0.125356747034 -0.03) (0.0255352154303 0.126180676763 -0.03) (0.0258838654957 0.127003649391 -0.03) (0.0262347808003 0.127825658674 -0.03) (0.0265879586823 0.128646698379 -0.03) (0.0269434443111 0.129469977877 -0.03) (0.02729892994 0.130293257375 -0.03) (0.0276544155688 0.131116536872 -0.03) (0.0280099011977 0.13193981637 -0.03) (0.0283653868266 0.132763095867 -0.03) (0.0287208724554 0.133586375365 -0.03) (0.0290763580843 0.134409654863 -0.03) (0.0294318437131 0.13523293436 -0.03) (0.029787329342 0.136056213858 -0.03) (0.0301428149708 0.136879493355 -0.03) (0.0304983005997 0.137702772853 -0.03) (0.0308537862286 0.138526052351 -0.03) (0.0312092718574 0.139349331848 -0.03) (0.0315647574863 0.140172611346 -0.03) (0.0319202431151 0.140995890843 -0.03) (0.032275728744 0.141819170341 -0.03) (0.0326312143729 0.142642449838 -0.03) (0.0329867000017 0.143465729336 -0.03) (0.0333421856306 0.144289008834 -0.03) (0.0336976712594 0.145112288331 -0.03) (0.0340531568883 0.145935567829 -0.03) (0.0344086425171 0.146758847326 -0.03) (0.034764128146 0.147582126824 -0.03) (0.0351196137749 0.148405406322 -0.03) (0.0354750994037 0.149228685819 -0.03) (0.0358305850326 0.150051965317 -0.03) (0.0361860706614 0.150875244814 -0.03) (0.0365415562903 0.151698524312 -0.03) (0.0368970419192 0.152521803809 -0.03) (0.037252527548 0.153345083307 -0.03) (0.0376080131769 0.154168362805 -0.03) (0.0379634988057 0.154991642302 -0.03) (0.0383189844346 0.1558149218 -0.03) (0.0386744700634 0.156638201297 -0.03) (0.0390299556923 0.157461480795 -0.03) (0.0393854413212 0.158284760293 -0.03) (0.03974092695 0.15910803979 -0.03))
    polyLine 14 18 ((0.023826035648 0.122051582208 0) (0.0241633201934 0.122879277773 0) (0.0245028830286 0.123706041279 0) (0.024844721578 0.124531866454 0) (0.0251888332486 0.125356747034 0) (0.0255352154303 0.126180676763 0) (0.0258838654957 0.127003649391 0) (0.0262347808003 0.127825658674 0) (0.0265879586823 0.128646698379 0) (0.0269434443111 0.129469977877 0) (0.02729892994 0.130293257375 0) (0.0276544155688 0.131116536872 0) (0.0280099011977 0.13193981637 0) (0.0283653868266 0.132763095867 0) (0.0287208724554 0.133586375365 0) (0.0290763580843 0.134409654863 0) (0.0294318437131 0.13523293436 0) (0.029787329342 0.136056213858 0) (0.0301428149708 0.136879493355 0) (0.0304983005997 0.137702772853 0) (0.0308537862286 0.138526052351 0) (0.0312092718574 0.139349331848 0) (0.0315647574863 0.140172611346 0) (0.0319202431151 0.140995890843 0) (0.032275728744 0.141819170341 0) (0.0326312143729 0.142642449838 0) (0.0329867000017 0.143465729336 0) (0.0333421856306 0.144289008834 0) (0.0336976712594 0.145112288331 0) (0.0340531568883 0.145935567829 0) (0.0344086425171 0.146758847326 0) (0.034764128146 0.147582126824 0) (0.0351196137749 0.148405406322 0) (0.0354750994037 0.149228685819 0) (0.0358305850326 0.150051965317 0) (0.0361860706614 0.150875244814 0) (0.0365415562903 0.151698524312 0) (0.0368970419192 0.152521803809 0) (0.037252527548 0.153345083307 0) (0.0376080131769 0.154168362805 0) (0.0379634988057 0.154991642302 0) (0.0383189844346 0.1558149218 0) (0.0386744700634 0.156638201297 0) (0.0390299556923 0.157461480795 0) (0.0393854413212 0.158284760293 0) (0.03974092695 0.15910803979 0))
    polyLine 13 17 ((-0.297655740109 0.295477842885 -0.03) (-0.296736226747 0.299595925389 -0.03) (-0.29580194989 0.303723041776 -0.03) (-0.294852795211 0.307859328201 -0.03) (-0.29388864635 0.312004921585 -0.03) (-0.292909384893 0.31615995963 -0.03) (-0.291914890352 0.320324580833 -0.03) (-0.290905040133 0.324498924498 -0.03) (-0.289879709517 0.32868313075 -0.03) (-0.288838771628 0.332877340547 -0.03) (-0.287782097413 0.337081695698 -0.03) (-0.286709555611 0.341296338873 -0.03) (-0.285621012729 0.345521413618 -0.03) (-0.284516333008 0.34975706437 -0.03) (-0.283395378404 0.354003436472 -0.03) (-0.282258008547 0.358260676186 -0.03) (-0.281104080724 0.362528930708 -0.03) (-0.27993344984 0.366808348185 -0.03) (-0.278745968389 0.371099077729 -0.03) (-0.277541486425 0.375401269431 -0.03) (-0.276319851528 0.379715074378 -0.03) (-0.275080908773 0.384040644669 -0.03) (-0.273824500695 0.38837813343 -0.03))
    polyLine 15 19 ((-0.297655740109 0.295477842885 0) (-0.296736226747 0.299595925389 0) (-0.29580194989 0.303723041776 0) (-0.294852795211 0.307859328201 0) (-0.29388864635 0.312004921585 0) (-0.292909384893 0.31615995963 0) (-0.291914890352 0.320324580833 0) (-0.290905040133 0.324498924498 0) (-0.289879709517 0.32868313075 0) (-0.288838771628 0.332877340547 0) (-0.287782097413 0.337081695698 0) (-0.286709555611 0.341296338873 0) (-0.285621012729 0.345521413618 0) (-0.284516333008 0.34975706437 0) (-0.283395378404 0.354003436472 0) (-0.282258008547 0.358260676186 0) (-0.281104080724 0.362528930708 0) (-0.27993344984 0.366808348185 0) (-0.278745968389 0.371099077729 0) (-0.277541486425 0.375401269431 0) (-0.276319851528 0.379715074378 0) (-0.275080908773 0.384040644669 0) (-0.273824500695 0.38837813343 0))
    polyLine 16 20 ((0.0400964125789 0.159931319288 -0.03) (0.0404518982077 0.160754598785 -0.03) (0.0408073838366 0.161577878283 -0.03) (0.0411628694655 0.162401157781 -0.03) (0.0415183550943 0.163224437278 -0.03) (0.0418738407232 0.164047716776 -0.03) (0.042229326352 0.164870996273 -0.03) (0.0425848119809 0.165694275771 -0.03) (0.0429402976097 0.166517555268 -0.03) (0.0432957832386 0.167340834766 -0.03) (0.0436512688675 0.168164114264 -0.03) (0.0440067544963 0.168987393761 -0.03) (0.0443622401252 0.169810673259 -0.03) (0.044717725754 0.170633952756 -0.03) (0.0450732113829 0.171457232254 -0.03) (0.0454286970118 0.172280511752 -0.03) (0.0457841826406 0.173103791249 -0.03) (0.0461396682695 0.173927070747 -0.03) (0.0464951538983 0.174750350244 -0.03) (0.0468506395272 0.175573629742 -0.03) (0.047206125156 0.176396909239 -0.03) (0.0475616107849 0.177220188737 -0.03) (0.0479170964138 0.178043468235 -0.03) (0.0482725820426 0.178866747732 -0.03) (0.0486280676715 0.17969002723 -0.03) (0.0489835533003 0.180513306727 -0.03) (0.0493390389292 0.181336586225 -0.03) (0.0496945245581 0.182159865723 -0.03) (0.0500500101869 0.18298314522 -0.03) (0.0504054958158 0.183806424718 -0.03) (0.0507609814446 0.184629704215 -0.03) (0.0511164670735 0.185452983713 -0.03) (0.0514719527023 0.18627626321 -0.03) (0.0518274383312 0.187099542708 -0.03) (0.0521829239601 0.187922822206 -0.03) (0.0525384095889 0.188746101703 -0.03) (0.0528938952178 0.189569381201 -0.03) (0.0532493808466 0.190392660698 -0.03) (0.0536048664755 0.191215940196 -0.03) (0.0539603521044 0.192039219694 -0.03) (0.0543158377332 0.192862499191 -0.03) (0.0546713233621 0.193685778689 -0.03) (0.0550268089909 0.194509058186 -0.03) (0.0553822946198 0.195332337684 -0.03) (0.0557377802486 0.196155617182 -0.03) (0.0560932658775 0.196978896679 -0.03))
    polyLine 18 22 ((0.0400964125789 0.159931319288 0) (0.0404518982077 0.160754598785 0) (0.0408073838366 0.161577878283 0) (0.0411628694655 0.162401157781 0) (0.0415183550943 0.163224437278 0) (0.0418738407232 0.164047716776 0) (0.042229326352 0.164870996273 0) (0.0425848119809 0.165694275771 0) (0.0429402976097 0.166517555268 0) (0.0432957832386 0.167340834766 0) (0.0436512688675 0.168164114264 0) (0.0440067544963 0.168987393761 0) (0.0443622401252 0.169810673259 0) (0.044717725754 0.170633952756 0) (0.0450732113829 0.171457232254 0) (0.0454286970118 0.172280511752 0) (0.0457841826406 0.173103791249 0) (0.0461396682695 0.173927070747 0) (0.0464951538983 0.174750350244 0) (0.0468506395272 0.175573629742 0) (0.047206125156 0.176396909239 0) (0.0475616107849 0.177220188737 0) (0.0479170964138 0.178043468235 0) (0.0482725820426 0.178866747732 0) (0.0486280676715 0.17969002723 0) (0.0489835533003 0.180513306727 0) (0.0493390389292 0.181336586225 0) (0.0496945245581 0.182159865723 0) (0.0500500101869 0.18298314522 0) (0.0504054958158 0.183806424718 0) (0.0507609814446 0.184629704215 0) (0.0511164670735 0.185452983713 0) (0.0514719527023 0.18627626321 0) (0.0518274383312 0.187099542708 0) (0.0521829239601 0.187922822206 0) (0.0525384095889 0.188746101703 0) (0.0528938952178 0.189569381201 0) (0.0532493808466 0.190392660698 0) (0.0536048664755 0.191215940196 0) (0.0539603521044 0.192039219694 0) (0.0543158377332 0.192862499191 0) (0.0546713233621 0.193685778689 0) (0.0550268089909 0.194509058186 0) (0.0553822946198 0.195332337684 0) (0.0557377802486 0.196155617182 0) (0.0560932658775 0.196978896679 0))
    polyLine 17 21 ((-0.271347329808 0.396791573959 -0.03) (-0.270128614616 0.400866196132 -0.03) (-0.268894186015 0.404951688598 -0.03) (-0.267643906295 0.409048179441 -0.03) (-0.266377635679 0.41315579759 -0.03) (-0.265095232293 0.417274672836 -0.03) (-0.263796552138 0.421404935842 -0.03) (-0.262481449067 0.425546718156 -0.03) (-0.261149774751 0.429700152224 -0.03) (-0.259801378654 0.433865371401 -0.03) (-0.258436108004 0.43804250997 -0.03) (-0.25705380776 0.442231703147 -0.03) (-0.255654320586 0.446433087101 -0.03) (-0.254237486816 0.450646798964 -0.03) (-0.252803144427 0.454872976847 -0.03) (-0.251351129003 0.459111759854 -0.03) (-0.249881273705 0.463363288095 -0.03) (-0.248393409236 0.4676277027 -0.03) (-0.246887363809 0.471905145836 -0.03) (-0.245362963112 0.47619576072 -0.03) (-0.243820030272 0.480499691636 -0.03) (-0.24225838582 0.484817083946 -0.03) (-0.240677847656 0.489148084112 -0.03))
    polyLine 19 23 ((-0.271347329808 0.396791573959 0) (-0.270128614616 0.400866196132 0) (-0.268894186015 0.404951688598 0) (-0.267643906295 0.409048179441 0) (-0.266377635679 0.41315579759 0) (-0.265095232293 0.417274672836 0) (-0.263796552138 0.421404935842 0) (-0.262481449067 0.425546718156 0) (-0.261149774751 0.429700152224 0) (-0.259801378654 0.433865371401 0) (-0.258436108004 0.43804250997 0) (-0.25705380776 0.442231703147 0) (-0.255654320586 0.446433087101 0) (-0.254237486816 0.450646798964 0) (-0.252803144427 0.454872976847 0) (-0.251351129003 0.459111759854 0) (-0.249881273705 0.463363288095 0) (-0.248393409236 0.4676277027 0) (-0.246887363809 0.471905145836 0) (-0.245362963112 0.47619576072 0) (-0.243820030272 0.480499691636 0) (-0.24225838582 0.484817083946 0) (-0.240677847656 0.489148084112 0))
    polyLine 20 24 ((0.0564487515064 0.197802176177 -0.03) (0.0568042371352 0.198625455674 -0.03) (0.0571597227641 0.199448735172 -0.03) (0.0575152083929 0.200272014669 -0.03) (0.0578706940218 0.201095294167 -0.03) (0.0582261796507 0.201918573665 -0.03) (0.0585816652795 0.202741853162 -0.03) (0.0589371509084 0.20356513266 -0.03) (0.0592926365372 0.204388412157 -0.03) (0.0596481221661 0.205211691655 -0.03) (0.0600036077949 0.206034971153 -0.03) (0.0603590934238 0.20685825065 -0.03) (0.0607145790527 0.207681530148 -0.03) (0.0610700646815 0.208504809645 -0.03) (0.0614255503104 0.209328089143 -0.03) (0.0617810359392 0.21015136864 -0.03) (0.0621365215681 0.210974648138 -0.03) (0.062492007197 0.211797927636 -0.03) (0.0628474928258 0.212621207133 -0.03) (0.0632029784547 0.213444486631 -0.03) (0.0635584640835 0.214267766128 -0.03) (0.0639139497124 0.215091045626 -0.03) (0.0642694353412 0.215914325124 -0.03) (0.0646249209701 0.216737604621 -0.03) (0.064980406599 0.217560884119 -0.03) (0.0653358922278 0.218384163616 -0.03) (0.0656913778567 0.219207443114 -0.03) (0.0660468634855 0.220030722612 -0.03) (0.0664023491144 0.220854002109 -0.03) (0.0667578347433 0.221677281607 -0.03) (0.0671133203721 0.222500561104 -0.03) (0.067468806001 0.223323840602 -0.03) (0.0678242916298 0.224147120099 -0.03) (0.0681797772587 0.224970399597 -0.03) (0.0685352628875 0.225793679095 -0.03) (0.0688907485164 0.226616958592 -0.03) (0.0692462341453 0.22744023809 -0.03) (0.0696017197741 0.228263517587 -0.03) (0.069957205403 0.229086797085 -0.03) (0.0703126910318 0.229910076583 -0.03) (0.0706681766607 0.23073335608 -0.03) (0.0710236622896 0.231556635578 -0.03) (0.0713791479184 0.232379915075 -0.03) (0.0717346335473 0.233203194573 -0.03) (0.0720901191761 0.23402647407 -0.03) (0.072445604805 0.234849753568 -0.03) (0.0728010904338 0.235673033066 -0.03))
    polyLine 22 26 ((0.0564487515064 0.197802176177 0) (0.0568042371352 0.198625455674 0) (0.0571597227641 0.199448735172 0) (0.0575152083929 0.200272014669 0) (0.0578706940218 0.201095294167 0) (0.0582261796507 0.201918573665 0) (0.0585816652795 0.202741853162 0) (0.0589371509084 0.20356513266 0) (0.0592926365372 0.204388412157 0) (0.0596481221661 0.205211691655 0) (0.0600036077949 0.206034971153 0) (0.0603590934238 0.20685825065 0) (0.0607145790527 0.207681530148 0) (0.0610700646815 0.208504809645 0) (0.0614255503104 0.209328089143 0) (0.0617810359392 0.21015136864 0) (0.0621365215681 0.210974648138 0) (0.062492007197 0.211797927636 0) (0.0628474928258 0.212621207133 0) (0.0632029784547 0.213444486631 0) (0.0635584640835 0.214267766128 0) (0.0639139497124 0.215091045626 0) (0.0642694353412 0.215914325124 0) (0.0646249209701 0.216737604621 0) (0.064980406599 0.217560884119 0) (0.0653358922278 0.218384163616 0) (0.0656913778567 0.219207443114 0) (0.0660468634855 0.220030722612 0) (0.0664023491144 0.220854002109 0) (0.0667578347433 0.221677281607 0) (0.0671133203721 0.222500561104 0) (0.067468806001 0.223323840602 0) (0.0678242916298 0.224147120099 0) (0.0681797772587 0.224970399597 0) (0.0685352628875 0.225793679095 0) (0.0688907485164 0.226616958592 0) (0.0692462341453 0.22744023809 0) (0.0696017197741 0.228263517587 0) (0.069957205403 0.229086797085 0) (0.0703126910318 0.229910076583 0) (0.0706681766607 0.23073335608 0) (0.0710236622896 0.231556635578 0) (0.0713791479184 0.232379915075 0) (0.0717346335473 0.233203194573 0) (0.0720901191761 0.23402647407 0) (0.072445604805 0.234849753568 0) (0.0728010904338 0.235673033066 0))
    polyLine 21 25 ((-0.237626596541 0.497402963381 -0.03) (-0.23615931491 0.501324388638 -0.03) (-0.234676247015 0.505257224422 -0.03) (-0.233177251932 0.509201580436 -0.03) (-0.231662186888 0.513157567159 -0.03) (-0.230130907237 0.517125295846 -0.03) (-0.228583266435 0.521104878545 -0.03) (-0.22701911602 0.525096428106 -0.03) (-0.225438305579 0.52910005819 -0.03) (-0.223840682729 0.533115883279 -0.03) (-0.22222609309 0.53714401869 -0.03) (-0.220594380255 0.541184580581 -0.03) (-0.218945385767 0.545237685968 -0.03) (-0.21727894909 0.54930345273 -0.03) (-0.215594907579 0.553381999625 -0.03) (-0.213893096458 0.557473446299 -0.03) (-0.212173348785 0.561577913298 -0.03) (-0.210435495425 0.565695522081 -0.03) (-0.20867936502 0.56982639503 -0.03) (-0.206904783961 0.573970655464 -0.03) (-0.205111576352 0.578128427651 -0.03) (-0.203299563985 0.58229983682 -0.03) (-0.201468566302 0.586485009173 -0.03))
    polyLine 23 27 ((-0.237626596541 0.497402963381 0) (-0.23615931491 0.501324388638 0) (-0.234676247015 0.505257224422 0) (-0.233177251932 0.509201580436 0) (-0.231662186888 0.513157567159 0) (-0.230130907237 0.517125295846 0) (-0.228583266435 0.521104878545 0) (-0.22701911602 0.525096428106 0) (-0.225438305579 0.52910005819 0) (-0.223840682729 0.533115883279 0) (-0.22222609309 0.53714401869 0) (-0.220594380255 0.541184580581 0) (-0.218945385767 0.545237685968 0) (-0.21727894909 0.54930345273 0) (-0.215594907579 0.553381999625 0) (-0.213893096458 0.557473446299 0) (-0.212173348785 0.561577913298 0) (-0.210435495425 0.565695522081 0) (-0.20867936502 0.56982639503 0) (-0.206904783961 0.573970655464 0) (-0.205111576352 0.578128427651 0) (-0.203299563985 0.58229983682 0) (-0.201468566302 0.586485009173 0))
    polyLine 24 28 ((0.0731565760627 0.236496312563 -0.03) (0.0735120616916 0.237319592061 -0.03) (0.0738675473204 0.238142871558 -0.03) (0.0742230329493 0.238966151056 -0.03) (0.0745785185781 0.239789430554 -0.03) (0.074934004207 0.240612710051 -0.03) (0.0752894898359 0.241435989549 -0.03) (0.0756449754647 0.242259269046 -0.03) (0.0760004610936 0.243082548544 -0.03) (0.0763559467224 0.243905828041 -0.03) (0.0767114323513 0.244729107539 -0.03) (0.0770669179801 0.245552387037 -0.03) (0.077422403609 0.246375666534 -0.03) (0.0777778892379 0.247198946032 -0.03) (0.0781333748667 0.248022225529 -0.03) (0.0784888604956 0.248845505027 -0.03) (0.0788443461244 0.249668784525 -0.03) (0.0791998317533 0.250492064022 -0.03) (0.0795553173822 0.25131534352 -0.03) (0.079910803011 0.252138623017 -0.03) (0.0802662886399 0.252961902515 -0.03) (0.0806217742687 0.253785182013 -0.03) (0.0809772598976 0.25460846151 -0.03) (0.0813327455264 0.255431741008 -0.03) (0.0816882311553 0.256255020505 -0.03) (0.0820437167842 0.257078300003 -0.03) (0.082399202413 0.2579015795 -0.03) (0.0827546880419 0.258724858998 -0.03) (0.0831101736707 0.259548138496 -0.03) (0.0834656592996 0.260371417993 -0.03) (0.0838211449285 0.261194697491 -0.03) (0.0841766305573 0.262017976988 -0.03) (0.0845321161862 0.262841256486 -0.03) (0.084887601815 0.263664535984 -0.03) (0.0852430874439 0.264487815481 -0.03) (0.0855985730727 0.265311094979 -0.03) (0.0859540587016 0.266134374476 -0.03) (0.0863095443305 0.266957653974 -0.03) (0.0866650299593 0.267780933471 -0.03) (0.0870205155882 0.268604212969 -0.03) (0.087376001217 0.269427492467 -0.03) (0.0877314868459 0.270250771964 -0.03) (0.0880869724748 0.271074051462 -0.03) (0.0884424581036 0.271897330959 -0.03) (0.0887979437325 0.272720610457 -0.03) (0.0891534293613 0.273543889955 -0.03))
    polyLine 26 30 ((0.0731565760627 0.236496312563 0) (0.0735120616916 0.237319592061 0) (0.0738675473204 0.238142871558 0) (0.0742230329493 0.238966151056 0) (0.0745785185781 0.239789430554 0) (0.074934004207 0.240612710051 0) (0.0752894898359 0.241435989549 0) (0.0756449754647 0.242259269046 0) (0.0760004610936 0.243082548544 0) (0.0763559467224 0.243905828041 0) (0.0767114323513 0.244729107539 0) (0.0770669179801 0.245552387037 0) (0.077422403609 0.246375666534 0) (0.0777778892379 0.247198946032 0) (0.0781333748667 0.248022225529 0) (0.0784888604956 0.248845505027 0) (0.0788443461244 0.249668784525 0) (0.0791998317533 0.250492064022 0) (0.0795553173822 0.25131534352 0) (0.079910803011 0.252138623017 0) (0.0802662886399 0.252961902515 0) (0.0806217742687 0.253785182013 0) (0.0809772598976 0.25460846151 0) (0.0813327455264 0.255431741008 0) (0.0816882311553 0.256255020505 0) (0.0820437167842 0.257078300003 0) (0.082399202413 0.2579015795 0) (0.0827546880419 0.258724858998 0) (0.0831101736707 0.259548138496 0) (0.0834656592996 0.260371417993 0) (0.0838211449285 0.261194697491 0) (0.0841766305573 0.262017976988 0) (0.0845321161862 0.262841256486 0) (0.084887601815 0.263664535984 0) (0.0852430874439 0.264487815481 0) (0.0855985730727 0.265311094979 0) (0.0859540587016 0.266134374476 0) (0.0863095443305 0.266957653974 0) (0.0866650299593 0.267780933471 0) (0.0870205155882 0.268604212969 0) (0.087376001217 0.269427492467 0) (0.0877314868459 0.270250771964 0) (0.0880869724748 0.271074051462 0) (0.0884424581036 0.271897330959 0) (0.0887979437325 0.272720610457 0) (0.0891534293613 0.273543889955 0))
    polyLine 25 29 ((-0.197985665478 0.594365184512 -0.03) (-0.196338024396 0.598057089746 -0.03) (-0.19467535044 0.601759874392 -0.03) (-0.192997515467 0.605473625844 -0.03) (-0.191304389854 0.609198432108 -0.03) (-0.189595842479 0.612934381809 -0.03) (-0.187871740704 0.616681564201 -0.03) (-0.186131950356 0.620440069167 -0.03) (-0.184376335708 0.624209987235 -0.03) (-0.182604759457 0.62799140958 -0.03) (-0.18081708271 0.631784428034 -0.03) (-0.179013164958 0.635589135093 -0.03) (-0.177192864059 0.639405623924 -0.03) (-0.175356036217 0.643233988375 -0.03) (-0.17350253596 0.647074322981 -0.03) (-0.17163221612 0.650926722975 -0.03) (-0.169744927811 0.654791284293 -0.03) (-0.167840520407 0.658668103585 -0.03) (-0.165918841519 0.662557278222 -0.03) (-0.163979736973 0.666458906304 -0.03) (-0.162023050788 0.670373086673 -0.03) (-0.160048625151 0.674299918917 -0.03) (-0.158056300392 0.678239503381 -0.03))
    polyLine 27 31 ((-0.197985665478 0.594365184512 0) (-0.196338024396 0.598057089746 0) (-0.19467535044 0.601759874392 0) (-0.192997515467 0.605473625844 0) (-0.191304389854 0.609198432108 0) (-0.189595842479 0.612934381809 0) (-0.187871740704 0.616681564201 0) (-0.186131950356 0.620440069167 0) (-0.184376335708 0.624209987235 0) (-0.182604759457 0.62799140958 0) (-0.18081708271 0.631784428034 0) (-0.179013164958 0.635589135093 0) (-0.177192864059 0.639405623924 0) (-0.175356036217 0.643233988375 0) (-0.17350253596 0.647074322981 0) (-0.17163221612 0.650926722975 0) (-0.169744927811 0.654791284293 0) (-0.167840520407 0.658668103585 0) (-0.165918841519 0.662557278222 0) (-0.163979736973 0.666458906304 0) (-0.162023050788 0.670373086673 0) (-0.160048625151 0.674299918917 0) (-0.158056300392 0.678239503381 0))
    polyLine 28 32 ((0.0895089149902 0.274367169452 -0.03) (0.089864400619 0.27519044895 -0.03) (0.0902198862479 0.276013728447 -0.03) (0.0905753718768 0.276837007945 -0.03) (0.0909308575056 0.277660287443 -0.03) (0.0912863431345 0.27848356694 -0.03) (0.0916418287633 0.279306846438 -0.03) (0.0919973143922 0.280130125935 -0.03) (0.0923528000211 0.280953405433 -0.03) (0.0927082856499 0.28177668493 -0.03) (0.0930637712788 0.282599964428 -0.03) (0.0934192569076 0.283423243926 -0.03) (0.0937747425365 0.284246523423 -0.03) (0.0941302281653 0.285069802921 -0.03) (0.0944857137942 0.285893082418 -0.03) (0.0948411994231 0.286716361916 -0.03) (0.0951966850519 0.287539641414 -0.03) (0.0955521706808 0.288362920911 -0.03) (0.0959076563096 0.289186200409 -0.03) (0.0962631419385 0.290009479906 -0.03) (0.0966186275674 0.290832759404 -0.03) (0.0969741131962 0.291656038901 -0.03) (0.0973295988251 0.292479318399 -0.03) (0.0976850844539 0.293302597897 -0.03) (0.0980405700828 0.294125877394 -0.03) (0.0983960557116 0.294949156892 -0.03) (0.0987515413405 0.295772436389 -0.03) (0.0991070269694 0.296595715887 -0.03) (0.0994625125982 0.297418995385 -0.03) (0.0998179982271 0.298242274882 -0.03) (0.100173483856 0.29906555438 -0.03) (0.100528969485 0.299888833877 -0.03) (0.100884455114 0.300712113375 -0.03) (0.101239940743 0.301535392872 -0.03) (0.101595426371 0.30235867237 -0.03) (0.101950912 0.303181951868 -0.03) (0.102306397629 0.304005231365 -0.03) (0.102661883258 0.304828510863 -0.03) (0.103017368887 0.30565179036 -0.03) (0.103372854516 0.306475069858 -0.03) (0.103728340145 0.307298349356 -0.03) (0.104083825773 0.308121628853 -0.03) (0.104439311402 0.308944908351 -0.03) (0.104794797031 0.309768187848 -0.03) (0.10515028266 0.310591467346 -0.03) (0.105505768289 0.311414746844 -0.03))
    polyLine 30 34 ((0.0895089149902 0.274367169452 0) (0.089864400619 0.27519044895 0) (0.0902198862479 0.276013728447 0) (0.0905753718768 0.276837007945 0) (0.0909308575056 0.277660287443 0) (0.0912863431345 0.27848356694 0) (0.0916418287633 0.279306846438 0) (0.0919973143922 0.280130125935 0) (0.0923528000211 0.280953405433 0) (0.0927082856499 0.28177668493 0) (0.0930637712788 0.282599964428 0) (0.0934192569076 0.283423243926 0) (0.0937747425365 0.284246523423 0) (0.0941302281653 0.285069802921 0) (0.0944857137942 0.285893082418 0) (0.0948411994231 0.286716361916 0) (0.0951966850519 0.287539641414 0) (0.0955521706808 0.288362920911 0) (0.0959076563096 0.289186200409 0) (0.0962631419385 0.290009479906 0) (0.0966186275674 0.290832759404 0) (0.0969741131962 0.291656038901 0) (0.0973295988251 0.292479318399 0) (0.0976850844539 0.293302597897 0) (0.0980405700828 0.294125877394 0) (0.0983960557116 0.294949156892 0) (0.0987515413405 0.295772436389 0) (0.0991070269694 0.296595715887 0) (0.0994625125982 0.297418995385 0) (0.0998179982271 0.298242274882 0) (0.100173483856 0.29906555438 0) (0.100528969485 0.299888833877 0) (0.100884455114 0.300712113375 0) (0.101239940743 0.301535392872 0) (0.101595426371 0.30235867237 0) (0.101950912 0.303181951868 0) (0.102306397629 0.304005231365 0) (0.102661883258 0.304828510863 0) (0.103017368887 0.30565179036 0) (0.103372854516 0.306475069858 0) (0.103728340145 0.307298349356 0) (0.104083825773 0.308121628853 0) (0.104439311402 0.308944908351 0) (0.104794797031 0.309768187848 0) (0.10515028266 0.310591467346 0) (0.105505768289 0.311414746844 0))
    polyLine 29 33 ((-0.154301881478 0.685602434224 -0.03) (-0.15254425606 0.6890225801 -0.03) (-0.150772932442 0.692452444567 -0.03) (-0.148987803275 0.695892093829 -0.03) (-0.147188760117 0.69934159453 -0.03) (-0.145375693422 0.702801013767 -0.03) (-0.143548492525 0.706270419085 -0.03) (-0.141707045633 0.709749878492 -0.03) (-0.139851239807 0.713239460454 -0.03) (-0.137980960954 0.716739233908 -0.03) (-0.136096093809 0.720249268261 -0.03) (-0.134196521926 0.7237696334 -0.03) (-0.132282127659 0.727300399692 -0.03) (-0.130352792154 0.730841637995 -0.03) (-0.128408395331 0.734393419657 -0.03) (-0.126448815871 0.737955816527 -0.03) (-0.124473931199 0.741528900957 -0.03) (-0.122483617476 0.745112745808 -0.03) (-0.120477749575 0.748707424455 -0.03) (-0.118456201074 0.752313010794 -0.03) (-0.116418844235 0.75592957925 -0.03) (-0.114365549991 0.759557204774 -0.03) (-0.112296187931 0.763195962859 -0.03))
    polyLine 31 35 ((-0.154301881478 0.685602434224 0) (-0.15254425606 0.6890225801 0) (-0.150772932442 0.692452444567 0) (-0.148987803275 0.695892093829 0) (-0.147188760117 0.69934159453 0) (-0.145375693422 0.702801013767 0) (-0.143548492525 0.706270419085 0) (-0.141707045633 0.709749878492 0) (-0.139851239807 0.713239460454 0) (-0.137980960954 0.716739233908 0) (-0.136096093809 0.720249268261 0) (-0.134196521926 0.7237696334 0) (-0.132282127659 0.727300399692 0) (-0.130352792154 0.730841637995 0) (-0.128408395331 0.734393419657 0) (-0.126448815871 0.737955816527 0) (-0.124473931199 0.741528900957 0) (-0.122483617476 0.745112745808 0) (-0.120477749575 0.748707424455 0) (-0.118456201074 0.752313010794 0) (-0.116418844235 0.75592957925 0) (-0.114365549991 0.759557204774 0) (-0.112296187931 0.763195962859 0))
    polyLine 32 36 ((0.105861253918 0.312238026341 -0.03) (0.106216739547 0.313061305839 -0.03) (0.106572225175 0.313884585336 -0.03) (0.106927710804 0.314707864834 -0.03) (0.107283196433 0.315531144331 -0.03) (0.107638682062 0.316354423829 -0.03) (0.107994167691 0.317177703327 -0.03) (0.10834965332 0.318000982824 -0.03) (0.108705138949 0.318824262322 -0.03) (0.109060624577 0.319647541819 -0.03) (0.109416110206 0.320470821317 -0.03) (0.109771595835 0.321294100815 -0.03) (0.110127081464 0.322117380312 -0.03) (0.110482567093 0.32294065981 -0.03) (0.110838052722 0.323763939307 -0.03) (0.111193538351 0.324587218805 -0.03) (0.111549023979 0.325410498302 -0.03) (0.111904509608 0.3262337778 -0.03) (0.112259995237 0.327057057298 -0.03) (0.112615480866 0.327880336795 -0.03) (0.112970966495 0.328703616293 -0.03) (0.113326452124 0.32952689579 -0.03) (0.113681937753 0.330350175288 -0.03) (0.114037423381 0.331173454786 -0.03) (0.11439290901 0.331996734283 -0.03) (0.114748394639 0.332820013781 -0.03) (0.115103880268 0.333643293278 -0.03) (0.115459365897 0.334466572776 -0.03) (0.115814851526 0.335289852274 -0.03) (0.116170337155 0.336113131771 -0.03) (0.116525822783 0.336936411269 -0.03) (0.116881308412 0.337759690766 -0.03) (0.117236794041 0.338582970264 -0.03) (0.11759227967 0.339406249761 -0.03) (0.117947765299 0.340229529259 -0.03) (0.118303250928 0.341052808757 -0.03) (0.118658736557 0.341876088254 -0.03) (0.119014222185 0.342699367752 -0.03) (0.119369707814 0.343522647249 -0.03) (0.119725193443 0.344345926747 -0.03) (0.120080679072 0.345169206245 -0.03) (0.120436164701 0.345992485742 -0.03) (0.12079165033 0.34681576524 -0.03) (0.121147135959 0.347639044737 -0.03) (0.121502621587 0.348462324235 -0.03) (0.121858107216 0.349285603732 -0.03))
    polyLine 34 38 ((0.105861253918 0.312238026341 0) (0.106216739547 0.313061305839 0) (0.106572225175 0.313884585336 0) (0.106927710804 0.314707864834 0) (0.107283196433 0.315531144331 0) (0.107638682062 0.316354423829 0) (0.107994167691 0.317177703327 0) (0.10834965332 0.318000982824 0) (0.108705138949 0.318824262322 0) (0.109060624577 0.319647541819 0) (0.109416110206 0.320470821317 0) (0.109771595835 0.321294100815 0) (0.110127081464 0.322117380312 0) (0.110482567093 0.32294065981 0) (0.110838052722 0.323763939307 0) (0.111193538351 0.324587218805 0) (0.111549023979 0.325410498302 0) (0.111904509608 0.3262337778 0) (0.112259995237 0.327057057298 0) (0.112615480866 0.327880336795 0) (0.112970966495 0.328703616293 0) (0.113326452124 0.32952689579 0) (0.113681937753 0.330350175288 0) (0.114037423381 0.331173454786 0) (0.11439290901 0.331996734283 0) (0.114748394639 0.332820013781 0) (0.115103880268 0.333643293278 0) (0.115459365897 0.334466572776 0) (0.115814851526 0.335289852274 0) (0.116170337155 0.336113131771 0) (0.116525822783 0.336936411269 0) (0.116881308412 0.337759690766 0) (0.117236794041 0.338582970264 0) (0.11759227967 0.339406249761 0) (0.117947765299 0.340229529259 0) (0.118303250928 0.341052808757 0) (0.118658736557 0.341876088254 0) (0.119014222185 0.342699367752 0) (0.119369707814 0.343522647249 0) (0.119725193443 0.344345926747 0) (0.120080679072 0.345169206245 0) (0.120436164701 0.345992485742 0) (0.12079165033 0.34681576524 0) (0.121147135959 0.347639044737 0) (0.121502621587 0.348462324235 0) (0.121858107216 0.349285603732 0))
    polyLine 33 37 ((-0.108416768228 0.769971694973 -0.03) (-0.106610916558 0.773105737622 -0.03) (-0.104792986806 0.776248105793 -0.03) (-0.102962893749 0.779398848097 -0.03) (-0.101120551403 0.782558013444 -0.03) (-0.0992658730079 0.785725651054 -0.03) (-0.0973987710269 0.788901810454 -0.03) (-0.095519157133 0.792086541487 -0.03) (-0.0936269422032 0.795279894309 -0.03) (-0.0917220363099 0.798481919393 -0.03) (-0.0898043487122 0.801692667538 -0.03) (-0.0878737878477 0.804912189863 -0.03) (-0.0859302613238 0.808140537818 -0.03) (-0.0839736759089 0.811377763182 -0.03) (-0.0820039375236 0.814623918069 -0.03) (-0.0800209512319 0.817879054931 -0.03) (-0.078024621232 0.821143226558 -0.03) (-0.0760148508473 0.824416486086 -0.03) (-0.0739915425167 0.827698886997 -0.03) (-0.0719545977857 0.830990483125 -0.03) (-0.0699039172968 0.834291328656 -0.03) (-0.0678394007793 0.837601478136 -0.03) (-0.0657609470403 0.840920986468 -0.03))
    polyLine 35 39 ((-0.108416768228 0.769971694973 0) (-0.106610916558 0.773105737622 0) (-0.104792986806 0.776248105793 0) (-0.102962893749 0.779398848097 0) (-0.101120551403 0.782558013444 0) (-0.0992658730079 0.785725651054 0) (-0.0973987710269 0.788901810454 0) (-0.095519157133 0.792086541487 0) (-0.0936269422032 0.795279894309 0) (-0.0917220363099 0.798481919393 0) (-0.0898043487122 0.801692667538 0) (-0.0878737878477 0.804912189863 0) (-0.0859302613238 0.808140537818 0) (-0.0839736759089 0.811377763182 0) (-0.0820039375236 0.814623918069 0) (-0.0800209512319 0.817879054931 0) (-0.078024621232 0.821143226558 0) (-0.0760148508473 0.824416486086 0) (-0.0739915425167 0.827698886997 0) (-0.0719545977857 0.830990483125 0) (-0.0699039172968 0.834291328656 0) (-0.0678394007793 0.837601478136 0) (-0.0657609470403 0.840920986468 0))
    polyLine 36 40 ((0.122213592845 0.35010888323 -0.03) (0.122569078474 0.350932162728 -0.03) (0.122924564103 0.351755442225 -0.03) (0.123280049732 0.352578721723 -0.03) (0.123635535361 0.35340200122 -0.03) (0.123991020989 0.354225280718 -0.03) (0.124346506618 0.355048560216 -0.03) (0.124701992247 0.355871839713 -0.03) (0.125057477876 0.356695119211 -0.03) (0.125412963505 0.357518398708 -0.03) (0.125768449134 0.358341678206 -0.03) (0.126123934763 0.359164957703 -0.03) (0.126479420391 0.359988237201 -0.03) (0.12683490602 0.360811516699 -0.03) (0.127190391649 0.361634796196 -0.03) (0.127545877278 0.362458075694 -0.03) (0.127901362907 0.363281355191 -0.03) (0.128256848536 0.364104634689 -0.03) (0.128612334165 0.364927914187 -0.03) (0.128967819793 0.365751193684 -0.03) (0.129323305422 0.366574473182 -0.03) (0.129678791051 0.367397752679 -0.03) (0.13003427668 0.368221032177 -0.03) (0.130389762309 0.369044311675 -0.03) (0.130745247938 0.369867591172 -0.03) (0.131100733567 0.37069087067 -0.03) (0.131456219195 0.371514150167 -0.03) (0.131811704824 0.372337429665 -0.03) (0.132167190453 0.373160709162 -0.03) (0.132522676082 0.37398398866 -0.03) (0.132878161711 0.374807268158 -0.03) (0.13323364734 0.375630547655 -0.03) (0.133589132969 0.376453827153 -0.03) (0.133944618597 0.37727710665 -0.03) (0.134300104226 0.378100386148 -0.03) (0.134655589855 0.378923665646 -0.03) (0.135011075484 0.379746945143 -0.03) (0.135366561113 0.380570224641 -0.03) (0.135722046742 0.381393504138 -0.03) (0.136077532371 0.382216783636 -0.03) (0.136433017999 0.383040063133 -0.03) (0.136788503628 0.383863342631 -0.03) (0.137143989257 0.384686622129 -0.03) (0.137499474886 0.385509901626 -0.03) (0.137854960515 0.386333181124 -0.03) (0.138210446144 0.387156460621 -0.03) (0.138565931773 0.387979740119 -0.03))
    polyLine 38 42 ((0.122213592845 0.35010888323 0) (0.122569078474 0.350932162728 0) (0.122924564103 0.351755442225 0) (0.123280049732 0.352578721723 0) (0.123635535361 0.35340200122 0) (0.123991020989 0.354225280718 0) (0.124346506618 0.355048560216 0) (0.124701992247 0.355871839713 0) (0.125057477876 0.356695119211 0) (0.125412963505 0.357518398708 0) (0.125768449134 0.358341678206 0) (0.126123934763 0.359164957703 0) (0.126479420391 0.359988237201 0) (0.12683490602 0.360811516699 0) (0.127190391649 0.361634796196 0) (0.127545877278 0.362458075694 0) (0.127901362907 0.363281355191 0) (0.128256848536 0.364104634689 0) (0.128612334165 0.364927914187 0) (0.128967819793 0.365751193684 0) (0.129323305422 0.366574473182 0) (0.129678791051 0.367397752679 0) (0.13003427668 0.368221032177 0) (0.130389762309 0.369044311675 0) (0.130745247938 0.369867591172 0) (0.131100733567 0.37069087067 0) (0.131456219195 0.371514150167 0) (0.131811704824 0.372337429665 0) (0.132167190453 0.373160709162 0) (0.132522676082 0.37398398866 0) (0.132878161711 0.374807268158 0) (0.13323364734 0.375630547655 0) (0.133589132969 0.376453827153 0) (0.133944618597 0.37727710665 0) (0.134300104226 0.378100386148 0) (0.134655589855 0.378923665646 0) (0.135011075484 0.379746945143 0) (0.135366561113 0.380570224641 0) (0.135722046742 0.381393504138 0) (0.136077532371 0.382216783636 0) (0.136433017999 0.383040063133 0) (0.136788503628 0.383863342631 0) (0.137143989257 0.384686622129 0) (0.137499474886 0.385509901626 0) (0.137854960515 0.386333181124 0) (0.138210446144 0.387156460621 0) (0.138565931773 0.387979740119 0))
    polyLine 37 41 ((-0.0618731208143 0.847095796455 -0.03) (-0.0600674415146 0.849948603333 -0.03) (-0.0582513511098 0.85280836446 -0.03) (-0.0564247841415 0.855675114936 -0.03) (-0.0545876746337 0.858548890061 -0.03) (-0.0527399560879 0.86142972534 -0.03) (-0.0508815614787 0.864317656484 -0.03) (-0.0490124232482 0.867212719408 -0.03) (-0.0471324733017 0.870114950237 -0.03) (-0.0452416430022 0.873024385304 -0.03) (-0.0433398631658 0.875941061157 -0.03) (-0.0414270640561 0.878865014555 -0.03) (-0.0395031753793 0.881796282474 -0.03) (-0.0375681262789 0.884734902106 -0.03) (-0.0356218453304 0.887680910863 -0.03) (-0.0336642605359 0.890634346379 -0.03) (-0.0316952993189 0.893595246508 -0.03) (-0.0297148885183 0.896563649333 -0.03) (-0.0277229543835 0.89953959316 -0.03) (-0.0257194225682 0.902523116525 -0.03) (-0.0237042181253 0.905514258197 -0.03) (-0.0216772655007 0.908513057174 -0.03) (-0.0196384885276 0.911519552691 -0.03))
    polyLine 39 43 ((-0.0618731208143 0.847095796455 0) (-0.0600674415146 0.849948603333 0) (-0.0582513511098 0.85280836446 0) (-0.0564247841415 0.855675114936 0) (-0.0545876746337 0.858548890061 0) (-0.0527399560879 0.86142972534 0) (-0.0508815614787 0.864317656484 0) (-0.0490124232482 0.867212719408 0) (-0.0471324733017 0.870114950237 0) (-0.0452416430022 0.873024385304 0) (-0.0433398631658 0.875941061157 0) (-0.0414270640561 0.878865014555 0) (-0.0395031753793 0.881796282474 0) (-0.0375681262789 0.884734902106 0) (-0.0356218453304 0.887680910863 0) (-0.0336642605359 0.890634346379 0) (-0.0316952993189 0.893595246508 0) (-0.0297148885183 0.896563649333 0) (-0.0277229543835 0.89953959316 0) (-0.0257194225682 0.902523116525 0) (-0.0237042181253 0.905514258197 0) (-0.0216772655007 0.908513057174 0) (-0.0196384885276 0.911519552691 0))
    polyLine 40 44 ((0.138921417402 0.388803019617 -0.03) (0.13927690303 0.389626299114 -0.03) (0.139632388659 0.390449578612 -0.03) (0.139987874288 0.391272858109 -0.03) (0.140343359917 0.392096137607 -0.03) (0.140698845546 0.392919417105 -0.03) (0.141054331175 0.393742696602 -0.03) (0.141409816804 0.3945659761 -0.03) (0.141765302432 0.395389255597 -0.03) (0.142120788061 0.396212535095 -0.03) (0.14247627369 0.397035814592 -0.03) (0.142831759319 0.39785909409 -0.03) (0.143187244948 0.398682373588 -0.03) (0.143542730577 0.399505653085 -0.03) (0.143898216206 0.400328932583 -0.03) (0.144253701834 0.40115221208 -0.03) (0.144609187463 0.401975491578 -0.03) (0.144964673092 0.402798771076 -0.03) (0.145320158721 0.403622050573 -0.03) (0.14567564435 0.404445330071 -0.03) (0.146031129979 0.405268609568 -0.03) (0.146386615608 0.406091889066 -0.03) (0.146742101236 0.406915168563 -0.03) (0.147097586865 0.407738448061 -0.03) (0.147453072494 0.408561727559 -0.03) (0.147808558123 0.409385007056 -0.03) (0.148164043752 0.410208286554 -0.03) (0.148519529381 0.411031566051 -0.03) (0.14887501501 0.411854845549 -0.03) (0.149230500638 0.412678125047 -0.03) (0.149585986267 0.413501404544 -0.03) (0.149941471896 0.414324684042 -0.03) (0.150296957525 0.415147963539 -0.03) (0.150652443154 0.415971243037 -0.03) (0.151007928783 0.416794522534 -0.03) (0.151363414412 0.417617802032 -0.03) (0.15171890004 0.41844108153 -0.03) (0.152074385669 0.419264361027 -0.03) (0.152429871298 0.420087640525 -0.03) (0.152785356927 0.420910920022 -0.03) (0.153140842556 0.42173419952 -0.03) (0.153496328185 0.422557479018 -0.03) (0.153851813814 0.423380758515 -0.03) (0.154207299442 0.424204038013 -0.03) (0.154562785071 0.42502731751 -0.03) (0.1549182707 0.425850597008 -0.03))
    polyLine 42 46 ((0.138921417402 0.388803019617 0) (0.13927690303 0.389626299114 0) (0.139632388659 0.390449578612 0) (0.139987874288 0.391272858109 0) (0.140343359917 0.392096137607 0) (0.140698845546 0.392919417105 0) (0.141054331175 0.393742696602 0) (0.141409816804 0.3945659761 0) (0.141765302432 0.395389255597 0) (0.142120788061 0.396212535095 0) (0.14247627369 0.397035814592 0) (0.142831759319 0.39785909409 0) (0.143187244948 0.398682373588 0) (0.143542730577 0.399505653085 0) (0.143898216206 0.400328932583 0) (0.144253701834 0.40115221208 0) (0.144609187463 0.401975491578 0) (0.144964673092 0.402798771076 0) (0.145320158721 0.403622050573 0) (0.14567564435 0.404445330071 0) (0.146031129979 0.405268609568 0) (0.146386615608 0.406091889066 0) (0.146742101236 0.406915168563 0) (0.147097586865 0.407738448061 0) (0.147453072494 0.408561727559 0) (0.147808558123 0.409385007056 0) (0.148164043752 0.410208286554 0) (0.148519529381 0.411031566051 0) (0.14887501501 0.411854845549 0) (0.149230500638 0.412678125047 0) (0.149585986267 0.413501404544 0) (0.149941471896 0.414324684042 0) (0.150296957525 0.415147963539 0) (0.150652443154 0.415971243037 0) (0.151007928783 0.416794522534 0) (0.151363414412 0.417617802032 0) (0.15171890004 0.41844108153 0) (0.152074385669 0.419264361027 0) (0.152429871298 0.420087640525 0) (0.152785356927 0.420910920022 0) (0.153140842556 0.42173419952 0) (0.153496328185 0.422557479018 0) (0.153851813814 0.423380758515 0) (0.154207299442 0.424204038013 0) (0.154562785071 0.42502731751 0) (0.1549182707 0.425850597008 0))
    polyLine 41 45 ((-0.0158258357891 0.917115871085 -0.03) (-0.0140550643096 0.91970366164 -0.03) (-0.0122754469655 0.922297180941 -0.03) (-0.0104869343981 0.924896454168 -0.03) (-0.00868947690405 0.927501506639 -0.03) (-0.00688302443248 0.930112363799 -0.03) (-0.00506752658218 0.932729051229 -0.03) (-0.00324293259865 0.935351594645 -0.03) (-0.00140919137116 0.937980019896 -0.03) (0.000433748570238 0.940614352969 -0.03) (0.00228593905764 0.943254619989 -0.03) (0.00414743228838 0.945900847218 -0.03) (0.00601828082806 0.948553061058 -0.03) (0.00789853761362 0.951211288053 -0.03) (0.00978825595649 0.953875554886 -0.03) (0.0116874895457 0.956545888386 -0.03) (0.0135962924512 0.959222315523 -0.03) (0.0155147191267 0.961904863412 -0.03) (0.0174428244135 0.964593559317 -0.03) (0.0193806635431 0.967288430647 -0.03) (0.0213282921412 0.969989504958 -0.03) (0.0232857662305 0.972696809958 -0.03) (0.0252531422342 0.975410373504 -0.03))
    polyLine 43 47 ((-0.0158258357891 0.917115871085 0) (-0.0140550643096 0.91970366164 0) (-0.0122754469655 0.922297180941 0) (-0.0104869343981 0.924896454168 0) (-0.00868947690405 0.927501506639 0) (-0.00688302443248 0.930112363799 0) (-0.00506752658218 0.932729051229 0) (-0.00324293259865 0.935351594645 0) (-0.00140919137116 0.937980019896 0) (0.000433748570238 0.940614352969 0) (0.00228593905764 0.943254619989 0) (0.00414743228838 0.945900847218 0) (0.00601828082806 0.948553061058 0) (0.00789853761362 0.951211288053 0) (0.00978825595649 0.953875554886 0) (0.0116874895457 0.956545888386 0) (0.0135962924512 0.959222315523 0) (0.0155147191267 0.961904863412 0) (0.0174428244135 0.964593559317 0) (0.0193806635431 0.967288430647 0) (0.0213282921412 0.969989504958 0) (0.0232857662305 0.972696809958 0) (0.0252531422342 0.975410373504 0))
    polyLine 44 48 ((0.155273756329 0.426673876506 -0.03) (0.155629241958 0.427497156003 -0.03) (0.155984727587 0.428320435501 -0.03) (0.156340213216 0.429143714998 -0.03) (0.156695698844 0.429966994496 -0.03) (0.157051184473 0.430790273993 -0.03) (0.157406670102 0.431613553491 -0.03) (0.157762155731 0.432436832989 -0.03) (0.15811764136 0.433260112486 -0.03) (0.158473126989 0.434083391984 -0.03) (0.158828612618 0.434906671481 -0.03) (0.159184098246 0.435729950979 -0.03) (0.159539583875 0.436553230477 -0.03) (0.159895069504 0.437376509974 -0.03) (0.160250555133 0.438199789472 -0.03) (0.160606040762 0.439023068969 -0.03) (0.160961526391 0.439846348467 -0.03) (0.16131701202 0.440669627964 -0.03) (0.161672497648 0.441492907462 -0.03) (0.162027983277 0.44231618696 -0.03) (0.162383468906 0.443139466457 -0.03) (0.162738954535 0.443962745955 -0.03) (0.163094440164 0.444786025452 -0.03) (0.163449925793 0.44560930495 -0.03) (0.163805411422 0.446432584448 -0.03) (0.16416089705 0.447255863945 -0.03) (0.164516382679 0.448079143443 -0.03) (0.164871868308 0.44890242294 -0.03) (0.165227353937 0.449725702438 -0.03) (0.165582839566 0.450548981936 -0.03) (0.165938325195 0.451372261433 -0.03) (0.166293810824 0.452195540931 -0.03) (0.166649296452 0.453018820428 -0.03) (0.167004782081 0.453842099926 -0.03) (0.16736026771 0.454665379423 -0.03) (0.167715753339 0.455488658921 -0.03) (0.168071238968 0.456311938419 -0.03) (0.168426724597 0.457135217916 -0.03) (0.168782210226 0.457958497414 -0.03) (0.169137695854 0.458781776911 -0.03) (0.169493181483 0.459605056409 -0.03) (0.169848667112 0.460428335907 -0.03) (0.170204152741 0.461251615404 -0.03) (0.17055963837 0.462074894902 -0.03) (0.170915123999 0.462898174399 -0.03) (0.171270609628 0.463721453897 -0.03))
    polyLine 46 50 ((0.155273756329 0.426673876506 0) (0.155629241958 0.427497156003 0) (0.155984727587 0.428320435501 0) (0.156340213216 0.429143714998 0) (0.156695698844 0.429966994496 0) (0.157051184473 0.430790273993 0) (0.157406670102 0.431613553491 0) (0.157762155731 0.432436832989 0) (0.15811764136 0.433260112486 0) (0.158473126989 0.434083391984 0) (0.158828612618 0.434906671481 0) (0.159184098246 0.435729950979 0) (0.159539583875 0.436553230477 0) (0.159895069504 0.437376509974 0) (0.160250555133 0.438199789472 0) (0.160606040762 0.439023068969 0) (0.160961526391 0.439846348467 0) (0.16131701202 0.440669627964 0) (0.161672497648 0.441492907462 0) (0.162027983277 0.44231618696 0) (0.162383468906 0.443139466457 0) (0.162738954535 0.443962745955 0) (0.163094440164 0.444786025452 0) (0.163449925793 0.44560930495 0) (0.163805411422 0.446432584448 0) (0.16416089705 0.447255863945 0) (0.164516382679 0.448079143443 0) (0.164871868308 0.44890242294 0) (0.165227353937 0.449725702438 0) (0.165582839566 0.450548981936 0) (0.165938325195 0.451372261433 0) (0.166293810824 0.452195540931 0) (0.166649296452 0.453018820428 0) (0.167004782081 0.453842099926 0) (0.16736026771 0.454665379423 0) (0.167715753339 0.455488658921 0) (0.168071238968 0.456311938419 0) (0.168426724597 0.457135217916 0) (0.168782210226 0.457958497414 0) (0.169137695854 0.458781776911 0) (0.169493181483 0.459605056409 0) (0.169848667112 0.460428335907 0) (0.170204152741 0.461251615404 0) (0.17055963837 0.462074894902 0) (0.170915123999 0.462898174399 0) (0.171270609628 0.463721453897 0))
    polyLine 45 49 ((0.0289358975454 0.980470101422 -0.03) (0.0306487356049 0.982814650633 -0.03) (0.0323690278319 0.985163889228 -0.03) (0.0340968111264 0.987517835284 -0.03) (0.0358321226165 0.98987650696 -0.03) (0.0375749996603 0.992239922504 -0.03) (0.0393254798472 0.994608100247 -0.03) (0.0410836009999 0.996981058611 -0.03) (0.042849401176 0.999358816102 -0.03) (0.0446229186699 1.00174139132 -0.03) (0.0464041920143 1.00412880294 -0.03) (0.0481932599822 1.00652106974 -0.03) (0.0499901615886 1.00891821059 -0.03) (0.0517949360924 1.01132024445 -0.03) (0.0536076229979 1.01372719035 -0.03) (0.0554282620573 1.01613906743 -0.03) (0.0572568932716 1.01855589493 -0.03) (0.0590935568934 1.02097769217 -0.03) (0.0609382934284 1.02340447856 -0.03) (0.062791143637 1.02583627362 -0.03) (0.0646521485369 1.02827309696 -0.03) (0.0665213494043 1.03071496827 -0.03) (0.0683987877765 1.03316190735 -0.03))
    polyLine 47 51 ((0.0289358975454 0.980470101422 0) (0.0306487356049 0.982814650633 0) (0.0323690278319 0.985163889228 0) (0.0340968111264 0.987517835284 0) (0.0358321226165 0.98987650696 0) (0.0375749996603 0.992239922504 0) (0.0393254798472 0.994608100247 0) (0.0410836009999 0.996981058611 0) (0.042849401176 0.999358816102 0) (0.0446229186699 1.00174139132 0) (0.0464041920143 1.00412880294 0) (0.0481932599822 1.00652106974 0) (0.0499901615886 1.00891821059 0) (0.0517949360924 1.01132024445 0) (0.0536076229979 1.01372719035 0) (0.0554282620573 1.01613906743 0) (0.0572568932716 1.01855589493 0) (0.0590935568934 1.02097769217 0) (0.0609382934284 1.02340447856 0) (0.062791143637 1.02583627362 0) (0.0646521485369 1.02827309696 0) (0.0665213494043 1.03071496827 0) (0.0683987877765 1.03316190735 0))
    polyLine 48 52 ((0.171626095256 0.464544733394 -0.03) (0.171981580885 0.465368012892 -0.03) (0.172337066514 0.46619129239 -0.03) (0.172692552143 0.467014571887 -0.03) (0.173048037772 0.467837851385 -0.03) (0.173403523401 0.468661130882 -0.03) (0.17375900903 0.46948441038 -0.03) (0.174114494658 0.470307689878 -0.03) (0.174469980287 0.471130969375 -0.03) (0.174825465916 0.471954248873 -0.03) (0.175180951545 0.47277752837 -0.03) (0.175536437174 0.473600807868 -0.03) (0.175891922803 0.474424087365 -0.03) (0.176247408432 0.475247366863 -0.03) (0.17660289406 0.476070646361 -0.03) (0.176958379689 0.476893925858 -0.03) (0.177313865318 0.477717205356 -0.03) (0.177669350947 0.478540484853 -0.03) (0.178024836576 0.479363764351 -0.03) (0.178380322205 0.480187043849 -0.03) (0.178735807834 0.481010323346 -0.03) (0.179091293462 0.481833602844 -0.03) (0.179446779091 0.482656882341 -0.03) (0.17980226472 0.483480161839 -0.03) (0.180157750349 0.484303441337 -0.03) (0.180513235978 0.485126720834 -0.03) (0.180868721607 0.485950000332 -0.03) (0.181224207236 0.486773279829 -0.03) (0.181579692865 0.487596559327 -0.03) (0.181935178493 0.488419838824 -0.03) (0.182290664122 0.489243118322 -0.03) (0.182646149751 0.49006639782 -0.03) (0.18300163538 0.490889677317 -0.03) (0.183357121009 0.491712956815 -0.03) (0.183712606638 0.492536236312 -0.03) (0.184068092267 0.49335951581 -0.03) (0.184423577895 0.494182795308 -0.03) (0.184779063524 0.495006074805 -0.03) (0.185134549153 0.495829354303 -0.03) (0.185490034782 0.4966526338 -0.03) (0.185845520411 0.497475913298 -0.03) (0.18620100604 0.498299192795 -0.03) (0.186556491669 0.499122472293 -0.03) (0.186911977297 0.499945751791 -0.03) (0.187267462926 0.500769031288 -0.03) (0.187622948555 0.501592310786 -0.03) (0.187978434184 0.502415590283 -0.03))
    polyLine 50 54 ((0.171626095256 0.464544733394 0) (0.171981580885 0.465368012892 0) (0.172337066514 0.46619129239 0) (0.172692552143 0.467014571887 0) (0.173048037772 0.467837851385 0) (0.173403523401 0.468661130882 0) (0.17375900903 0.46948441038 0) (0.174114494658 0.470307689878 0) (0.174469980287 0.471130969375 0) (0.174825465916 0.471954248873 0) (0.175180951545 0.47277752837 0) (0.175536437174 0.473600807868 0) (0.175891922803 0.474424087365 0) (0.176247408432 0.475247366863 0) (0.17660289406 0.476070646361 0) (0.176958379689 0.476893925858 0) (0.177313865318 0.477717205356 0) (0.177669350947 0.478540484853 0) (0.178024836576 0.479363764351 0) (0.178380322205 0.480187043849 0) (0.178735807834 0.481010323346 0) (0.179091293462 0.481833602844 0) (0.179446779091 0.482656882341 0) (0.17980226472 0.483480161839 0) (0.180157750349 0.484303441337 0) (0.180513235978 0.485126720834 0) (0.180868721607 0.485950000332 0) (0.181224207236 0.486773279829 0) (0.181579692865 0.487596559327 0) (0.181935178493 0.488419838824 0) (0.182290664122 0.489243118322 0) (0.182646149751 0.49006639782 0) (0.18300163538 0.490889677317 0) (0.183357121009 0.491712956815 0) (0.183712606638 0.492536236312 0) (0.184068092267 0.49335951581 0) (0.184423577895 0.494182795308 0) (0.184779063524 0.495006074805 0) (0.185134549153 0.495829354303 0) (0.185490034782 0.4966526338 0) (0.185845520411 0.497475913298 0) (0.18620100604 0.498299192795 0) (0.186556491669 0.499122472293 0) (0.186911977297 0.499945751791 0) (0.187267462926 0.500769031288 0) (0.187622948555 0.501592310786 0) (0.187978434184 0.502415590283 0))
    polyLine 49 53 ((0.0719192338011 1.03773500186 -0.03) (0.0735601919163 1.03985988967 -0.03) (0.0752074071777 1.0419886105 -0.03) (0.0768609071142 1.04412117739 -0.03) (0.0785207194057 1.04625760344 -0.03) (0.0801868718845 1.04839790179 -0.03) (0.0818593925358 1.05054208564 -0.03) (0.0835383094992 1.05269016826 -0.03) (0.0852236510695 1.05484216295 -0.03) (0.0869154456976 1.05699808309 -0.03) (0.0886137219917 1.05915794212 -0.03) (0.0903185087185 1.06132175351 -0.03) (0.0920298348038 1.06348953083 -0.03) (0.0937477293339 1.06566128767 -0.03) (0.0954722215567 1.0678370377 -0.03) (0.0972033408826 1.07001679464 -0.03) (0.0989411168856 1.07220057228 -0.03) (0.100685579305 1.07438838446 -0.03) (0.102436758044 1.07658024509 -0.03) (0.104194683176 1.07877616812 -0.03) (0.10595938494 1.0809761676 -0.03) (0.107730893745 1.0831802576 -0.03) (0.10950924017 1.08538845227 -0.03))
    polyLine 51 55 ((0.0719192338011 1.03773500186 0) (0.0735601919163 1.03985988967 0) (0.0752074071777 1.0419886105 0) (0.0768609071142 1.04412117739 0) (0.0785207194057 1.04625760344 0) (0.0801868718845 1.04839790179 0) (0.0818593925358 1.05054208564 0) (0.0835383094992 1.05269016826 0) (0.0852236510695 1.05484216295 0) (0.0869154456976 1.05699808309 0) (0.0886137219917 1.05915794212 0) (0.0903185087185 1.06132175351 0) (0.0920298348038 1.06348953083 0) (0.0937477293339 1.06566128767 0) (0.0954722215567 1.0678370377 0) (0.0972033408826 1.07001679464 0) (0.0989411168856 1.07220057228 0) (0.100685579305 1.07438838446 0) (0.102436758044 1.07658024509 0) (0.104194683176 1.07877616812 0) (0.10595938494 1.0809761676 0) (0.107730893745 1.0831802576 0) (0.10950924017 1.08538845227 0))
    polyLine 52 56 ((0.188333919813 0.503238869781 -0.03) (0.188689405442 0.504062149279 -0.03) (0.189044891071 0.504885428776 -0.03) (0.189400376699 0.505708708274 -0.03) (0.189755862328 0.506531987771 -0.03) (0.190111347957 0.507355267269 -0.03) (0.190466833586 0.508178546767 -0.03) (0.190822319215 0.509001826264 -0.03) (0.191177804844 0.509825105762 -0.03) (0.191533290473 0.510648385259 -0.03) (0.191888776101 0.511471664757 -0.03) (0.19224426173 0.512294944254 -0.03) (0.192599747359 0.513118223752 -0.03) (0.192955232988 0.51394150325 -0.03) (0.193310718617 0.514764782747 -0.03) (0.193666204246 0.515588062245 -0.03) (0.194021689875 0.516411341742 -0.03) (0.194377175503 0.51723462124 -0.03) (0.194732661132 0.518057900738 -0.03) (0.195088146761 0.518881180235 -0.03) (0.19544363239 0.519704459733 -0.03) (0.195799118019 0.52052773923 -0.03) (0.196154603648 0.521351018728 -0.03) (0.196510089277 0.522174298225 -0.03) (0.196865574905 0.522997577723 -0.03) (0.197221060534 0.523820857221 -0.03) (0.197576546163 0.524644136718 -0.03) (0.197932031792 0.525467416216 -0.03) (0.198287517421 0.526290695713 -0.03) (0.19864300305 0.527113975211 -0.03) (0.198998488679 0.527937254709 -0.03) (0.199353974307 0.528760534206 -0.03) (0.199709459936 0.529583813704 -0.03) (0.200064945565 0.530407093201 -0.03) (0.200420431194 0.531230372699 -0.03) (0.200775916823 0.532053652196 -0.03) (0.201131402452 0.532876931694 -0.03) (0.201486888081 0.533700211192 -0.03) (0.201842373709 0.534523490689 -0.03) (0.202197859338 0.535346770187 -0.03) (0.202553344967 0.536170049684 -0.03) (0.202908830596 0.536993329182 -0.03) (0.203264316225 0.53781660868 -0.03) (0.203619801854 0.538639888177 -0.03) (0.203975287483 0.539463167675 -0.03) (0.204330773111 0.540286447172 -0.03))
    polyLine 54 58 ((0.188333919813 0.503238869781 0) (0.188689405442 0.504062149279 0) (0.189044891071 0.504885428776 0) (0.189400376699 0.505708708274 0) (0.189755862328 0.506531987771 0) (0.190111347957 0.507355267269 0) (0.190466833586 0.508178546767 0) (0.190822319215 0.509001826264 0) (0.191177804844 0.509825105762 0) (0.191533290473 0.510648385259 0) (0.191888776101 0.511471664757 0) (0.19224426173 0.512294944254 0) (0.192599747359 0.513118223752 0) (0.192955232988 0.51394150325 0) (0.193310718617 0.514764782747 0) (0.193666204246 0.515588062245 0) (0.194021689875 0.516411341742 0) (0.194377175503 0.51723462124 0) (0.194732661132 0.518057900738 0) (0.195088146761 0.518881180235 0) (0.19544363239 0.519704459733 0) (0.195799118019 0.52052773923 0) (0.196154603648 0.521351018728 0) (0.196510089277 0.522174298225 0) (0.196865574905 0.522997577723 0) (0.197221060534 0.523820857221 0) (0.197576546163 0.524644136718 0) (0.197932031792 0.525467416216 0) (0.198287517421 0.526290695713 0) (0.19864300305 0.527113975211 0) (0.198998488679 0.527937254709 0) (0.199353974307 0.528760534206 0) (0.199709459936 0.529583813704 0) (0.200064945565 0.530407093201 0) (0.200420431194 0.531230372699 0) (0.200775916823 0.532053652196 0) (0.201131402452 0.532876931694 0) (0.201486888081 0.533700211192 0) (0.201842373709 0.534523490689 0) (0.202197859338 0.535346770187 0) (0.202553344967 0.536170049684 0) (0.202908830596 0.536993329182 0) (0.203264316225 0.53781660868 0) (0.203619801854 0.538639888177 0) (0.203975287483 0.539463167675 0) (0.204330773111 0.540286447172 0))
    polyLine 53 57 ((0.112850955504 1.08952606265 -0.03) (0.114412683474 1.09145448827 -0.03) (0.115979659358 1.0933860521 -0.03) (0.117551903738 1.09532076363 -0.03) (0.119129437295 1.09725863235 -0.03) (0.120712280813 1.09919966781 -0.03) (0.122300455179 1.10114387959 -0.03) (0.123893981381 1.10309127731 -0.03) (0.125492880509 1.10504187062 -0.03) (0.12709717376 1.10699566922 -0.03) (0.128706882432 1.10895268282 -0.03) (0.130322027931 1.11091292121 -0.03) (0.131942631767 1.11287639418 -0.03) (0.133568715556 1.11484311158 -0.03) (0.135200301022 1.1168130833 -0.03) (0.136837409995 1.11878631924 -0.03) (0.138480064416 1.12076282937 -0.03) (0.140128286331 1.1227426237 -0.03) (0.141782097899 1.12472571225 -0.03) (0.143441521387 1.12671210511 -0.03) (0.145106579174 1.12870181239 -0.03) (0.146777293749 1.13069484425 -0.03) (0.148453687714 1.13269121088 -0.03))
    polyLine 55 59 ((0.112850955504 1.08952606265 0) (0.114412683474 1.09145448827 0) (0.115979659358 1.0933860521 0) (0.117551903738 1.09532076363 0) (0.119129437295 1.09725863235 0) (0.120712280813 1.09919966781 0) (0.122300455179 1.10114387959 0) (0.123893981381 1.10309127731 0) (0.125492880509 1.10504187062 0) (0.12709717376 1.10699566922 0) (0.128706882432 1.10895268282 0) (0.130322027931 1.11091292121 0) (0.131942631767 1.11287639418 0) (0.133568715556 1.11484311158 0) (0.135200301022 1.1168130833 0) (0.136837409995 1.11878631924 0) (0.138480064416 1.12076282937 0) (0.140128286331 1.1227426237 0) (0.141782097899 1.12472571225 0) (0.143441521387 1.12671210511 0) (0.145106579174 1.12870181239 0) (0.146777293749 1.13069484425 0) (0.148453687714 1.13269121088 0))
    polyLine 56 60 ((0.20468625874 0.54110972667 -0.03) (0.205041744369 0.541933006168 -0.03) (0.205397229998 0.542756285665 -0.03) (0.205752715627 0.543579565163 -0.03) (0.206108201256 0.54440284466 -0.03) (0.206463686885 0.545226124158 -0.03) (0.206819172513 0.546049403655 -0.03) (0.207174658142 0.546872683153 -0.03) (0.207530143771 0.547695962651 -0.03) (0.2078856294 0.548519242148 -0.03) (0.208241115029 0.549342521646 -0.03) (0.208596600658 0.550165801143 -0.03) (0.208952086287 0.550989080641 -0.03) (0.209307571915 0.551812360139 -0.03) (0.209663057544 0.552635639636 -0.03) (0.210018543173 0.553458919134 -0.03) (0.210374028802 0.554282198631 -0.03) (0.210729514431 0.555105478129 -0.03) (0.21108500006 0.555928757626 -0.03) (0.211440485689 0.556752037124 -0.03) (0.211795971317 0.557575316622 -0.03) (0.212151456946 0.558398596119 -0.03) (0.212506942575 0.559221875617 -0.03) (0.212862428204 0.560045155114 -0.03) (0.213217913833 0.560868434612 -0.03) (0.213573399462 0.56169171411 -0.03) (0.213928885091 0.562514993607 -0.03) (0.214284370719 0.563338273105 -0.03) (0.214639856348 0.564161552602 -0.03) (0.214995341977 0.5649848321 -0.03) (0.215350827606 0.565808111598 -0.03) (0.215706313235 0.566631391095 -0.03) (0.216061798864 0.567454670593 -0.03) (0.216417284493 0.56827795009 -0.03) (0.216772770121 0.569101229588 -0.03) (0.21712825575 0.569924509085 -0.03) (0.217483741379 0.570747788583 -0.03) (0.217839227008 0.571571068081 -0.03) (0.218194712637 0.572394347578 -0.03) (0.218550198266 0.573217627076 -0.03) (0.218905683895 0.574040906573 -0.03) (0.219261169523 0.574864186071 -0.03) (0.219616655152 0.575687465569 -0.03) (0.219972140781 0.576510745066 -0.03) (0.22032762641 0.577334024564 -0.03) (0.220683112039 0.578157304061 -0.03))
    polyLine 58 62 ((0.20468625874 0.54110972667 0) (0.205041744369 0.541933006168 0) (0.205397229998 0.542756285665 0) (0.205752715627 0.543579565163 0) (0.206108201256 0.54440284466 0) (0.206463686885 0.545226124158 0) (0.206819172513 0.546049403655 0) (0.207174658142 0.546872683153 0) (0.207530143771 0.547695962651 0) (0.2078856294 0.548519242148 0) (0.208241115029 0.549342521646 0) (0.208596600658 0.550165801143 0) (0.208952086287 0.550989080641 0) (0.209307571915 0.551812360139 0) (0.209663057544 0.552635639636 0) (0.210018543173 0.553458919134 0) (0.210374028802 0.554282198631 0) (0.210729514431 0.555105478129 0) (0.21108500006 0.555928757626 0) (0.211440485689 0.556752037124 0) (0.211795971317 0.557575316622 0) (0.212151456946 0.558398596119 0) (0.212506942575 0.559221875617 0) (0.212862428204 0.560045155114 0) (0.213217913833 0.560868434612 0) (0.213573399462 0.56169171411 0) (0.213928885091 0.562514993607 0) (0.214284370719 0.563338273105 0) (0.214639856348 0.564161552602 0) (0.214995341977 0.5649848321 0) (0.215350827606 0.565808111598 0) (0.215706313235 0.566631391095 0) (0.216061798864 0.567454670593 0) (0.216417284493 0.56827795009 0) (0.216772770121 0.569101229588 0) (0.21712825575 0.569924509085 0) (0.217483741379 0.570747788583 0) (0.217839227008 0.571571068081 0) (0.218194712637 0.572394347578 0) (0.218550198266 0.573217627076 0) (0.218905683895 0.574040906573 0) (0.219261169523 0.574864186071 0) (0.219616655152 0.575687465569 0) (0.219972140781 0.576510745066 0) (0.22032762641 0.577334024564 0) (0.220683112039 0.578157304061 0))
    polyLine 57 61 ((0.151611596032 1.13644257157 -0.03) (0.153091802522 1.13819679391 -0.03) (0.154576418663 1.13995359648 -0.03) (0.156065459933 1.14171298623 -0.03) (0.157558941876 1.14347497013 -0.03) (0.159056880105 1.14523955518 -0.03) (0.160559290304 1.1470067484 -0.03) (0.162066188221 1.14877655683 -0.03) (0.163577589677 1.15054898755 -0.03) (0.165093510562 1.15232404766 -0.03) (0.166613966836 1.15410174427 -0.03) (0.168138974528 1.15588208453 -0.03) (0.169668549739 1.15766507561 -0.03) (0.171202708642 1.1594507247 -0.03) (0.172741467481 1.16123903904 -0.03) (0.17428484257 1.16303002585 -0.03) (0.175832850297 1.16482369243 -0.03) (0.177385507124 1.16662004606 -0.03) (0.178942829584 1.16841909408 -0.03) (0.180504834284 1.17022084382 -0.03) (0.182071537904 1.17202530267 -0.03) (0.183642957201 1.17383247803 -0.03) (0.185219109004 1.17564237733 -0.03))
    polyLine 59 63 ((0.151611596032 1.13644257157 0) (0.153091802522 1.13819679391 0) (0.154576418663 1.13995359648 0) (0.156065459933 1.14171298623 0) (0.157558941876 1.14347497013 0) (0.159056880105 1.14523955518 0) (0.160559290304 1.1470067484 0) (0.162066188221 1.14877655683 0) (0.163577589677 1.15054898755 0) (0.165093510562 1.15232404766 0) (0.166613966836 1.15410174427 0) (0.168138974528 1.15588208453 0) (0.169668549739 1.15766507561 0) (0.171202708642 1.1594507247 0) (0.172741467481 1.16123903904 0) (0.17428484257 1.16303002585 0) (0.175832850297 1.16482369243 0) (0.177385507124 1.16662004606 0) (0.178942829584 1.16841909408 0) (0.180504834284 1.17022084382 0) (0.182071537904 1.17202530267 0) (0.183642957201 1.17383247803 0) (0.185219109004 1.17564237733 0))
    polyLine 60 64 ((0.221048284807 0.578975062711 -0.03) (0.221433582107 0.579783534325 -0.03) (0.221838767959 0.580582223742 -0.03) (0.2222635942 0.581370641793 -0.03) (0.22270780064 0.582148305601 -0.03) (0.223171115218 0.582914738874 -0.03) (0.22365325417 0.583669472198 -0.03) (0.224153922202 0.584412043326 -0.03) (0.224672812675 0.58514199746 -0.03) (0.225209607785 0.585858887528 -0.03) (0.225763978764 0.58656227446 -0.03) (0.22633558608 0.587251727458 -0.03) (0.226924079643 0.587926824255 -0.03) (0.227529099023 0.588587151378 -0.03) (0.228150273666 0.589232304401 -0.03) (0.228787223124 0.589861888189 -0.03) (0.229439557289 0.590475517146 -0.03) (0.230106876629 0.591072815445 -0.03) (0.230788772434 0.591653417263 -0.03) (0.231484827068 0.592216967 -0.03) (0.232194614221 0.592763119503 -0.03) (0.232917699175 0.593291540273 -0.03) (0.233653639064 0.59380190567 -0.03) (0.234401983152 0.594293903114 -0.03) (0.235162273105 0.594767231274 -0.03) (0.235934043272 0.595221600253 -0.03) (0.236716820971 0.595656731766 -0.03) (0.237510126778 0.596072359311 -0.03) (0.238313474822 0.596468228329 -0.03) (0.23912637308 0.596844096367 -0.03) (0.239948323681 0.597199733217 -0.03) (0.240778823209 0.597534921065 -0.03) (0.241617363012 0.597849454619 -0.03) (0.242463429516 0.59814314124 -0.03) (0.243316504533 0.598415801055 -0.03) (0.244176065586 0.598667267069 -0.03) (0.245041586223 0.598897385267 -0.03) (0.245912536345 0.599106014712 -0.03) (0.246788382525 0.599293027624 -0.03) (0.247668588337 0.599458309465 -0.03) (0.248552614688 0.599601759006 -0.03) (0.249439920142 0.599723288388 -0.03) (0.250329961256 0.59982282318 -0.03) (0.251222192911 0.59990030242 -0.03) (0.252116068648 0.599955678654 -0.03) (0.253011040998 0.599988917967 -0.03))
    polyLine 62 66 ((0.221048284807 0.578975062711 0) (0.221433582107 0.579783534325 0) (0.221838767959 0.580582223742 0) (0.2222635942 0.581370641793 0) (0.22270780064 0.582148305601 0) (0.223171115218 0.582914738874 0) (0.22365325417 0.583669472198 0) (0.224153922202 0.584412043326 0) (0.224672812675 0.58514199746 0) (0.225209607785 0.585858887528 0) (0.225763978764 0.58656227446 0) (0.22633558608 0.587251727458 0) (0.226924079643 0.587926824255 0) (0.227529099023 0.588587151378 0) (0.228150273666 0.589232304401 0) (0.228787223124 0.589861888189 0) (0.229439557289 0.590475517146 0) (0.230106876629 0.591072815445 0) (0.230788772434 0.591653417263 0) (0.231484827068 0.592216967 0) (0.232194614221 0.592763119503 0) (0.232917699175 0.593291540273 0) (0.233653639064 0.59380190567 0) (0.234401983152 0.594293903114 0) (0.235162273105 0.594767231274 0) (0.235934043272 0.595221600253 0) (0.236716820971 0.595656731766 0) (0.237510126778 0.596072359311 0) (0.238313474822 0.596468228329 0) (0.23912637308 0.596844096367 0) (0.239948323681 0.597199733217 0) (0.240778823209 0.597534921065 0) (0.241617363012 0.597849454619 0) (0.242463429516 0.59814314124 0) (0.243316504533 0.598415801055 0) (0.244176065586 0.598667267069 0) (0.245041586223 0.598897385267 0) (0.245912536345 0.599106014712 0) (0.246788382525 0.599293027624 0) (0.247668588337 0.599458309465 0) (0.248552614688 0.599601759006 0) (0.249439920142 0.599723288388 0) (0.250329961256 0.59982282318 0) (0.251222192911 0.59990030242 0) (0.252116068648 0.599955678654 0) (0.253011040998 0.599988917967 0))
    polyLine 61 65 ((0.189436998825 1.18047249532 -0.03) (0.19208722156 1.18349757671 -0.03) (0.194750757336 1.18653028685 -0.03) (0.197427685654 1.18957066064 -0.03) (0.200118086606 1.19261873316 -0.03) (0.202822040889 1.19567453973 -0.03) (0.205539629798 1.19873811585 -0.03) (0.208270935244 1.20180949725 -0.03) (0.21101603975 1.20488871989 -0.03) (0.213775026462 1.20797581991 -0.03) (0.216547979152 1.21107083371 -0.03) (0.219334982225 1.21417379788 -0.03) (0.222136120724 1.21728474925 -0.03) (0.224951480339 1.22040372487 -0.03) (0.227781147406 1.223530762 -0.03) (0.23062520892 1.22666589816 -0.03) (0.233483752538 1.22980917108 -0.03) (0.236356866584 1.23296061872 -0.03) (0.239244640057 1.23612027928 -0.03) (0.242147162639 1.23928819119 -0.03) (0.245064524695 1.24246439312 -0.03) (0.247996817286 1.245648924 -0.03) (0.250944132173 1.24884182296 -0.03))
    polyLine 63 67 ((0.189436998825 1.18047249532 0) (0.19208722156 1.18349757671 0) (0.194750757336 1.18653028685 0) (0.197427685654 1.18957066064 0) (0.200118086606 1.19261873316 0) (0.202822040889 1.19567453973 0) (0.205539629798 1.19873811585 0) (0.208270935244 1.20180949725 0) (0.21101603975 1.20488871989 0) (0.213775026462 1.20797581991 0) (0.216547979152 1.21107083371 0) (0.219334982225 1.21417379788 0) (0.222136120724 1.21728474925 0) (0.224951480339 1.22040372487 0) (0.227781147406 1.223530762 0) (0.23062520892 1.22666589816 0) (0.233483752538 1.22980917108 0) (0.236356866584 1.23296061872 0) (0.239244640057 1.23612027928 0) (0.242147162639 1.23928819119 0) (0.245064524695 1.24246439312 0) (0.247996817286 1.245648924 0) (0.250944132173 1.24884182296 0))
);

boundary
(
    body_fore
    {
        type wall;
        faces
        (
            (0 2 6 4)
            (4 6 10 8)
            (8 10 14 12)
            (12 14 18 16)
            (16 18 22 20)
            (20 22 26 24)
            (24 26 30 28)
            (28 30 34 32)
            (32 34 38 36)
            (36 38 42 40)
            (40 42 46 44)
            (44 46 50 48)
            (48 50 54 52)
            (52 54 58 56)
            (56 58 62 60)
            (60 62 66 64)
        );
    }
    freestream
    {
        type patch;
        faces
        (
            (1 5 7 3)
            (5 9 11 7)
            (9 13 15 11)
            (13 17 19 15)
            (17 21 23 19)
            (21 25 27 23)
            (25 29 31 27)
            (29 33 35 31)
            (33 37 39 35)
            (37 41 43 39)
            (41 45 47 43)
            (45 49 51 47)
            (49 53 55 51)
            (53 57 59 55)
            (57 61 63 59)
            (61 65 67 63)
        );
    }
    outlet
    {
        type patch;
        faces
        (
            (64 66 67 65)
        );
    }
    axis
    {
        type patch;
        faces
        (
            (0 1 3 2)
        );
    }
    front
    {
        type patch;
        faces
        (
            (2 6 7 3)
            (6 10 11 7)
            (10 14 15 11)
            (14 18 19 15)
            (18 22 23 19)
            (22 26 27 23)
            (26 30 31 27)
            (30 34 35 31)
            (34 38 39 35)
            (38 42 43 39)
            (42 46 47 43)
            (46 50 51 47)
            (50 54 55 51)
            (54 58 59 55)
            (58 62 63 59)
            (62 66 67 63)
        );
    }
    back
    {
        type patch;
        faces
        (
            (0 1 5 4)
            (4 5 9 8)
            (8 9 13 12)
            (12 13 17 16)
            (16 17 21 20)
            (20 21 25 24)
            (24 25 29 28)
            (28 29 33 32)
            (32 33 37 36)
            (36 37 41 40)
            (40 41 45 44)
            (44 45 49 48)
            (48 49 53 52)
            (52 53 57 56)
            (56 57 61 60)
            (60 61 65 64)
        );
    }
);
