FoamFile
{
    version     2.0;
    format      ascii;
    class       dictionary;
    object      blockMeshDict;
}
// Generated by aether.cfd - do not edit by hand. Regenerate from the run config.

scale 1;

vertices
(
    (0 0 -0.03)
    (-0.262846866361 6.73837664086e-17 -0.03)
    (0 0 0)
    (-0.262846866361 6.73837664086e-17 0)
    (0.00123200274805 0.0430517244106 -0.03)
    (-0.259547249898 0.0822861956744 -0.03)
    (0.00123200274805 0.0430517244106 0)
    (-0.259547249898 0.0822861956744 0)
    (0.00492367079702 0.0859625631365 -0.03)
    (-0.250075668346 0.163567966619 -0.03)
    (0.00492367079702 0.0859625631365 0)
    (-0.250075668346 0.163567966619 0)
    (0.0110629246374 0.128592109021 -0.03)
    (-0.235452175739 0.243313622934 -0.03)
    (0.0110629246374 0.128592109021 0)
    (-0.235452175739 0.243313622934 0)
    (0.0196298504708 0.170800834795 -0.03)
    (-0.216784490507 0.321610321869 -0.03)
    (0.0196298504708 0.170800834795 0)
    (-0.216784490507 0.321610321869 0)
    (0.0305963644313 0.212450614422 -0.03)
    (-0.194927126207 0.399035637196 -0.03)
    (0.0305963644313 0.212450614422 0)
    (-0.194927126207 0.399035637196 0)
    (0.0439264545578 0.253405189382 -0.03)
    (-0.170385755871 0.476474771548 -0.03)
    (0.0439264545578 0.253405189382 0)
    (-0.170385755871 0.476474771548 0)
    (0.0595765483891 0.29353053472 -0.03)
    (-0.143349524262 0.55500209813 -0.03)
    (0.0595765483891 0.29353053472 0)
    (-0.143349524262 0.55500209813 0)
    (0.0774956259859 0.332695255911 -0.03)
    (-0.11374922058 0.635839500006 -0.03)
    (0.0774956259859 0.332695255911 0)
    (-0.11374922058 0.635839500006 0)
    (0.0976248088955 0.370771291412 -0.03)
    (-0.0812984915984 0.720371501346 -0.03)
    (0.0976248088955 0.370771291412 0)
    (-0.0812984915984 0.720371501346 0)
    (0.119898233042 0.407634053872 -0.03)
    (-0.0455064663011 0.810204696344 -0.03)
    (0.119898233042 0.407634053872 0)
    (-0.0455064663011 0.810204696344 0)
    (0.144243201919 0.443162792256 -0.03)
    (-0.00566091743786 0.907266906105 -0.03)
    (0.144243201919 0.443162792256 0)
    (-0.00566091743786 0.907266906105 0)
    (0.170579923398 0.477241313866 -0.03)
    (0.0392206777808 1.01395555943 -0.03)
    (0.170579923398 0.477241313866 0)
    (0.0392206777808 1.01395555943 0)
    (0.19822056125 0.510278518471 -0.03)
    (0.0896733322265 1.1314942144 -0.03)
    (0.19822056125 0.510278518471 0)
    (0.0896733322265 1.1314942144 0)
    (0.225897903686 0.543285179158 -0.03)
    (0.144983012971 1.25824894523 -0.03)
    (0.225897903686 0.543285179158 0)
    (0.144983012971 1.25824894523 0)
    (0.253575246122 0.576291839846 -0.03)
    (0.205534851649 1.39518702405 -0.03)
    (0.253575246122 0.576291839846 0)
    (0.205534851649 1.39518702405 0)
    (0.287383342508 0.6 -0.03)
    (0.287383342508 1.57810728512 -0.03)
    (0.287383342508 0.6 0)
    (0.287383342508 1.57810728512 0)
);

blocks
(
    hex (0 4 5 1 2 6 7 3) (4 48 1) simpleGrading (1 4 1)
    hex (4 8 9 5 6 10 11 7) (4 48 1) simpleGrading (1 4 1)
    hex (8 12 13 9 10 14 15 11) (4 48 1) simpleGrading (1 4 1)
    hex (12 16 17 13 14 18 19 15) (4 48 1) simpleGrading (1 4 1)
    hex (16 20 21 17 18 22 23 19) (4 48 1) simpleGrading (1 4 1)
    hex (20 24 25 21 22 26 27 23) (4 48 1) simpleGrading (1 4 1)
    hex (24 28 29 25 26 30 31 27) (4 48 1) simpleGrading (1 4 1)
    hex (28 32 33 29 30 34 35 31) (4 48 1) simpleGrading (1 4 1)
    hex (32 36 37 33 34 38 39 35) (4 48 1) simpleGrading (1 4 1)
    hex (36 40 41 37 38 42 43 39) (4 48 1) simpleGrading (1 4 1)
    hex (40 44 45 41 42 46 47 43) (4 48 1) simpleGrading (1 4 1)
    hex (44 48 49 45 46 50 51 47) (4 48 1) simpleGrading (1 4 1)
    hex (48 52 53 49 50 54 55 51) (4 48 1) simpleGrading (1 4 1)
    hex (52 56 57 53 54 58 59 55) (4 48 1) simpleGrading (1 4 1)
    hex (56 60 61 57 58 62 63 59) (4 48 1) simpleGrading (1 4 1)
    hex (60 64 65 61 62 66 67 63) (4 48 1) simpleGrading (1 4 1)
);

edges
(
    polyLine 0 4 ((5.28369032193e-07 0.00089197017041 -0.03) (2.11347538735e-06 0.00178393908888 -0.03) (4.75531684043e-06 0.00267590550347 -0.03) (8.45388968366e-06 0.00356786816223 -0.03) (1.32091887257e-05 0.00445982581325 -0.03) (1.90212072922e-05 0.00535177720459 -0.03) (2.58899372255e-05 0.00624372108434 -0.03) (3.3815368885e-05 0.0071356562006 -0.03) (4.27974911468e-05 0.00802758130146 -0.03) (5.28362914037e-05 0.00891949513506 -0.03) (6.39317555657e-05 0.00981139644953 -0.03) (7.60838680595e-05 0.010703283993 -0.03) (8.92926118288e-05 0.0115951565137 -0.03) (0.000103557968334 0.0124870127598 -0.03) (0.000118879917553 0.0133788514795 -0.03) (0.000135258437981 0.014270671421 -0.03) (0.000152693506628 0.0151624713327 -0.03) (0.000171185099023 0.0160542499628 -0.03) (0.000190733189213 0.0169460060596 -0.03) (0.00021133774976 0.0178377383716 -0.03) (0.000232998751745 0.018729445647 -0.03) (0.000255716164764 0.0196211266344 -0.03) (0.000279489956932 0.0205127800821 -0.03) (0.000304320094881 0.0214044047388 -0.03) (0.00033020654376 0.0222959993528 -0.03) (0.000357149267236 0.0231875626729 -0.03) (0.000385148227492 0.0240790934477 -0.03) (0.000414203385231 0.0249705904257 -0.03) (0.000444314699671 0.0258620523558 -0.03) (0.000475482128548 0.0267534779867 -0.03) (0.000507705628119 0.0276448660673 -0.03) (0.000540985153153 0.0285362153464 -0.03) (0.000575320656942 0.0294275245729 -0.03) (0.000610712091293 0.0303187924958 -0.03) (0.000647159406531 0.0312100178642 -0.03) (0.000684662551501 0.0321011994272 -0.03) (0.000723221473564 0.0329923359339 -0.03) (0.000762836118599 0.0338834261336 -0.03) (0.000803506431006 0.0347744687755 -0.03) (0.0008452323537 0.0356654626091 -0.03) (0.000888013828117 0.0365564063837 -0.03) (0.000931850794209 0.0374472988489 -0.03) (0.000976743190448 0.0383381387541 -0.03) (0.00102269095382 0.0392289248492 -0.03) (0.00106969401985 0.0401196558837 -0.03) (0.00111775232255 0.0410103306075 -0.03) (0.00116686579447 0.0419009477705 -0.03) (0.00121703436667 0.0427915061225 -0.03))
    polyLine 2 6 ((5.28369032193e-07 0.00089197017041 0) (2.11347538735e-06 0.00178393908888 0) (4.75531684043e-06 0.00267590550347 0) (8.45388968366e-06 0.00356786816223 0) (1.32091887257e-05 0.00445982581325 0) (1.90212072922e-05 0.00535177720459 0) (2.58899372255e-05 0.00624372108434 0) (3.3815368885e-05 0.0071356562006 0) (4.27974911468e-05 0.00802758130146 0) (5.28362914037e-05 0.00891949513506 0) (6.39317555657e-05 0.00981139644953 0) (7.60838680595e-05 0.010703283993 0) (8.92926118288e-05 0.0115951565137 0) (0.000103557968334 0.0124870127598 0) (0.000118879917553 0.0133788514795 0) (0.000135258437981 0.014270671421 0) (0.000152693506628 0.0151624713327 0) (0.000171185099023 0.0160542499628 0) (0.000190733189213 0.0169460060596 0) (0.00021133774976 0.0178377383716 0) (0.000232998751745 0.018729445647 0) (0.000255716164764 0.0196211266344 0) (0.000279489956932 0.0205127800821 0) (0.000304320094881 0.0214044047388 0) (0.00033020654376 0.0222959993528 0) (0.000357149267236 0.0231875626729 0) (0.000385148227492 0.0240790934477 0) (0.000414203385231 0.0249705904257 0) (0.000444314699671 0.0258620523558 0) (0.000475482128548 0.0267534779867 0) (0.000507705628119 0.0276448660673 0) (0.000540985153153 0.0285362153464 0) (0.000575320656942 0.0294275245729 0) (0.000610712091293 0.0303187924958 0) (0.000647159406531 0.0312100178642 0) (0.000684662551501 0.0321011994272 0) (0.000723221473564 0.0329923359339 0) (0.000762836118599 0.0338834261336 0) (0.000803506431006 0.0347744687755 0) (0.0008452323537 0.0356654626091 0) (0.000888013828117 0.0365564063837 0) (0.000931850794209 0.0374472988489 0) (0.000976743190448 0.0383381387541 0) (0.00102269095382 0.0392289248492 0) (0.00106969401985 0.0401196558837 0) (0.00111775232255 0.0410103306075 0) (0.00116686579447 0.0419009477705 0) (0.00121703436667 0.0427915061225 0))
    polyLine 1 5 ((-0.262841112727 0.00342360697333 -0.03) (-0.262823852369 0.00684726424903 -0.03) (-0.262795086918 0.01027102219 -0.03) (-0.262754819089 0.0136949312799 -0.03) (-0.262703052674 0.017119042184 -0.03) (-0.262639792536 0.0205434058088 -0.03) (-0.262565044603 0.0239680733622 -0.03) (-0.262478815851 0.0273930964132 -0.03) (-0.262381114294 0.0308185269515 -0.03) (-0.262271948968 0.034244417446 -0.03) (-0.262151329914 0.0376708209038 -0.03) (-0.262019268159 0.0410977909283 -0.03) (-0.261875775694 0.0445253817767 -0.03) (-0.261720865451 0.0479536484169 -0.03) (-0.261554551283 0.0513826465843 -0.03) (-0.26137684793 0.0548124328377 -0.03) (-0.261187770997 0.0582430646139 -0.03) (-0.260987336923 0.0616746002829 -0.03) (-0.260775562948 0.0651070992011 -0.03) (-0.260552467081 0.0685406217645 -0.03) (-0.260318068069 0.071975229461 -0.03) (-0.260072385358 0.0754109849212 -0.03) (-0.259815439056 0.0788479519697 -0.03))
    polyLine 3 7 ((-0.262841112727 0.00342360697333 0) (-0.262823852369 0.00684726424903 0) (-0.262795086918 0.01027102219 0) (-0.262754819089 0.0136949312799 0) (-0.262703052674 0.017119042184 0) (-0.262639792536 0.0205434058088 0) (-0.262565044603 0.0239680733622 0) (-0.262478815851 0.0273930964132 0) (-0.262381114294 0.0308185269515 0) (-0.262271948968 0.034244417446 0) (-0.262151329914 0.0376708209038 0) (-0.262019268159 0.0410977909283 0) (-0.261875775694 0.0445253817767 0) (-0.261720865451 0.0479536484169 0) (-0.261554551283 0.0513826465843 0) (-0.26137684793 0.0548124328377 0) (-0.261187770997 0.0582430646139 0) (-0.260987336923 0.0616746002829 0) (-0.260775562948 0.0651070992011 0) (-0.260552467081 0.0685406217645 0) (-0.260318068069 0.071975229461 0) (-0.260072385358 0.0754109849212 0) (-0.259815439056 0.0788479519697 0))
    polyLine 4 8 ((0.00126825796875 0.0436820044138 -0.03) (0.00132053652881 0.0445724413942 -0.03) (0.00137386997346 0.0454628158142 -0.03) (0.00142825822786 0.046353126424 -0.03) (0.00148370121566 0.0472433719739 -0.03) (0.00154019885905 0.0481335512145 -0.03) (0.00159775107873 0.0490236628963 -0.03) (0.00165635779392 0.04991370577 -0.03) (0.00171601892236 0.0508036785864 -0.03) (0.00177673438031 0.0516935800962 -0.03) (0.00183850408256 0.0525834090505 -0.03) (0.0019013279424 0.0534731642004 -0.03) (0.00196520587166 0.054362844297 -0.03) (0.00203013778069 0.0552524480915 -0.03) (0.00209612357834 0.0561419743354 -0.03) (0.002163163172 0.0570314217802 -0.03) (0.00223125646757 0.0579207891773 -0.03) (0.00230040336948 0.0588100752787 -0.03) (0.00237060378069 0.059699278836 -0.03) (0.00244185760265 0.0605883986012 -0.03) (0.00251416473536 0.0614774333264 -0.03) (0.00258752507733 0.0623663817638 -0.03) (0.00266193852559 0.0632552426656 -0.03) (0.0027374049757 0.0641440147843 -0.03) (0.00281392432174 0.0650326968725 -0.03) (0.0028914964563 0.0659212876827 -0.03) (0.00297012127051 0.0668097859678 -0.03) (0.00304979865402 0.0676981904808 -0.03) (0.00313052849498 0.0685864999746 -0.03) (0.0032123106801 0.0694747132025 -0.03) (0.00329514509458 0.0703628289179 -0.03) (0.00337903162216 0.0712508458741 -0.03) (0.0034639701451 0.0721387628249 -0.03) (0.00354996054418 0.0730265785238 -0.03) (0.00363700269871 0.0739142917249 -0.03) (0.00372509648652 0.0748019011822 -0.03) (0.00381424178396 0.0756894056498 -0.03) (0.00390443846591 0.0765768038821 -0.03) (0.00399568640578 0.0774640946335 -0.03) (0.00408798547549 0.0783512766587 -0.03) (0.00418133554549 0.0792383487124 -0.03) (0.00427573648476 0.0801253095496 -0.03) (0.0043711881608 0.0810121579254 -0.03) (0.00446769043964 0.081898892595 -0.03) (0.00456524318584 0.0827855123138 -0.03) (0.00466384626246 0.0836720158374 -0.03) (0.00476349953111 0.0845584019215 -0.03) (0.00486420285193 0.085444669322 -0.03))
    polyLine 6 10 ((0.00126825796875 0.0436820044138 0) (0.00132053652881 0.0445724413942 0) (0.00137386997346 0.0454628158142 0) (0.00142825822786 0.046353126424 0) (0.00148370121566 0.0472433719739 0) (0.00154019885905 0.0481335512145 0) (0.00159775107873 0.0490236628963 0) (0.00165635779392 0.04991370577 0) (0.00171601892236 0.0508036785864 0) (0.00177673438031 0.0516935800962 0) (0.00183850408256 0.0525834090505 0) (0.0019013279424 0.0534731642004 0) (0.00196520587166 0.054362844297 0) (0.00203013778069 0.0552524480915 0) (0.00209612357834 0.0561419743354 0) (0.002163163172 0.0570314217802 0) (0.00223125646757 0.0579207891773 0) (0.00230040336948 0.0588100752787 0) (0.00237060378069 0.059699278836 0) (0.00244185760265 0.0605883986012 0) (0.00251416473536 0.0614774333264 0) (0.00258752507733 0.0623663817638 0) (0.00266193852559 0.0632552426656 0) (0.0027374049757 0.0641440147843 0) (0.00281392432174 0.0650326968725 0) (0.0028914964563 0.0659212876827 0) (0.00297012127051 0.0668097859678 0) (0.00304979865402 0.0676981904808 0) (0.00313052849498 0.0685864999746 0) (0.0032123106801 0.0694747132025 0) (0.00329514509458 0.0703628289179 0) (0.00337903162216 0.0712508458741 0) (0.0034639701451 0.0721387628249 0) (0.00354996054418 0.0730265785238 0) (0.00363700269871 0.0739142917249 0) (0.00372509648652 0.0748019011822 0) (0.00381424178396 0.0756894056498 0) (0.00390443846591 0.0765768038821 0) (0.00399568640578 0.0774640946335 0) (0.00408798547549 0.0783512766587 0) (0.00418133554549 0.0792383487124 0) (0.00427573648476 0.0801253095496 0) (0.0043711881608 0.0810121579254 0) (0.00446769043964 0.081898892595 0) (0.00456524318584 0.0827855123138 0) (0.00466384626246 0.0836720158374 0) (0.00476349953111 0.0845584019215 0) (0.00486420285193 0.085444669322 0))
    polyLine 5 9 ((-0.25927400527 0.0856513232001 -0.03) (-0.258990040065 0.089017799616 -0.03) (-0.258695375219 0.0923856895764 -0.03) (-0.25839003209 0.0957550590471 -0.03) (-0.258074032427 0.0991259753458 -0.03) (-0.257747398322 0.102498507182 -0.03) (-0.257410152177 0.105872724695 -0.03) (-0.257062316658 0.109248699495 -0.03) (-0.256703914659 0.112626504698 -0.03) (-0.256334969254 0.116006214961 -0.03) (-0.255955503661 0.119387906522 -0.03) (-0.255565541195 0.122771657234 -0.03) (-0.255165105228 0.126157546599 -0.03) (-0.254754219144 0.129545655798 -0.03) (-0.254332906298 0.132936067732 -0.03) (-0.253901189967 0.136328867049 -0.03) (-0.253459093315 0.139724140175 -0.03) (-0.25300663934 0.14312197535 -0.03) (-0.252543850839 0.146522462655 -0.03) (-0.252070750355 0.149925694041 -0.03) (-0.251587360142 0.153331763364 -0.03) (-0.251093702116 0.156740766408 -0.03) (-0.250589797813 0.160152800916 -0.03))
    polyLine 7 11 ((-0.25927400527 0.0856513232001 0) (-0.258990040065 0.089017799616 0) (-0.258695375219 0.0923856895764 0) (-0.25839003209 0.0957550590471 0) (-0.258074032427 0.0991259753458 0) (-0.257747398322 0.102498507182 0) (-0.257410152177 0.105872724695 0) (-0.257062316658 0.109248699495 0) (-0.256703914659 0.112626504698 0) (-0.256334969254 0.116006214961 0) (-0.255955503661 0.119387906522 0) (-0.255565541195 0.122771657234 0) (-0.255165105228 0.126157546599 0) (-0.254754219144 0.129545655798 0) (-0.254332906298 0.132936067732 0) (-0.253901189967 0.136328867049 0) (-0.253459093315 0.139724140175 0) (-0.25300663934 0.14312197535 0) (-0.252543850839 0.146522462655 0) (-0.252070750355 0.149925694041 0) (-0.251587360142 0.153331763364 0) (-0.251093702116 0.156740766408 0) (-0.250589797813 0.160152800916 0))
    polyLine 8 12 ((0.00496595608356 0.0863308167951 -0.03) (0.0050687590832 0.0872168430968 -0.03) (0.00517261170654 0.0881027469836 -0.03) (0.00527751380783 0.0889885272121 -0.03) (0.00538346523983 0.0898741825391 -0.03) (0.00549046585382 0.0907597117213 -0.03) (0.00559851549963 0.0916451135161 -0.03) (0.0057076140256 0.0925303866805 -0.03) (0.0058177612786 0.0934155299722 -0.03) (0.00592895710403 0.0943005421486 -0.03) (0.00604120134583 0.0951854219677 -0.03) (0.00615449384644 0.0960701681875 -0.03) (0.00626883444686 0.0969547795661 -0.03) (0.0063842229866 0.097839254862 -0.03) (0.00650065930371 0.0987235928336 -0.03) (0.00661814323475 0.0996077922399 -0.03) (0.00673667461483 0.10049185184 -0.03) (0.00685625327759 0.101375770392 -0.03) (0.00697687905518 0.102259546657 -0.03) (0.00709855177831 0.103143179393 -0.03) (0.00722127127619 0.104026667361 -0.03) (0.00734503737658 0.10491000932 -0.03) (0.00746984990576 0.10579320403 -0.03) (0.00759570868856 0.106676250252 -0.03) (0.00772261354831 0.107559146747 -0.03) (0.00785056430691 0.108441892275 -0.03) (0.00797956078476 0.109324485598 -0.03) (0.00810960280081 0.110206925476 -0.03) (0.00824069017253 0.111089210671 -0.03) (0.00837282271593 0.111971339944 -0.03) (0.00850600024556 0.112853312058 -0.03) (0.0086402225745 0.113735125774 -0.03) (0.00877548951434 0.114616779856 -0.03) (0.00891180087524 0.115498273064 -0.03) (0.00904915646588 0.116379604163 -0.03) (0.00918755609346 0.117260771915 -0.03) (0.00932699956374 0.118141775084 -0.03) (0.00946748668098 0.119022612432 -0.03) (0.00960901724802 0.119903282724 -0.03) (0.0097515910662 0.120783784723 -0.03) (0.00989520793541 0.121664117193 -0.03) (0.0100398676541 0.1225442789 -0.03) (0.0101855700191 0.123424268607 -0.03) (0.0103323148261 0.12430408508 -0.03) (0.0104801018691 0.125183727083 -0.03) (0.0106289309405 0.126063193383 -0.03) (0.0107788018316 0.126942482743 -0.03) (0.0109297143319 0.127821593932 -0.03))
    polyLine 10 14 ((0.00496595608356 0.0863308167951 0) (0.0050687590832 0.0872168430968 0) (0.00517261170654 0.0881027469836 0) (0.00527751380783 0.0889885272121 0) (0.00538346523983 0.0898741825391 0) (0.00549046585382 0.0907597117213 0) (0.00559851549963 0.0916451135161 0) (0.0057076140256 0.0925303866805 0) (0.0058177612786 0.0934155299722 0) (0.00592895710403 0.0943005421486 0) (0.00604120134583 0.0951854219677 0) (0.00615449384644 0.0960701681875 0) (0.00626883444686 0.0969547795661 0) (0.0063842229866 0.097839254862 0) (0.00650065930371 0.0987235928336 0) (0.00661814323475 0.0996077922399 0) (0.00673667461483 0.10049185184 0) (0.00685625327759 0.101375770392 0) (0.00697687905518 0.102259546657 0) (0.00709855177831 0.103143179393 0) (0.00722127127619 0.104026667361 0) (0.00734503737658 0.10491000932 0) (0.00746984990576 0.10579320403 0) (0.00759570868856 0.106676250252 0) (0.00772261354831 0.107559146747 0) (0.00785056430691 0.108441892275 0) (0.00797956078476 0.109324485598 0) (0.00810960280081 0.110206925476 0) (0.00824069017253 0.111089210671 0) (0.00837282271593 0.111971339944 0) (0.00850600024556 0.112853312058 0) (0.0086402225745 0.113735125774 0) (0.00877548951434 0.114616779856 0) (0.00891180087524 0.115498273064 0) (0.00904915646588 0.116379604163 0) (0.00918755609346 0.117260771915 0) (0.00932699956374 0.118141775084 0) (0.00946748668098 0.119022612432 0) (0.00960901724802 0.119903282724 0) (0.0097515910662 0.120783784723 0) (0.00989520793541 0.121664117193 0) (0.0100398676541 0.1225442789 0) (0.0101855700191 0.123424268607 0) (0.0103323148261 0.12430408508 0) (0.0104801018691 0.125183727083 0) (0.0106289309405 0.126063193383 0) (0.0107788018316 0.126942482743 0) (0.0109297143319 0.127821593932 0))
    polyLine 9 13 ((-0.249572938583 0.166846752595 -0.03) (-0.24906083823 0.170128604487 -0.03) (-0.248539384601 0.173413615598 -0.03) (-0.248008594508 0.176701881006 -0.03) (-0.247468484231 0.179993497583 -0.03) (-0.24691906948 0.183288564015 -0.03) (-0.246360365362 0.186587180829 -0.03) (-0.245792386348 0.189889450409 -0.03) (-0.24521514624 0.193195477019 -0.03) (-0.244628658138 0.196505366825 -0.03) (-0.244032934408 0.199819227916 -0.03) (-0.243427986648 0.203137170325 -0.03) (-0.242813825655 0.206459306052 -0.03) (-0.242190461397 0.209785749081 -0.03) (-0.241557902979 0.213116615408 -0.03) (-0.240916158612 0.216452023058 -0.03) (-0.240265235583 0.219792092111 -0.03) (-0.239605140223 0.223136944718 -0.03) (-0.238935877878 0.226486705134 -0.03) (-0.238257452879 0.22984149973 -0.03) (-0.237569868509 0.233201457024 -0.03) (-0.23687312698 0.236566707701 -0.03) (-0.236167229399 0.239937384639 -0.03))
    polyLine 11 15 ((-0.249572938583 0.166846752595 0) (-0.24906083823 0.170128604487 0) (-0.248539384601 0.173413615598 0) (-0.248008594508 0.176701881006 0) (-0.247468484231 0.179993497583 0) (-0.24691906948 0.183288564015 0) (-0.246360365362 0.186587180829 0) (-0.245792386348 0.189889450409 0) (-0.24521514624 0.193195477019 0) (-0.244628658138 0.196505366825 0) (-0.244032934408 0.199819227916 0) (-0.243427986648 0.203137170325 0) (-0.242813825655 0.206459306052 0) (-0.242190461397 0.209785749081 0) (-0.241557902979 0.213116615408 0) (-0.240916158612 0.216452023058 0) (-0.240265235583 0.219792092111 0) (-0.239605140223 0.223136944718 0) (-0.238935877878 0.226486705134 0) (-0.238257452879 0.22984149973 0) (-0.237569868509 0.233201457024 0) (-0.23687312698 0.236566707701 0) (-0.236167229399 0.239937384639 0))
    polyLine 12 16 ((0.0110816682297 0.128700525713 -0.03) (0.0112346633116 0.129579276855 -0.03) (0.011388699363 0.130457846123 -0.03) (0.0115437761677 0.131336232285 -0.03) (0.0116998935079 0.132214434107 -0.03) (0.0118570511645 0.133092450357 -0.03) (0.0120152489171 0.133970279802 -0.03) (0.0121744865434 0.134847921211 -0.03) (0.0123347638201 0.135725373351 -0.03) (0.0124960805221 0.136602634992 -0.03) (0.0126584364231 0.137479704901 -0.03) (0.0128218312952 0.138356581848 -0.03) (0.012986264909 0.139233264601 -0.03) (0.0131517370338 0.140109751932 -0.03) (0.0133182474372 0.140986042608 -0.03) (0.0134857958856 0.141862135401 -0.03) (0.0136543821438 0.14273802908 -0.03) (0.0138240059752 0.143613722417 -0.03) (0.0139946671418 0.144489214182 -0.03) (0.0141663654039 0.145364503146 -0.03) (0.0143391005206 0.146239588081 -0.03) (0.0145128722494 0.147114467759 -0.03) (0.0146876803465 0.147989140951 -0.03) (0.0148635245665 0.14886360643 -0.03) (0.0150404046625 0.149737862969 -0.03) (0.0152183203864 0.15061190934 -0.03) (0.0153972714883 0.151485744317 -0.03) (0.0155772577172 0.152359366674 -0.03) (0.0157582788204 0.153232775183 -0.03) (0.0159403345438 0.15410596862 -0.03) (0.0161234246319 0.154978945758 -0.03) (0.0163075488277 0.155851705372 -0.03) (0.0164927068728 0.156724246238 -0.03) (0.0166788985073 0.15759656713 -0.03) (0.0168661234699 0.158468666825 -0.03) (0.0170543814978 0.159340544098 -0.03) (0.0172436723267 0.160212197725 -0.03) (0.0174339956911 0.161083626484 -0.03) (0.0176253513236 0.16195482915 -0.03) (0.0178177389558 0.162825804502 -0.03) (0.0180111583177 0.163696551316 -0.03) (0.0182056091377 0.164567068371 -0.03) (0.0184010911429 0.165437354444 -0.03) (0.018597604059 0.166307408315 -0.03) (0.0187951476101 0.167177228762 -0.03) (0.018993721519 0.168046814564 -0.03) (0.0191933255069 0.1689161645 -0.03) (0.0193939592938 0.169785277351 -0.03) (0.0195956225979 0.170654151896 -0.03))
    polyLine 14 18 ((0.0110816682297 0.128700525713 0) (0.0112346633116 0.129579276855 0) (0.011388699363 0.130457846123 0) (0.0115437761677 0.131336232285 0) (0.0116998935079 0.132214434107 0) (0.0118570511645 0.133092450357 0) (0.0120152489171 0.133970279802 0) (0.0121744865434 0.134847921211 0) (0.0123347638201 0.135725373351 0) (0.0124960805221 0.136602634992 0) (0.0126584364231 0.137479704901 0) (0.0128218312952 0.138356581848 0) (0.012986264909 0.139233264601 0) (0.0131517370338 0.140109751932 0) (0.0133182474372 0.140986042608 0) (0.0134857958856 0.141862135401 0) (0.0136543821438 0.14273802908 0) (0.0138240059752 0.143613722417 0) (0.0139946671418 0.144489214182 0) (0.0141663654039 0.145364503146 0) (0.0143391005206 0.146239588081 0) (0.0145128722494 0.147114467759 0) (0.0146876803465 0.147989140951 0) (0.0148635245665 0.14886360643 0) (0.0150404046625 0.149737862969 0) (0.0152183203864 0.15061190934 0) (0.0153972714883 0.151485744317 0) (0.0155772577172 0.152359366674 0) (0.0157582788204 0.153232775183 0) (0.0159403345438 0.15410596862 0) (0.0161234246319 0.154978945758 0) (0.0163075488277 0.155851705372 0) (0.0164927068728 0.156724246238 0) (0.0166788985073 0.15759656713 0) (0.0168661234699 0.158468666825 0) (0.0170543814978 0.159340544098 0) (0.0172436723267 0.160212197725 0) (0.0174339956911 0.161083626484 0) (0.0176253513236 0.16195482915 0) (0.0178177389558 0.162825804502 0) (0.0180111583177 0.163696551316 0) (0.0182056091377 0.164567068371 0) (0.0184010911429 0.165437354444 0) (0.018597604059 0.166307408315 0) (0.0187951476101 0.167177228762 0) (0.018993721519 0.168046814564 0) (0.0191933255069 0.1689161645 0) (0.0193939592938 0.169785277351 0) (0.0195956225979 0.170654151896 0))
    polyLine 13 17 ((-0.234768904568 0.246505359159 -0.03) (-0.234077474433 0.249702288894 -0.03) (-0.233377882399 0.252904531273 -0.03) (-0.232670124544 0.256112207268 -0.03) (-0.231954195936 0.259325439712 -0.03) (-0.231230090619 0.262544353317 -0.03) (-0.230497801585 0.265769074701 -0.03) (-0.229757320757 0.268999732405 -0.03) (-0.229008638968 0.272236456918 -0.03) (-0.228251745942 0.275479380698 -0.03) (-0.22748663027 0.278728638202 -0.03) (-0.226713279391 0.281984365901 -0.03) (-0.225931679576 0.285246702314 -0.03) (-0.2251418159 0.28851578803 -0.03) (-0.224343672227 0.291791765733 -0.03) (-0.22353723119 0.295074780231 -0.03) (-0.222722474166 0.298364978487 -0.03) (-0.22189938126 0.301662509642 -0.03) (-0.221067931283 0.304967525049 -0.03) (-0.220228101731 0.308280178302 -0.03) (-0.219379868764 0.311600625267 -0.03) (-0.218523207186 0.314929024115 -0.03) (-0.217658090424 0.318265535356 -0.03))
    polyLine 15 19 ((-0.234768904568 0.246505359159 0) (-0.234077474433 0.249702288894 0) (-0.233377882399 0.252904531273 0) (-0.232670124544 0.256112207268 0) (-0.231954195936 0.259325439712 0) (-0.231230090619 0.262544353317 0) (-0.230497801585 0.265769074701 0) (-0.229757320757 0.268999732405 0) (-0.229008638968 0.272236456918 0) (-0.228251745942 0.275479380698 0) (-0.22748663027 0.278728638202 0) (-0.226713279391 0.281984365901 0) (-0.225931679576 0.285246702314 0) (-0.2251418159 0.28851578803 0) (-0.224343672227 0.291791765733 0) (-0.22353723119 0.295074780231 0) (-0.222722474166 0.298364978487 0) (-0.22189938126 0.301662509642 0) (-0.221067931283 0.304967525049 0) (-0.220228101731 0.308280178302 0) (-0.219379868764 0.311600625267 0) (-0.218523207186 0.314929024115 0) (-0.217658090424 0.318265535356 0))
    polyLine 16 20 ((0.0197983151363 0.171522786917 -0.03) (0.0200020366245 0.172391181193 -0.03) (0.0202067867764 0.173259333507 -0.03) (0.0204125653048 0.174127242639 -0.03) (0.0206193719209 0.174994907371 -0.03) (0.0208272063342 0.175862326486 -0.03) (0.0210360682532 0.176729498766 -0.03) (0.0212459573847 0.177596422993 -0.03) (0.0214568734341 0.178463097952 -0.03) (0.0216688161053 0.179329522426 -0.03) (0.0218817851009 0.180195695198 -0.03) (0.022095780122 0.181061615053 -0.03) (0.0223108008681 0.181927280775 -0.03) (0.0225268470376 0.18279269115 -0.03) (0.0227439183271 0.183657844962 -0.03) (0.0229620144321 0.184522740998 -0.03) (0.0231811350463 0.185387378044 -0.03) (0.0234012798623 0.186251754885 -0.03) (0.023622448571 0.187115870309 -0.03) (0.023844640862 0.187979723103 -0.03) (0.0240678564235 0.188843312055 -0.03) (0.0242920949421 0.189706635952 -0.03) (0.0245173561032 0.190569693582 -0.03) (0.0247436395905 0.191432483735 -0.03) (0.0249709450864 0.192295005199 -0.03) (0.025199272272 0.193157256763 -0.03) (0.0254286208267 0.194019237218 -0.03) (0.0256589904287 0.194880945353 -0.03) (0.0258903807545 0.19574237996 -0.03) (0.0261227914794 0.196603539828 -0.03) (0.0263562222773 0.19746442375 -0.03) (0.0265906728204 0.198325030517 -0.03) (0.0268261427798 0.19918535892 -0.03) (0.0270626318248 0.200045407754 -0.03) (0.0273001396237 0.200905175809 -0.03) (0.027538665843 0.201764661881 -0.03) (0.0277782101479 0.202623864761 -0.03) (0.0280187722022 0.203482783245 -0.03) (0.0282603516683 0.204341416127 -0.03) (0.0285029482071 0.205199762201 -0.03) (0.0287465614781 0.206057820264 -0.03) (0.0289911911393 0.20691558911 -0.03) (0.0292368368475 0.207773067535 -0.03) (0.0294834982578 0.208630254337 -0.03) (0.0297311750241 0.209487148311 -0.03) (0.0299798667986 0.210343748256 -0.03) (0.0302295732324 0.211200052969 -0.03) (0.030480293975 0.212056061247 -0.03))
    polyLine 18 22 ((0.0197983151363 0.171522786917 0) (0.0200020366245 0.172391181193 0) (0.0202067867764 0.173259333507 0) (0.0204125653048 0.174127242639 0) (0.0206193719209 0.174994907371 0) (0.0208272063342 0.175862326486 0) (0.0210360682532 0.176729498766 0) (0.0212459573847 0.177596422993 0) (0.0214568734341 0.178463097952 0) (0.0216688161053 0.179329522426 0) (0.0218817851009 0.180195695198 0) (0.022095780122 0.181061615053 0) (0.0223108008681 0.181927280775 0) (0.0225268470376 0.18279269115 0) (0.0227439183271 0.183657844962 0) (0.0229620144321 0.184522740998 0) (0.0231811350463 0.185387378044 0) (0.0234012798623 0.186251754885 0) (0.023622448571 0.187115870309 0) (0.023844640862 0.187979723103 0) (0.0240678564235 0.188843312055 0) (0.0242920949421 0.189706635952 0) (0.0245173561032 0.190569693582 0) (0.0247436395905 0.191432483735 0) (0.0249709450864 0.192295005199 0) (0.025199272272 0.193157256763 0) (0.0254286208267 0.194019237218 0) (0.0256589904287 0.194880945353 0) (0.0258903807545 0.19574237996 0) (0.0261227914794 0.196603539828 0) (0.0263562222773 0.19746442375 0) (0.0265906728204 0.198325030517 0) (0.0268261427798 0.19918535892 0) (0.0270626318248 0.200045407754 0) (0.0273001396237 0.200905175809 0) (0.027538665843 0.201764661881 0) (0.0277782101479 0.202623864761 0) (0.0280187722022 0.203482783245 0) (0.0282603516683 0.204341416127 0) (0.0285029482071 0.205199762201 0) (0.0287465614781 0.206057820264 0) (0.0289911911393 0.20691558911 0) (0.0292368368475 0.207773067535 0) (0.0294834982578 0.208630254337 0) (0.0297311750241 0.209487148311 0) (0.0299798667986 0.210343748256 0) (0.0302295732324 0.211200052969 0) (0.030480293975 0.212056061247 0))
    polyLine 17 21 ((-0.215961953224 0.324737831206 -0.03) (-0.215131984604 0.327872820312 -0.03) (-0.214294558559 0.33101542712 -0.03) (-0.213449647878 0.334165791463 -0.03) (-0.212597224213 0.337324055107 -0.03) (-0.211737258061 0.340490361775 -0.03) (-0.210869718752 0.34366485718 -0.03) (-0.209994574428 0.346847689049 -0.03) (-0.20911179203 0.350039007163 -0.03) (-0.20822133728 0.353238963378 -0.03) (-0.207323174664 0.356447711666 -0.03) (-0.206417267414 0.359665408144 -0.03) (-0.205503577493 0.362892211107 -0.03) (-0.204582065574 0.36612828107 -0.03) (-0.203652691025 0.369373780794 -0.03) (-0.202715411887 0.37262887533 -0.03) (-0.201770184858 0.375893732058 -0.03) (-0.200816965275 0.379168520718 -0.03) (-0.199855707091 0.38245341346 -0.03) (-0.198886362856 0.385748584877 -0.03) (-0.197908883699 0.389054212052 -0.03) (-0.196923219305 0.3923704746 -0.03) (-0.195929317896 0.39569755471 -0.03))
    polyLine 19 23 ((-0.215961953224 0.324737831206 0) (-0.215131984604 0.327872820312 0) (-0.214294558559 0.33101542712 0) (-0.213449647878 0.334165791463 0) (-0.212597224213 0.337324055107 0) (-0.211737258061 0.340490361775 0) (-0.210869718752 0.34366485718 0) (-0.209994574428 0.346847689049 0) (-0.20911179203 0.350039007163 0) (-0.20822133728 0.353238963378 0) (-0.207323174664 0.356447711666 0) (-0.206417267414 0.359665408144 0) (-0.205503577493 0.362892211107 0) (-0.204582065574 0.36612828107 0) (-0.203652691025 0.369373780794 0) (-0.202715411887 0.37262887533 0) (-0.201770184858 0.375893732058 0) (-0.200816965275 0.379168520718 0) (-0.199855707091 0.38245341346 0) (-0.198886362856 0.385748584877 0) (-0.197908883699 0.389054212052 0) (-0.196923219305 0.3923704746 0) (-0.195929317896 0.39569755471 0))
    polyLine 20 24 ((0.0307320286744 0.212911771891 -0.03) (0.0309847769773 0.213767183698 -0.03) (0.031238538529 0.214622295467 -0.03) (0.0314933129733 0.215477106 -0.03) (0.0317490999527 0.216331614096 -0.03) (0.032005899108 0.217185818555 -0.03) (0.0322637100789 0.218039718178 -0.03) (0.0325225325035 0.218893311768 -0.03) (0.0327823660186 0.219746598126 -0.03) (0.0330432102593 0.220599576054 -0.03) (0.0333050648597 0.221452244356 -0.03) (0.0335679294522 0.222304601834 -0.03) (0.0338318036679 0.223156647292 -0.03) (0.0340966871363 0.224008379534 -0.03) (0.0343625794857 0.224859797364 -0.03) (0.034629480343 0.225710899589 -0.03) (0.0348973893334 0.226561685012 -0.03) (0.0351663060809 0.227412152441 -0.03) (0.0354362302082 0.228262300681 -0.03) (0.0357071613363 0.229112128539 -0.03) (0.0359790990851 0.229961634822 -0.03) (0.0362520430727 0.230810818338 -0.03) (0.0365259929161 0.231659677894 -0.03) (0.0368009482309 0.232508212301 -0.03) (0.037076908631 0.233356420366 -0.03) (0.0373538737291 0.234204300899 -0.03) (0.0376318431366 0.23505185271 -0.03) (0.0379108164632 0.23589907461 -0.03) (0.0381907933175 0.236745965409 -0.03) (0.0384717733063 0.237592523918 -0.03) (0.0387537560355 0.23843874895 -0.03) (0.0390367411091 0.239284639317 -0.03) (0.03932072813 0.24013019383 -0.03) (0.0396057166996 0.240975411305 -0.03) (0.0398917064179 0.241820290554 -0.03) (0.0401786968834 0.242664830391 -0.03) (0.0404666876935 0.243509029631 -0.03) (0.0407556784438 0.24435288709 -0.03) (0.0410456687287 0.245196401582 -0.03) (0.0413366581413 0.246039571924 -0.03) (0.0416286462731 0.246882396933 -0.03) (0.0419216327142 0.247724875425 -0.03) (0.0422156170535 0.248567006218 -0.03) (0.0425105988783 0.24940878813 -0.03) (0.0428065777746 0.250250219979 -0.03) (0.0431035533269 0.251091300585 -0.03) (0.0434015251185 0.251932028766 -0.03) (0.0437004927311 0.252772403344 -0.03))
    polyLine 22 26 ((0.0307320286744 0.212911771891 0) (0.0309847769773 0.213767183698 0) (0.031238538529 0.214622295467 0) (0.0314933129733 0.215477106 0) (0.0317490999527 0.216331614096 0) (0.032005899108 0.217185818555 0) (0.0322637100789 0.218039718178 0) (0.0325225325035 0.218893311768 0) (0.0327823660186 0.219746598126 0) (0.0330432102593 0.220599576054 0) (0.0333050648597 0.221452244356 0) (0.0335679294522 0.222304601834 0) (0.0338318036679 0.223156647292 0) (0.0340966871363 0.224008379534 0) (0.0343625794857 0.224859797364 0) (0.034629480343 0.225710899589 0) (0.0348973893334 0.226561685012 0) (0.0351663060809 0.227412152441 0) (0.0354362302082 0.228262300681 0) (0.0357071613363 0.229112128539 0) (0.0359790990851 0.229961634822 0) (0.0362520430727 0.230810818338 0) (0.0365259929161 0.231659677894 0) (0.0368009482309 0.232508212301 0) (0.037076908631 0.233356420366 0) (0.0373538737291 0.234204300899 0) (0.0376318431366 0.23505185271 0) (0.0379108164632 0.23589907461 0) (0.0381907933175 0.236745965409 0) (0.0384717733063 0.237592523918 0) (0.0387537560355 0.23843874895 0) (0.0390367411091 0.239284639317 0) (0.03932072813 0.24013019383 0) (0.0396057166996 0.240975411305 0) (0.0398917064179 0.241820290554 0) (0.0401786968834 0.242664830391 0) (0.0404666876935 0.243509029631 0) (0.0407556784438 0.24435288709 0) (0.0410456687287 0.245196401582 0) (0.0413366581413 0.246039571924 0) (0.0416286462731 0.246882396933 0) (0.0419216327142 0.247724875425 0) (0.0422156170535 0.248567006218 0) (0.0425105988783 0.24940878813 0) (0.0428065777746 0.250250219979 0) (0.0431035533269 0.251091300585 0) (0.0434015251185 0.251932028766 0) (0.0437004927311 0.252772403344 0))
    polyLine 21 25 ((-0.193991759055 0.402136336079 -0.03) (-0.193049193157 0.40524677876 -0.03) (-0.192099382726 0.40836711816 -0.03) (-0.191142280819 0.411497509264 -0.03) (-0.190177839323 0.414638109159 -0.03) (-0.189206008931 0.417789077065 -0.03) (-0.188226739134 0.420950574379 -0.03) (-0.187239978196 0.424122764704 -0.03) (-0.186245673142 0.427305813896 -0.03) (-0.185243769733 0.4304998901 -0.03) (-0.184234212456 0.43370516379 -0.03) (-0.183216944498 0.436921807813 -0.03) (-0.182191907729 0.440149997431 -0.03) (-0.181159042683 0.443389910362 -0.03) (-0.180118288534 0.446641726832 -0.03) (-0.179069583081 0.449905629612 -0.03) (-0.178012862721 0.453181804072 -0.03) (-0.176948062429 0.456470438226 -0.03) (-0.175875115739 0.459771722784 -0.03) (-0.174793954713 0.463085851199 -0.03) (-0.173704509927 0.466413019723 -0.03) (-0.172606710439 0.469753427457 -0.03) (-0.171500483769 0.47310727641 -0.03))
    polyLine 23 27 ((-0.193991759055 0.402136336079 0) (-0.193049193157 0.40524677876 0) (-0.192099382726 0.40836711816 0) (-0.191142280819 0.411497509264 0) (-0.190177839323 0.414638109159 0) (-0.189206008931 0.417789077065 0) (-0.188226739134 0.420950574379 0) (-0.187239978196 0.424122764704 0) (-0.186245673142 0.427305813896 0) (-0.185243769733 0.4304998901 0) (-0.184234212456 0.43370516379 0) (-0.183216944498 0.436921807813 0) (-0.182191907729 0.440149997431 0) (-0.181159042683 0.443389910362 0) (-0.180118288534 0.446641726832 0) (-0.179069583081 0.449905629612 0) (-0.178012862721 0.453181804072 0) (-0.176948062429 0.456470438226 0) (-0.175875115739 0.459771722784 0) (-0.174793954713 0.463085851199 0) (-0.173704509927 0.466413019723 0) (-0.172606710439 0.469753427457 0) (-0.171500483769 0.47310727641 0))
    polyLine 24 28 ((0.0440004557451 0.253612423138 -0.03) (0.0443014137395 0.254452086969 -0.03) (0.0446033662918 0.25529139366 -0.03) (0.0449063129783 0.256130342031 -0.03) (0.0452102533737 0.256968930905 -0.03) (0.0455151870514 0.257807159105 -0.03) (0.0458211135835 0.258645025456 -0.03) (0.0461280325405 0.25948252878 -0.03) (0.0464359434917 0.260319667902 -0.03) (0.0467448460049 0.261156441648 -0.03) (0.0470547396465 0.261992848842 -0.03) (0.0473656239816 0.262828888312 -0.03) (0.0476774985738 0.263664558882 -0.03) (0.0479903629854 0.264499859382 -0.03) (0.0483042167773 0.265334788637 -0.03) (0.0486190595089 0.266169345477 -0.03) (0.0489348907384 0.267003528729 -0.03) (0.0492517100224 0.267837337223 -0.03) (0.0495695169162 0.26867076979 -0.03) (0.0498883109739 0.269503825258 -0.03) (0.050208091748 0.270336502458 -0.03) (0.0505288587895 0.271168800223 -0.03) (0.0508506116484 0.272000717383 -0.03) (0.051173349873 0.272832252772 -0.03) (0.0514970730103 0.273663405222 -0.03) (0.0518217806059 0.274494173566 -0.03) (0.0521474722041 0.275324556638 -0.03) (0.0524741473478 0.276154553273 -0.03) (0.0528018055785 0.276984162307 -0.03) (0.0531304464362 0.277813382573 -0.03) (0.0534600694598 0.27864221291 -0.03) (0.0537906741864 0.279470652152 -0.03) (0.0541222601522 0.280298699138 -0.03) (0.0544548268917 0.281126352706 -0.03) (0.0547883739382 0.281953611693 -0.03) (0.0551229008234 0.282780474939 -0.03) (0.0554584070779 0.283606941283 -0.03) (0.0557948922307 0.284433009564 -0.03) (0.0561323558096 0.285258678625 -0.03) (0.0564707973409 0.286083947304 -0.03) (0.0568102163495 0.286908814446 -0.03) (0.0571506123592 0.28773327889 -0.03) (0.057491984892 0.288557339482 -0.03) (0.057834333469 0.289380995062 -0.03) (0.0581776576095 0.290204244477 -0.03) (0.0585219568317 0.29102708657 -0.03) (0.0588672306523 0.291849520186 -0.03) (0.0592134785867 0.292671544171 -0.03) (0.059560700149 0.293493157371 -0.03))
    polyLine 26 30 ((0.0440004557451 0.253612423138 0) (0.0443014137395 0.254452086969 0) (0.0446033662918 0.25529139366 0) (0.0449063129783 0.256130342031 0) (0.0452102533737 0.256968930905 0) (0.0455151870514 0.257807159105 0) (0.0458211135835 0.258645025456 0) (0.0461280325405 0.25948252878 0) (0.0464359434917 0.260319667902 0) (0.0467448460049 0.261156441648 0) (0.0470547396465 0.261992848842 0) (0.0473656239816 0.262828888312 0) (0.0476774985738 0.263664558882 0) (0.0479903629854 0.264499859382 0) (0.0483042167773 0.265334788637 0) (0.0486190595089 0.266169345477 0) (0.0489348907384 0.267003528729 0) (0.0492517100224 0.267837337223 0) (0.0495695169162 0.26867076979 0) (0.0498883109739 0.269503825258 0) (0.050208091748 0.270336502458 0) (0.0505288587895 0.271168800223 0) (0.0508506116484 0.272000717383 0) (0.051173349873 0.272832252772 0) (0.0514970730103 0.273663405222 0) (0.0518217806059 0.274494173566 0) (0.0521474722041 0.275324556638 0) (0.0524741473478 0.276154553273 0) (0.0528018055785 0.276984162307 0) (0.0531304464362 0.277813382573 0) (0.0534600694598 0.27864221291 0) (0.0537906741864 0.279470652152 0) (0.0541222601522 0.280298699138 0) (0.0544548268917 0.281126352706 0) (0.0547883739382 0.281953611693 0) (0.0551229008234 0.282780474939 0) (0.0554584070779 0.283606941283 0) (0.0557948922307 0.284433009564 0) (0.0561323558096 0.285258678625 0) (0.0564707973409 0.286083947304 0) (0.0568102163495 0.286908814446 0) (0.0571506123592 0.28773327889 0) (0.057491984892 0.288557339482 0) (0.057834333469 0.289380995062 0) (0.0581776576095 0.290204244477 0) (0.0585219568317 0.29102708657 0) (0.0588672306523 0.291849520186 0) (0.0592134785867 0.292671544171 0) (0.059560700149 0.293493157371 0))
    polyLine 25 29 ((-0.169349686545 0.479593954081 -0.03) (-0.168306255838 0.482725095159 -0.03) (-0.16725540194 0.485868362714 -0.03) (-0.16619706183 0.48902392699 -0.03) (-0.165131171261 0.492191960585 -0.03) (-0.164057664738 0.495372638493 -0.03) (-0.162976475497 0.498566138148 -0.03) (-0.161887535489 0.50177263947 -0.03) (-0.160790775353 0.504992324911 -0.03) (-0.159686124401 0.508225379503 -0.03) (-0.158573510588 0.511471990905 -0.03) (-0.1574528605 0.514732349453 -0.03) (-0.156324099321 0.518006648213 -0.03) (-0.155187150814 0.521295083028 -0.03) (-0.154041937298 0.524597852577 -0.03) (-0.152888379621 0.527915158425 -0.03) (-0.151726397135 0.53124720508 -0.03) (-0.150555907671 0.534594200052 -0.03) (-0.14937682751 0.537956353909 -0.03) (-0.148189071359 0.541333880337 -0.03) (-0.146992552322 0.544726996204 -0.03) (-0.145787181869 0.548135921618 -0.03) (-0.14457286981 0.551560879997 -0.03))
    polyLine 27 31 ((-0.169349686545 0.479593954081 0) (-0.168306255838 0.482725095159 0) (-0.16725540194 0.485868362714 0) (-0.16619706183 0.48902392699 0) (-0.165131171261 0.492191960585 0) (-0.164057664738 0.495372638493 0) (-0.162976475497 0.498566138148 0) (-0.161887535489 0.50177263947 0) (-0.160790775353 0.504992324911 0) (-0.159686124401 0.508225379503 0) (-0.158573510588 0.511471990905 0) (-0.1574528605 0.514732349453 0) (-0.156324099321 0.518006648213 0) (-0.155187150814 0.521295083028 0) (-0.154041937298 0.524597852577 0) (-0.152888379621 0.527915158425 0) (-0.151726397135 0.53124720508 0) (-0.150555907671 0.534594200052 0) (-0.14937682751 0.537956353909 0) (-0.148189071359 0.541333880337 0) (-0.146992552322 0.544726996204 0) (-0.145787181869 0.548135921618 0) (-0.14457286981 0.551560879997 0))
    polyLine 28 32 ((0.0599088948518 0.294314358633 -0.03) (0.0602580622063 0.295135146805 -0.03) (0.0606082017226 0.295955520734 -0.03) (0.0609593129091 0.296775479269 -0.03) (0.061311395273 0.297595021258 -0.03) (0.0616644483202 0.298414145553 -0.03) (0.0620184715551 0.299232851003 -0.03) (0.0623734644809 0.300051136458 -0.03) (0.0627294265992 0.300869000771 -0.03) (0.0630863574105 0.301686442793 -0.03) (0.0634442564138 0.302503461378 -0.03) (0.0638031231067 0.303320055378 -0.03) (0.0641629569856 0.304136223647 -0.03) (0.0645237575454 0.30495196504 -0.03) (0.0648855242797 0.305767278412 -0.03) (0.0652482566807 0.306582162618 -0.03) (0.0656119542393 0.307396616515 -0.03) (0.0659766164451 0.308210638959 -0.03) (0.0663422427861 0.309024228808 -0.03) (0.0667088327493 0.30983738492 -0.03) (0.0670763858201 0.310650106155 -0.03) (0.0674449014826 0.31146239137 -0.03) (0.0678143792195 0.312274239426 -0.03) (0.0681848185123 0.313085649183 -0.03) (0.0685562188411 0.313896619503 -0.03) (0.0689285796845 0.314707149247 -0.03) (0.0693019005199 0.315517237278 -0.03) (0.0696761808234 0.316326882459 -0.03) (0.0700514200696 0.317136083653 -0.03) (0.0704276177318 0.317944839724 -0.03) (0.070804773282 0.318753149538 -0.03) (0.0711828861909 0.319561011959 -0.03) (0.0715619559277 0.320368425855 -0.03) (0.0719419819604 0.321175390091 -0.03) (0.0723229637557 0.321981903535 -0.03) (0.0727049007787 0.322787965056 -0.03) (0.0730877924933 0.323593573521 -0.03) (0.0734716383623 0.3243987278 -0.03) (0.0738564378468 0.325203426763 -0.03) (0.0742421904067 0.32600766928 -0.03) (0.0746288955006 0.326811454223 -0.03) (0.0750165525857 0.327614780463 -0.03) (0.075405161118 0.328417646873 -0.03) (0.0757947205519 0.329220052327 -0.03) (0.0761852303408 0.330021995697 -0.03) (0.0765766899364 0.330823475858 -0.03) (0.0769690987895 0.331624491686 -0.03) (0.0773624563491 0.332425042055 -0.03))
    polyLine 30 34 ((0.0599088948518 0.294314358633 0) (0.0602580622063 0.295135146805 0) (0.0606082017226 0.295955520734 0) (0.0609593129091 0.296775479269 0) (0.061311395273 0.297595021258 0) (0.0616644483202 0.298414145553 0) (0.0620184715551 0.299232851003 0) (0.0623734644809 0.300051136458 0) (0.0627294265992 0.300869000771 0) (0.0630863574105 0.301686442793 0) (0.0634442564138 0.302503461378 0) (0.0638031231067 0.303320055378 0) (0.0641629569856 0.304136223647 0) (0.0645237575454 0.30495196504 0) (0.0648855242797 0.305767278412 0) (0.0652482566807 0.306582162618 0) (0.0656119542393 0.307396616515 0) (0.0659766164451 0.308210638959 0) (0.0663422427861 0.309024228808 0) (0.0667088327493 0.30983738492 0) (0.0670763858201 0.310650106155 0) (0.0674449014826 0.31146239137 0) (0.0678143792195 0.312274239426 0) (0.0681848185123 0.313085649183 0) (0.0685562188411 0.313896619503 0) (0.0689285796845 0.314707149247 0) (0.0693019005199 0.315517237278 0) (0.0696761808234 0.316326882459 0) (0.0700514200696 0.317136083653 0) (0.0704276177318 0.317944839724 0) (0.070804773282 0.318753149538 0) (0.0711828861909 0.319561011959 0) (0.0715619559277 0.320368425855 0) (0.0719419819604 0.321175390091 0) (0.0723229637557 0.321981903535 0) (0.0727049007787 0.322787965056 0) (0.0730877924933 0.323593573521 0) (0.0734716383623 0.3243987278 0) (0.0738564378468 0.325203426763 0) (0.0742421904067 0.32600766928 0) (0.0746288955006 0.326811454223 0) (0.0750165525857 0.327614780463 0) (0.075405161118 0.328417646873 0) (0.0757947205519 0.329220052327 0) (0.0761852303408 0.330021995697 0) (0.0765766899364 0.330823475858 0) (0.0769690987895 0.331624491686 0) (0.0773624563491 0.332425042055 0))
    polyLine 29 33 ((-0.142213327397 0.558190032062 -0.03) (-0.14106929448 0.561392171622 -0.03) (-0.139917349498 0.564608702575 -0.03) (-0.138757415128 0.567839813321 -0.03) (-0.137589412711 0.571085694942 -0.03) (-0.136413262229 0.574346541253 -0.03) (-0.135228882284 0.577622548856 -0.03) (-0.134036190071 0.580913917188 -0.03) (-0.132835101357 0.584220848579 -0.03) (-0.13162553045 0.587543548307 -0.03) (-0.130407390178 0.590882224652 -0.03) (-0.12918059186 0.594237088956 -0.03) (-0.127945045277 0.597608355684 -0.03) (-0.12670065865 0.60099624248 -0.03) (-0.125447338605 0.604400970234 -0.03) (-0.124184990146 0.607822763142 -0.03) (-0.122913516628 0.611261848773 -0.03) (-0.12163281972 0.614718458135 -0.03) (-0.120342799379 0.618192825744 -0.03) (-0.119043353817 0.621685189693 -0.03) (-0.117734379465 0.625195791723 -0.03) (-0.116415770942 0.628724877299 -0.03) (-0.115087421018 0.632272695681 -0.03))
    polyLine 31 35 ((-0.142213327397 0.558190032062 0) (-0.14106929448 0.561392171622 0) (-0.139917349498 0.564608702575 0) (-0.138757415128 0.567839813321 0) (-0.137589412711 0.571085694942 0) (-0.136413262229 0.574346541253 0) (-0.135228882284 0.577622548856 0) (-0.134036190071 0.580913917188 0) (-0.132835101357 0.584220848579 0) (-0.13162553045 0.587543548307 0) (-0.130407390178 0.590882224652 0) (-0.12918059186 0.594237088956 0) (-0.127945045277 0.597608355684 0) (-0.12670065865 0.60099624248 0) (-0.125447338605 0.604400970234 0) (-0.124184990146 0.607822763142 0) (-0.122913516628 0.611261848773 0) (-0.12163281972 0.614718458135 0) (-0.120342799379 0.618192825744 0) (-0.119043353817 0.621685189693 0) (-0.117734379465 0.625195791723 0) (-0.116415770942 0.628724877299 0) (-0.115087421018 0.632272695681 0))
    polyLine 32 36 ((0.0777567620632 0.333225125844 -0.03) (0.0781520153784 0.334024741927 -0.03) (0.0785482157399 0.334823889184 -0.03) (0.0789453625915 0.335622566492 -0.03) (0.0793434553759 0.33642077273 -0.03) (0.0797424935344 0.337218506778 -0.03) (0.0801424765068 0.338015767517 -0.03) (0.0805434037317 0.338812553828 -0.03) (0.0809452746464 0.339608864591 -0.03) (0.0813480886869 0.34040469869 -0.03) (0.0817518452878 0.341200055007 -0.03) (0.0821565438823 0.341994932427 -0.03) (0.0825621839025 0.342789329832 -0.03) (0.082968764779 0.343583246109 -0.03) (0.0833762859412 0.344376680143 -0.03) (0.083784746817 0.345169630821 -0.03) (0.0841941468331 0.345962097029 -0.03) (0.084604485415 0.346754077655 -0.03) (0.0850157619867 0.347545571588 -0.03) (0.085427975971 0.348336577716 -0.03) (0.0858411267892 0.34912709493 -0.03) (0.0862552138615 0.34991712212 -0.03) (0.0866702366067 0.350706658177 -0.03) (0.0870861944423 0.351495701993 -0.03) (0.0875030867844 0.35228425246 -0.03) (0.0879209130479 0.353072308471 -0.03) (0.0883396726464 0.353859868922 -0.03) (0.0887593649921 0.354646932705 -0.03) (0.0891799894959 0.355433498717 -0.03) (0.0896015455675 0.356219565853 -0.03) (0.0900240326152 0.35700513301 -0.03) (0.0904474500459 0.357790199086 -0.03) (0.0908717972655 0.358574762978 -0.03) (0.0912970736782 0.359358823586 -0.03) (0.0917232786872 0.360142379809 -0.03) (0.0921504116943 0.360925430547 -0.03) (0.0925784721 0.361707974701 -0.03) (0.0930074593034 0.362490011173 -0.03) (0.0934373727025 0.363271538865 -0.03) (0.0938682116938 0.36405255668 -0.03) (0.0942999756726 0.364833063523 -0.03) (0.0947326640329 0.365613058296 -0.03) (0.0951662761674 0.366392539907 -0.03) (0.0956008114675 0.36717150726 -0.03) (0.0960362693233 0.367949959262 -0.03) (0.0964726491236 0.368727894821 -0.03) (0.0969099502559 0.369505312845 -0.03) (0.0973481721064 0.370282212242 -0.03))
    polyLine 34 38 ((0.0777567620632 0.333225125844 0) (0.0781520153784 0.334024741927 0) (0.0785482157399 0.334823889184 0) (0.0789453625915 0.335622566492 0) (0.0793434553759 0.33642077273 0) (0.0797424935344 0.337218506778 0) (0.0801424765068 0.338015767517 0) (0.0805434037317 0.338812553828 0) (0.0809452746464 0.339608864591 0) (0.0813480886869 0.34040469869 0) (0.0817518452878 0.341200055007 0) (0.0821565438823 0.341994932427 0) (0.0825621839025 0.342789329832 0) (0.082968764779 0.343583246109 0) (0.0833762859412 0.344376680143 0) (0.083784746817 0.345169630821 0) (0.0841941468331 0.345962097029 0) (0.084604485415 0.346754077655 0) (0.0850157619867 0.347545571588 0) (0.085427975971 0.348336577716 0) (0.0858411267892 0.34912709493 0) (0.0862552138615 0.34991712212 0) (0.0866702366067 0.350706658177 0) (0.0870861944423 0.351495701993 0) (0.0875030867844 0.35228425246 0) (0.0879209130479 0.353072308471 0) (0.0883396726464 0.353859868922 0) (0.0887593649921 0.354646932705 0) (0.0891799894959 0.355433498717 0) (0.0896015455675 0.356219565853 0) (0.0900240326152 0.35700513301 0) (0.0904474500459 0.357790199086 0) (0.0908717972655 0.358574762978 0) (0.0912970736782 0.359358823586 0) (0.0917232786872 0.360142379809 0) (0.0921504116943 0.360925430547 0) (0.0925784721 0.361707974701 0) (0.0930074593034 0.362490011173 0) (0.0934373727025 0.363271538865 0) (0.0938682116938 0.36405255668 0) (0.0942999756726 0.364833063523 0) (0.0947326640329 0.365613058296 0) (0.0951662761674 0.366392539907 0) (0.0956008114675 0.36717150726 0) (0.0960362693233 0.367949959262 0) (0.0964726491236 0.368727894821 0) (0.0969099502559 0.369505312845 0) (0.0973481721064 0.370282212242 0))
    polyLine 33 37 ((-0.112504216462 0.639151408676 -0.03) (-0.111250623134 0.642479943167 -0.03) (-0.10998835014 0.645825312173 -0.03) (-0.108717305552 0.649187727439 -0.03) (-0.107437395936 0.652567403815 -0.03) (-0.106148526325 0.655964559323 -0.03) (-0.104850600195 0.659379415207 -0.03) (-0.103543519431 0.662812196005 -0.03) (-0.102227184302 0.666263129609 -0.03) (-0.100901493426 0.669732447328 -0.03) (-0.0995663437449 0.67322038396 -0.03) (-0.098221630486 0.676727177853 -0.03) (-0.096867247135 0.680253070984 -0.03) (-0.0955030854002 0.683798309022 -0.03) (-0.0941290351791 0.687363141407 -0.03) (-0.0927449845234 0.690947821422 -0.03) (-0.0913508196031 0.694552606271 -0.03) (-0.0899464246703 0.698177757158 -0.03) (-0.0885316820213 0.701823539367 -0.03) (-0.0871064719587 0.705490222344 -0.03) (-0.0856706727515 0.709178079783 -0.03) (-0.084224160595 0.712887389711 -0.03) (-0.0827668095696 0.716618434577 -0.03))
    polyLine 35 39 ((-0.112504216462 0.639151408676 0) (-0.111250623134 0.642479943167 0) (-0.10998835014 0.645825312173 0) (-0.108717305552 0.649187727439 0) (-0.107437395936 0.652567403815 0) (-0.106148526325 0.655964559323 0) (-0.104850600195 0.659379415207 0) (-0.103543519431 0.662812196005 0) (-0.102227184302 0.666263129609 0) (-0.100901493426 0.669732447328 0) (-0.0995663437449 0.67322038396 0) (-0.098221630486 0.676727177853 0) (-0.096867247135 0.680253070984 0) (-0.0955030854002 0.683798309022 0) (-0.0941290351791 0.687363141407 0) (-0.0927449845234 0.690947821422 0) (-0.0913508196031 0.694552606271 0) (-0.0899464246703 0.698177757158 0) (-0.0885316820213 0.701823539367 0) (-0.0871064719587 0.705490222344 0) (-0.0856706727515 0.709178079783 0) (-0.084224160595 0.712887389711 0) (-0.0827668095696 0.716618434577 0))
    polyLine 36 40 ((0.0977873140601 0.371058591923 -0.03) (0.0982273755005 0.371834450797 -0.03) (0.0986683558101 0.372609787776 -0.03) (0.0991102543699 0.373384601771 -0.03) (0.0995530705596 0.374158891695 -0.03) (0.0999968037577 0.374932656461 -0.03) (0.100441453341 0.375705894983 -0.03) (0.100887018687 0.376478606175 -0.03) (0.101333499168 0.377250788954 -0.03) (0.101780894159 0.378022442235 -0.03) (0.102229203031 0.378793564936 -0.03) (0.102678425156 0.379564155973 -0.03) (0.103128559902 0.380334214266 -0.03) (0.103579606639 0.381103738733 -0.03) (0.104031564732 0.381872728294 -0.03) (0.104484433548 0.382641181871 -0.03) (0.104938212451 0.383409098385 -0.03) (0.105392900803 0.384176476757 -0.03) (0.105848497968 0.38494331591 -0.03) (0.106305003305 0.38570961477 -0.03) (0.106762416173 0.386475372258 -0.03) (0.107220735932 0.387240587302 -0.03) (0.107679961936 0.388005258827 -0.03) (0.108140093542 0.38876938576 -0.03) (0.108601130104 0.389532967027 -0.03) (0.109063070975 0.390296001559 -0.03) (0.109525915507 0.391058488282 -0.03) (0.109989663049 0.391820426128 -0.03) (0.110454312952 0.392581814027 -0.03) (0.110919864562 0.39334265091 -0.03) (0.111386317226 0.394102935709 -0.03) (0.11185367029 0.394862667358 -0.03) (0.112321923098 0.395621844789 -0.03) (0.112791074992 0.396380466937 -0.03) (0.113261125314 0.397138532738 -0.03) (0.113732073404 0.397896041128 -0.03) (0.114203918602 0.398652991043 -0.03) (0.114676660244 0.399409381421 -0.03) (0.115150297668 0.4001652112 -0.03) (0.115624830209 0.400920479319 -0.03) (0.1161002572 0.401675184719 -0.03) (0.116576577974 0.402429326339 -0.03) (0.117053791863 0.403182903122 -0.03) (0.117531898198 0.40393591401 -0.03) (0.118010896306 0.404688357946 -0.03) (0.118490785515 0.405440233874 -0.03) (0.118971565153 0.406191540738 -0.03) (0.119453234543 0.406942277484 -0.03))
    polyLine 38 42 ((0.0977873140601 0.371058591923 0) (0.0982273755005 0.371834450797 0) (0.0986683558101 0.372609787776 0) (0.0991102543699 0.373384601771 0) (0.0995530705596 0.374158891695 0) (0.0999968037577 0.374932656461 0) (0.100441453341 0.375705894983 0) (0.100887018687 0.376478606175 0) (0.101333499168 0.377250788954 0) (0.101780894159 0.378022442235 0) (0.102229203031 0.378793564936 0) (0.102678425156 0.379564155973 0) (0.103128559902 0.380334214266 0) (0.103579606639 0.381103738733 0) (0.104031564732 0.381872728294 0) (0.104484433548 0.382641181871 0) (0.104938212451 0.383409098385 0) (0.105392900803 0.384176476757 0) (0.105848497968 0.38494331591 0) (0.106305003305 0.38570961477 0) (0.106762416173 0.386475372258 0) (0.107220735932 0.387240587302 0) (0.107679961936 0.388005258827 0) (0.108140093542 0.38876938576 0) (0.108601130104 0.389532967027 0) (0.109063070975 0.390296001559 0) (0.109525915507 0.391058488282 0) (0.109989663049 0.391820426128 0) (0.110454312952 0.392581814027 0) (0.110919864562 0.39334265091 0) (0.111386317226 0.394102935709 0) (0.11185367029 0.394862667358 0) (0.112321923098 0.395621844789 0) (0.112791074992 0.396380466937 0) (0.113261125314 0.397138532738 0) (0.113732073404 0.397896041128 0) (0.114203918602 0.398652991043 0) (0.114676660244 0.399409381421 0) (0.115150297668 0.4001652112 0) (0.115624830209 0.400920479319 0) (0.1161002572 0.401675184719 0) (0.116576577974 0.402429326339 0) (0.117053791863 0.403182903122 0) (0.117531898198 0.40393591401 0) (0.118010896306 0.404688357946 0) (0.118490785515 0.405440233874 0) (0.118971565153 0.406191540738 0) (0.119453234543 0.406942277484 0))
    polyLine 37 41 ((-0.0799278305728 0.723869552143 -0.03) (-0.0785475332365 0.727387002631 -0.03) (-0.0771574924885 0.730924092021 -0.03) (-0.0757575995084 0.734481063125 -0.03) (-0.0743477437243 0.738058162429 -0.03) (-0.0729278127788 0.741655640167 -0.03) (-0.0714976924952 0.745273750387 -0.03) (-0.0700572668424 0.748912751034 -0.03) (-0.068606417899 0.75257290402 -0.03) (-0.0671450258166 0.756254475308 -0.03) (-0.0656729687823 0.759957734988 -0.03) (-0.0641901229803 0.763682957364 -0.03) (-0.0626963625523 0.767430421033 -0.03) (-0.0611915595573 0.771200408977 -0.03) (-0.05967558393 0.774993208647 -0.03) (-0.0581483034389 0.778809112055 -0.03) (-0.0566095836425 0.782648415869 -0.03) (-0.0550592878449 0.786511421504 -0.03) (-0.0534972770505 0.790398435224 -0.03) (-0.0519234099169 0.794309768237 -0.03) (-0.0503375427075 0.798245736802 -0.03) (-0.048739529242 0.802206662331 -0.03) (-0.0471292208463 0.806192871496 -0.03))
    polyLine 39 43 ((-0.0799278305728 0.723869552143 0) (-0.0785475332365 0.727387002631 0) (-0.0771574924885 0.730924092021 0) (-0.0757575995084 0.734481063125 0) (-0.0743477437243 0.738058162429 0) (-0.0729278127788 0.741655640167 0) (-0.0714976924952 0.745273750387 0) (-0.0700572668424 0.748912751034 0) (-0.068606417899 0.75257290402 0) (-0.0671450258166 0.756254475308 0) (-0.0656729687823 0.759957734988 0) (-0.0641901229803 0.763682957364 0) (-0.0626963625523 0.767430421033 0) (-0.0611915595573 0.771200408977 0) (-0.05967558393 0.774993208647 0) (-0.0581483034389 0.778809112055 0) (-0.0566095836425 0.782648415869 0) (-0.0550592878449 0.786511421504 0) (-0.0534972770505 0.790398435224 0) (-0.0519234099169 0.794309768237 0) (-0.0503375427075 0.798245736802 0) (-0.048739529242 0.802206662331 0) (-0.0471292208463 0.806192871496 0))
    polyLine 40 44 ((0.119935793011 0.407692443059 -0.03) (0.120419239879 0.408442036408 -0.03) (0.120903574468 0.409191056481 -0.03) (0.121388796099 0.409939502226 -0.03) (0.12187490409 0.410687372593 -0.03) (0.12236189776 0.411434666531 -0.03) (0.122849776423 0.412181382992 -0.03) (0.123338539397 0.412927520928 -0.03) (0.123828185995 0.413673079292 -0.03) (0.124318715529 0.414418057036 -0.03) (0.124810127312 0.415162453117 -0.03) (0.125302420652 0.415906266488 -0.03) (0.125795594861 0.416649496105 -0.03) (0.126289649244 0.417392140926 -0.03) (0.126784583109 0.418134199908 -0.03) (0.127280395762 0.41887567201 -0.03) (0.127777086505 0.419616556191 -0.03) (0.128274654643 0.420356851411 -0.03) (0.128773099476 0.421096556631 -0.03) (0.129272420305 0.421835670812 -0.03) (0.12977261643 0.422574192918 -0.03) (0.130273687148 0.423312121912 -0.03) (0.130775631756 0.424049456758 -0.03) (0.131278449549 0.424786196421 -0.03) (0.131782139821 0.425522339867 -0.03) (0.132286701867 0.426257886063 -0.03) (0.132792134977 0.426992833976 -0.03) (0.133298438442 0.427727182576 -0.03) (0.133805611551 0.42846093083 -0.03) (0.134313653593 0.42919407771 -0.03) (0.134822563855 0.429926622187 -0.03) (0.135332341622 0.430658563231 -0.03) (0.135842986178 0.431389899816 -0.03) (0.136354496808 0.432120630916 -0.03) (0.136866872793 0.432850755504 -0.03) (0.137380113413 0.433580272556 -0.03) (0.137894217949 0.434309181048 -0.03) (0.138409185679 0.435037479958 -0.03) (0.138925015881 0.435765168261 -0.03) (0.139441707829 0.436492244939 -0.03) (0.139959260799 0.437218708969 -0.03) (0.140477674065 0.437944559332 -0.03) (0.140996946899 0.43866979501 -0.03) (0.141517078572 0.439394414984 -0.03) (0.142038068354 0.440118418237 -0.03) (0.142559915513 0.440841803754 -0.03) (0.143082619318 0.441564570519 -0.03) (0.143606179035 0.442286717517 -0.03) (0.144130593929 0.443008243736 -0.03))
    polyLine 42 46 ((0.119935793011 0.407692443059 0) (0.120419239879 0.408442036408 0) (0.120903574468 0.409191056481 0) (0.121388796099 0.409939502226 0) (0.12187490409 0.410687372593 0) (0.12236189776 0.411434666531 0) (0.122849776423 0.412181382992 0) (0.123338539397 0.412927520928 0) (0.123828185995 0.413673079292 0) (0.124318715529 0.414418057036 0) (0.124810127312 0.415162453117 0) (0.125302420652 0.415906266488 0) (0.125795594861 0.416649496105 0) (0.126289649244 0.417392140926 0) (0.126784583109 0.418134199908 0) (0.127280395762 0.41887567201 0) (0.127777086505 0.419616556191 0) (0.128274654643 0.420356851411 0) (0.128773099476 0.421096556631 0) (0.129272420305 0.421835670812 0) (0.12977261643 0.422574192918 0) (0.130273687148 0.423312121912 0) (0.130775631756 0.424049456758 0) (0.131278449549 0.424786196421 0) (0.131782139821 0.425522339867 0) (0.132286701867 0.426257886063 0) (0.132792134977 0.426992833976 0) (0.133298438442 0.427727182576 0) (0.133805611551 0.42846093083 0) (0.134313653593 0.42919407771 0) (0.134822563855 0.429926622187 0) (0.135332341622 0.430658563231 0) (0.135842986178 0.431389899816 0) (0.136354496808 0.432120630916 0) (0.136866872793 0.432850755504 0) (0.137380113413 0.433580272556 0) (0.137894217949 0.434309181048 0) (0.138409185679 0.435037479958 0) (0.138925015881 0.435765168261 0) (0.139441707829 0.436492244939 0) (0.139959260799 0.437218708969 0) (0.140477674065 0.437944559332 0) (0.140996946899 0.43866979501 0) (0.141517078572 0.439394414984 0) (0.142038068354 0.440118418237 0) (0.142559915513 0.440841803754 0) (0.143082619318 0.441564570519 0) (0.143606179035 0.442286717517 0) (0.144130593929 0.443008243736 0))
    polyLine 41 45 ((-0.0439849706596 0.813961518092 -0.03) (-0.0424524365882 0.817741093409 -0.03) (-0.0409087360217 0.821543702975 -0.03) (-0.0393537388271 0.825369631838 -0.03) (-0.0377873127625 0.829219169503 -0.03) (-0.036209323436 0.833092610016 -0.03) (-0.034619634263 0.83699025206 -0.03) (-0.0330181064222 0.840912399044 -0.03) (-0.0314045988111 0.844859359203 -0.03) (-0.0297789680005 0.848831445691 -0.03) (-0.028141068187 0.852828976684 -0.03) (-0.0264907511452 0.856852275482 -0.03) (-0.0248278661787 0.860901670614 -0.03) (-0.0231522600691 0.864977495945 -0.03) (-0.0214637770247 0.86908009079 -0.03) (-0.0197622586271 0.873209800021 -0.03) (-0.0180475437772 0.877366974188 -0.03) (-0.0163194686393 0.881551969636 -0.03) (-0.0145778665838 0.885765148627 -0.03) (-0.0128225681288 0.890006879465 -0.03) (-0.0110534008802 0.894277536624 -0.03) (-0.00927018946952 0.89857750088 -0.03) (-0.00747275549129 0.902907159445 -0.03))
    polyLine 43 47 ((-0.0439849706596 0.813961518092 0) (-0.0424524365882 0.817741093409 0) (-0.0409087360217 0.821543702975 0) (-0.0393537388271 0.825369631838 0) (-0.0377873127625 0.829219169503 0) (-0.036209323436 0.833092610016 0) (-0.034619634263 0.83699025206 0) (-0.0330181064222 0.840912399044 0) (-0.0314045988111 0.844859359203 0) (-0.0297789680005 0.848831445691 0) (-0.028141068187 0.852828976684 0) (-0.0264907511452 0.856852275482 0) (-0.0248278661787 0.860901670614 0) (-0.0231522600691 0.864977495945 0) (-0.0214637770247 0.86908009079 0) (-0.0197622586271 0.873209800021 0) (-0.0180475437772 0.877366974188 0) (-0.0163194686393 0.881551969636 0) (-0.0145778665838 0.885765148627 0) (-0.0128225681288 0.890006879465 0) (-0.0110534008802 0.894277536624 0) (-0.00927018946952 0.89857750088 0) (-0.00747275549129 0.902907159445 0))
    polyLine 44 48 ((0.144655863263 0.443729148161 -0.03) (0.145181986301 0.444449429782 -0.03) (0.145708962304 0.445169087587 -0.03) (0.146236790532 0.445888120566 -0.03) (0.146765470245 0.446606527711 -0.03) (0.1472950007 0.447324308012 -0.03) (0.147825381155 0.448041460463 -0.03) (0.148356610864 0.448757984056 -0.03) (0.148888689083 0.449473877786 -0.03) (0.149421615065 0.450189140649 -0.03) (0.14995538806 0.45090377164 -0.03) (0.150490007322 0.451617769756 -0.03) (0.151025472097 0.452331133995 -0.03) (0.151561781637 0.453043863356 -0.03) (0.152098935187 0.453755956838 -0.03) (0.152636931993 0.454467413443 -0.03) (0.153175771301 0.455178232171 -0.03) (0.153715452355 0.455888412025 -0.03) (0.154255974396 0.456597952008 -0.03) (0.154797336666 0.457306851124 -0.03) (0.155339538405 0.458015108378 -0.03) (0.155882578853 0.458722722776 -0.03) (0.156426457247 0.459429693324 -0.03) (0.156971172823 0.460136019032 -0.03) (0.157516724818 0.460841698906 -0.03) (0.158063112465 0.461546731958 -0.03) (0.158610334997 0.462251117196 -0.03) (0.159158391647 0.462954853633 -0.03) (0.159707281645 0.46365794028 -0.03) (0.160257004221 0.464360376152 -0.03) (0.160807558603 0.465062160261 -0.03) (0.161358944019 0.465763291624 -0.03) (0.161911159694 0.466463769255 -0.03) (0.162464204854 0.467163592172 -0.03) (0.163018078722 0.467862759393 -0.03) (0.163572780521 0.468561269936 -0.03) (0.164128309472 0.46925912282 -0.03) (0.164684664796 0.469956317067 -0.03) (0.165241845712 0.470652851697 -0.03) (0.165799851437 0.471348725734 -0.03) (0.166358681189 0.4720439382 -0.03) (0.166918334182 0.472738488119 -0.03) (0.167478809633 0.473432374517 -0.03) (0.168040106753 0.47412559642 -0.03) (0.168602224756 0.474818152855 -0.03) (0.169165162851 0.47551004285 -0.03) (0.16972892025 0.476201265433 -0.03) (0.17029349616 0.476891819635 -0.03))
    polyLine 46 50 ((0.144655863263 0.443729148161 0) (0.145181986301 0.444449429782 0) (0.145708962304 0.445169087587 0) (0.146236790532 0.445888120566 0) (0.146765470245 0.446606527711 0) (0.1472950007 0.447324308012 0) (0.147825381155 0.448041460463 0) (0.148356610864 0.448757984056 0) (0.148888689083 0.449473877786 0) (0.149421615065 0.450189140649 0) (0.14995538806 0.45090377164 0) (0.150490007322 0.451617769756 0) (0.151025472097 0.452331133995 0) (0.151561781637 0.453043863356 0) (0.152098935187 0.453755956838 0) (0.152636931993 0.454467413443 0) (0.153175771301 0.455178232171 0) (0.153715452355 0.455888412025 0) (0.154255974396 0.456597952008 0) (0.154797336666 0.457306851124 0) (0.155339538405 0.458015108378 0) (0.155882578853 0.458722722776 0) (0.156426457247 0.459429693324 0) (0.156971172823 0.460136019032 0) (0.157516724818 0.460841698906 0) (0.158063112465 0.461546731958 0) (0.158610334997 0.462251117196 0) (0.159158391647 0.462954853633 0) (0.159707281645 0.46365794028 0) (0.160257004221 0.464360376152 0) (0.160807558603 0.465062160261 0) (0.161358944019 0.465763291624 0) (0.161911159694 0.466463769255 0) (0.162464204854 0.467163592172 0) (0.163018078722 0.467862759393 0) (0.163572780521 0.468561269936 0) (0.164128309472 0.46925912282 0) (0.164684664796 0.469956317067 0) (0.165241845712 0.470652851697 0) (0.165799851437 0.471348725734 0) (0.166358681189 0.4720439382 0) (0.166918334182 0.472738488119 0) (0.167478809633 0.473432374517 0) (0.168040106753 0.47412559642 0) (0.168602224756 0.474818152855 0) (0.169165162851 0.47551004285 0) (0.16972892025 0.476201265433 0) (0.17029349616 0.476891819635 0))
    polyLine 45 49 ((-0.00395368027946 0.911370781772 -0.03) (-0.00223353616473 0.915501643275 -0.03) (-0.000500329064278 0.919659828745 -0.03) (0.00124609962615 0.923845681772 -0.03) (0.00300591113818 0.928059551516 -0.03) (0.00477926938455 0.932301792826 -0.03) (0.00656634101429 0.936572766353 -0.03) (0.00836729546917 0.940872838673 -0.03) (0.0101823050416 0.945202382408 -0.03) (0.012011544934 0.949561776356 -0.03) (0.0138551933198 0.953951405617 -0.03) (0.0157134314053 0.958371661728 -0.03) (0.0175864434946 0.9628229428 -0.03) (0.0194744170543 0.967305653655 -0.03) (0.0213775427812 0.971820205972 -0.03) (0.0232960146715 0.976367018434 -0.03) (0.0252300300912 0.980946516877 -0.03) (0.0271797898491 0.985559134444 -0.03) (0.0291454982715 0.99020531175 -0.03) (0.031127363278 0.994885497038 -0.03) (0.0331255964608 0.999600146348 -0.03) (0.035140413165 1.00434972369 -0.03) (0.0371720325713 1.00913470122 -0.03))
    polyLine 47 51 ((-0.00395368027946 0.911370781772 0) (-0.00223353616473 0.915501643275 0) (-0.000500329064278 0.919659828745 0) (0.00124609962615 0.923845681772 0) (0.00300591113818 0.928059551516 0) (0.00477926938455 0.932301792826 0) (0.00656634101429 0.936572766353 0) (0.00836729546917 0.940872838673 0) (0.0101823050416 0.945202382408 0) (0.012011544934 0.949561776356 0) (0.0138551933198 0.953951405617 0) (0.0157134314053 0.958371661728 0) (0.0175864434946 0.9628229428 0) (0.0194744170543 0.967305653655 0) (0.0213775427812 0.971820205972 0) (0.0232960146715 0.976367018434 0) (0.0252300300912 0.980946516877 0) (0.0271797898491 0.985559134444 0) (0.0291454982715 0.99020531175 0) (0.031127363278 0.994885497038 0) (0.0331255964608 0.999600146348 0) (0.035140413165 1.00434972369 0) (0.0371720325713 1.00913470122 0))
    polyLine 48 52 ((0.17085888979 0.477581704486 -0.03) (0.171425100345 0.478270919018 -0.03) (0.171992127032 0.478959462263 -0.03) (0.172559969054 0.479647333256 -0.03) (0.173128625613 0.48033453103 -0.03) (0.173698095913 0.481021054621 -0.03) (0.174268379154 0.481706903066 -0.03) (0.174839474535 0.482392075402 -0.03) (0.175411381254 0.483076570668 -0.03) (0.17598409851 0.483760387901 -0.03) (0.176555209337 0.484441467067 -0.03) (0.177126320165 0.485122546233 -0.03) (0.177697430992 0.485803625398 -0.03) (0.17826854182 0.486484704564 -0.03) (0.178839652647 0.48716578373 -0.03) (0.179410763474 0.487846862895 -0.03) (0.179981874302 0.488527942061 -0.03) (0.180552985129 0.489209021227 -0.03) (0.181124095956 0.489890100392 -0.03) (0.181695206784 0.490571179558 -0.03) (0.182266317611 0.491252258724 -0.03) (0.182837428438 0.491933337889 -0.03) (0.183408539266 0.492614417055 -0.03) (0.183979650093 0.49329549622 -0.03) (0.184550760921 0.493976575386 -0.03) (0.185121871748 0.494657654552 -0.03) (0.185692982575 0.495338733717 -0.03) (0.186264093403 0.496019812883 -0.03) (0.18683520423 0.496700892049 -0.03) (0.187406315057 0.497381971214 -0.03) (0.187977425885 0.49806305038 -0.03) (0.188548536712 0.498744129546 -0.03) (0.18911964754 0.499425208711 -0.03) (0.189690758367 0.500106287877 -0.03) (0.190261869194 0.500787367043 -0.03) (0.190832980022 0.501468446208 -0.03) (0.191404090849 0.502149525374 -0.03) (0.191975201676 0.50283060454 -0.03) (0.192546312504 0.503511683705 -0.03) (0.193117423331 0.504192762871 -0.03) (0.193688534158 0.504873842037 -0.03) (0.194259644986 0.505554921202 -0.03) (0.194830755813 0.506236000368 -0.03) (0.195401866641 0.506917079534 -0.03) (0.195972977468 0.507598158699 -0.03) (0.196544088295 0.508279237865 -0.03) (0.197115199123 0.50896031703 -0.03) (0.19768630995 0.509641396196 -0.03))
    polyLine 50 54 ((0.17085888979 0.477581704486 0) (0.171425100345 0.478270919018 0) (0.171992127032 0.478959462263 0) (0.172559969054 0.479647333256 0) (0.173128625613 0.48033453103 0) (0.173698095913 0.481021054621 0) (0.174268379154 0.481706903066 0) (0.174839474535 0.482392075402 0) (0.175411381254 0.483076570668 0) (0.17598409851 0.483760387901 0) (0.176555209337 0.484441467067 0) (0.177126320165 0.485122546233 0) (0.177697430992 0.485803625398 0) (0.17826854182 0.486484704564 0) (0.178839652647 0.48716578373 0) (0.179410763474 0.487846862895 0) (0.179981874302 0.488527942061 0) (0.180552985129 0.489209021227 0) (0.181124095956 0.489890100392 0) (0.181695206784 0.490571179558 0) (0.182266317611 0.491252258724 0) (0.182837428438 0.491933337889 0) (0.183408539266 0.492614417055 0) (0.183979650093 0.49329549622 0) (0.184550760921 0.493976575386 0) (0.185121871748 0.494657654552 0) (0.185692982575 0.495338733717 0) (0.186264093403 0.496019812883 0) (0.18683520423 0.496700892049 0) (0.187406315057 0.497381971214 0) (0.187977425885 0.49806305038 0) (0.188548536712 0.498744129546 0) (0.18911964754 0.499425208711 0) (0.189690758367 0.500106287877 0) (0.190261869194 0.500787367043 0) (0.190832980022 0.501468446208 0) (0.191404090849 0.502149525374 0) (0.191975201676 0.50283060454 0) (0.192546312504 0.503511683705 0) (0.193117423331 0.504192762871 0) (0.193688534158 0.504873842037 0) (0.194259644986 0.505554921202 0) (0.194830755813 0.506236000368 0) (0.195401866641 0.506917079534 0) (0.195972977468 0.507598158699 0) (0.196544088295 0.508279237865 0) (0.197115199123 0.50896031703 0) (0.19768630995 0.509641396196 0))
    polyLine 49 53 ((0.0411333357386 1.01845264183 -0.03) (0.0430609747231 1.02298131288 -0.03) (0.0450037813381 1.02754197418 -0.03) (0.0469619453282 1.032135034 -0.03) (0.0489356596446 1.03676090744 -0.03) (0.0509251205129 1.04142001652 -0.03) (0.0529305275017 1.04611279041 -0.03) (0.054952083594 1.05083966549 -0.03) (0.0569899952598 1.05560108557 -0.03) (0.0590444725307 1.06039750204 -0.03) (0.0611157290766 1.06522937399 -0.03) (0.063203982284 1.07009716844 -0.03) (0.0653094533369 1.07500136046 -0.03) (0.0674323672994 1.07994243336 -0.03) (0.0695729532005 1.08492087891 -0.03) (0.0717314441212 1.08993719745 -0.03) (0.0739080772843 1.09499189815 -0.03) (0.0761030941458 1.10008549917 -0.03) (0.0783167404894 1.10521852787 -0.03) (0.0805492665233 1.110391521 -0.03) (0.0828009269795 1.11560502496 -0.03) (0.0850719812162 1.12085959595 -0.03) (0.0873626933226 1.12615580024 -0.03))
    polyLine 51 55 ((0.0411333357386 1.01845264183 0) (0.0430609747231 1.02298131288 0) (0.0450037813381 1.02754197418 0) (0.0469619453282 1.032135034 0) (0.0489356596446 1.03676090744 0) (0.0509251205129 1.04142001652 0) (0.0529305275017 1.04611279041 0) (0.054952083594 1.05083966549 0) (0.0569899952598 1.05560108557 0) (0.0590444725307 1.06039750204 0) (0.0611157290766 1.06522937399 0) (0.063203982284 1.07009716844 0) (0.0653094533369 1.07500136046 0) (0.0674323672994 1.07994243336 0) (0.0695729532005 1.08492087891 0) (0.0717314441212 1.08993719745 0) (0.0739080772843 1.09499189815 0) (0.0761030941458 1.10008549917 0) (0.0783167404894 1.10521852787 0) (0.0805492665233 1.110391521 0) (0.0828009269795 1.11560502496 0) (0.0850719812162 1.12085959595 0) (0.0873626933226 1.12615580024 0))
    polyLine 52 56 ((0.198257420777 0.510322475362 -0.03) (0.198828531605 0.511003554527 -0.03) (0.199399642432 0.511684633693 -0.03) (0.19997075326 0.512365712859 -0.03) (0.200541864087 0.513046792024 -0.03) (0.201112974914 0.51372787119 -0.03) (0.201684085742 0.514408950356 -0.03) (0.202255196569 0.515090029521 -0.03) (0.202826307396 0.515771108687 -0.03) (0.203397418224 0.516452187853 -0.03) (0.203968529051 0.517133267018 -0.03) (0.204539639878 0.517814346184 -0.03) (0.205110750706 0.51849542535 -0.03) (0.205681861533 0.519176504515 -0.03) (0.206252972361 0.519857583681 -0.03) (0.206824083188 0.520538662847 -0.03) (0.207395194015 0.521219742012 -0.03) (0.207966304843 0.521900821178 -0.03) (0.20853741567 0.522581900344 -0.03) (0.209108526497 0.523262979509 -0.03) (0.209679637325 0.523944058675 -0.03) (0.210250748152 0.524625137841 -0.03) (0.21082185898 0.525306217006 -0.03) (0.211392969807 0.525987296172 -0.03) (0.211964080634 0.526668375337 -0.03) (0.212535191462 0.527349454503 -0.03) (0.213106302289 0.528030533669 -0.03) (0.213677413116 0.528711612834 -0.03) (0.214248523944 0.529392692 -0.03) (0.214819634771 0.530073771166 -0.03) (0.215390745598 0.530754850331 -0.03) (0.215961856426 0.531435929497 -0.03) (0.216532967253 0.532117008663 -0.03) (0.217104078081 0.532798087828 -0.03) (0.217675188908 0.533479166994 -0.03) (0.218246299735 0.53416024616 -0.03) (0.218817410563 0.534841325325 -0.03) (0.21938852139 0.535522404491 -0.03) (0.219959632217 0.536203483657 -0.03) (0.220530743045 0.536884562822 -0.03) (0.221101853872 0.537565641988 -0.03) (0.2216729647 0.538246721154 -0.03) (0.222244075527 0.538927800319 -0.03) (0.222815186354 0.539608879485 -0.03) (0.223386297182 0.540289958651 -0.03) (0.223957408009 0.540971037816 -0.03) (0.224528518836 0.541652116982 -0.03) (0.225099629664 0.542333196147 -0.03) (0.225670740491 0.543014275313 -0.03))
    polyLine 54 58 ((0.198257420777 0.510322475362 0) (0.198828531605 0.511003554527 0) (0.199399642432 0.511684633693 0) (0.19997075326 0.512365712859 0) (0.200541864087 0.513046792024 0) (0.201112974914 0.51372787119 0) (0.201684085742 0.514408950356 0) (0.202255196569 0.515090029521 0) (0.202826307396 0.515771108687 0) (0.203397418224 0.516452187853 0) (0.203968529051 0.517133267018 0) (0.204539639878 0.517814346184 0) (0.205110750706 0.51849542535 0) (0.205681861533 0.519176504515 0) (0.206252972361 0.519857583681 0) (0.206824083188 0.520538662847 0) (0.207395194015 0.521219742012 0) (0.207966304843 0.521900821178 0) (0.20853741567 0.522581900344 0) (0.209108526497 0.523262979509 0) (0.209679637325 0.523944058675 0) (0.210250748152 0.524625137841 0) (0.21082185898 0.525306217006 0) (0.211392969807 0.525987296172 0) (0.211964080634 0.526668375337 0) (0.212535191462 0.527349454503 0) (0.213106302289 0.528030533669 0) (0.213677413116 0.528711612834 0) (0.214248523944 0.529392692 0) (0.214819634771 0.530073771166 0) (0.215390745598 0.530754850331 0) (0.215961856426 0.531435929497 0) (0.216532967253 0.532117008663 0) (0.217104078081 0.532798087828 0) (0.217675188908 0.533479166994 0) (0.218246299735 0.53416024616 0) (0.218817410563 0.534841325325 0) (0.21938852139 0.535522404491 0) (0.219959632217 0.536203483657 0) (0.220530743045 0.536884562822 0) (0.221101853872 0.537565641988 0) (0.2216729647 0.538246721154 0) (0.222244075527 0.538927800319 0) (0.222815186354 0.539608879485 0) (0.223386297182 0.540289958651 0) (0.223957408009 0.540971037816 0) (0.224528518836 0.541652116982 0) (0.225099629664 0.542333196147 0) (0.225670740491 0.543014275313 0))
    polyLine 53 57 ((0.0917686302438 1.13633180565 -0.03) (0.0938804695129 1.14120444603 -0.03) (0.0960090561269 1.14611257719 -0.03) (0.0981545996308 1.15105664813 -0.03) (0.100317313093 1.15603711533 -0.03) (0.102497413179 1.16105444293 -0.03) (0.104695120229 1.16610910288 -0.03) (0.106910658335 1.17120157509 -0.03) (0.109144255418 1.17633234764 -0.03) (0.111396143314 1.18150191691 -0.03) (0.113666557857 1.18671078779 -0.03) (0.115955738963 1.19195947385 -0.03) (0.118263930719 1.19724849754 -0.03) (0.120591381476 1.20257839035 -0.03) (0.122938343941 1.20794969306 -0.03) (0.12530507527 1.2133629559 -0.03) (0.127691837171 1.21881873878 -0.03) (0.130098896 1.22431761148 -0.03) (0.132526522866 1.22986015392 -0.03) (0.134974993741 1.23544695632 -0.03) (0.13744458956 1.2410786195 -0.03) (0.139935596344 1.24675575506 -0.03) (0.142448305305 1.25247898565 -0.03))
    polyLine 55 59 ((0.0917686302438 1.13633180565 0) (0.0938804695129 1.14120444603 0) (0.0960090561269 1.14611257719 0) (0.0981545996308 1.15105664813 0) (0.100317313093 1.15603711533 0) (0.102497413179 1.16105444293 0) (0.104695120229 1.16610910288 0) (0.106910658335 1.17120157509 0) (0.109144255418 1.17633234764 0) (0.111396143314 1.18150191691 0) (0.113666557857 1.18671078779 0) (0.115955738963 1.19195947385 0) (0.118263930719 1.19724849754 0) (0.120591381476 1.20257839035 0) (0.122938343941 1.20794969306 0) (0.12530507527 1.2133629559 0) (0.127691837171 1.21881873878 0) (0.130098896 1.22431761148 0) (0.132526522866 1.22986015392 0) (0.134974993741 1.23544695632 0) (0.13744458956 1.2410786195 0) (0.139935596344 1.24675575506 0) (0.142448305305 1.25247898565 0))
    polyLine 56 60 ((0.226241851318 0.543695354479 -0.03) (0.226812962146 0.544376433644 -0.03) (0.227384072973 0.54505751281 -0.03) (0.227955183801 0.545738591976 -0.03) (0.228526294628 0.546419671141 -0.03) (0.229097405455 0.547100750307 -0.03) (0.229668516283 0.547781829473 -0.03) (0.23023962711 0.548462908638 -0.03) (0.230810737937 0.549143987804 -0.03) (0.231381848765 0.54982506697 -0.03) (0.231952959592 0.550506146135 -0.03) (0.23252407042 0.551187225301 -0.03) (0.233095181247 0.551868304467 -0.03) (0.233666292074 0.552549383632 -0.03) (0.234237402902 0.553230462798 -0.03) (0.234808513729 0.553911541964 -0.03) (0.235379624556 0.554592621129 -0.03) (0.235950735384 0.555273700295 -0.03) (0.236521846211 0.555954779461 -0.03) (0.237092957038 0.556635858626 -0.03) (0.237664067866 0.557316937792 -0.03) (0.238235178693 0.557998016957 -0.03) (0.238806289521 0.558679096123 -0.03) (0.239377400348 0.559360175289 -0.03) (0.239948511175 0.560041254454 -0.03) (0.240519622003 0.56072233362 -0.03) (0.24109073283 0.561403412786 -0.03) (0.241661843657 0.562084491951 -0.03) (0.242232954485 0.562765571117 -0.03) (0.242804065312 0.563446650283 -0.03) (0.24337517614 0.564127729448 -0.03) (0.243946286967 0.564808808614 -0.03) (0.244517397794 0.56548988778 -0.03) (0.245088508622 0.566170966945 -0.03) (0.245659619449 0.566852046111 -0.03) (0.246230730276 0.567533125277 -0.03) (0.246801841104 0.568214204442 -0.03) (0.247372951931 0.568895283608 -0.03) (0.247944062758 0.569576362774 -0.03) (0.248515173586 0.570257441939 -0.03) (0.249086284413 0.570938521105 -0.03) (0.249657395241 0.571619600271 -0.03) (0.250228506068 0.572300679436 -0.03) (0.250799616895 0.572981758602 -0.03) (0.251370727723 0.573662837767 -0.03) (0.25194183855 0.574343916933 -0.03) (0.252512949377 0.575024996099 -0.03) (0.253084060205 0.575706075264 -0.03))
    polyLine 58 62 ((0.226241851318 0.543695354479 0) (0.226812962146 0.544376433644 0) (0.227384072973 0.54505751281 0) (0.227955183801 0.545738591976 0) (0.228526294628 0.546419671141 0) (0.229097405455 0.547100750307 0) (0.229668516283 0.547781829473 0) (0.23023962711 0.548462908638 0) (0.230810737937 0.549143987804 0) (0.231381848765 0.54982506697 0) (0.231952959592 0.550506146135 0) (0.23252407042 0.551187225301 0) (0.233095181247 0.551868304467 0) (0.233666292074 0.552549383632 0) (0.234237402902 0.553230462798 0) (0.234808513729 0.553911541964 0) (0.235379624556 0.554592621129 0) (0.235950735384 0.555273700295 0) (0.236521846211 0.555954779461 0) (0.237092957038 0.556635858626 0) (0.237664067866 0.557316937792 0) (0.238235178693 0.557998016957 0) (0.238806289521 0.558679096123 0) (0.239377400348 0.559360175289 0) (0.239948511175 0.560041254454 0) (0.240519622003 0.56072233362 0) (0.24109073283 0.561403412786 0) (0.241661843657 0.562084491951 0) (0.242232954485 0.562765571117 0) (0.242804065312 0.563446650283 0) (0.24337517614 0.564127729448 0) (0.243946286967 0.564808808614 0) (0.244517397794 0.56548988778 0) (0.245088508622 0.566170966945 0) (0.245659619449 0.566852046111 0) (0.246230730276 0.567533125277 0) (0.246801841104 0.568214204442 0) (0.247372951931 0.568895283608 0) (0.247944062758 0.569576362774 0) (0.248515173586 0.570257441939 0) (0.249086284413 0.570938521105 0) (0.249657395241 0.571619600271 0) (0.250228506068 0.572300679436 0) (0.250799616895 0.572981758602 0) (0.251370727723 0.573662837767 0) (0.25194183855 0.574343916933 0) (0.252512949377 0.575024996099 0) (0.253084060205 0.575706075264 0))
    polyLine 57 61 ((0.147276170619 1.26346616073 -0.03) (0.149587502151 1.26872198691 -0.03) (0.151917233143 1.27401690592 -0.03) (0.154265592928 1.27935140788 -0.03) (0.156632814669 1.28472599106 -0.03) (0.15901913544 1.29014116206 -0.03) (0.161424796311 1.29559743596 -0.03) (0.163850042429 1.30109533653 -0.03) (0.166295123104 1.30663539639 -0.03) (0.168760291904 1.3122181572 -0.03) (0.171245806736 1.31784416986 -0.03) (0.173751929948 1.32351399473 -0.03) (0.176278928419 1.32922820177 -0.03) (0.178827073659 1.33498737083 -0.03) (0.18139664191 1.34079209179 -0.03) (0.183987914251 1.34664296485 -0.03) (0.186601176699 1.35254060069 -0.03) (0.189236720322 1.35848562073 -0.03) (0.191894841351 1.3644786574 -0.03) (0.194575841292 1.37052035431 -0.03) (0.197280027044 1.37661136657 -0.03) (0.200007711024 1.38275236102 -0.03) (0.202759211285 1.38894401648 -0.03))
    polyLine 59 63 ((0.147276170619 1.26346616073 0) (0.149587502151 1.26872198691 0) (0.151917233143 1.27401690592 0) (0.154265592928 1.27935140788 0) (0.156632814669 1.28472599106 0) (0.15901913544 1.29014116206 0) (0.161424796311 1.29559743596 0) (0.163850042429 1.30109533653 0) (0.166295123104 1.30663539639 0) (0.168760291904 1.3122181572 0) (0.171245806736 1.31784416986 0) (0.173751929948 1.32351399473 0) (0.176278928419 1.32922820177 0) (0.178827073659 1.33498737083 0) (0.18139664191 1.34079209179 0) (0.183987914251 1.34664296485 0) (0.186601176699 1.35254060069 0) (0.189236720322 1.35848562073 0) (0.191894841351 1.3644786574 0) (0.194575841292 1.37052035431 0) (0.197280027044 1.37661136657 0) (0.200007711024 1.38275236102 0) (0.202759211285 1.38894401648 0))
    polyLine 60 64 ((0.253655171032 0.57638715443 -0.03) (0.25422628186 0.577068233596 -0.03) (0.254797392687 0.577749312761 -0.03) (0.255368503514 0.578430391927 -0.03) (0.255939614342 0.579111471093 -0.03) (0.256510725169 0.579792550258 -0.03) (0.257081835996 0.580473629424 -0.03) (0.257652946824 0.58115470859 -0.03) (0.258224057651 0.581835787755 -0.03) (0.258795168478 0.582516866921 -0.03) (0.259366279306 0.583197946087 -0.03) (0.259937390133 0.583879025252 -0.03) (0.260508500961 0.584560104418 -0.03) (0.261079611788 0.585241183584 -0.03) (0.261650722615 0.585922262749 -0.03) (0.262221833443 0.586603341915 -0.03) (0.26279294427 0.587284421081 -0.03) (0.263364055097 0.587965500246 -0.03) (0.263935165925 0.588646579412 -0.03) (0.264506276752 0.589327658577 -0.03) (0.265074113513 0.589985161226 -0.03) (0.26566084037 0.590625863899 -0.03) (0.266265960517 0.591249224089 -0.03) (0.266888961578 0.591854713972 -0.03) (0.267529316031 0.592441820856 -0.03) (0.268186481664 0.593010047615 -0.03) (0.268859902029 0.59355891311 -0.03) (0.269549006915 0.594087952594 -0.03) (0.27025321283 0.594596718109 -0.03) (0.270971923495 0.595084778863 -0.03) (0.271704530349 0.595551721596 -0.03) (0.272450413067 0.59599715093 -0.03) (0.273208940079 0.596420689702 -0.03) (0.273979469111 0.596821979286 -0.03) (0.274761347727 0.597200679893 -0.03) (0.275553913879 0.597556470863 -0.03) (0.27635649647 0.597889050934 -0.03) (0.277168415923 0.598198138498 -0.03) (0.277988984753 0.598483471837 -0.03) (0.278817508152 0.59874480935 -0.03) (0.279653284579 0.598981929751 -0.03) (0.280495606347 0.599194632262 -0.03) (0.281343760231 0.599382736778 -0.03) (0.282197028065 0.599546084024 -0.03) (0.283054687354 0.599684535688 -0.03) (0.283916011884 0.599797974538 -0.03) (0.284780272339 0.59988630452 -0.03) (0.285646736915 0.599949450842 -0.03) (0.286514671943 0.599987360035 -0.03))
    polyLine 62 66 ((0.253655171032 0.57638715443 0) (0.25422628186 0.577068233596 0) (0.254797392687 0.577749312761 0) (0.255368503514 0.578430391927 0) (0.255939614342 0.579111471093 0) (0.256510725169 0.579792550258 0) (0.257081835996 0.580473629424 0) (0.257652946824 0.58115470859 0) (0.258224057651 0.581835787755 0) (0.258795168478 0.582516866921 0) (0.259366279306 0.583197946087 0) (0.259937390133 0.583879025252 0) (0.260508500961 0.584560104418 0) (0.261079611788 0.585241183584 0) (0.261650722615 0.585922262749 0) (0.262221833443 0.586603341915 0) (0.26279294427 0.587284421081 0) (0.263364055097 0.587965500246 0) (0.263935165925 0.588646579412 0) (0.264506276752 0.589327658577 0) (0.265074113513 0.589985161226 0) (0.26566084037 0.590625863899 0) (0.266265960517 0.591249224089 0) (0.266888961578 0.591854713972 0) (0.267529316031 0.592441820856 0) (0.268186481664 0.593010047615 0) (0.268859902029 0.59355891311 0) (0.269549006915 0.594087952594 0) (0.27025321283 0.594596718109 0) (0.270971923495 0.595084778863 0) (0.271704530349 0.595551721596 0) (0.272450413067 0.59599715093 0) (0.273208940079 0.596420689702 0) (0.273979469111 0.596821979286 0) (0.274761347727 0.597200679893 0) (0.275553913879 0.597556470863 0) (0.27635649647 0.597889050934 0) (0.277168415923 0.598198138498 0) (0.277988984753 0.598483471837 0) (0.278817508152 0.59874480935 0) (0.279653284579 0.598981929751 0) (0.280495606347 0.599194632262 0) (0.281343760231 0.599382736778 0) (0.282197028065 0.599546084024 0) (0.283054687354 0.599684535688 0) (0.283916011884 0.599797974538 0) (0.284780272339 0.59988630452 0) (0.285646736915 0.599949450842 0) (0.286514671943 0.599987360035 0))
    polyLine 61 65 ((0.208569082654 1.4020082913 -0.03) (0.211632452539 1.40889154979 -0.03) (0.214725396878 1.41583772896 -0.03) (0.217848359973 1.42284777679 -0.03) (0.221001795068 1.42992266028 -0.03) (0.224186164579 1.43706336595 -0.03) (0.227401940323 1.4442709003 -0.03) (0.230649603759 1.45154629037 -0.03) (0.233929646236 1.45889058421 -0.03) (0.23724256925 1.46630485144 -0.03) (0.240588884701 1.47379018385 -0.03) (0.243969115168 1.48134769591 -0.03) (0.24738379419 1.48897852541 -0.03) (0.250833466549 1.49668383408 -0.03) (0.254318688573 1.50446480817 -0.03) (0.257840028439 1.51232265916 -0.03) (0.261398066495 1.52025862441 -0.03) (0.264993395578 1.52827396784 -0.03) (0.268626621363 1.53636998068 -0.03) (0.272298362702 1.54454798219 -0.03) (0.27600925199 1.55280932044 -0.03) (0.279759935535 1.56115537309 -0.03) (0.283551073941 1.56958754821 -0.03))
    polyLine 63 67 ((0.208569082654 1.4020082913 0) (0.211632452539 1.40889154979 0) (0.214725396878 1.41583772896 0) (0.217848359973 1.42284777679 0) (0.221001795068 1.42992266028 0) (0.224186164579 1.43706336595 0) (0.227401940323 1.4442709003 0) (0.230649603759 1.45154629037 0) (0.233929646236 1.45889058421 0) (0.23724256925 1.46630485144 0) (0.240588884701 1.47379018385 0) (0.243969115168 1.48134769591 0) (0.24738379419 1.48897852541 0) (0.250833466549 1.49668383408 0) (0.254318688573 1.50446480817 0) (0.257840028439 1.51232265916 0) (0.261398066495 1.52025862441 0) (0.264993395578 1.52827396784 0) (0.268626621363 1.53636998068 0) (0.272298362702 1.54454798219 0) (0.27600925199 1.55280932044 0) (0.279759935535 1.56115537309 0) (0.283551073941 1.56958754821 0))
);

boundary
(
    body_fore
    {
        type wall;
        faces
        (
            (0 2 6 4)
            (4 6 10 8)
            (8 10 14 12)
            (12 14 18 16)
            (16 18 22 20)
            (20 22 26 24)
            (24 26 30 28)
            (28 30 34 32)
            (32 34 38 36)
            (36 38 42 40)
            (40 42 46 44)
            (44 46 50 48)
            (48 50 54 52)
            (52 54 58 56)
            (56 58 62 60)
            (60 62 66 64)
        );
    }
    freestream
    {
        type patch;
        faces
        (
            (1 5 7 3)
            (5 9 11 7)
            (9 13 15 11)
            (13 17 19 15)
            (17 21 23 19)
            (21 25 27 23)
            (25 29 31 27)
            (29 33 35 31)
            (33 37 39 35)
            (37 41 43 39)
            (41 45 47 43)
            (45 49 51 47)
            (49 53 55 51)
            (53 57 59 55)
            (57 61 63 59)
            (61 65 67 63)
        );
    }
    outlet
    {
        type patch;
        faces
        (
            (64 66 67 65)
        );
    }
    axis
    {
        type patch;
        faces
        (
            (0 1 3 2)
        );
    }
    front
    {
        type patch;
        faces
        (
            (2 6 7 3)
            (6 10 11 7)
            (10 14 15 11)
            (14 18 19 15)
            (18 22 23 19)
            (22 26 27 23)
            (26 30 31 27)
            (30 34 35 31)
            (34 38 39 35)
            (38 42 43 39)
            (42 46 47 43)
            (46 50 51 47)
            (50 54 55 51)
            (54 58 59 55)
            (58 62 63 59)
            (62 66 67 63)
        );
    }
    back
    {
        type patch;
        faces
        (
            (0 1 5 4)
            (4 5 9 8)
            (8 9 13 12)
            (12 13 17 16)
            (16 17 21 20)
            (20 21 25 24)
            (24 25 29 28)
            (28 29 33 32)
            (32 33 37 36)
            (36 37 41 40)
            (40 41 45 44)
            (44 45 49 48)
            (48 49 53 52)
            (52 53 57 56)
            (56 57 61 60)
            (60 61 65 64)
        );
    }
);
