FoamFile
{
    version     2.0;
    format      ascii;
    class       dictionary;
    object      blockMeshDict;
}
// Generated by aether.cfd - do not edit by hand. Regenerate from the run config.

scale 1;

vertices
(
    (0 0 -0.03)
    (-0.240644763311 7.46422144166e-17 -0.03)
    (0 0 0)
    (-0.240644763311 7.46422144166e-17 0)
    (0.00196635815604 0.0458591086551 -0.03)
    (-0.237697487006 0.0758157874041 -0.03)
    (0.00196635815604 0.0458591086551 0)
    (-0.237697487006 0.0758157874041 0)
    (0.00785033484489 0.0913816642206 -0.03)
    (-0.229108762142 0.151363455156 -0.03)
    (0.00785033484489 0.0913816642206 0)
    (-0.229108762142 0.151363455156 0)
    (0.0176093205722 0.136233492179 -0.03)
    (-0.215497352056 0.226645766045 -0.03)
    (0.0176093205722 0.136233492179 0)
    (-0.215497352056 0.226645766045 0)
    (0.0311712083834 0.180085508377 -0.03)
    (-0.19755270989 0.302063060192 -0.03)
    (0.0311712083834 0.180085508377 0)
    (-0.19755270989 0.302063060192 0)
    (0.0484368516868 0.222615753366 -0.03)
    (-0.175793070476 0.378403078788 -0.03)
    (0.0484368516868 0.222615753366 0)
    (-0.175793070476 0.378403078788 0)
    (0.0692792346784 0.263512197201 -0.03)
    (-0.150450559068 0.456790340192 -0.03)
    (0.0692792346784 0.263512197201 0)
    (-0.150450559068 0.456790340192 0)
    (0.0935455965914 0.302474586786 -0.03)
    (-0.121439070607 0.538671959919 -0.03)
    (0.0935455965914 0.302474586786 0)
    (-0.121439070607 0.538671959919 0)
    (0.121051781882 0.339221851001 -0.03)
    (-0.0883432458222 0.625865907874 -0.03)
    (0.121051781882 0.339221851001 0)
    (-0.0883432458222 0.625865907874 0)
    (0.149932861346 0.374916357239 -0.03)
    (-0.0510387723216 0.71909120526 -0.03)
    (0.149932861346 0.374916357239 0)
    (-0.0510387723216 0.71909120526 0)
    (0.17881394081 0.410610863477 -0.03)
    (-0.00977722665865 0.818088661132 -0.03)
    (0.17881394081 0.410610863477 0)
    (-0.00977722665865 0.818088661132 0)
    (0.207695020274 0.446305369715 -0.03)
    (0.0354655720089 0.923265257319 -0.03)
    (0.207695020274 0.446305369715 0)
    (0.0354655720089 0.923265257319 0)
    (0.236576099738 0.481999875953 -0.03)
    (0.0847804913191 1.03511431416 -0.03)
    (0.236576099738 0.481999875953 0)
    (0.0847804913191 1.03511431416 0)
    (0.265457179202 0.51769438219 -0.03)
    (0.138325745253 1.15421766213 -0.03)
    (0.265457179202 0.51769438219 0)
    (0.138325745253 1.15421766213 0)
    (0.294338258666 0.553388888428 -0.03)
    (0.196327438418 1.28125182392 -0.03)
    (0.294338258666 0.553388888428 0)
    (0.196327438418 1.28125182392 0)
    (0.325605069288 0.586729738823 -0.03)
    (0.263674533257 1.42687774839 -0.03)
    (0.325605069288 0.586729738823 0)
    (0.263674533257 1.42687774839 0)
    (0.368855171433 0.6 -0.03)
    (0.368855171433 1.6514933994 -0.03)
    (0.368855171433 0.6 0)
    (0.368855171433 1.6514933994 0)
);

blocks
(
    hex (0 4 5 1 2 6 7 3) (4 48 1) simpleGrading (1 4 1)
    hex (4 8 9 5 6 10 11 7) (4 48 1) simpleGrading (1 4 1)
    hex (8 12 13 9 10 14 15 11) (4 48 1) simpleGrading (1 4 1)
    hex (12 16 17 13 14 18 19 15) (4 48 1) simpleGrading (1 4 1)
    hex (16 20 21 17 18 22 23 19) (4 48 1) simpleGrading (1 4 1)
    hex (20 24 25 21 22 26 27 23) (4 48 1) simpleGrading (1 4 1)
    hex (24 28 29 25 26 30 31 27) (4 48 1) simpleGrading (1 4 1)
    hex (28 32 33 29 30 34 35 31) (4 48 1) simpleGrading (1 4 1)
    hex (32 36 37 33 34 38 39 35) (4 48 1) simpleGrading (1 4 1)
    hex (36 40 41 37 38 42 43 39) (4 48 1) simpleGrading (1 4 1)
    hex (40 44 45 41 42 46 47 43) (4 48 1) simpleGrading (1 4 1)
    hex (44 48 49 45 46 50 51 47) (4 48 1) simpleGrading (1 4 1)
    hex (48 52 53 49 50 54 55 51) (4 48 1) simpleGrading (1 4 1)
    hex (52 56 57 53 54 58 59 55) (4 48 1) simpleGrading (1 4 1)
    hex (56 60 61 57 58 62 63 59) (4 48 1) simpleGrading (1 4 1)
    hex (60 64 65 61 62 66 67 63) (4 48 1) simpleGrading (1 4 1)
);

edges
(
    polyLine 0 4 ((7.12957989568e-07 0.000874066753204 -0.03) (2.85183006083e-06 0.00174813118023 -0.03) (6.41661052156e-06 0.00262219095491 -0.03) (1.14072898848e-05 0.00349624375107 -0.03) (1.78238548685e-05 0.00437028724259 -0.03) (2.56662883963e-05 0.00524431910333 -0.03) (3.49345695968e-05 0.00611833700723 -0.03) (4.5628673804e-05 0.00699233862822 -0.03) (5.77485725575e-05 0.00786632164031 -0.03) (7.12942336023e-05 0.00874028371754 -0.03) (8.62656208889e-05 0.00961422253401 -0.03) (0.000102662694573 0.0104881357639 -0.03) (0.000120485411018 0.0113620210814 -0.03) (0.000139733722791 0.0122358761608 -0.03) (0.000160407578665 0.0131096986766 -0.03) (0.000182506923621 0.0139834863031 -0.03) (0.000206031698846 0.014857236715 -0.03) (0.000230981841732 0.015730947587 -0.03) (0.000257357285879 0.0166046165937 -0.03) (0.000285157961093 0.0174782414101 -0.03) (0.000314383793387 0.0183518197112 -0.03) (0.000345034704982 0.019225349172 -0.03) (0.000377110614305 0.0200988274679 -0.03) (0.000410611435993 0.0209722522742 -0.03) (0.000445537080888 0.0218456212665 -0.03) (0.000481887456042 0.0227189321205 -0.03) (0.000519662464714 0.0235921825119 -0.03) (0.000558862006374 0.0244653701167 -0.03) (0.000599485976697 0.0253384926112 -0.03) (0.000641534267571 0.0262115476717 -0.03) (0.000685006767091 0.0270845329746 -0.03) (0.000729903359563 0.0279574461968 -0.03) (0.000776223925502 0.028830285015 -0.03) (0.000823968341633 0.0297030471063 -0.03) (0.000873136480894 0.0305757301481 -0.03) (0.000923728212431 0.0314483318179 -0.03) (0.000975743401604 0.0323208497933 -0.03) (0.00102918190998 0.0331932817524 -0.03) (0.00108404359535 0.0340656253732 -0.03) (0.0011403283117 0.0349378783343 -0.03) (0.00119803590924 0.0358100383142 -0.03) (0.0012571662344 0.0366821029918 -0.03) (0.0013177191298 0.0375540700464 -0.03) (0.0013796944343 0.0384259371572 -0.03) (0.00144309198296 0.0392977020041 -0.03) (0.00150791160706 0.0401693622669 -0.03) (0.00157415313409 0.0410409156258 -0.03) (0.00164181638776 0.0419123597614 -0.03) (0.001710901188 0.0427836923545 -0.03) (0.00178140735095 0.0436549110861 -0.03) (0.00185333468897 0.0445260136377 -0.03) (0.00192668301063 0.045396997691 -0.03))
    polyLine 2 6 ((7.12957989568e-07 0.000874066753204 0) (2.85183006083e-06 0.00174813118023 0) (6.41661052156e-06 0.00262219095491 0) (1.14072898848e-05 0.00349624375107 0) (1.78238548685e-05 0.00437028724259 0) (2.56662883963e-05 0.00524431910333 0) (3.49345695968e-05 0.00611833700723 0) (4.5628673804e-05 0.00699233862822 0) (5.77485725575e-05 0.00786632164031 0) (7.12942336023e-05 0.00874028371754 0) (8.62656208889e-05 0.00961422253401 0) (0.000102662694573 0.0104881357639 0) (0.000120485411018 0.0113620210814 0) (0.000139733722791 0.0122358761608 0) (0.000160407578665 0.0131096986766 0) (0.000182506923621 0.0139834863031 0) (0.000206031698846 0.014857236715 0) (0.000230981841732 0.015730947587 0) (0.000257357285879 0.0166046165937 0) (0.000285157961093 0.0174782414101 0) (0.000314383793387 0.0183518197112 0) (0.000345034704982 0.019225349172 0) (0.000377110614305 0.0200988274679 0) (0.000410611435993 0.0209722522742 0) (0.000445537080888 0.0218456212665 0) (0.000481887456042 0.0227189321205 0) (0.000519662464714 0.0235921825119 0) (0.000558862006374 0.0244653701167 0) (0.000599485976697 0.0253384926112 0) (0.000641534267571 0.0262115476717 0) (0.000685006767091 0.0270845329746 0) (0.000729903359563 0.0279574461968 0) (0.000776223925502 0.028830285015 0) (0.000823968341633 0.0297030471063 0) (0.000873136480894 0.0305757301481 0) (0.000923728212431 0.0314483318179 0) (0.000975743401604 0.0323208497933 0) (0.00102918190998 0.0331932817524 0) (0.00108404359535 0.0340656253732 0) (0.0011403283117 0.0349378783343 0) (0.00119803590924 0.0358100383142 0) (0.0012571662344 0.0366821029918 0) (0.0013177191298 0.0375540700464 0) (0.0013796944343 0.0384259371572 0) (0.00144309198296 0.0392977020041 0) (0.00150791160706 0.0401693622669 0) (0.00157415313409 0.0410409156258 0) (0.00164181638776 0.0419123597614 0) (0.001710901188 0.0427836923545 0) (0.00178140735095 0.0436549110861 0) (0.00185333468897 0.0445260136377 0) (0.00192668301063 0.045396997691 0))
    polyLine 1 5 ((-0.240639617529 0.00315796414249 -0.03) (-0.240624180801 0.00631593787656 -0.03) (-0.240598454986 0.00947393083366 -0.03) (-0.24056244318 0.012631952725 -0.03) (-0.24051614971 0.0157900133813 -0.03) (-0.240459580132 0.0189481227924 -0.03) (-0.240392741218 0.0221062911468 -0.03) (-0.240315640954 0.0252645288708 -0.03) (-0.240228288527 0.0284228466677 -0.03) (-0.240130694312 0.0315812555564 -0.03) (-0.240022869858 0.0347397669096 -0.03) (-0.239904827878 0.0378983924923 -0.03) (-0.239776582228 0.041057144499 -0.03) (-0.239638147891 0.0442160355911 -0.03) (-0.239489540958 0.0473750789336 -0.03) (-0.239330778609 0.0505342882313 -0.03) (-0.239161879088 0.0536936777644 -0.03) (-0.238982861684 0.0568532624236 -0.03) (-0.238793746705 0.0600130577447 -0.03) (-0.238594555452 0.0631730799426 -0.03) (-0.238385310194 0.0663333459442 -0.03) (-0.23816603414 0.0694938734214 -0.03) (-0.23793675141 0.0726546808226 -0.03))
    polyLine 3 7 ((-0.240639617529 0.00315796414249 0) (-0.240624180801 0.00631593787656 0) (-0.240598454986 0.00947393083366 0) (-0.24056244318 0.012631952725 0) (-0.24051614971 0.0157900133813 0) (-0.240459580132 0.0189481227924 0) (-0.240392741218 0.0221062911468 0) (-0.240315640954 0.0252645288708 0) (-0.240228288527 0.0284228466677 0) (-0.240130694312 0.0315812555564 0) (-0.240022869858 0.0347397669096 0) (-0.239904827878 0.0378983924923 0) (-0.239776582228 0.041057144499 0) (-0.239638147891 0.0442160355911 0) (-0.239489540958 0.0473750789336 0) (-0.239330778609 0.0505342882313 0) (-0.239161879088 0.0536936777644 0) (-0.238982861684 0.0568532624236 0) (-0.238793746705 0.0600130577447 0) (-0.238594555452 0.0631730799426 0) (-0.238385310194 0.0663333459442 0) (-0.23816603414 0.0694938734214 0) (-0.23793675141 0.0726546808226 0))
    polyLine 4 8 ((0.00200145212075 0.046267860928 -0.03) (0.00207764182031 0.047138601031 -0.03) (0.00215525190658 0.0480092156828 -0.03) (0.00223428217299 0.0488797025663 -0.03) (0.00231473240922 0.0497500593649 -0.03) (0.00239660240117 0.0506202837622 -0.03) (0.00247989193095 0.0514903734425 -0.03) (0.00256460077691 0.0523603260899 -0.03) (0.0026507287136 0.0532301393893 -0.03) (0.00273827551181 0.0540998110259 -0.03) (0.00282724093856 0.0549693386852 -0.03) (0.00291762475707 0.055838720053 -0.03) (0.0030094267268 0.0567079528157 -0.03) (0.00310264660344 0.0575770346599 -0.03) (0.00319728413889 0.0584459632728 -0.03) (0.00329333908131 0.0593147363418 -0.03) (0.00339081117505 0.0601833515548 -0.03) (0.00348970016071 0.0610518066002 -0.03) (0.00359000577511 0.0619200991667 -0.03) (0.00369172775131 0.0627882269436 -0.03) (0.00379486581859 0.0636561876203 -0.03) (0.00389941970247 0.0645239788871 -0.03) (0.00400538912469 0.0653915984345 -0.03) (0.00411277380323 0.0662590439533 -0.03) (0.00422157345232 0.0671263131351 -0.03) (0.0043317877824 0.0679934036718 -0.03) (0.00444341650014 0.0688603132558 -0.03) (0.00455645930848 0.0697270395799 -0.03) (0.00467091590656 0.0705935803374 -0.03) (0.00478678598979 0.0714599332223 -0.03) (0.00490406924979 0.0723260959289 -0.03) (0.00502276537443 0.0731920661521 -0.03) (0.00514287404782 0.0740578415871 -0.03) (0.00526439495032 0.07492341993 -0.03) (0.00538732775852 0.075788798877 -0.03) (0.00551167214525 0.0766539761253 -0.03) (0.00563742777959 0.0775189493721 -0.03) (0.00576459432687 0.0783837163157 -0.03) (0.00589317144865 0.0792482746544 -0.03) (0.00602315880275 0.0801126220875 -0.03) (0.00615455604323 0.0809767563147 -0.03) (0.0062873628204 0.0818406750362 -0.03) (0.00642157878081 0.0827043759528 -0.03) (0.00655720356728 0.0835678567659 -0.03) (0.00669423681885 0.0844311151776 -0.03) (0.00683267817085 0.0852941488904 -0.03) (0.00697252725482 0.0861569556075 -0.03) (0.0071137836986 0.0870195330327 -0.03) (0.00725644712624 0.0878818788704 -0.03) (0.00740051715808 0.0887439908256 -0.03) (0.0075459934107 0.0896058666039 -0.03) (0.00769287549693 0.0904675039117 -0.03) (0.00784116302588 0.0913289004557 -0.03))
    polyLine 6 10 ((0.00200145212075 0.046267860928 0) (0.00207764182031 0.047138601031 0) (0.00215525190658 0.0480092156828 0) (0.00223428217299 0.0488797025663 0) (0.00231473240922 0.0497500593649 0) (0.00239660240117 0.0506202837622 0) (0.00247989193095 0.0514903734425 0) (0.00256460077691 0.0523603260899 0) (0.0026507287136 0.0532301393893 0) (0.00273827551181 0.0540998110259 0) (0.00282724093856 0.0549693386852 0) (0.00291762475707 0.055838720053 0) (0.0030094267268 0.0567079528157 0) (0.00310264660344 0.0575770346599 0) (0.00319728413889 0.0584459632728 0) (0.00329333908131 0.0593147363418 0) (0.00339081117505 0.0601833515548 0) (0.00348970016071 0.0610518066002 0) (0.00359000577511 0.0619200991667 0) (0.00369172775131 0.0627882269436 0) (0.00379486581859 0.0636561876203 0) (0.00389941970247 0.0645239788871 0) (0.00400538912469 0.0653915984345 0) (0.00411277380323 0.0662590439533 0) (0.00422157345232 0.0671263131351 0) (0.0043317877824 0.0679934036718 0) (0.00444341650014 0.0688603132558 0) (0.00455645930848 0.0697270395799 0) (0.00467091590656 0.0705935803374 0) (0.00478678598979 0.0714599332223 0) (0.00490406924979 0.0723260959289 0) (0.00502276537443 0.0731920661521 0) (0.00514287404782 0.0740578415871 0) (0.00526439495032 0.07492341993 0) (0.00538732775852 0.075788798877 0) (0.00551167214525 0.0766539761253 0) (0.00563742777959 0.0775189493721 0) (0.00576459432687 0.0783837163157 0) (0.00589317144865 0.0792482746544 0) (0.00602315880275 0.0801126220875 0) (0.00615455604323 0.0809767563147 0) (0.0062873628204 0.0818406750362 0) (0.00642157878081 0.0827043759528 0) (0.00655720356728 0.0835678567659 0) (0.00669423681885 0.0844311151776 0) (0.00683267817085 0.0852941488904 0) (0.00697252725482 0.0861569556075 0) (0.0071137836986 0.0870195330327 0) (0.00725644712624 0.0878818788704 0) (0.00740051715808 0.0887439908256 0) (0.0075459934107 0.0896058666039 0) (0.00769287549693 0.0904675039117 0) (0.00784116302588 0.0913289004557 0))
    polyLine 5 9 ((-0.237449852022 0.0789574937381 -0.03) (-0.237192411201 0.0820995359459 -0.03) (-0.236925191486 0.085241935472 -0.03) (-0.23664822056 0.088384714663 -0.03) (-0.236361526811 0.091527896794 -0.03) (-0.236065139298 0.0946715060944 -0.03) (-0.235759087718 0.0978155677729 -0.03) (-0.235443402373 0.100960108042 -0.03) (-0.235118114132 0.104105154141 -0.03) (-0.2347832544 0.107250734359 -0.03) (-0.234438855082 0.110396878058 -0.03) (-0.234084948543 0.113543615691 -0.03) (-0.233721567578 0.116690978828 -0.03) (-0.23334874537 0.119839000169 -0.03) (-0.23296651546 0.122987713568 -0.03) (-0.232574911705 0.126137154048 -0.03) (-0.232173968243 0.129287357822 -0.03) (-0.231763719458 0.132438362306 -0.03) (-0.231344199943 0.135590206136 -0.03) (-0.230915444462 0.138742929189 -0.03) (-0.230477487915 0.141896572586 -0.03) (-0.230030365299 0.145051178719 -0.03) (-0.229574111679 0.148206791256 -0.03))
    polyLine 7 11 ((-0.237449852022 0.0789574937381 0) (-0.237192411201 0.0820995359459 0) (-0.236925191486 0.085241935472 0) (-0.23664822056 0.088384714663 0) (-0.236361526811 0.091527896794 0) (-0.236065139298 0.0946715060944 0) (-0.235759087718 0.0978155677729 0) (-0.235443402373 0.100960108042 0) (-0.235118114132 0.104105154141 0) (-0.2347832544 0.107250734359 0) (-0.234438855082 0.110396878058 0) (-0.234084948543 0.113543615691 0) (-0.233721567578 0.116690978828 0) (-0.23334874537 0.119839000169 0) (-0.23296651546 0.122987713568 0) (-0.232574911705 0.126137154048 0) (-0.232173968243 0.129287357822 0) (-0.231763719458 0.132438362306 0) (-0.231344199943 0.135590206136 0) (-0.230915444462 0.138742929189 0) (-0.230477487915 0.141896572586 0) (-0.230030365299 0.145051178719 0) (-0.229574111679 0.148206791256 0))
    polyLine 8 12 ((0.0079908556029 0.0921900539436 -0.03) (0.00814195282961 0.0930509620836 -0.03) (0.0082944543039 0.0939116225844 -0.03) (0.0084483596199 0.0947720331557 -0.03) (0.00860366836803 0.0956321915074 -0.03) (0.00876038013495 0.0964920953506 -0.03) (0.00891849450361 0.0973517423966 -0.03) (0.00907801105321 0.0982111303578 -0.03) (0.00923892935923 0.0990702569469 -0.03) (0.00940124899341 0.0999291198776 -0.03) (0.00956496952376 0.100787716864 -0.03) (0.00973009051456 0.101646045622 -0.03) (0.00989661152639 0.102504103865 -0.03) (0.0100645321161 0.103361889312 -0.03) (0.0102338518367 0.104219399679 -0.03) (0.0104045702377 0.105076632684 -0.03) (0.0105766868647 0.105933586046 -0.03) (0.0107502012596 0.106790257484 -0.03) (0.0109251129607 0.107646644718 -0.03) (0.0111014215025 0.108502745468 -0.03) (0.0112791264157 0.109358557458 -0.03) (0.0114582272275 0.110214078408 -0.03) (0.0116387234611 0.111069306043 -0.03) (0.0118206146363 0.111924238086 -0.03) (0.0120039002689 0.112778872261 -0.03) (0.0121885798712 0.113633206295 -0.03) (0.0123746529516 0.114487237914 -0.03) (0.012562119015 0.115340964845 -0.03) (0.0127509775625 0.116194384816 -0.03) (0.0129412280914 0.117047495555 -0.03) (0.0131328700955 0.117900294793 -0.03) (0.0133259030646 0.118752780259 -0.03) (0.0135203264852 0.119604949685 -0.03) (0.0137161398397 0.120456800803 -0.03) (0.013913342607 0.121308331347 -0.03) (0.0141119342623 0.122159539048 -0.03) (0.0143119142772 0.123010421644 -0.03) (0.0145132821193 0.123860976868 -0.03) (0.0147160372528 0.124711202458 -0.03) (0.0149201791381 0.12556109615 -0.03) (0.0151257072318 0.126410655683 -0.03) (0.0153326209871 0.127259878796 -0.03) (0.0155409198533 0.128108763228 -0.03) (0.0157506032759 0.128957306721 -0.03) (0.015961670697 0.129805507017 -0.03) (0.0161741215548 0.130653361857 -0.03) (0.016387955284 0.131500868986 -0.03) (0.0166031713154 0.132348026148 -0.03) (0.0168197690763 0.133194831088 -0.03) (0.0170377479903 0.134041281554 -0.03) (0.0172571074772 0.134887375292 -0.03) (0.0174778469533 0.13573311005 -0.03))
    polyLine 10 14 ((0.0079908556029 0.0921900539436 0) (0.00814195282961 0.0930509620836 0) (0.0082944543039 0.0939116225844 0) (0.0084483596199 0.0947720331557 0) (0.00860366836803 0.0956321915074 0) (0.00876038013495 0.0964920953506 0) (0.00891849450361 0.0973517423966 0) (0.00907801105321 0.0982111303578 0) (0.00923892935923 0.0990702569469 0) (0.00940124899341 0.0999291198776 0) (0.00956496952376 0.100787716864 0) (0.00973009051456 0.101646045622 0) (0.00989661152639 0.102504103865 0) (0.0100645321161 0.103361889312 0) (0.0102338518367 0.104219399679 0) (0.0104045702377 0.105076632684 0) (0.0105766868647 0.105933586046 0) (0.0107502012596 0.106790257484 0) (0.0109251129607 0.107646644718 0) (0.0111014215025 0.108502745468 0) (0.0112791264157 0.109358557458 0) (0.0114582272275 0.110214078408 0) (0.0116387234611 0.111069306043 0) (0.0118206146363 0.111924238086 0) (0.0120039002689 0.112778872261 0) (0.0121885798712 0.113633206295 0) (0.0123746529516 0.114487237914 0) (0.012562119015 0.115340964845 0) (0.0127509775625 0.116194384816 0) (0.0129412280914 0.117047495555 0) (0.0131328700955 0.117900294793 0) (0.0133259030646 0.118752780259 0) (0.0135203264852 0.119604949685 0) (0.0137161398397 0.120456800803 0) (0.013913342607 0.121308331347 0) (0.0141119342623 0.122159539048 0) (0.0143119142772 0.123010421644 0) (0.0145132821193 0.123860976868 0) (0.0147160372528 0.124711202458 0) (0.0149201791381 0.12556109615 0) (0.0151257072318 0.126410655683 0) (0.0153326209871 0.127259878796 0) (0.0155409198533 0.128108763228 0) (0.0157506032759 0.128957306721 0) (0.015961670697 0.129805507017 0) (0.0161741215548 0.130653361857 0) (0.016387955284 0.131500868986 0) (0.0166031713154 0.132348026148 0) (0.0168197690763 0.133194831088 0) (0.0170377479903 0.134041281554 0) (0.0172571074772 0.134887375292 0) (0.0174778469533 0.13573311005 0))
    polyLine 9 13 ((-0.22864017343 0.154482821096 -0.03) (-0.228162776624 0.157603303991 -0.03) (-0.227676605425 0.160724950961 -0.03) (-0.227181693428 0.163847810398 -0.03) (-0.226678074087 0.166971931977 -0.03) (-0.226165780684 0.170097366665 -0.03) (-0.225644846299 0.173224166728 -0.03) (-0.225115303779 0.176352385742 -0.03) (-0.224577185703 0.179482078597 -0.03) (-0.224030524358 0.18261330151 -0.03) (-0.223475351702 0.185746112027 -0.03) (-0.222911699343 0.188880569031 -0.03) (-0.222339598502 0.192016732752 -0.03) (-0.221759079989 0.195154664768 -0.03) (-0.221170174174 0.198294428016 -0.03) (-0.22057291096 0.201436086795 -0.03) (-0.219967319755 0.204579706771 -0.03) (-0.219353429446 0.207725354987 -0.03) (-0.218731268374 0.210873099861 -0.03) (-0.218100864308 0.2140230112 -0.03) (-0.217462244418 0.217175160198 -0.03) (-0.216815435255 0.220329619444 -0.03) (-0.216160462722 0.223486462929 -0.03))
    polyLine 11 15 ((-0.22864017343 0.154482821096 0) (-0.228162776624 0.157603303991 0) (-0.227676605425 0.160724950961 0) (-0.227181693428 0.163847810398 0) (-0.226678074087 0.166971931977 0) (-0.226165780684 0.170097366665 0) (-0.225644846299 0.173224166728 0) (-0.225115303779 0.176352385742 0) (-0.224577185703 0.179482078597 0) (-0.224030524358 0.18261330151 0) (-0.223475351702 0.185746112027 0) (-0.222911699343 0.188880569031 0) (-0.222339598502 0.192016732752 0) (-0.221759079989 0.195154664768 0) (-0.221170174174 0.198294428016 0) (-0.22057291096 0.201436086795 0) (-0.219967319755 0.204579706771 0) (-0.219353429446 0.207725354987 0) (-0.218731268374 0.210873099861 0) (-0.218100864308 0.2140230112 0) (-0.217462244418 0.217175160198 0) (-0.216815435255 0.220329619444 0) (-0.216160462722 0.223486462929 0))
    polyLine 12 16 ((0.0176999658311 0.136578483577 -0.03) (0.0179234635194 0.137423493625 -0.03) (0.0181483394235 0.138268137944 -0.03) (0.0183745929449 0.139112414286 -0.03) (0.0186022234815 0.139956320404 -0.03) (0.0188312304275 0.140799854052 -0.03) (0.0190616131733 0.141643012986 -0.03) (0.0192933711059 0.142485794962 -0.03) (0.0195265036085 0.143328197735 -0.03) (0.0197610100607 0.144170219066 -0.03) (0.0199968898383 0.145011856713 -0.03) (0.0202341423136 0.145853108435 -0.03) (0.0204727668552 0.146693971994 -0.03) (0.020712762828 0.147534445153 -0.03) (0.0209541295934 0.148374525674 -0.03) (0.0211968665089 0.149214211322 -0.03) (0.0214409729287 0.150053499862 -0.03) (0.0216864482029 0.15089238906 -0.03) (0.0219332916783 0.151730876684 -0.03) (0.0221815026981 0.152568960503 -0.03) (0.0224310806016 0.153406638286 -0.03) (0.0226820247246 0.154243907803 -0.03) (0.0229343343992 0.155080766826 -0.03) (0.0231880089541 0.155917213129 -0.03) (0.0234430477141 0.156753244485 -0.03) (0.0236994500004 0.15758885867 -0.03) (0.0239572151306 0.158424053458 -0.03) (0.0242163424189 0.159258826629 -0.03) (0.0244768311755 0.160093175959 -0.03) (0.0247386807072 0.160927099229 -0.03) (0.0250018903171 0.161760594219 -0.03) (0.0252664593048 0.162593658711 -0.03) (0.0255323869662 0.163426290488 -0.03) (0.0257996725935 0.164258487334 -0.03) (0.0260683154753 0.165090247035 -0.03) (0.0263383148968 0.165921567376 -0.03) (0.0266096701394 0.166752446146 -0.03) (0.0268823804809 0.167582881132 -0.03) (0.0271564451956 0.168412870126 -0.03) (0.0274318635541 0.169242410918 -0.03) (0.0277086348233 0.1700715013 -0.03) (0.0279867582668 0.170900139066 -0.03) (0.0282662331443 0.171728322011 -0.03) (0.028547058712 0.172556047931 -0.03) (0.0288292342227 0.173383314622 -0.03) (0.0291127589253 0.174210119883 -0.03) (0.0293976320652 0.175036461515 -0.03) (0.0296838528845 0.175862337316 -0.03) (0.0299714206212 0.176687745091 -0.03) (0.0302603345101 0.177512682641 -0.03) (0.0305505937824 0.178337147772 -0.03) (0.0308421976655 0.17916113829 -0.03) (0.0311351453833 0.179984652001 -0.03))
    polyLine 14 18 ((0.0176999658311 0.136578483577 0) (0.0179234635194 0.137423493625 0) (0.0181483394235 0.138268137944 0) (0.0183745929449 0.139112414286 0) (0.0186022234815 0.139956320404 0) (0.0188312304275 0.140799854052 0) (0.0190616131733 0.141643012986 0) (0.0192933711059 0.142485794962 0) (0.0195265036085 0.143328197735 0) (0.0197610100607 0.144170219066 0) (0.0199968898383 0.145011856713 0) (0.0202341423136 0.145853108435 0) (0.0204727668552 0.146693971994 0) (0.020712762828 0.147534445153 0) (0.0209541295934 0.148374525674 0) (0.0211968665089 0.149214211322 0) (0.0214409729287 0.150053499862 0) (0.0216864482029 0.15089238906 0) (0.0219332916783 0.151730876684 0) (0.0221815026981 0.152568960503 0) (0.0224310806016 0.153406638286 0) (0.0226820247246 0.154243907803 0) (0.0229343343992 0.155080766826 0) (0.0231880089541 0.155917213129 0) (0.0234430477141 0.156753244485 0) (0.0236994500004 0.15758885867 0) (0.0239572151306 0.158424053458 0) (0.0242163424189 0.159258826629 0) (0.0244768311755 0.160093175959 0) (0.0247386807072 0.160927099229 0) (0.0250018903171 0.161760594219 0) (0.0252664593048 0.162593658711 0) (0.0255323869662 0.163426290488 0) (0.0257996725935 0.164258487334 0) (0.0260683154753 0.165090247035 0) (0.0263383148968 0.165921567376 0) (0.0266096701394 0.166752446146 0) (0.0268823804809 0.167582881132 0) (0.0271564451956 0.168412870126 0) (0.0274318635541 0.169242410918 0) (0.0277086348233 0.1700715013 0) (0.0279867582668 0.170900139066 0) (0.0282662331443 0.171728322011 0) (0.028547058712 0.172556047931 0) (0.0288292342227 0.173383314622 0) (0.0291127589253 0.174210119883 0) (0.0293976320652 0.175036461515 0) (0.0296838528845 0.175862337316 0) (0.0299714206212 0.176687745091 0) (0.0302603345101 0.177512682641 0) (0.0305505937824 0.178337147772 0) (0.0308421976655 0.17916113829 0) (0.0311351453833 0.179984652001 0))
    polyLine 13 17 ((-0.214837958808 0.229752181034 -0.03) (-0.214170756421 0.232861118514 -0.03) (-0.213495766817 0.235972653976 -0.03) (-0.212813011211 0.239086864237 -0.03) (-0.212122510094 0.24220382745 -0.03) (-0.211424283214 0.245323623101 -0.03) (-0.21071834956 0.248446332024 -0.03) (-0.21000472734 0.251572036396 -0.03) (-0.209283433967 0.25470081975 -0.03) (-0.20855448604 0.257832766976 -0.03) (-0.207817899329 0.26096796433 -0.03) (-0.207073688755 0.264106499436 -0.03) (-0.20632186838 0.267248461296 -0.03) (-0.205562451384 0.270393940294 -0.03) (-0.204795450058 0.273543028205 -0.03) (-0.204020875781 0.276695818196 -0.03) (-0.203238739011 0.279852404843 -0.03) (-0.202449049268 0.283012884128 -0.03) (-0.201651815121 0.286177353455 -0.03) (-0.200847044172 0.289345911653 -0.03) (-0.200034743046 0.292518658989 -0.03) (-0.199214917375 0.295695697171 -0.03) (-0.198387571787 0.298877129363 -0.03))
    polyLine 15 19 ((-0.214837958808 0.229752181034 0) (-0.214170756421 0.232861118514 0) (-0.213495766817 0.235972653976 0) (-0.212813011211 0.239086864237 0) (-0.212122510094 0.24220382745 0) (-0.211424283214 0.245323623101 0) (-0.21071834956 0.248446332024 0) (-0.21000472734 0.251572036396 0) (-0.209283433967 0.25470081975 0) (-0.20855448604 0.257832766976 0) (-0.207817899329 0.26096796433 0) (-0.207073688755 0.264106499436 0) (-0.20632186838 0.267248461296 0) (-0.205562451384 0.270393940294 0) (-0.204795450058 0.273543028205 0) (-0.204020875781 0.276695818196 0) (-0.203238739011 0.279852404843 0) (-0.202449049268 0.283012884128 0) (-0.201651815121 0.286177353455 0) (-0.200847044172 0.289345911653 0) (-0.200034743046 0.292518658989 0) (-0.199214917375 0.295695697171 0) (-0.198387571787 0.298877129363 0))
    polyLine 16 20 ((0.0314294361563 0.180807686713 -0.03) (0.0317250692013 0.181630240237 -0.03) (0.0320220437314 0.182452310384 -0.03) (0.0323203589563 0.183273894965 -0.03) (0.0326200140822 0.184094991794 -0.03) (0.0329210083115 0.184915598686 -0.03) (0.0332233408431 0.185735713457 -0.03) (0.0335270108726 0.186555333925 -0.03) (0.0338320175916 0.187374457907 -0.03) (0.0341383601885 0.188193083225 -0.03) (0.0344460378481 0.189011207699 -0.03) (0.0347550497514 0.189828829152 -0.03) (0.0350653950761 0.190645945409 -0.03) (0.0353770729963 0.191462554294 -0.03) (0.0356900826825 0.192278653635 -0.03) (0.0360044233016 0.193094241259 -0.03) (0.0363200940172 0.193909314996 -0.03) (0.036637093989 0.194723872677 -0.03) (0.0369554223735 0.195537912133 -0.03) (0.0372750783235 0.196351431199 -0.03) (0.0375960609883 0.19716442771 -0.03) (0.0379183695136 0.197976899501 -0.03) (0.0382420030417 0.198788844411 -0.03) (0.0385669607112 0.199600260279 -0.03) (0.0388932416574 0.200411144945 -0.03) (0.0392208450119 0.201221496251 -0.03) (0.0395497699029 0.202031312041 -0.03) (0.0398800154549 0.202840590159 -0.03) (0.0402115807891 0.203649328452 -0.03) (0.0405444650231 0.204457524768 -0.03) (0.040878667271 0.205265176955 -0.03) (0.0412141866433 0.206072282863 -0.03) (0.0415510222471 0.206878840346 -0.03) (0.041889173186 0.207684847257 -0.03) (0.04222863856 0.20849030145 -0.03) (0.0425694174658 0.209295200782 -0.03) (0.0429115089964 0.210099543111 -0.03) (0.0432549122414 0.210903326296 -0.03) (0.0435996262868 0.211706548198 -0.03) (0.0439456502154 0.21250920668 -0.03) (0.0442929831061 0.213311299605 -0.03) (0.0446416240346 0.214112824839 -0.03) (0.0449915720732 0.214913780248 -0.03) (0.0453428262904 0.215714163702 -0.03) (0.0456953857514 0.216513973069 -0.03) (0.046049249518 0.217313206221 -0.03) (0.0464044166485 0.218111861032 -0.03) (0.0467608861975 0.218909935376 -0.03) (0.0471186572165 0.219707427128 -0.03) (0.0474777287533 0.220504334167 -0.03) (0.0478380998522 0.221300654372 -0.03) (0.0481997695543 0.222096385623 -0.03))
    polyLine 18 22 ((0.0314294361563 0.180807686713 0) (0.0317250692013 0.181630240237 0) (0.0320220437314 0.182452310384 0) (0.0323203589563 0.183273894965 0) (0.0326200140822 0.184094991794 0) (0.0329210083115 0.184915598686 0) (0.0332233408431 0.185735713457 0) (0.0335270108726 0.186555333925 0) (0.0338320175916 0.187374457907 0) (0.0341383601885 0.188193083225 0) (0.0344460378481 0.189011207699 0) (0.0347550497514 0.189828829152 0) (0.0350653950761 0.190645945409 0) (0.0353770729963 0.191462554294 0) (0.0356900826825 0.192278653635 0) (0.0360044233016 0.193094241259 0) (0.0363200940172 0.193909314996 0) (0.036637093989 0.194723872677 0) (0.0369554223735 0.195537912133 0) (0.0372750783235 0.196351431199 0) (0.0375960609883 0.19716442771 0) (0.0379183695136 0.197976899501 0) (0.0382420030417 0.198788844411 0) (0.0385669607112 0.199600260279 0) (0.0388932416574 0.200411144945 0) (0.0392208450119 0.201221496251 0) (0.0395497699029 0.202031312041 0) (0.0398800154549 0.202840590159 0) (0.0402115807891 0.203649328452 0) (0.0405444650231 0.204457524768 0) (0.040878667271 0.205265176955 0) (0.0412141866433 0.206072282863 0) (0.0415510222471 0.206878840346 0) (0.041889173186 0.207684847257 0) (0.04222863856 0.20849030145 0) (0.0425694174658 0.209295200782 0) (0.0429115089964 0.210099543111 0) (0.0432549122414 0.210903326296 0) (0.0435996262868 0.211706548198 0) (0.0439456502154 0.21250920668 0) (0.0442929831061 0.213311299605 0) (0.0446416240346 0.214112824839 0) (0.0449915720732 0.214913780248 0) (0.0453428262904 0.215714163702 0) (0.0456953857514 0.216513973069 0) (0.046049249518 0.217313206221 0) (0.0464044166485 0.218111861032 0) (0.0467608861975 0.218909935376 0) (0.0471186572165 0.219707427128 0) (0.0474777287533 0.220504334167 0) (0.0478380998522 0.221300654372 0) (0.0481997695543 0.222096385623 0))
    polyLine 17 21 ((-0.196729074159 0.305182875069 -0.03) (-0.195898255318 0.308307193524 -0.03) (-0.195060253846 0.311436117501 -0.03) (-0.19421506925 0.31456975032 -0.03) (-0.193362700047 0.317708196688 -0.03) (-0.192503143759 0.32085156271 -0.03) (-0.191636396899 0.323999955902 -0.03) (-0.190762454962 0.327153485202 -0.03) (-0.189881312415 0.330312260981 -0.03) (-0.188992962686 0.333476395056 -0.03) (-0.188097398151 0.336646000707 -0.03) (-0.187194610129 0.339821192686 -0.03) (-0.18628458887 0.343002087234 -0.03) (-0.18536732354 0.346188802095 -0.03) (-0.184442802218 0.349381456531 -0.03) (-0.183511011881 0.35258017134 -0.03) (-0.182571938396 0.355785068869 -0.03) (-0.181625566507 0.358996273035 -0.03) (-0.180671879827 0.362213909338 -0.03) (-0.179710860827 0.365438104883 -0.03) (-0.178742490826 0.368668988399 -0.03) (-0.177766749978 0.371906690254 -0.03) (-0.176783617263 0.375151342479 -0.03))
    polyLine 19 23 ((-0.196729074159 0.305182875069 0) (-0.195898255318 0.308307193524 0) (-0.195060253846 0.311436117501 0) (-0.19421506925 0.31456975032 0) (-0.193362700047 0.317708196688 0) (-0.192503143759 0.32085156271 0) (-0.191636396899 0.323999955902 0) (-0.190762454962 0.327153485202 0) (-0.189881312415 0.330312260981 0) (-0.188992962686 0.333476395056 0) (-0.188097398151 0.336646000707 0) (-0.187194610129 0.339821192686 0) (-0.18628458887 0.343002087234 0) (-0.18536732354 0.346188802095 0) (-0.184442802218 0.349381456531 0) (-0.183511011881 0.35258017134 0) (-0.182571938396 0.355785068869 0) (-0.181625566507 0.358996273035 0) (-0.180671879827 0.362213909338 0) (-0.179710860827 0.365438104883 0) (-0.178742490826 0.368668988399 0) (-0.177766749978 0.371906690254 0) (-0.176783617263 0.375151342479 0))
    polyLine 20 24 ((0.048562736897 0.222891525803 -0.03) (0.0489270009142 0.223686072795 -0.03) (0.0492925606367 0.224480024486 -0.03) (0.0496594150914 0.225273378761 -0.03) (0.0500275633022 0.22606613351 -0.03) (0.0503970042892 0.226858286623 -0.03) (0.0507677370692 0.227649835992 -0.03) (0.0511397606556 0.22844077951 -0.03) (0.0515130740583 0.229231115072 -0.03) (0.0518876762839 0.230020840575 -0.03) (0.0522635663352 0.230809953917 -0.03) (0.0526407432121 0.231598452998 -0.03) (0.0530192059107 0.23238633572 -0.03) (0.0533989534237 0.233173599985 -0.03) (0.0537799847407 0.233960243699 -0.03) (0.0541622988474 0.234746264768 -0.03) (0.0545458947265 0.235531661101 -0.03) (0.054930771357 0.236316430606 -0.03) (0.0553169277147 0.237100571196 -0.03) (0.055704362772 0.237884080784 -0.03) (0.0560930754976 0.238666957284 -0.03) (0.0564830648572 0.239449198613 -0.03) (0.0568743298127 0.240230802689 -0.03) (0.057266869323 0.241011767432 -0.03) (0.0576606823434 0.241792090764 -0.03) (0.0580557678258 0.242571770608 -0.03) (0.0584521247187 0.243350804889 -0.03) (0.0588497519674 0.244129191534 -0.03) (0.0592486485135 0.24490692847 -0.03) (0.0596488132955 0.245684013629 -0.03) (0.0600502452485 0.246460444943 -0.03) (0.060452943304 0.247236220344 -0.03) (0.0608569063905 0.248011337769 -0.03) (0.0612621334327 0.248785795154 -0.03) (0.0616686233523 0.249559590439 -0.03) (0.0620763750674 0.250332721564 -0.03) (0.0624853874929 0.251105186471 -0.03) (0.0628956595404 0.251876983105 -0.03) (0.0633071901178 0.252648109412 -0.03) (0.06371997813 0.25341856334 -0.03) (0.0641340224784 0.254188342837 -0.03) (0.0645493220612 0.254957445856 -0.03) (0.064965875773 0.25572587035 -0.03) (0.0653836825053 0.256493614273 -0.03) (0.0658027411461 0.257260675583 -0.03) (0.0662230505803 0.258027052238 -0.03) (0.0666446096892 0.258792742198 -0.03) (0.067067417351 0.259557743426 -0.03) (0.0674914724403 0.260322053885 -0.03) (0.0679167738287 0.261085671543 -0.03) (0.0683433203842 0.261848594365 -0.03) (0.0687711109717 0.262610820323 -0.03) (0.0692001444528 0.263372347387 -0.03))
    polyLine 22 26 ((0.048562736897 0.222891525803 0) (0.0489270009142 0.223686072795 0) (0.0492925606367 0.224480024486 0) (0.0496594150914 0.225273378761 0) (0.0500275633022 0.22606613351 0) (0.0503970042892 0.226858286623 0) (0.0507677370692 0.227649835992 0) (0.0511397606556 0.22844077951 0) (0.0515130740583 0.229231115072 0) (0.0518876762839 0.230020840575 0) (0.0522635663352 0.230809953917 0) (0.0526407432121 0.231598452998 0) (0.0530192059107 0.23238633572 0) (0.0533989534237 0.233173599985 0) (0.0537799847407 0.233960243699 0) (0.0541622988474 0.234746264768 0) (0.0545458947265 0.235531661101 0) (0.054930771357 0.236316430606 0) (0.0553169277147 0.237100571196 0) (0.055704362772 0.237884080784 0) (0.0560930754976 0.238666957284 0) (0.0564830648572 0.239449198613 0) (0.0568743298127 0.240230802689 0) (0.057266869323 0.241011767432 0) (0.0576606823434 0.241792090764 0) (0.0580557678258 0.242571770608 0) (0.0584521247187 0.243350804889 0) (0.0588497519674 0.244129191534 0) (0.0592486485135 0.24490692847 0) (0.0596488132955 0.245684013629 0) (0.0600502452485 0.246460444943 0) (0.060452943304 0.247236220344 0) (0.0608569063905 0.248011337769 0) (0.0612621334327 0.248785795154 0) (0.0616686233523 0.249559590439 0) (0.0620763750674 0.250332721564 0) (0.0624853874929 0.251105186471 0) (0.0628956595404 0.251876983105 0) (0.0633071901178 0.252648109412 0) (0.06371997813 0.25341856334 0) (0.0641340224784 0.254188342837 0) (0.0645493220612 0.254957445856 0) (0.064965875773 0.25572587035 0) (0.0653836825053 0.256493614273 0) (0.0658027411461 0.257260675583 0) (0.0662230505803 0.258027052238 0) (0.0666446096892 0.258792742198 0) (0.067067417351 0.259557743426 0) (0.0674914724403 0.260322053885 0) (0.0679167738287 0.261085671543 0) (0.0683433203842 0.261848594365 0) (0.0687711109717 0.262610820323 0) (0.0692001444528 0.263372347387 0))
    polyLine 21 25 ((-0.174821064262 0.381577417416 -0.03) (-0.173841978649 0.384758732629 -0.03) (-0.17285578981 0.387947152725 -0.03) (-0.171862472814 0.391142807597 -0.03) (-0.170862001612 0.394345828754 -0.03) (-0.169854349026 0.39755634934 -0.03) (-0.168839486741 0.400774504159 -0.03) (-0.167817385293 0.404000429696 -0.03) (-0.166788014057 0.407234264143 -0.03) (-0.165751341237 0.410476147421 -0.03) (-0.164707333854 0.413726221204 -0.03) (-0.163655957737 0.41698462895 -0.03) (-0.162597177504 0.42025151592 -0.03) (-0.161530956557 0.423527029212 -0.03) (-0.160457257068 0.426811317783 -0.03) (-0.159376039963 0.430104532481 -0.03) (-0.158287264912 0.433406826075 -0.03) (-0.157190890315 0.436718353282 -0.03) (-0.156086873287 0.440039270799 -0.03) (-0.154975169647 0.443369737338 -0.03) (-0.153855733899 0.446709913653 -0.03) (-0.152728519222 0.450059962578 -0.03) (-0.151593477452 0.45342004906 -0.03))
    polyLine 23 27 ((-0.174821064262 0.381577417416 0) (-0.173841978649 0.384758732629 0) (-0.17285578981 0.387947152725 0) (-0.171862472814 0.391142807597 0) (-0.170862001612 0.394345828754 0) (-0.169854349026 0.39755634934 0) (-0.168839486741 0.400774504159 0) (-0.167817385293 0.404000429696 0) (-0.166788014057 0.407234264143 0) (-0.165751341237 0.410476147421 0) (-0.164707333854 0.413726221204 0) (-0.163655957737 0.41698462895 0) (-0.162597177504 0.42025151592 0) (-0.161530956557 0.423527029212 0) (-0.160457257068 0.426811317783 0) (-0.159376039963 0.430104532481 0) (-0.158287264912 0.433406826075 0) (-0.157190890315 0.436718353282 0) (-0.156086873287 0.440039270799 0) (-0.154975169647 0.443369737338 0) (-0.153855733899 0.446709913653 0) (-0.152728519222 0.450059962578 0) (-0.151593477452 0.45342004906 0))
    polyLine 24 28 ((0.0696304196855 0.264133173531 -0.03) (0.0700619355249 0.26489329673 -0.03) (0.0704946908225 0.265652714961 -0.03) (0.0709286844265 0.266411426204 -0.03) (0.0713639151821 0.267169428438 -0.03) (0.0718003819308 0.267926719646 -0.03) (0.0722380835112 0.268683297814 -0.03) (0.0726770187583 0.269439160927 -0.03) (0.073117186504 0.270194306975 -0.03) (0.0735585855769 0.270948733947 -0.03) (0.0740012148023 0.271702439835 -0.03) (0.0744450730022 0.272455422634 -0.03) (0.0748901589953 0.27320768034 -0.03) (0.0753364715971 0.273959210951 -0.03) (0.0757840096198 0.274710012466 -0.03) (0.0762327718724 0.275460082888 -0.03) (0.0766827571606 0.276209420221 -0.03) (0.0771339642868 0.276958022469 -0.03) (0.0775863920502 0.277705887642 -0.03) (0.0780400392468 0.278453013748 -0.03) (0.0784949046692 0.279199398799 -0.03) (0.078950987107 0.279945040809 -0.03) (0.0794082853462 0.280689937794 -0.03) (0.0798667981699 0.281434087771 -0.03) (0.0803265243579 0.282177488759 -0.03) (0.0807874626867 0.282920138781 -0.03) (0.0812496119295 0.283662035859 -0.03) (0.0817129708564 0.284403178019 -0.03) (0.0821775382343 0.28514356329 -0.03) (0.0826433128268 0.2858831897 -0.03) (0.0831102933944 0.286622055281 -0.03) (0.0835784786941 0.287360158067 -0.03) (0.0840478674802 0.288097496093 -0.03) (0.0845184585032 0.288834067397 -0.03) (0.084990250511 0.28956987002 -0.03) (0.0854632422477 0.290304902001 -0.03) (0.0859374324548 0.291039161387 -0.03) (0.0864128198701 0.291772646221 -0.03) (0.0868894032286 0.292505354553 -0.03) (0.0873671812619 0.293237284433 -0.03) (0.0878461526984 0.293968433912 -0.03) (0.0883263162635 0.294698801044 -0.03) (0.0888076706793 0.295428383886 -0.03) (0.0892902146648 0.296157180497 -0.03) (0.0897739469356 0.296885188936 -0.03) (0.0902588662046 0.297612407266 -0.03) (0.0907449711811 0.298338833552 -0.03) (0.0912322605715 0.299064465861 -0.03) (0.0917207330789 0.299789302261 -0.03) (0.0922103874033 0.300513340824 -0.03) (0.0927012222416 0.301236579622 -0.03) (0.0931932362876 0.30195901673 -0.03))
    polyLine 26 30 ((0.0696304196855 0.264133173531 0) (0.0700619355249 0.26489329673 0) (0.0704946908225 0.265652714961 0) (0.0709286844265 0.266411426204 0) (0.0713639151821 0.267169428438 0) (0.0718003819308 0.267926719646 0) (0.0722380835112 0.268683297814 0) (0.0726770187583 0.269439160927 0) (0.073117186504 0.270194306975 0) (0.0735585855769 0.270948733947 0) (0.0740012148023 0.271702439835 0) (0.0744450730022 0.272455422634 0) (0.0748901589953 0.27320768034 0) (0.0753364715971 0.273959210951 0) (0.0757840096198 0.274710012466 0) (0.0762327718724 0.275460082888 0) (0.0766827571606 0.276209420221 0) (0.0771339642868 0.276958022469 0) (0.0775863920502 0.277705887642 0) (0.0780400392468 0.278453013748 0) (0.0784949046692 0.279199398799 0) (0.078950987107 0.279945040809 0) (0.0794082853462 0.280689937794 0) (0.0798667981699 0.281434087771 0) (0.0803265243579 0.282177488759 0) (0.0807874626867 0.282920138781 0) (0.0812496119295 0.283662035859 0) (0.0817129708564 0.284403178019 0) (0.0821775382343 0.28514356329 0) (0.0826433128268 0.2858831897 0) (0.0831102933944 0.286622055281 0) (0.0835784786941 0.287360158067 0) (0.0840478674802 0.288097496093 0) (0.0845184585032 0.288834067397 0) (0.084990250511 0.28956987002 0) (0.0854632422477 0.290304902001 0) (0.0859374324548 0.291039161387 0) (0.0864128198701 0.291772646221 0) (0.0868894032286 0.292505354553 0) (0.0873671812619 0.293237284433 0) (0.0878461526984 0.293968433912 0) (0.0883263162635 0.294698801044 0) (0.0888076706793 0.295428383886 0) (0.0892902146648 0.296157180497 0) (0.0897739469356 0.296885188936 0) (0.0902588662046 0.297612407266 0) (0.0907449711811 0.298338833552 0) (0.0912322605715 0.299064465861 0) (0.0917207330789 0.299789302261 0) (0.0922103874033 0.300513340824 0) (0.0927012222416 0.301236579622 0) (0.0931932362876 0.30195901673 0))
    polyLine 25 29 ((-0.149333013389 0.460073364944 -0.03) (-0.148207942979 0.463366330962 -0.03) (-0.147075298716 0.466669397308 -0.03) (-0.145935030214 0.469982725091 -0.03) (-0.144787085804 0.473306477494 -0.03) (-0.143631412523 0.476640819813 -0.03) (-0.142467956096 0.479985919492 -0.03) (-0.141296660919 0.483341946161 -0.03) (-0.140117470044 0.486709071672 -0.03) (-0.138930325162 0.490087470141 -0.03) (-0.137735166581 0.493477317987 -0.03) (-0.136531933214 0.49687879397 -0.03) (-0.135320562558 0.500292079236 -0.03) (-0.134100990672 0.503717357362 -0.03) (-0.132873152162 0.507154814394 -0.03) (-0.13163698016 0.510604638895 -0.03) (-0.130392406301 0.514067021995 -0.03) (-0.129139360704 0.517542157431 -0.03) (-0.127877771949 0.521030241601 -0.03) (-0.126607567057 0.524531473614 -0.03) (-0.125328671464 0.528046055334 -0.03) (-0.124041009001 0.531574191442 -0.03) (-0.122744501867 0.535116089482 -0.03))
    polyLine 27 31 ((-0.149333013389 0.460073364944 0) (-0.148207942979 0.463366330962 0) (-0.147075298716 0.466669397308 0) (-0.145935030214 0.469982725091 0) (-0.144787085804 0.473306477494 0) (-0.143631412523 0.476640819813 0) (-0.142467956096 0.479985919492 0) (-0.141296660919 0.483341946161 0) (-0.140117470044 0.486709071672 0) (-0.138930325162 0.490087470141 0) (-0.137735166581 0.493477317987 0) (-0.136531933214 0.49687879397 0) (-0.135320562558 0.500292079236 0) (-0.134100990672 0.503717357362 0) (-0.132873152162 0.507154814394 0) (-0.13163698016 0.510604638895 0) (-0.130392406301 0.514067021995 0) (-0.129139360704 0.517542157431 0) (-0.127877771949 0.521030241601 0) (-0.126607567057 0.524531473614 0) (-0.125328671464 0.528046055334 0) (-0.124041009001 0.531574191442 0) (-0.122744501867 0.535116089482 0))
    polyLine 28 32 ((0.0936864282318 0.302680650227 -0.03) (0.0941807967616 0.303401478191 -0.03) (0.0946763405615 0.304121498705 -0.03) (0.0951730583126 0.304840709851 -0.03) (0.0956709486929 0.305559109716 -0.03) (0.0961700103775 0.306276696389 -0.03) (0.0966702420381 0.306993467958 -0.03) (0.0971716423434 0.307709422518 -0.03) (0.0976742099592 0.308424558162 -0.03) (0.0981779435478 0.309138872986 -0.03) (0.0986828417687 0.309852365091 -0.03) (0.0991889032782 0.310565032578 -0.03) (0.0996961267295 0.311276873549 -0.03) (0.100204510773 0.31198788611 -0.03) (0.100714054055 0.312698068369 -0.03) (0.10122475522 0.313407418436 -0.03) (0.101736612909 0.314115934423 -0.03) (0.102249625759 0.314823614444 -0.03) (0.102763792405 0.315530456617 -0.03) (0.103279111479 0.31623645906 -0.03) (0.10379558161 0.316941619893 -0.03) (0.104313201422 0.317645937242 -0.03) (0.104831969539 0.31834940923 -0.03) (0.10535188458 0.319052033986 -0.03) (0.105872945161 0.31975380964 -0.03) (0.106395149895 0.320454734324 -0.03) (0.106918497392 0.321154806174 -0.03) (0.107442986261 0.321854023325 -0.03) (0.107968615104 0.322552383916 -0.03) (0.108495382524 0.323249886091 -0.03) (0.109023287118 0.323946527991 -0.03) (0.109552327481 0.324642307763 -0.03) (0.110082502205 0.325337223556 -0.03) (0.110613809879 0.32603127352 -0.03) (0.111146249091 0.326724455808 -0.03) (0.111679818421 0.327416768574 -0.03) (0.112214516451 0.328108209978 -0.03) (0.112750341757 0.328798778178 -0.03) (0.113287292913 0.329488471336 -0.03) (0.113825368491 0.330177287618 -0.03) (0.114364567058 0.33086522519 -0.03) (0.11490488718 0.33155228222 -0.03) (0.115446327418 0.332238456882 -0.03) (0.115988886331 0.332923747348 -0.03) (0.116532562476 0.333608151795 -0.03) (0.117077354406 0.334291668401 -0.03) (0.11762326067 0.334974295347 -0.03) (0.118170279816 0.335656030817 -0.03) (0.118718410389 0.336336872997 -0.03) (0.119267650928 0.337016820073 -0.03) (0.119817317984 0.337696160822 -0.03) (0.12036698504 0.338375501571 -0.03) (0.120916652096 0.339054842321 -0.03))
    polyLine 30 34 ((0.0936864282318 0.302680650227 0) (0.0941807967616 0.303401478191 0) (0.0946763405615 0.304121498705 0) (0.0951730583126 0.304840709851 0) (0.0956709486929 0.305559109716 0) (0.0961700103775 0.306276696389 0) (0.0966702420381 0.306993467958 0) (0.0971716423434 0.307709422518 0) (0.0976742099592 0.308424558162 0) (0.0981779435478 0.309138872986 0) (0.0986828417687 0.309852365091 0) (0.0991889032782 0.310565032578 0) (0.0996961267295 0.311276873549 0) (0.100204510773 0.31198788611 0) (0.100714054055 0.312698068369 0) (0.10122475522 0.313407418436 0) (0.101736612909 0.314115934423 0) (0.102249625759 0.314823614444 0) (0.102763792405 0.315530456617 0) (0.103279111479 0.31623645906 0) (0.10379558161 0.316941619893 0) (0.104313201422 0.317645937242 0) (0.104831969539 0.31834940923 0) (0.10535188458 0.319052033986 0) (0.105872945161 0.31975380964 0) (0.106395149895 0.320454734324 0) (0.106918497392 0.321154806174 0) (0.107442986261 0.321854023325 0) (0.107968615104 0.322552383916 0) (0.108495382524 0.323249886091 0) (0.109023287118 0.323946527991 0) (0.109552327481 0.324642307763 0) (0.110082502205 0.325337223556 0) (0.110613809879 0.32603127352 0) (0.111146249091 0.326724455808 0) (0.111679818421 0.327416768574 0) (0.112214516451 0.328108209978 0) (0.112750341757 0.328798778178 0) (0.113287292913 0.329488471336 0) (0.113825368491 0.330177287618 0) (0.114364567058 0.33086522519 0) (0.11490488718 0.33155228222 0) (0.115446327418 0.332238456882 0) (0.115988886331 0.332923747348 0) (0.116532562476 0.333608151795 0) (0.117077354406 0.334291668401 0) (0.11762326067 0.334974295347 0) (0.118170279816 0.335656030817 0) (0.118718410389 0.336336872997 0) (0.119267650928 0.337016820073 0) (0.119817317984 0.337696160822 0) (0.12036698504 0.338375501571 0) (0.120916652096 0.339054842321 0))
    polyLine 29 33 ((-0.120165417297 0.542131401539 -0.03) (-0.118883231706 0.545604362149 -0.03) (-0.117592436937 0.549091041438 -0.03) (-0.116292954542 0.552591641872 -0.03) (-0.114984704496 0.556106368747 -0.03) (-0.113667605176 0.559635430245 -0.03) (-0.112341573332 0.563179037486 -0.03) (-0.111006524063 0.566737404585 -0.03) (-0.10966237079 0.570310748713 -0.03) (-0.10830902523 0.573899290155 -0.03) (-0.106946397365 0.577503252369 -0.03) (-0.105574395416 0.58112286205 -0.03) (-0.104192925813 0.584758349193 -0.03) (-0.102801893163 0.588409947162 -0.03) (-0.101401200223 0.59207789275 -0.03) (-0.0999907478636 0.595762426255 -0.03) (-0.0985704350377 0.599463791546 -0.03) (-0.097140158749 0.603182236136 -0.03) (-0.0956998140153 0.606918011256 -0.03) (-0.0942492938345 0.610671371932 -0.03) (-0.0927884891475 0.61444257706 -0.03) (-0.0913172888015 0.618231889486 -0.03) (-0.0898355795117 0.622039576093 -0.03))
    polyLine 31 35 ((-0.120165417297 0.542131401539 0) (-0.118883231706 0.545604362149 0) (-0.117592436937 0.549091041438 0) (-0.116292954542 0.552591641872 0) (-0.114984704496 0.556106368747 0) (-0.113667605176 0.559635430245 0) (-0.112341573332 0.563179037486 0) (-0.111006524063 0.566737404585 0) (-0.10966237079 0.570310748713 0) (-0.10830902523 0.573899290155 0) (-0.106946397365 0.577503252369 0) (-0.105574395416 0.58112286205 0) (-0.104192925813 0.584758349193 0) (-0.102801893163 0.588409947162 0) (-0.101401200223 0.59207789275 0) (-0.0999907478636 0.595762426255 0) (-0.0985704350377 0.599463791546 0) (-0.097140158749 0.603182236136 0) (-0.0956998140153 0.606918011256 0) (-0.0942492938345 0.610671371932 0) (-0.0927884891475 0.61444257706 0) (-0.0913172888015 0.618231889486 0) (-0.0898355795117 0.622039576093 0))
    polyLine 32 36 ((0.121466319152 0.33973418307 -0.03) (0.122015986208 0.340413523819 -0.03) (0.122565653264 0.341092864568 -0.03) (0.12311532032 0.341772205317 -0.03) (0.123664987376 0.342451546067 -0.03) (0.124214654433 0.343130886816 -0.03) (0.124764321489 0.343810227565 -0.03) (0.125313988545 0.344489568314 -0.03) (0.125863655601 0.345168909063 -0.03) (0.126413322657 0.345848249812 -0.03) (0.126962989713 0.346527590562 -0.03) (0.127512656769 0.347206931311 -0.03) (0.128062323825 0.34788627206 -0.03) (0.128611990881 0.348565612809 -0.03) (0.129161657937 0.349244953558 -0.03) (0.129711324993 0.349924294308 -0.03) (0.130260992049 0.350603635057 -0.03) (0.130810659105 0.351282975806 -0.03) (0.131360326161 0.351962316555 -0.03) (0.131909993217 0.352641657304 -0.03) (0.132459660273 0.353320998053 -0.03) (0.133009327329 0.354000338803 -0.03) (0.133558994385 0.354679679552 -0.03) (0.134108661441 0.355359020301 -0.03) (0.134658328497 0.35603836105 -0.03) (0.135207995553 0.356717701799 -0.03) (0.135757662609 0.357397042548 -0.03) (0.136307329665 0.358076383298 -0.03) (0.136856996721 0.358755724047 -0.03) (0.137406663777 0.359435064796 -0.03) (0.137956330833 0.360114405545 -0.03) (0.138505997889 0.360793746294 -0.03) (0.139055664945 0.361473087044 -0.03) (0.139605332001 0.362152427793 -0.03) (0.140154999057 0.362831768542 -0.03) (0.140704666113 0.363511109291 -0.03) (0.141254333169 0.36419045004 -0.03) (0.141804000225 0.364869790789 -0.03) (0.142353667281 0.365549131539 -0.03) (0.142903334337 0.366228472288 -0.03) (0.143453001394 0.366907813037 -0.03) (0.14400266845 0.367587153786 -0.03) (0.144552335506 0.368266494535 -0.03) (0.145102002562 0.368945835285 -0.03) (0.145651669618 0.369625176034 -0.03) (0.146201336674 0.370304516783 -0.03) (0.14675100373 0.370983857532 -0.03) (0.147300670786 0.371663198281 -0.03) (0.147850337842 0.37234253903 -0.03) (0.148400004898 0.37302187978 -0.03) (0.148949671954 0.373701220529 -0.03) (0.14949933901 0.374380561278 -0.03))
    polyLine 34 38 ((0.121466319152 0.33973418307 0) (0.122015986208 0.340413523819 0) (0.122565653264 0.341092864568 0) (0.12311532032 0.341772205317 0) (0.123664987376 0.342451546067 0) (0.124214654433 0.343130886816 0) (0.124764321489 0.343810227565 0) (0.125313988545 0.344489568314 0) (0.125863655601 0.345168909063 0) (0.126413322657 0.345848249812 0) (0.126962989713 0.346527590562 0) (0.127512656769 0.347206931311 0) (0.128062323825 0.34788627206 0) (0.128611990881 0.348565612809 0) (0.129161657937 0.349244953558 0) (0.129711324993 0.349924294308 0) (0.130260992049 0.350603635057 0) (0.130810659105 0.351282975806 0) (0.131360326161 0.351962316555 0) (0.131909993217 0.352641657304 0) (0.132459660273 0.353320998053 0) (0.133009327329 0.354000338803 0) (0.133558994385 0.354679679552 0) (0.134108661441 0.355359020301 0) (0.134658328497 0.35603836105 0) (0.135207995553 0.356717701799 0) (0.135757662609 0.357397042548 0) (0.136307329665 0.358076383298 0) (0.136856996721 0.358755724047 0) (0.137406663777 0.359435064796 0) (0.137956330833 0.360114405545 0) (0.138505997889 0.360793746294 0) (0.139055664945 0.361473087044 0) (0.139605332001 0.362152427793 0) (0.140154999057 0.362831768542 0) (0.140704666113 0.363511109291 0) (0.141254333169 0.36419045004 0) (0.141804000225 0.364869790789 0) (0.142353667281 0.365549131539 0) (0.142903334337 0.366228472288 0) (0.143453001394 0.366907813037 0) (0.14400266845 0.367587153786 0) (0.144552335506 0.368266494535 0) (0.145102002562 0.368945835285 0) (0.145651669618 0.369625176034 0) (0.146201336674 0.370304516783 0) (0.14675100373 0.370983857532 0) (0.147300670786 0.371663198281 0) (0.147850337842 0.37234253903 0) (0.148400004898 0.37302187978 0) (0.148949671954 0.373701220529 0) (0.14949933901 0.374380561278 0))
    polyLine 33 37 ((-0.0869119485658 0.629527726676 -0.03) (-0.0854708038317 0.633206949148 -0.03) (-0.0840197061797 0.636903820253 -0.03) (-0.0825585482486 0.640618588625 -0.03) (-0.0810872207215 0.644351506646 -0.03) (-0.0796056122902 0.648102830519 -0.03) (-0.0781136096177 0.651872820347 -0.03) (-0.0766110973014 0.655661740214 -0.03) (-0.075097957834 0.659469858261 -0.03) (-0.0735740715639 0.663297446776 -0.03) (-0.0720393166547 0.667144782278 -0.03) (-0.070493569043 0.671012145602 -0.03) (-0.0689367023964 0.67489982199 -0.03) (-0.067368588069 0.678808101187 -0.03) (-0.0657890950564 0.682737277529 -0.03) (-0.0641980899495 0.686687650046 -0.03) (-0.0625954368874 0.690659522559 -0.03) (-0.060980997508 0.694653203778 -0.03) (-0.0593546308987 0.698669007415 -0.03) (-0.0577161935446 0.702707252284 -0.03) (-0.0560655392763 0.706768262414 -0.03) (-0.0544025192151 0.71085236716 -0.03) (-0.0527269817183 0.714959901322 -0.03))
    polyLine 35 39 ((-0.0869119485658 0.629527726676 0) (-0.0854708038317 0.633206949148 0) (-0.0840197061797 0.636903820253 0) (-0.0825585482486 0.640618588625 0) (-0.0810872207215 0.644351506646 0) (-0.0796056122902 0.648102830519 0) (-0.0781136096177 0.651872820347 0) (-0.0766110973014 0.655661740214 0) (-0.075097957834 0.659469858261 0) (-0.0735740715639 0.663297446776 0) (-0.0720393166547 0.667144782278 0) (-0.070493569043 0.671012145602 0) (-0.0689367023964 0.67489982199 0) (-0.067368588069 0.678808101187 0) (-0.0657890950564 0.682737277529 0) (-0.0641980899495 0.686687650046 0) (-0.0625954368874 0.690659522559 0) (-0.060980997508 0.694653203778 0) (-0.0593546308987 0.698669007415 0) (-0.0577161935446 0.702707252284 0) (-0.0560655392763 0.706768262414 0) (-0.0544025192151 0.71085236716 0) (-0.0527269817183 0.714959901322 0))
    polyLine 36 40 ((0.150049006066 0.375059902027 -0.03) (0.150598673122 0.375739242776 -0.03) (0.151148340178 0.376418583525 -0.03) (0.151698007234 0.377097924275 -0.03) (0.15224767429 0.377777265024 -0.03) (0.152797341346 0.378456605773 -0.03) (0.153347008402 0.379135946522 -0.03) (0.153896675458 0.379815287271 -0.03) (0.154446342514 0.380494628021 -0.03) (0.15499600957 0.38117396877 -0.03) (0.155545676626 0.381853309519 -0.03) (0.156095343682 0.382532650268 -0.03) (0.156645010738 0.383211991017 -0.03) (0.157194677794 0.383891331766 -0.03) (0.15774434485 0.384570672516 -0.03) (0.158294011906 0.385250013265 -0.03) (0.158843678962 0.385929354014 -0.03) (0.159393346018 0.386608694763 -0.03) (0.159943013074 0.387288035512 -0.03) (0.16049268013 0.387967376262 -0.03) (0.161042347186 0.388646717011 -0.03) (0.161592014242 0.38932605776 -0.03) (0.162141681298 0.390005398509 -0.03) (0.162691348354 0.390684739258 -0.03) (0.163241015411 0.391364080007 -0.03) (0.163790682467 0.392043420757 -0.03) (0.164340349523 0.392722761506 -0.03) (0.164890016579 0.393402102255 -0.03) (0.165439683635 0.394081443004 -0.03) (0.165989350691 0.394760783753 -0.03) (0.166539017747 0.395440124502 -0.03) (0.167088684803 0.396119465252 -0.03) (0.167638351859 0.396798806001 -0.03) (0.168188018915 0.39747814675 -0.03) (0.168737685971 0.398157487499 -0.03) (0.169287353027 0.398836828248 -0.03) (0.169837020083 0.399516168998 -0.03) (0.170386687139 0.400195509747 -0.03) (0.170936354195 0.400874850496 -0.03) (0.171486021251 0.401554191245 -0.03) (0.172035688307 0.402233531994 -0.03) (0.172585355363 0.402912872743 -0.03) (0.173135022419 0.403592213493 -0.03) (0.173684689475 0.404271554242 -0.03) (0.174234356531 0.404950894991 -0.03) (0.174784023587 0.40563023574 -0.03) (0.175333690643 0.406309576489 -0.03) (0.175883357699 0.406988917239 -0.03) (0.176433024755 0.407668257988 -0.03) (0.176982691811 0.408347598737 -0.03) (0.177532358867 0.409026939486 -0.03) (0.178082025923 0.409706280235 -0.03) (0.178631692979 0.410385620984 -0.03))
    polyLine 38 42 ((0.150049006066 0.375059902027 0) (0.150598673122 0.375739242776 0) (0.151148340178 0.376418583525 0) (0.151698007234 0.377097924275 0) (0.15224767429 0.377777265024 0) (0.152797341346 0.378456605773 0) (0.153347008402 0.379135946522 0) (0.153896675458 0.379815287271 0) (0.154446342514 0.380494628021 0) (0.15499600957 0.38117396877 0) (0.155545676626 0.381853309519 0) (0.156095343682 0.382532650268 0) (0.156645010738 0.383211991017 0) (0.157194677794 0.383891331766 0) (0.15774434485 0.384570672516 0) (0.158294011906 0.385250013265 0) (0.158843678962 0.385929354014 0) (0.159393346018 0.386608694763 0) (0.159943013074 0.387288035512 0) (0.16049268013 0.387967376262 0) (0.161042347186 0.388646717011 0) (0.161592014242 0.38932605776 0) (0.162141681298 0.390005398509 0) (0.162691348354 0.390684739258 0) (0.163241015411 0.391364080007 0) (0.163790682467 0.392043420757 0) (0.164340349523 0.392722761506 0) (0.164890016579 0.393402102255 0) (0.165439683635 0.394081443004 0) (0.165989350691 0.394760783753 0) (0.166539017747 0.395440124502 0) (0.167088684803 0.396119465252 0) (0.167638351859 0.396798806001 0) (0.168188018915 0.39747814675 0) (0.168737685971 0.398157487499 0) (0.169287353027 0.398836828248 0) (0.169837020083 0.399516168998 0) (0.170386687139 0.400195509747 0) (0.170936354195 0.400874850496 0) (0.171486021251 0.401554191245 0) (0.172035688307 0.402233531994 0) (0.172585355363 0.402912872743 0) (0.173135022419 0.403592213493 0) (0.173684689475 0.404271554242 0) (0.174234356531 0.404950894991 0) (0.174784023587 0.40563023574 0) (0.175333690643 0.406309576489 0) (0.175883357699 0.406988917239 0) (0.176433024755 0.407668257988 0) (0.176982691811 0.408347598737 0) (0.177532358867 0.409026939486 0) (0.178082025923 0.409706280235 0) (0.178631692979 0.410385620984 0))
    polyLine 37 41 ((-0.0494602198938 0.722947648304 -0.03) (-0.0478704851745 0.72682515173 -0.03) (-0.0462694378269 0.730724001186 -0.03) (-0.044656945245 0.734644486811 -0.03) (-0.0430328725093 0.738586903329 -0.03) (-0.0413970823411 0.742551550145 -0.03) (-0.0397494350553 0.746538731438 -0.03) (-0.0380897885122 0.750548756266 -0.03) (-0.0364179980681 0.754581938664 -0.03) (-0.0347339165249 0.758638597754 -0.03) (-0.0330373940777 0.762719057846 -0.03) (-0.0313282782615 0.766823648557 -0.03) (-0.0296064138969 0.770952704915 -0.03) (-0.0278716430334 0.775106567481 -0.03) (-0.0261238048922 0.779285582469 -0.03) (-0.0243627358068 0.783490101862 -0.03) (-0.0225882691625 0.787720483544 -0.03) (-0.0208002353338 0.791977091423 -0.03) (-0.0189984616209 0.796260295568 -0.03) (-0.0171827721838 0.800570472341 -0.03) (-0.0153529879747 0.804908004537 -0.03) (-0.0135089266692 0.809273281526 -0.03) (-0.011650402595 0.813666699403 -0.03))
    polyLine 39 43 ((-0.0494602198938 0.722947648304 0) (-0.0478704851745 0.72682515173 0) (-0.0462694378269 0.730724001186 0) (-0.044656945245 0.734644486811 0) (-0.0430328725093 0.738586903329 0) (-0.0413970823411 0.742551550145 0) (-0.0397494350553 0.746538731438 0) (-0.0380897885122 0.750548756266 0) (-0.0364179980681 0.754581938664 0) (-0.0347339165249 0.758638597754 0) (-0.0330373940777 0.762719057846 0) (-0.0313282782615 0.766823648557 0) (-0.0296064138969 0.770952704915 0) (-0.0278716430334 0.775106567481 0) (-0.0261238048922 0.779285582469 0) (-0.0243627358068 0.783490101862 0) (-0.0225882691625 0.787720483544 0) (-0.0208002353338 0.791977091423 0) (-0.0189984616209 0.796260295568 0) (-0.0171827721838 0.800570472341 0) (-0.0153529879747 0.804908004537 0) (-0.0135089266692 0.809273281526 0) (-0.011650402595 0.813666699403 0))
    polyLine 40 44 ((0.179181360035 0.411064961734 -0.03) (0.179731027091 0.411744302483 -0.03) (0.180280694147 0.412423643232 -0.03) (0.180830361203 0.413102983981 -0.03) (0.181380028259 0.41378232473 -0.03) (0.181929695315 0.41446166548 -0.03) (0.182479362372 0.415141006229 -0.03) (0.183029029428 0.415820346978 -0.03) (0.183578696484 0.416499687727 -0.03) (0.18412836354 0.417179028476 -0.03) (0.184678030596 0.417858369225 -0.03) (0.185227697652 0.418537709975 -0.03) (0.185777364708 0.419217050724 -0.03) (0.186327031764 0.419896391473 -0.03) (0.18687669882 0.420575732222 -0.03) (0.187426365876 0.421255072971 -0.03) (0.187976032932 0.42193441372 -0.03) (0.188525699988 0.42261375447 -0.03) (0.189075367044 0.423293095219 -0.03) (0.1896250341 0.423972435968 -0.03) (0.190174701156 0.424651776717 -0.03) (0.190724368212 0.425331117466 -0.03) (0.191274035268 0.426010458216 -0.03) (0.191823702324 0.426689798965 -0.03) (0.19237336938 0.427369139714 -0.03) (0.192923036436 0.428048480463 -0.03) (0.193472703492 0.428727821212 -0.03) (0.194022370548 0.429407161961 -0.03) (0.194572037604 0.430086502711 -0.03) (0.19512170466 0.43076584346 -0.03) (0.195671371716 0.431445184209 -0.03) (0.196221038772 0.432124524958 -0.03) (0.196770705828 0.432803865707 -0.03) (0.197320372884 0.433483206457 -0.03) (0.19787003994 0.434162547206 -0.03) (0.198419706996 0.434841887955 -0.03) (0.198969374052 0.435521228704 -0.03) (0.199519041108 0.436200569453 -0.03) (0.200068708164 0.436879910202 -0.03) (0.20061837522 0.437559250952 -0.03) (0.201168042276 0.438238591701 -0.03) (0.201717709333 0.43891793245 -0.03) (0.202267376389 0.439597273199 -0.03) (0.202817043445 0.440276613948 -0.03) (0.203366710501 0.440955954697 -0.03) (0.203916377557 0.441635295447 -0.03) (0.204466044613 0.442314636196 -0.03) (0.205015711669 0.442993976945 -0.03) (0.205565378725 0.443673317694 -0.03) (0.206115045781 0.444352658443 -0.03) (0.206664712837 0.445031999193 -0.03) (0.207214379893 0.445711339942 -0.03))
    polyLine 42 46 ((0.179181360035 0.411064961734 0) (0.179731027091 0.411744302483 0) (0.180280694147 0.412423643232 0) (0.180830361203 0.413102983981 0) (0.181380028259 0.41378232473 0) (0.181929695315 0.41446166548 0) (0.182479362372 0.415141006229 0) (0.183029029428 0.415820346978 0) (0.183578696484 0.416499687727 0) (0.18412836354 0.417179028476 0) (0.184678030596 0.417858369225 0) (0.185227697652 0.418537709975 0) (0.185777364708 0.419217050724 0) (0.186327031764 0.419896391473 0) (0.18687669882 0.420575732222 0) (0.187426365876 0.421255072971 0) (0.187976032932 0.42193441372 0) (0.188525699988 0.42261375447 0) (0.189075367044 0.423293095219 0) (0.1896250341 0.423972435968 0) (0.190174701156 0.424651776717 0) (0.190724368212 0.425331117466 0) (0.191274035268 0.426010458216 0) (0.191823702324 0.426689798965 0) (0.19237336938 0.427369139714 0) (0.192923036436 0.428048480463 0) (0.193472703492 0.428727821212 0) (0.194022370548 0.429407161961 0) (0.194572037604 0.430086502711 0) (0.19512170466 0.43076584346 0) (0.195671371716 0.431445184209 0) (0.196221038772 0.432124524958 0) (0.196770705828 0.432803865707 0) (0.197320372884 0.433483206457 0) (0.19787003994 0.434162547206 0) (0.198419706996 0.434841887955 0) (0.198969374052 0.435521228704 0) (0.199519041108 0.436200569453 0) (0.200068708164 0.436879910202 0) (0.20061837522 0.437559250952 0) (0.201168042276 0.438238591701 0) (0.201717709333 0.43891793245 0) (0.202267376389 0.439597273199 0) (0.202817043445 0.440276613948 0) (0.203366710501 0.440955954697 0) (0.203916377557 0.441635295447 0) (0.204466044613 0.442314636196 0) (0.205015711669 0.442993976945 0) (0.205565378725 0.443673317694 0) (0.206115045781 0.444352658443 0) (0.206664712837 0.445031999193 0) (0.207214379893 0.445711339942 0))
    polyLine 41 45 ((-0.0080507939668 0.822158878368 -0.03) (-0.00631179066464 0.826253640809 -0.03) (-0.00456006418334 0.830373272644 -0.03) (-0.00279545935019 0.834518103304 -0.03) (-0.00101781833538 0.83868846757 -0.03) (0.000773019402528 0.842884705688 -0.03) (0.00257721717258 0.84710716348 -0.03) (0.00439494110876 0.851356192466 -0.03) (0.00622636022883 0.85563214998 -0.03) (0.0080716464947 0.859935399302 -0.03) (0.00993097487431 0.864266309774 -0.03) (0.0118045234051 0.868625256941 -0.03) (0.0136924732594 0.873012622679 -0.03) (0.0155950088108 0.877428795333 -0.03) (0.0175123177033 0.881874169858 -0.03) (0.0194445909215 0.886349147965 -0.03) (0.0213920228627 0.890854138268 -0.03) (0.0233548114117 0.895389556436 -0.03) (0.0253331580161 0.899955825349 -0.03) (0.0273272677653 0.904553375261 -0.03) (0.0293373494704 0.909182643961 -0.03) (0.031363615747 0.913844076945 -0.03) (0.0334062830997 0.918538127587 -0.03))
    polyLine 43 47 ((-0.0080507939668 0.822158878368 0) (-0.00631179066464 0.826253640809 0) (-0.00456006418334 0.830373272644 0) (-0.00279545935019 0.834518103304 0) (-0.00101781833538 0.83868846757 0) (0.000773019402528 0.842884705688 0) (0.00257721717258 0.84710716348 0) (0.00439494110876 0.851356192466 0) (0.00622636022883 0.85563214998 0) (0.0080716464947 0.859935399302 0) (0.00993097487431 0.864266309774 0) (0.0118045234051 0.868625256941 0) (0.0136924732594 0.873012622679 0) (0.0155950088108 0.877428795333 0) (0.0175123177033 0.881874169858 0) (0.0194445909215 0.886349147965 0) (0.0213920228627 0.890854138268 0) (0.0233548114117 0.895389556436 0) (0.0253331580161 0.899955825349 0) (0.0273272677653 0.904553375261 0) (0.0293373494704 0.909182643961 0) (0.031363615747 0.913844076945 0) (0.0334062830997 0.918538127587 0))
    polyLine 44 48 ((0.207764046949 0.446390680691 -0.03) (0.208313714005 0.44707002144 -0.03) (0.208863381061 0.447749362189 -0.03) (0.209413048117 0.448428702938 -0.03) (0.209962715173 0.449108043688 -0.03) (0.210512382229 0.449787384437 -0.03) (0.211062049285 0.450466725186 -0.03) (0.211611716341 0.451146065935 -0.03) (0.212161383397 0.451825406684 -0.03) (0.212711050453 0.452504747434 -0.03) (0.213260717509 0.453184088183 -0.03) (0.213810384565 0.453863428932 -0.03) (0.214360051621 0.454542769681 -0.03) (0.214909718677 0.45522211043 -0.03) (0.215459385733 0.455901451179 -0.03) (0.216009052789 0.456580791929 -0.03) (0.216558719845 0.457260132678 -0.03) (0.217108386901 0.457939473427 -0.03) (0.217658053957 0.458618814176 -0.03) (0.218207721013 0.459298154925 -0.03) (0.218757388069 0.459977495675 -0.03) (0.219307055125 0.460656836424 -0.03) (0.219856722181 0.461336177173 -0.03) (0.220406389237 0.462015517922 -0.03) (0.220956056293 0.462694858671 -0.03) (0.22150572335 0.46337419942 -0.03) (0.222055390406 0.46405354017 -0.03) (0.222605057462 0.464732880919 -0.03) (0.223154724518 0.465412221668 -0.03) (0.223704391574 0.466091562417 -0.03) (0.22425405863 0.466770903166 -0.03) (0.224803725686 0.467450243915 -0.03) (0.225353392742 0.468129584665 -0.03) (0.225903059798 0.468808925414 -0.03) (0.226452726854 0.469488266163 -0.03) (0.22700239391 0.470167606912 -0.03) (0.227552060966 0.470846947661 -0.03) (0.228101728022 0.471526288411 -0.03) (0.228651395078 0.47220562916 -0.03) (0.229201062134 0.472884969909 -0.03) (0.22975072919 0.473564310658 -0.03) (0.230300396246 0.474243651407 -0.03) (0.230850063302 0.474922992156 -0.03) (0.231399730358 0.475602332906 -0.03) (0.231949397414 0.476281673655 -0.03) (0.23249906447 0.476961014404 -0.03) (0.233048731526 0.477640355153 -0.03) (0.233598398582 0.478319695902 -0.03) (0.234148065638 0.478999036652 -0.03) (0.234697732694 0.479678377401 -0.03) (0.23524739975 0.48035771815 -0.03) (0.235797066806 0.481037058899 -0.03) (0.236346733862 0.481716399648 -0.03))
    polyLine 46 50 ((0.207764046949 0.446390680691 0) (0.208313714005 0.44707002144 0) (0.208863381061 0.447749362189 0) (0.209413048117 0.448428702938 0) (0.209962715173 0.449108043688 0) (0.210512382229 0.449787384437 0) (0.211062049285 0.450466725186 0) (0.211611716341 0.451146065935 0) (0.212161383397 0.451825406684 0) (0.212711050453 0.452504747434 0) (0.213260717509 0.453184088183 0) (0.213810384565 0.453863428932 0) (0.214360051621 0.454542769681 0) (0.214909718677 0.45522211043 0) (0.215459385733 0.455901451179 0) (0.216009052789 0.456580791929 0) (0.216558719845 0.457260132678 0) (0.217108386901 0.457939473427 0) (0.217658053957 0.458618814176 0) (0.218207721013 0.459298154925 0) (0.218757388069 0.459977495675 0) (0.219307055125 0.460656836424 0) (0.219856722181 0.461336177173 0) (0.220406389237 0.462015517922 0) (0.220956056293 0.462694858671 0) (0.22150572335 0.46337419942 0) (0.222055390406 0.46405354017 0) (0.222605057462 0.464732880919 0) (0.223154724518 0.465412221668 0) (0.223704391574 0.466091562417 0) (0.22425405863 0.466770903166 0) (0.224803725686 0.467450243915 0) (0.225353392742 0.468129584665 0) (0.225903059798 0.468808925414 0) (0.226452726854 0.469488266163 0) (0.22700239391 0.470167606912 0) (0.227552060966 0.470846947661 0) (0.228101728022 0.471526288411 0) (0.228651395078 0.47220562916 0) (0.229201062134 0.472884969909 0) (0.22975072919 0.473564310658 0) (0.230300396246 0.474243651407 0) (0.230850063302 0.474922992156 0) (0.231399730358 0.475602332906 0) (0.231949397414 0.476281673655 0) (0.23249906447 0.476961014404 0) (0.233048731526 0.477640355153 0) (0.233598398582 0.478319695902 0) (0.234148065638 0.478999036652 0) (0.234697732694 0.479678377401 0) (0.23524739975 0.48035771815 0) (0.235797066806 0.481037058899 0) (0.236346733862 0.481716399648 0))
    polyLine 45 49 ((0.0373438057565 0.927572358177 -0.03) (0.0392360071252 0.931907292123 -0.03) (0.0411423483477 0.936270419041 -0.03) (0.0430630045618 0.940662104706 -0.03) (0.0449981538704 0.945082720909 -0.03) (0.0469479774033 0.949532645583 -0.03) (0.0489126593805 0.954012262932 -0.03) (0.0508923871767 0.958521963565 -0.03) (0.0528873513884 0.963062144631 -0.03) (0.0548977459017 0.967633209959 -0.03) (0.0569237679621 0.972235570202 -0.03) (0.0589656182469 0.976869642981 -0.03) (0.0610235009382 0.981535853042 -0.03) (0.063097623799 0.986234632401 -0.03) (0.0651881982503 0.990966420513 -0.03) (0.0672954394508 0.995731664427 -0.03) (0.0694195663791 1.00053081896 -0.03) (0.0715608019166 1.00536434685 -0.03) (0.0737193729345 1.01023271898 -0.03) (0.0758955103818 1.01513641448 -0.03) (0.0780894493759 1.020075921 -0.03) (0.0803014292961 1.02505173483 -0.03) (0.0825316938796 1.03006436114 -0.03))
    polyLine 47 51 ((0.0373438057565 0.927572358177 0) (0.0392360071252 0.931907292123 0) (0.0411423483477 0.936270419041 0) (0.0430630045618 0.940662104706 0) (0.0449981538704 0.945082720909 0) (0.0469479774033 0.949532645583 0) (0.0489126593805 0.954012262932 0) (0.0508923871767 0.958521963565 0) (0.0528873513884 0.963062144631 0) (0.0548977459017 0.967633209959 0) (0.0569237679621 0.972235570202 0) (0.0589656182469 0.976869642981 0) (0.0610235009382 0.981535853042 0) (0.063097623799 0.986234632401 0) (0.0651881982503 0.990966420513 0) (0.0672954394508 0.995731664427 0) (0.0694195663791 1.00053081896 0) (0.0715608019166 1.00536434685 0) (0.0737193729345 1.01023271898 0) (0.0758955103818 1.01513641448 0) (0.0780894493759 1.020075921 0) (0.0803014292961 1.02505173483 0) (0.0825316938796 1.03006436114 0))
    polyLine 48 52 ((0.236896400918 0.482395740397 -0.03) (0.237446067974 0.483075081147 -0.03) (0.23799573503 0.483754421896 -0.03) (0.238545402086 0.484433762645 -0.03) (0.239095069142 0.485113103394 -0.03) (0.239644736198 0.485792444143 -0.03) (0.240194403254 0.486471784892 -0.03) (0.240744070311 0.487151125642 -0.03) (0.241293737367 0.487830466391 -0.03) (0.241843404423 0.48850980714 -0.03) (0.242393071479 0.489189147889 -0.03) (0.242942738535 0.489868488638 -0.03) (0.243492405591 0.490547829388 -0.03) (0.244042072647 0.491227170137 -0.03) (0.244591739703 0.491906510886 -0.03) (0.245141406759 0.492585851635 -0.03) (0.245691073815 0.493265192384 -0.03) (0.246240740871 0.493944533133 -0.03) (0.246790407927 0.494623873883 -0.03) (0.247340074983 0.495303214632 -0.03) (0.247889742039 0.495982555381 -0.03) (0.248439409095 0.49666189613 -0.03) (0.248989076151 0.497341236879 -0.03) (0.249538743207 0.498020577629 -0.03) (0.250088410263 0.498699918378 -0.03) (0.250638077319 0.499379259127 -0.03) (0.251187744375 0.500058599876 -0.03) (0.251737411431 0.500737940625 -0.03) (0.252287078487 0.501417281374 -0.03) (0.252836745543 0.502096622124 -0.03) (0.253386412599 0.502775962873 -0.03) (0.253936079655 0.503455303622 -0.03) (0.254485746711 0.504134644371 -0.03) (0.255035413767 0.50481398512 -0.03) (0.255585080823 0.50549332587 -0.03) (0.256134747879 0.506172666619 -0.03) (0.256684414935 0.506852007368 -0.03) (0.257234081991 0.507531348117 -0.03) (0.257783749047 0.508210688866 -0.03) (0.258333416103 0.508890029615 -0.03) (0.258883083159 0.509569370365 -0.03) (0.259432750215 0.510248711114 -0.03) (0.259982417272 0.510928051863 -0.03) (0.260532084328 0.511607392612 -0.03) (0.261081751384 0.512286733361 -0.03) (0.26163141844 0.51296607411 -0.03) (0.262181085496 0.51364541486 -0.03) (0.262730752552 0.514324755609 -0.03) (0.263280419608 0.515004096358 -0.03) (0.263830086664 0.515683437107 -0.03) (0.26437975372 0.516362777856 -0.03) (0.264929420776 0.517042118606 -0.03))
    polyLine 50 54 ((0.236896400918 0.482395740397 0) (0.237446067974 0.483075081147 0) (0.23799573503 0.483754421896 0) (0.238545402086 0.484433762645 0) (0.239095069142 0.485113103394 0) (0.239644736198 0.485792444143 0) (0.240194403254 0.486471784892 0) (0.240744070311 0.487151125642 0) (0.241293737367 0.487830466391 0) (0.241843404423 0.48850980714 0) (0.242393071479 0.489189147889 0) (0.242942738535 0.489868488638 0) (0.243492405591 0.490547829388 0) (0.244042072647 0.491227170137 0) (0.244591739703 0.491906510886 0) (0.245141406759 0.492585851635 0) (0.245691073815 0.493265192384 0) (0.246240740871 0.493944533133 0) (0.246790407927 0.494623873883 0) (0.247340074983 0.495303214632 0) (0.247889742039 0.495982555381 0) (0.248439409095 0.49666189613 0) (0.248989076151 0.497341236879 0) (0.249538743207 0.498020577629 0) (0.250088410263 0.498699918378 0) (0.250638077319 0.499379259127 0) (0.251187744375 0.500058599876 0) (0.251737411431 0.500737940625 0) (0.252287078487 0.501417281374 0) (0.252836745543 0.502096622124 0) (0.253386412599 0.502775962873 0) (0.253936079655 0.503455303622 0) (0.254485746711 0.504134644371 0) (0.255035413767 0.50481398512 0) (0.255585080823 0.50549332587 0) (0.256134747879 0.506172666619 0) (0.256684414935 0.506852007368 0) (0.257234081991 0.507531348117 0) (0.257783749047 0.508210688866 0) (0.258333416103 0.508890029615 0) (0.258883083159 0.509569370365 0) (0.259432750215 0.510248711114 0) (0.259982417272 0.510928051863 0) (0.260532084328 0.511607392612 0) (0.261081751384 0.512286733361 0) (0.26163141844 0.51296607411 0) (0.262181085496 0.51364541486 0) (0.262730752552 0.514324755609 0) (0.263280419608 0.515004096358 0) (0.263830086664 0.515683437107 0) (0.26437975372 0.516362777856 0) (0.264929420776 0.517042118606 0))
    polyLine 49 53 ((0.0868174033142 1.03968475505 -0.03) (0.0888696727807 1.04428614937 -0.03) (0.0909374894581 1.04891888989 -0.03) (0.0930210462521 1.05358337582 -0.03) (0.0951205392998 1.05828001294 -0.03) (0.0972361680376 1.06300921376 -0.03) (0.0993681352698 1.06777139764 -0.03) (0.101516647239 1.07256699094 -0.03) (0.1036819137 1.07739642716 -0.03) (0.105864147991 1.08226014713 -0.03) (0.108063567114 1.0871585991 -0.03) (0.11028039181 1.09209223896 -0.03) (0.112514846639 1.09706153037 -0.03) (0.114767160065 1.10206694495 -0.03) (0.117037564539 1.10710896242 -0.03) (0.119326296583 1.11218807083 -0.03) (0.121633596885 1.11730476667 -0.03) (0.123959710384 1.12245955514 -0.03) (0.126304886367 1.12765295026 -0.03) (0.128669378565 1.13288547513 -0.03) (0.131053445251 1.13815766208 -0.03) (0.133457349342 1.14347005292 -0.03) (0.135881358503 1.14882319915 -0.03))
    polyLine 51 55 ((0.0868174033142 1.03968475505 0) (0.0888696727807 1.04428614937 0) (0.0909374894581 1.04891888989 0) (0.0930210462521 1.05358337582 0) (0.0951205392998 1.05828001294 0) (0.0972361680376 1.06300921376 0) (0.0993681352698 1.06777139764 0) (0.101516647239 1.07256699094 0) (0.1036819137 1.07739642716 0) (0.105864147991 1.08226014713 0) (0.108063567114 1.0871585991 0) (0.11028039181 1.09209223896 0) (0.112514846639 1.09706153037 0) (0.114767160065 1.10206694495 0) (0.117037564539 1.10710896242 0) (0.119326296583 1.11218807083 0) (0.121633596885 1.11730476667 0) (0.123959710384 1.12245955514 0) (0.126304886367 1.12765295026 0) (0.128669378565 1.13288547513 0) (0.131053445251 1.13815766208 0) (0.133457349342 1.14347005292 0) (0.135881358503 1.14882319915 0))
    polyLine 52 56 ((0.265479087832 0.517721459355 -0.03) (0.266028754888 0.518400800104 -0.03) (0.266578421944 0.519080140853 -0.03) (0.267128089 0.519759481602 -0.03) (0.267677756056 0.520438822351 -0.03) (0.268227423112 0.521118163101 -0.03) (0.268777090168 0.52179750385 -0.03) (0.269326757224 0.522476844599 -0.03) (0.26987642428 0.523156185348 -0.03) (0.270426091336 0.523835526097 -0.03) (0.270975758392 0.524514866847 -0.03) (0.271525425448 0.525194207596 -0.03) (0.272075092504 0.525873548345 -0.03) (0.27262475956 0.526552889094 -0.03) (0.273174426616 0.527232229843 -0.03) (0.273724093672 0.527911570592 -0.03) (0.274273760728 0.528590911342 -0.03) (0.274823427784 0.529270252091 -0.03) (0.27537309484 0.52994959284 -0.03) (0.275922761896 0.530628933589 -0.03) (0.276472428952 0.531308274338 -0.03) (0.277022096008 0.531987615087 -0.03) (0.277571763064 0.532666955837 -0.03) (0.27812143012 0.533346296586 -0.03) (0.278671097176 0.534025637335 -0.03) (0.279220764232 0.534704978084 -0.03) (0.279770431289 0.535384318833 -0.03) (0.280320098345 0.536063659583 -0.03) (0.280869765401 0.536743000332 -0.03) (0.281419432457 0.537422341081 -0.03) (0.281969099513 0.53810168183 -0.03) (0.282518766569 0.538781022579 -0.03) (0.283068433625 0.539460363328 -0.03) (0.283618100681 0.540139704078 -0.03) (0.284167767737 0.540819044827 -0.03) (0.284717434793 0.541498385576 -0.03) (0.285267101849 0.542177726325 -0.03) (0.285816768905 0.542857067074 -0.03) (0.286366435961 0.543536407824 -0.03) (0.286916103017 0.544215748573 -0.03) (0.287465770073 0.544895089322 -0.03) (0.288015437129 0.545574430071 -0.03) (0.288565104185 0.54625377082 -0.03) (0.289114771241 0.546933111569 -0.03) (0.289664438297 0.547612452319 -0.03) (0.290214105353 0.548291793068 -0.03) (0.290763772409 0.548971133817 -0.03) (0.291313439465 0.549650474566 -0.03) (0.291863106521 0.550329815315 -0.03) (0.292412773577 0.551009156065 -0.03) (0.292962440633 0.551688496814 -0.03) (0.293512107689 0.552367837563 -0.03) (0.294061774745 0.553047178312 -0.03))
    polyLine 54 58 ((0.265479087832 0.517721459355 0) (0.266028754888 0.518400800104 0) (0.266578421944 0.519080140853 0) (0.267128089 0.519759481602 0) (0.267677756056 0.520438822351 0) (0.268227423112 0.521118163101 0) (0.268777090168 0.52179750385 0) (0.269326757224 0.522476844599 0) (0.26987642428 0.523156185348 0) (0.270426091336 0.523835526097 0) (0.270975758392 0.524514866847 0) (0.271525425448 0.525194207596 0) (0.272075092504 0.525873548345 0) (0.27262475956 0.526552889094 0) (0.273174426616 0.527232229843 0) (0.273724093672 0.527911570592 0) (0.274273760728 0.528590911342 0) (0.274823427784 0.529270252091 0) (0.27537309484 0.52994959284 0) (0.275922761896 0.530628933589 0) (0.276472428952 0.531308274338 0) (0.277022096008 0.531987615087 0) (0.277571763064 0.532666955837 0) (0.27812143012 0.533346296586 0) (0.278671097176 0.534025637335 0) (0.279220764232 0.534704978084 0) (0.279770431289 0.535384318833 0) (0.280320098345 0.536063659583 0) (0.280869765401 0.536743000332 0) (0.281419432457 0.537422341081 0) (0.281969099513 0.53810168183 0) (0.282518766569 0.538781022579 0) (0.283068433625 0.539460363328 0) (0.283618100681 0.540139704078 0) (0.284167767737 0.540819044827 0) (0.284717434793 0.541498385576 0) (0.285267101849 0.542177726325 0) (0.285816768905 0.542857067074 0) (0.286366435961 0.543536407824 0) (0.286916103017 0.544215748573 0) (0.287465770073 0.544895089322 0) (0.288015437129 0.545574430071 0) (0.288565104185 0.54625377082 0) (0.289114771241 0.546933111569 0) (0.289664438297 0.547612452319 0) (0.290214105353 0.548291793068 0) (0.290763772409 0.548971133817 0) (0.291313439465 0.549650474566 0) (0.291863106521 0.550329815315 0) (0.292412773577 0.551009156065 0) (0.292962440633 0.551688496814 0) (0.293512107689 0.552367837563 0) (0.294061774745 0.553047178312 0))
    polyLine 53 57 ((0.140530914754 1.15908106985 -0.03) (0.142752830821 1.16397844572 -0.03) (0.144991699139 1.16891021323 -0.03) (0.147247728785 1.17387680277 -0.03) (0.149521132299 1.17887865177 -0.03) (0.151812125753 1.18391620491 -0.03) (0.154120928828 1.18898991416 -0.03) (0.156447764886 1.19410023906 -0.03) (0.158792861047 1.19924764677 -0.03) (0.161156448271 1.20443261229 -0.03) (0.163538761438 1.20965561861 -0.03) (0.16594003943 1.21491715689 -0.03) (0.168360525214 1.2202177266 -0.03) (0.170800465936 1.22555783575 -0.03) (0.173260113004 1.23093800104 -0.03) (0.175739722185 1.23635874803 -0.03) (0.178239553695 1.24182061138 -0.03) (0.180759872299 1.24732413503 -0.03) (0.183300947411 1.25286987237 -0.03) (0.185863053191 1.25845838651 -0.03) (0.188446468657 1.26409025042 -0.03) (0.191051477785 1.26976604723 -0.03) (0.193678369627 1.27548637039 -0.03))
    polyLine 55 59 ((0.140530914754 1.15908106985 0) (0.142752830821 1.16397844572 0) (0.144991699139 1.16891021323 0) (0.147247728785 1.17387680277 0) (0.149521132299 1.17887865177 0) (0.151812125753 1.18391620491 0) (0.154120928828 1.18898991416 0) (0.156447764886 1.19410023906 0) (0.158792861047 1.19924764677 0) (0.161156448271 1.20443261229 0) (0.163538761438 1.20965561861 0) (0.16594003943 1.21491715689 0) (0.168360525214 1.2202177266 0) (0.170800465936 1.22555783575 0) (0.173260113004 1.23093800104 0) (0.175739722185 1.23635874803 0) (0.178239553695 1.24182061138 0) (0.180759872299 1.24732413503 0) (0.183300947411 1.25286987237 0) (0.185863053191 1.25845838651 0) (0.188446468657 1.26409025042 0) (0.191051477785 1.26976604723 0) (0.193678369627 1.27548637039 0))
    polyLine 56 60 ((0.294611441801 0.553726519061 -0.03) (0.295161108857 0.55440585981 -0.03) (0.295710775913 0.55508520056 -0.03) (0.296260442969 0.555764541309 -0.03) (0.296810110025 0.556443882058 -0.03) (0.297359777081 0.557123222807 -0.03) (0.297909444137 0.557802563556 -0.03) (0.298459111193 0.558481904305 -0.03) (0.29900877825 0.559161245055 -0.03) (0.299558445306 0.559840585804 -0.03) (0.300108112362 0.560519926553 -0.03) (0.300657779418 0.561199267302 -0.03) (0.301207446474 0.561878608051 -0.03) (0.30175711353 0.562557948801 -0.03) (0.302306780586 0.56323728955 -0.03) (0.302856447642 0.563916630299 -0.03) (0.303406114698 0.564595971048 -0.03) (0.303955781754 0.565275311797 -0.03) (0.30450544881 0.565954652546 -0.03) (0.305055115866 0.566633993296 -0.03) (0.305604782922 0.567313334045 -0.03) (0.306154449978 0.567992674794 -0.03) (0.306704117034 0.568672015543 -0.03) (0.30725378409 0.569351356292 -0.03) (0.307803451146 0.570030697042 -0.03) (0.308353118202 0.570710037791 -0.03) (0.308902785258 0.57138937854 -0.03) (0.309453390994 0.572062089996 -0.03) (0.310011544666 0.572728552193 -0.03) (0.310577175349 0.573388680445 -0.03) (0.311150211173 0.574042390874 -0.03) (0.311730579324 0.574689600415 -0.03) (0.312318206056 0.57533022683 -0.03) (0.312913016704 0.575964188717 -0.03) (0.313514935686 0.576591405521 -0.03) (0.314123886519 0.577211797544 -0.03) (0.314739791827 0.577825285956 -0.03) (0.315362573348 0.578431792804 -0.03) (0.31599215195 0.579031241021 -0.03) (0.316628447633 0.579623554438 -0.03) (0.317271379547 0.580208657792 -0.03) (0.317920865996 0.580786476736 -0.03) (0.318576824454 0.581356937849 -0.03) (0.31923917157 0.581919968646 -0.03) (0.319907823183 0.582475497584 -0.03) (0.320582694329 0.583023454075 -0.03) (0.321263699257 0.583563768491 -0.03) (0.321950751433 0.584096372178 -0.03) (0.322643763557 0.58462119746 -0.03) (0.32334264757 0.58513817765 -0.03) (0.324047314668 0.585647247057 -0.03) (0.324757675312 0.586148340995 -0.03) (0.325473639241 0.586641395793 -0.03))
    polyLine 58 62 ((0.294611441801 0.553726519061 0) (0.295161108857 0.55440585981 0) (0.295710775913 0.55508520056 0) (0.296260442969 0.555764541309 0) (0.296810110025 0.556443882058 0) (0.297359777081 0.557123222807 0) (0.297909444137 0.557802563556 0) (0.298459111193 0.558481904305 0) (0.29900877825 0.559161245055 0) (0.299558445306 0.559840585804 0) (0.300108112362 0.560519926553 0) (0.300657779418 0.561199267302 0) (0.301207446474 0.561878608051 0) (0.30175711353 0.562557948801 0) (0.302306780586 0.56323728955 0) (0.302856447642 0.563916630299 0) (0.303406114698 0.564595971048 0) (0.303955781754 0.565275311797 0) (0.30450544881 0.565954652546 0) (0.305055115866 0.566633993296 0) (0.305604782922 0.567313334045 0) (0.306154449978 0.567992674794 0) (0.306704117034 0.568672015543 0) (0.30725378409 0.569351356292 0) (0.307803451146 0.570030697042 0) (0.308353118202 0.570710037791 0) (0.308902785258 0.57138937854 0) (0.309453390994 0.572062089996 0) (0.310011544666 0.572728552193 0) (0.310577175349 0.573388680445 0) (0.311150211173 0.574042390874 0) (0.311730579324 0.574689600415 0) (0.312318206056 0.57533022683 0) (0.312913016704 0.575964188717 0) (0.313514935686 0.576591405521 0) (0.314123886519 0.577211797544 0) (0.314739791827 0.577825285956 0) (0.315362573348 0.578431792804 0) (0.31599215195 0.579031241021 0) (0.316628447633 0.579623554438 0) (0.317271379547 0.580208657792 0) (0.317920865996 0.580786476736 0) (0.318576824454 0.581356937849 0) (0.31923917157 0.581919968646 0) (0.319907823183 0.582475497584 0) (0.320582694329 0.583023454075 0) (0.321263699257 0.583563768491 0) (0.321950751433 0.584096372178 0) (0.322643763557 0.58462119746 0) (0.32334264757 0.58513817765 0) (0.324047314668 0.585647247057 0) (0.324757675312 0.586148340995 0) (0.325473639241 0.586641395793 0))
    polyLine 57 61 ((0.198871245203 1.28678523523 -0.03) (0.201435701978 1.29236067892 -0.03) (0.204021076618 1.2979787047 -0.03) (0.206627641653 1.3036398718 -0.03) (0.20925567437 1.30934474916 -0.03) (0.211905456915 1.31509391561 -0.03) (0.2145772764 1.32088796011 -0.03) (0.217271425017 1.32672748201 -0.03) (0.219988200142 1.3326130912 -0.03) (0.222727904458 1.33854540842 -0.03) (0.22549084607 1.34452506545 -0.03) (0.228277338626 1.35055270538 -0.03) (0.231087701445 1.3566289829 -0.03) (0.233922259642 1.36275456447 -0.03) (0.236781344262 1.36893012868 -0.03) (0.239665292415 1.3751563665 -0.03) (0.242574447414 1.38143398152 -0.03) (0.245509158919 1.38776369032 -0.03) (0.248469783086 1.39414622269 -0.03) (0.251456682714 1.400582322 -0.03) (0.254470227405 1.40707274549 -0.03) (0.25751079372 1.41361826459 -0.03) (0.260578765344 1.42021966527 -0.03))
    polyLine 59 63 ((0.198871245203 1.28678523523 0) (0.201435701978 1.29236067892 0) (0.204021076618 1.2979787047 0) (0.206627641653 1.3036398718 0) (0.20925567437 1.30934474916 0) (0.211905456915 1.31509391561 0) (0.2145772764 1.32088796011 0) (0.217271425017 1.32672748201 0) (0.219988200142 1.3326130912 0) (0.222727904458 1.33854540842 0) (0.22549084607 1.34452506545 0) (0.228277338626 1.35055270538 0) (0.231087701445 1.3566289829 0) (0.233922259642 1.36275456447 0) (0.236781344262 1.36893012868 0) (0.239665292415 1.3751563665 0) (0.242574447414 1.38143398152 0) (0.245509158919 1.38776369032 0) (0.248469783086 1.39414622269 0) (0.251456682714 1.400582322 0) (0.254470227405 1.40707274549 0) (0.25751079372 1.41361826459 0) (0.260578765344 1.42021966527 0))
    polyLine 60 64 ((0.326195115478 0.5871263488 -0.03) (0.326922012349 0.587603138396 -0.03) (0.327654237491 0.588071703997 -0.03) (0.328391697862 0.588531986064 -0.03) (0.329134299757 0.58898392611 -0.03) (0.329881948816 0.589427466711 -0.03) (0.330634550039 0.589862551507 -0.03) (0.331392007795 0.590289125213 -0.03) (0.332154225839 0.590707133628 -0.03) (0.332921107317 0.591116523635 -0.03) (0.333692554786 0.591517243216 -0.03) (0.334468470222 0.591909241453 -0.03) (0.33524875503 0.592292468536 -0.03) (0.336033310065 0.592666875771 -0.03) (0.336822035636 0.593032415583 -0.03) (0.337614831523 0.593389041524 -0.03) (0.338411596989 0.593736708279 -0.03) (0.339212230792 0.594075371672 -0.03) (0.340016631199 0.594404988671 -0.03) (0.340824695998 0.594725517391 -0.03) (0.341636322511 0.595036917106 -0.03) (0.34245140761 0.595339148247 -0.03) (0.343269847724 0.59563217241 -0.03) (0.344091538857 0.595915952362 -0.03) (0.344916376602 0.596190452044 -0.03) (0.345744256148 0.596455636578 -0.03) (0.346575072301 0.596711472267 -0.03) (0.347408719493 0.596957926602 -0.03) (0.348245091796 0.597194968269 -0.03) (0.349084082934 0.597422567147 -0.03) (0.349925586302 0.597640694316 -0.03) (0.350769494973 0.59784932206 -0.03) (0.351615701715 0.59804842387 -0.03) (0.352464099003 0.598237974445 -0.03) (0.353314579037 0.598417949702 -0.03) (0.354167033748 0.59858832677 -0.03) (0.355021354819 0.598749084002 -0.03) (0.355877433695 0.59890020097 -0.03) (0.356735161598 0.599041658472 -0.03) (0.35759442954 0.599173438535 -0.03) (0.358455128336 0.599295524413 -0.03) (0.359317148623 0.599407900593 -0.03) (0.360180380866 0.599510552797 -0.03) (0.361044715378 0.59960346798 -0.03) (0.361910042332 0.599686634336 -0.03) (0.362776251774 0.599760041299 -0.03) (0.363643233639 0.599823679539 -0.03) (0.364510877764 0.599877540972 -0.03) (0.365379073899 0.599921618752 -0.03) (0.366247711727 0.59995590728 -0.03) (0.367116680875 0.599980402198 -0.03) (0.367985870925 0.599995100394 -0.03))
    polyLine 62 66 ((0.326195115478 0.5871263488 0) (0.326922012349 0.587603138396 0) (0.327654237491 0.588071703997 0) (0.328391697862 0.588531986064 0) (0.329134299757 0.58898392611 0) (0.329881948816 0.589427466711 0) (0.330634550039 0.589862551507 0) (0.331392007795 0.590289125213 0) (0.332154225839 0.590707133628 0) (0.332921107317 0.591116523635 0) (0.333692554786 0.591517243216 0) (0.334468470222 0.591909241453 0) (0.33524875503 0.592292468536 0) (0.336033310065 0.592666875771 0) (0.336822035636 0.593032415583 0) (0.337614831523 0.593389041524 0) (0.338411596989 0.593736708279 0) (0.339212230792 0.594075371672 0) (0.340016631199 0.594404988671 0) (0.340824695998 0.594725517391 0) (0.341636322511 0.595036917106 0) (0.34245140761 0.595339148247 0) (0.343269847724 0.59563217241 0) (0.344091538857 0.595915952362 0) (0.344916376602 0.596190452044 0) (0.345744256148 0.596455636578 0) (0.346575072301 0.596711472267 0) (0.347408719493 0.596957926602 0) (0.348245091796 0.597194968269 0) (0.349084082934 0.597422567147 0) (0.349925586302 0.597640694316 0) (0.350769494973 0.59784932206 0) (0.351615701715 0.59804842387 0) (0.352464099003 0.598237974445 0) (0.353314579037 0.598417949702 0) (0.354167033748 0.59858832677 0) (0.355021354819 0.598749084002 0) (0.355877433695 0.59890020097 0) (0.356735161598 0.599041658472 0) (0.35759442954 0.599173438535 0) (0.358455128336 0.599295524413 0) (0.359317148623 0.599407900593 0) (0.360180380866 0.599510552797 0) (0.361044715378 0.59960346798 0) (0.361910042332 0.599686634336 0) (0.362776251774 0.599760041299 0) (0.363643233639 0.599823679539 0) (0.364510877764 0.599877540972 0) (0.365379073899 0.599921618752 0) (0.366247711727 0.59995590728 0) (0.367116680875 0.599980402198 0) (0.367985870925 0.599995100394 0))
    polyLine 61 65 ((0.26749228928 1.43508435383 -0.03) (0.271352810392 1.44337817804 -0.03) (0.275256854621 1.45176077331 -0.03) (0.279205198001 1.46023372869 -0.03) (0.283198635107 1.46879867103 -0.03) (0.287237979619 1.47745726617 -0.03) (0.29132406489 1.4862112201 -0.03) (0.29545774455 1.49506228014 -0.03) (0.299639893119 1.50401223627 -0.03) (0.303871406655 1.51306292239 -0.03) (0.308153203419 1.5222162177 -0.03) (0.312486224563 1.53147404812 -0.03) (0.316871434849 1.54083838772 -0.03) (0.321309823392 1.55031126027 -0.03) (0.325802404436 1.55989474079 -0.03) (0.330350218149 1.56959095722 -0.03) (0.334954331465 1.57940209209 -0.03) (0.33961583894 1.58933038429 -0.03) (0.344335863657 1.59937813092 -0.03) (0.349115558159 1.60954768917 -0.03) (0.353956105419 1.61984147834 -0.03) (0.35885871985 1.63026198186 -0.03) (0.363824648358 1.64081174946 -0.03))
    polyLine 63 67 ((0.26749228928 1.43508435383 0) (0.271352810392 1.44337817804 0) (0.275256854621 1.45176077331 0) (0.279205198001 1.46023372869 0) (0.283198635107 1.46879867103 0) (0.287237979619 1.47745726617 0) (0.29132406489 1.4862112201 0) (0.29545774455 1.49506228014 0) (0.299639893119 1.50401223627 0) (0.303871406655 1.51306292239 0) (0.308153203419 1.5222162177 0) (0.312486224563 1.53147404812 0) (0.316871434849 1.54083838772 0) (0.321309823392 1.55031126027 0) (0.325802404436 1.55989474079 0) (0.330350218149 1.56959095722 0) (0.334954331465 1.57940209209 0) (0.33961583894 1.58933038429 0) (0.344335863657 1.59937813092 0) (0.349115558159 1.60954768917 0) (0.353956105419 1.61984147834 0) (0.35885871985 1.63026198186 0) (0.363824648358 1.64081174946 0))
);

boundary
(
    body_fore
    {
        type wall;
        faces
        (
            (0 2 6 4)
            (4 6 10 8)
            (8 10 14 12)
            (12 14 18 16)
            (16 18 22 20)
            (20 22 26 24)
            (24 26 30 28)
            (28 30 34 32)
            (32 34 38 36)
            (36 38 42 40)
            (40 42 46 44)
            (44 46 50 48)
            (48 50 54 52)
            (52 54 58 56)
            (56 58 62 60)
            (60 62 66 64)
        );
    }
    freestream
    {
        type patch;
        faces
        (
            (1 5 7 3)
            (5 9 11 7)
            (9 13 15 11)
            (13 17 19 15)
            (17 21 23 19)
            (21 25 27 23)
            (25 29 31 27)
            (29 33 35 31)
            (33 37 39 35)
            (37 41 43 39)
            (41 45 47 43)
            (45 49 51 47)
            (49 53 55 51)
            (53 57 59 55)
            (57 61 63 59)
            (61 65 67 63)
        );
    }
    outlet
    {
        type patch;
        faces
        (
            (64 66 67 65)
        );
    }
    axis
    {
        type patch;
        faces
        (
            (0 1 3 2)
        );
    }
    front
    {
        type patch;
        faces
        (
            (2 6 7 3)
            (6 10 11 7)
            (10 14 15 11)
            (14 18 19 15)
            (18 22 23 19)
            (22 26 27 23)
            (26 30 31 27)
            (30 34 35 31)
            (34 38 39 35)
            (38 42 43 39)
            (42 46 47 43)
            (46 50 51 47)
            (50 54 55 51)
            (54 58 59 55)
            (58 62 63 59)
            (62 66 67 63)
        );
    }
    back
    {
        type patch;
        faces
        (
            (0 1 5 4)
            (4 5 9 8)
            (8 9 13 12)
            (12 13 17 16)
            (16 17 21 20)
            (20 21 25 24)
            (24 25 29 28)
            (28 29 33 32)
            (32 33 37 36)
            (36 37 41 40)
            (40 41 45 44)
            (44 45 49 48)
            (48 49 53 52)
            (52 53 57 56)
            (56 57 61 60)
            (60 61 65 64)
        );
    }
);
