FoamFile
{
    version     2.0;
    format      ascii;
    class       dictionary;
    object      blockMeshDict;
}
// Generated by aether.cfd - do not edit by hand. Regenerate from the run config.

scale 1;

vertices
(
    (0 0 -0.03)
    (-0.301634559473 7.32454614733e-17 -0.03)
    (0 0 0)
    (-0.301634559473 7.32454614733e-17 0)
    (0.0013852005446 0.0441190560114 -0.03)
    (-0.298378822156 0.0889392329568 -0.03)
    (0.0013852005446 0.0441190560114 0)
    (-0.298378822156 0.0889392329568 0)
    (0.00553509387981 0.0880643388301 -0.03)
    (-0.288721188493 0.177137094215 -0.03)
    (0.00553509387981 0.0880643388301 0)
    (-0.288721188493 0.177137094215 0)
    (0.0124333358345 0.131662775427 -0.03)
    (-0.272964288246 0.263961059789 -0.03)
    (0.0124333358345 0.131662775427 0)
    (-0.272964288246 0.263961059789 0)
    (0.022052758637 0.174742658738 -0.03)
    (-0.251536472263 0.348964394094 -0.03)
    (0.022052758637 0.174742658738 0)
    (-0.251536472263 0.348964394094 0)
    (0.0343555912056 0.217134287097 -0.03)
    (-0.224908776376 0.43191579027 -0.03)
    (0.0343555912056 0.217134287097 0)
    (-0.224908776376 0.43191579027 0)
    (0.0492933875345 0.258670679622 -0.03)
    (-0.193521026988 0.512786571007 -0.03)
    (0.0492933875345 0.258670679622 0)
    (-0.193521026988 0.512786571007 0)
    (0.0668071871529 0.299188283738 -0.03)
    (-0.157730514534 0.591712648439 -0.03)
    (0.0668071871529 0.299188283738 0)
    (-0.157730514534 0.591712648439 0)
    (0.0867178686288 0.338586219339 -0.03)
    (-0.117852892949 0.668824274261 -0.03)
    (0.0867178686288 0.338586219339 0)
    (-0.117852892949 0.668824274261 0)
    (0.10723434568 0.377677444731 -0.03)
    (-0.0754056671295 0.742210497018 -0.03)
    (0.10723434568 0.377677444731 0)
    (-0.0754056671295 0.742210497018 0)
    (0.127750822732 0.416768670123 -0.03)
    (-0.0317634480399 0.810822763209 -0.03)
    (0.127750822732 0.416768670123 0)
    (-0.0317634480399 0.810822763209 0)
    (0.148267299784 0.455859895516 -0.03)
    (0.0121670758307 0.874521709412 -0.03)
    (0.148267299784 0.455859895516 0)
    (0.0121670758307 0.874521709412 0)
    (0.168783776835 0.494951120908 -0.03)
    (0.0556841417935 0.933394396596 -0.03)
    (0.168783776835 0.494951120908 0)
    (0.0556841417935 0.933394396596 0)
    (0.189300253887 0.5340423463 -0.03)
    (0.0982765624299 0.987668801737 -0.03)
    (0.189300253887 0.5340423463 0)
    (0.0982765624299 0.987668801737 0)
    (0.215918533423 0.568954674174 -0.03)
    (0.148146674145 1.04770316536 -0.03)
    (0.215918533423 0.568954674174 0)
    (0.148146674145 1.04770316536 0)
    (0.253301362369 0.591969368839 -0.03)
    (0.214599684272 1.1228062432 -0.03)
    (0.253301362369 0.591969368839 0)
    (0.214599684272 1.1228062432 0)
    (0.296460021955 0.6 -0.03)
    (0.296460021955 1.20904756486 -0.03)
    (0.296460021955 0.6 0)
    (0.296460021955 1.20904756486 0)
);

blocks
(
    hex (0 4 5 1 2 6 7 3) (4 48 1) simpleGrading (1 4 1)
    hex (4 8 9 5 6 10 11 7) (4 48 1) simpleGrading (1 4 1)
    hex (8 12 13 9 10 14 15 11) (4 48 1) simpleGrading (1 4 1)
    hex (12 16 17 13 14 18 19 15) (4 48 1) simpleGrading (1 4 1)
    hex (16 20 21 17 18 22 23 19) (4 48 1) simpleGrading (1 4 1)
    hex (20 24 25 21 22 26 27 23) (4 48 1) simpleGrading (1 4 1)
    hex (24 28 29 25 26 30 31 27) (4 48 1) simpleGrading (1 4 1)
    hex (28 32 33 29 30 34 35 31) (4 48 1) simpleGrading (1 4 1)
    hex (32 36 37 33 34 38 39 35) (4 48 1) simpleGrading (1 4 1)
    hex (36 40 41 37 38 42 43 39) (4 48 1) simpleGrading (1 4 1)
    hex (40 44 45 41 42 46 47 43) (4 48 1) simpleGrading (1 4 1)
    hex (44 48 49 45 46 50 51 47) (4 48 1) simpleGrading (1 4 1)
    hex (48 52 53 49 50 54 55 51) (4 48 1) simpleGrading (1 4 1)
    hex (52 56 57 53 54 58 59 55) (4 48 1) simpleGrading (1 4 1)
    hex (56 60 61 57 58 62 63 59) (4 48 1) simpleGrading (1 4 1)
    hex (60 64 65 61 62 66 67 63) (4 48 1) simpleGrading (1 4 1)
);

edges
(
    polyLine 0 4 ((5.71908526141e-07 0.000896938072734 -0.03) (2.28763317447e-06 0.00179387468682 -0.03) (5.14717115486e-06 0.00269080838361 -0.03) (9.15051781692e-06 0.00358773770447 -0.03) (1.42976666501e-05 0.00448466119076 -0.03) (2.05886092841e-05 0.00538157738386 -0.03) (2.8023335488e-05 0.00627848482515 -0.03) (3.66018331712e-05 0.00717538205604 -0.03) (4.63240883828e-05 0.00807226761794 -0.03) (5.7190085312e-05 0.0089691400523 -0.03) (6.9199806288e-05 0.00986599790057 -0.03) (8.23532317799e-05 0.0107628397042 -0.03) (9.66503403969e-05 0.0116596640048 -0.03) (0.000112091108888 0.0125564693438 -0.03) (0.000128675512144 0.0134532542628 -0.03) (0.000146403523192 0.0143500173034 -0.03) (0.000165275113204 0.0152467570073 -0.03) (0.000185290251489 0.0161434719161 -0.03) (0.000206448905497 0.0170401605715 -0.03) (0.00022875104082 0.0179368215153 -0.03) (0.000252196621188 0.0188334532893 -0.03) (0.000276785608472 0.0197300544354 -0.03) (0.000302517962686 0.0206266234954 -0.03) (0.000329393641981 0.0215231590113 -0.03) (0.000357412602651 0.0224196595251 -0.03) (0.000386574799131 0.0233161235788 -0.03) (0.000416880183994 0.0242125497147 -0.03) (0.000448328707957 0.0251089364748 -0.03) (0.000480920319876 0.0260052824015 -0.03) (0.00051465496675 0.026901586037 -0.03) (0.000549532593717 0.0277978459237 -0.03) (0.000585553144057 0.0286940606041 -0.03) (0.000622716559193 0.0295902286207 -0.03) (0.000661022778686 0.0304863485161 -0.03) (0.000700471740241 0.031382418833 -0.03) (0.000741063379704 0.0322784381141 -0.03) (0.000782797631064 0.0331744049024 -0.03) (0.000825674426449 0.0340703177407 -0.03) (0.00086969369613 0.034966175172 -0.03) (0.000914855368523 0.0358619757396 -0.03) (0.000961159370181 0.0367577179864 -0.03) (0.0010086056258 0.037653400456 -0.03) (0.00105719405823 0.0385490216915 -0.03) (0.00110692458845 0.0394445802367 -0.03) (0.00115779713557 0.040340074635 -0.03) (0.00120981161688 0.0412355034301 -0.03) (0.00126296794779 0.0421308651658 -0.03) (0.00131726604184 0.0430261583862 -0.03) (0.00137270581073 0.0439213816351 -0.03))
    polyLine 2 6 ((5.71908526141e-07 0.000896938072734 0) (2.28763317447e-06 0.00179387468682 0) (5.14717115486e-06 0.00269080838361 0) (9.15051781692e-06 0.00358773770447 0) (1.42976666501e-05 0.00448466119076 0) (2.05886092841e-05 0.00538157738386 0) (2.8023335488e-05 0.00627848482515 0) (3.66018331712e-05 0.00717538205604 0) (4.63240883828e-05 0.00807226761794 0) (5.7190085312e-05 0.0089691400523 0) (6.9199806288e-05 0.00986599790057 0) (8.23532317799e-05 0.0107628397042 0) (9.66503403969e-05 0.0116596640048 0) (0.000112091108888 0.0125564693438 0) (0.000128675512144 0.0134532542628 0) (0.000146403523192 0.0143500173034 0) (0.000165275113204 0.0152467570073 0) (0.000185290251489 0.0161434719161 0) (0.000206448905497 0.0170401605715 0) (0.00022875104082 0.0179368215153 0) (0.000252196621188 0.0188334532893 0) (0.000276785608472 0.0197300544354 0) (0.000302517962686 0.0206266234954 0) (0.000329393641981 0.0215231590113 0) (0.000357412602651 0.0224196595251 0) (0.000386574799131 0.0233161235788 0) (0.000416880183994 0.0242125497147 0) (0.000448328707957 0.0251089364748 0) (0.000480920319876 0.0260052824015 0) (0.00051465496675 0.026901586037 0) (0.000549532593717 0.0277978459237 0) (0.000585553144057 0.0286940606041 0) (0.000622716559193 0.0295902286207 0) (0.000661022778686 0.0304863485161 0) (0.000700471740241 0.031382418833 0) (0.000741063379704 0.0322784381141 0) (0.000782797631064 0.0331744049024 0) (0.000825674426449 0.0340703177407 0) (0.00086969369613 0.034966175172 0) (0.000914855368523 0.0358619757396 0) (0.000961159370181 0.0367577179864 0) (0.0010086056258 0.037653400456 0) (0.00105719405823 0.0385490216915 0) (0.00110692458845 0.0394445802367 0) (0.00115779713557 0.040340074635 0) (0.00120981161688 0.0412355034301 0) (0.00126296794779 0.0421308651658 0) (0.00131726604184 0.0430261583862 0) (0.00137270581073 0.0439213816351 0))
    polyLine 1 5 ((-0.301628928619 0.00369869689911 -0.03) (-0.301612035613 0.00739746776949 -0.03) (-0.301583879112 0.0110963865881 -0.03) (-0.301544456885 0.0147955273431 -0.03) (-0.301493765803 0.0184949640399 -0.03) (-0.301431801845 0.0221947707063 -0.03) (-0.301358560093 0.0258950213986 -0.03) (-0.301274034734 0.0295957902071 -0.03) (-0.301178219059 0.0332971512619 -0.03) (-0.30107110546 0.0369991787382 -0.03) (-0.300952685429 0.0407019468626 -0.03) (-0.30082294956 0.0444055299183 -0.03) (-0.300681887542 0.0481100022513 -0.03) (-0.300529488162 0.0518154382754 -0.03) (-0.300365739301 0.0555219124788 -0.03) (-0.300190627932 0.0592294994293 -0.03) (-0.300004140119 0.0629382737802 -0.03) (-0.299806261014 0.0666483102759 -0.03) (-0.299596974852 0.0703596837583 -0.03) (-0.299376264955 0.0740724691718 -0.03) (-0.299144113723 0.0777867415697 -0.03) (-0.298900502632 0.08150257612 -0.03) (-0.298645412236 0.0852200481108 -0.03))
    polyLine 3 7 ((-0.301628928619 0.00369869689911 0) (-0.301612035613 0.00739746776949 0) (-0.301583879112 0.0110963865881 0) (-0.301544456885 0.0147955273431 0) (-0.301493765803 0.0184949640399 0) (-0.301431801845 0.0221947707063 0) (-0.301358560093 0.0258950213986 0) (-0.301274034734 0.0295957902071 0) (-0.301178219059 0.0332971512619 0) (-0.30107110546 0.0369991787382 0) (-0.300952685429 0.0407019468626 0) (-0.30082294956 0.0444055299183 0) (-0.300681887542 0.0481100022513 0) (-0.300529488162 0.0518154382754 0) (-0.300365739301 0.0555219124788 0) (-0.300190627932 0.0592294994293 0) (-0.300004140119 0.0629382737802 0) (-0.299806261014 0.0666483102759 0) (-0.299596974852 0.0703596837583 0) (-0.299376264955 0.0740724691718 0) (-0.299144113723 0.0777867415697 0) (-0.298900502632 0.08150257612 0) (-0.298645412236 0.0852200481108 0))
    polyLine 4 8 ((0.00142928716431 0.0448165334568 -0.03) (0.00148701001056 0.0457116123954 -0.03) (0.00154587425561 0.0466066169954 -0.03) (0.00160587980373 0.0475015458013 -0.03) (0.00166702655733 0.0483963973577 -0.03) (0.00172931441698 0.0492911702093 -0.03) (0.00179274328138 0.050185862901 -0.03) (0.00185731304738 0.0510804739778 -0.03) (0.00192302360997 0.0519750019848 -0.03) (0.00198987486229 0.0528694454673 -0.03) (0.00205786669563 0.0537638029708 -0.03) (0.0021269989994 0.0546580730407 -0.03) (0.00219727166119 0.0555522542228 -0.03) (0.00226868456671 0.0564463450629 -0.03) (0.00234123759983 0.057340344107 -0.03) (0.00241493064256 0.0582342499011 -0.03) (0.00248976357505 0.0591280609917 -0.03) (0.00256573627561 0.0600217759251 -0.03) (0.00264284862069 0.0609153932479 -0.03) (0.00272110048488 0.0618089115069 -0.03) (0.00280049174092 0.062702329249 -0.03) (0.00288102225971 0.0635956450212 -0.03) (0.00296269191029 0.0644888573709 -0.03) (0.00304550055982 0.0653819648453 -0.03) (0.00312944807366 0.0662749659922 -0.03) (0.00321453431528 0.0671678593593 -0.03) (0.0033007591463 0.0680606434944 -0.03) (0.0033881224265 0.0689533169457 -0.03) (0.00347662401382 0.0698458782615 -0.03) (0.00356626376432 0.0707383259902 -0.03) (0.00365704153222 0.0716306586805 -0.03) (0.0037489571699 0.0725228748813 -0.03) (0.00384201052789 0.0734149731416 -0.03) (0.00393620145484 0.0743069520106 -0.03) (0.00403152979759 0.0751988100376 -0.03) (0.00412799540111 0.0760905457725 -0.03) (0.00422559810851 0.0769821577648 -0.03) (0.00432433776108 0.0778736445647 -0.03) (0.00442421419823 0.0787650047224 -0.03) (0.00452522725754 0.0796562367883 -0.03) (0.00462737677474 0.080547339313 -0.03) (0.00473066258371 0.0814383108473 -0.03) (0.00483508451648 0.0823291499424 -0.03) (0.00494064240324 0.0832198551495 -0.03) (0.00504733607231 0.0841104250201 -0.03) (0.00515516535019 0.0850008581059 -0.03) (0.00526413006152 0.0858911529588 -0.03) (0.0053742300291 0.0867813081309 -0.03) (0.00548546507387 0.0876713221748 -0.03))
    polyLine 6 10 ((0.00142928716431 0.0448165334568 0) (0.00148701001056 0.0457116123954 0) (0.00154587425561 0.0466066169954 0) (0.00160587980373 0.0475015458013 0) (0.00166702655733 0.0483963973577 0) (0.00172931441698 0.0492911702093 0) (0.00179274328138 0.050185862901 0) (0.00185731304738 0.0510804739778 0) (0.00192302360997 0.0519750019848 0) (0.00198987486229 0.0528694454673 0) (0.00205786669563 0.0537638029708 0) (0.0021269989994 0.0546580730407 0) (0.00219727166119 0.0555522542228 0) (0.00226868456671 0.0564463450629 0) (0.00234123759983 0.057340344107 0) (0.00241493064256 0.0582342499011 0) (0.00248976357505 0.0591280609917 0) (0.00256573627561 0.0600217759251 0) (0.00264284862069 0.0609153932479 0) (0.00272110048488 0.0618089115069 0) (0.00280049174092 0.062702329249 0) (0.00288102225971 0.0635956450212 0) (0.00296269191029 0.0644888573709 0) (0.00304550055982 0.0653819648453 0) (0.00312944807366 0.0662749659922 0) (0.00321453431528 0.0671678593593 0) (0.0033007591463 0.0680606434944 0) (0.0033881224265 0.0689533169457 0) (0.00347662401382 0.0698458782615 0) (0.00356626376432 0.0707383259902 0) (0.00365704153222 0.0716306586805 0) (0.0037489571699 0.0725228748813 0) (0.00384201052789 0.0734149731416 0) (0.00393620145484 0.0743069520106 0) (0.00403152979759 0.0751988100376 0) (0.00412799540111 0.0760905457725 0) (0.00422559810851 0.0769821577648 0) (0.00432433776108 0.0778736445647 0) (0.00442421419823 0.0787650047224 0) (0.00452522725754 0.0796562367883 0) (0.00462737677474 0.080547339313 0) (0.00473066258371 0.0814383108473 0) (0.00483508451648 0.0823291499424 0) (0.00494064240324 0.0832198551495 0) (0.00504733607231 0.0841104250201 0) (0.00515516535019 0.0850008581059 0) (0.00526413006152 0.0858911529588 0) (0.0053742300291 0.0867813081309 0) (0.00548546507387 0.0876713221748 0))
    polyLine 5 9 ((-0.29810625783 0.092587455112 -0.03) (-0.297822597555 0.0962374677684 -0.03) (-0.297527819506 0.0998893423909 -0.03) (-0.297221900984 0.103543150583 -0.03) (-0.296904818419 0.107198964091 -0.03) (-0.29657654736 0.110856854812 -0.03) (-0.296237062474 0.114516894798 -0.03) (-0.295886337539 0.11817915626 -0.03) (-0.295524345445 0.121843711577 -0.03) (-0.295151058185 0.125510633297 -0.03) (-0.294766446853 0.129179994148 -0.03) (-0.294370481638 0.132851867038 -0.03) (-0.293963131821 0.136526325065 -0.03) (-0.293544365766 0.140203441522 -0.03) (-0.293114150922 0.143883289899 -0.03) (-0.292672453811 0.147565943894 -0.03) (-0.292219240024 0.151251477415 -0.03) (-0.29175447422 0.154939964588 -0.03) (-0.291278120114 0.158631479762 -0.03) (-0.290790140476 0.162326097515 -0.03) (-0.290290497121 0.166023892659 -0.03) (-0.289779150907 0.169724940248 -0.03) (-0.289256061724 0.173429315582 -0.03))
    polyLine 7 11 ((-0.29810625783 0.092587455112 0) (-0.297822597555 0.0962374677684 0) (-0.297527819506 0.0998893423909 0) (-0.297221900984 0.103543150583 0) (-0.296904818419 0.107198964091 0) (-0.29657654736 0.110856854812 0) (-0.296237062474 0.114516894798 0) (-0.295886337539 0.11817915626 0) (-0.295524345445 0.121843711577 0) (-0.295151058185 0.125510633297 0) (-0.294766446853 0.129179994148 0) (-0.294370481638 0.132851867038 0) (-0.293963131821 0.136526325065 0) (-0.293544365766 0.140203441522 0) (-0.293114150922 0.143883289899 0) (-0.292672453811 0.147565943894 0) (-0.292219240024 0.151251477415 0) (-0.29175447422 0.154939964588 0) (-0.291278120114 0.158631479762 0) (-0.290790140476 0.162326097515 0) (-0.290290497121 0.166023892659 0) (-0.289779150907 0.169724940248 0) (-0.289256061724 0.173429315582 0))
    polyLine 8 12 ((0.00559783501494 0.0885611936429 -0.03) (0.00571133966957 0.0894509210881 -0.03) (0.00582597885318 0.0903405030635 -0.03) (0.00594175237932 0.0912299381224 -0.03) (0.00605866005972 0.0921192248184 -0.03) (0.00617670170426 0.0930083617053 -0.03) (0.00629587712097 0.093897347337 -0.03) (0.00641618611605 0.0947861802679 -0.03) (0.00653762849384 0.0956748590526 -0.03) (0.00666020405685 0.0965633822457 -0.03) (0.00678391260574 0.0974517484024 -0.03) (0.00690875393932 0.0983399560779 -0.03) (0.00703472785457 0.0992280038278 -0.03) (0.00716183414663 0.100115890208 -0.03) (0.00729007260879 0.101003613774 -0.03) (0.0074194430325 0.101891173083 -0.03) (0.00754994520738 0.102778566691 -0.03) (0.00768157892119 0.103665793155 -0.03) (0.00781434395986 0.104552851033 -0.03) (0.00794824010748 0.105439738881 -0.03) (0.00808326714631 0.106326455257 -0.03) (0.00821942485676 0.10721299872 -0.03) (0.0083567130174 0.108099367827 -0.03) (0.00849513140496 0.108985561138 -0.03) (0.00863467979435 0.10987157721 -0.03) (0.00877535795861 0.110757414603 -0.03) (0.00891716566898 0.111643071877 -0.03) (0.00906010269484 0.112528547591 -0.03) (0.00920416880373 0.113413840305 -0.03) (0.00934936376136 0.11429894858 -0.03) (0.00949568733163 0.115183870975 -0.03) (0.00964313927655 0.116068606053 -0.03) (0.00979171935635 0.116953152374 -0.03) (0.00994142732939 0.117837508499 -0.03) (0.0100922629522 0.11872167299 -0.03) (0.0102442259795 0.119605644411 -0.03) (0.0103973161642 0.120489421322 -0.03) (0.0105515332572 0.121373002287 -0.03) (0.0107068770078 0.122256385869 -0.03) (0.0108633471634 0.123139570631 -0.03) (0.0110209434695 0.124022555136 -0.03) (0.0111796656698 0.12490533795 -0.03) (0.0113395135063 0.125787917637 -0.03) (0.0115004867188 0.12667029276 -0.03) (0.0116625850457 0.127552461885 -0.03) (0.0118258082233 0.128434423578 -0.03) (0.0119901559863 0.129316176404 -0.03) (0.0121556280672 0.130197718929 -0.03) (0.0123222241971 0.13107904972 -0.03))
    polyLine 10 14 ((0.00559783501494 0.0885611936429 0) (0.00571133966957 0.0894509210881 0) (0.00582597885318 0.0903405030635 0) (0.00594175237932 0.0912299381224 0) (0.00605866005972 0.0921192248184 0) (0.00617670170426 0.0930083617053 0) (0.00629587712097 0.093897347337 0) (0.00641618611605 0.0947861802679 0) (0.00653762849384 0.0956748590526 0) (0.00666020405685 0.0965633822457 0) (0.00678391260574 0.0974517484024 0) (0.00690875393932 0.0983399560779 0) (0.00703472785457 0.0992280038278 0) (0.00716183414663 0.100115890208 0) (0.00729007260879 0.101003613774 0) (0.0074194430325 0.101891173083 0) (0.00754994520738 0.102778566691 0) (0.00768157892119 0.103665793155 0) (0.00781434395986 0.104552851033 0) (0.00794824010748 0.105439738881 0) (0.00808326714631 0.106326455257 0) (0.00821942485676 0.10721299872 0) (0.0083567130174 0.108099367827 0) (0.00849513140496 0.108985561138 0) (0.00863467979435 0.10987157721 0) (0.00877535795861 0.110757414603 0) (0.00891716566898 0.111643071877 0) (0.00906010269484 0.112528547591 0) (0.00920416880373 0.113413840305 0) (0.00934936376136 0.11429894858 0) (0.00949568733163 0.115183870975 0) (0.00964313927655 0.116068606053 0) (0.00979171935635 0.116953152374 0) (0.00994142732939 0.117837508499 0) (0.0100922629522 0.11872167299 0) (0.0102442259795 0.119605644411 0) (0.0103973161642 0.120489421322 0) (0.0105515332572 0.121373002287 0) (0.0107068770078 0.122256385869 0) (0.0108633471634 0.123139570631 0) (0.0110209434695 0.124022555136 0) (0.0111796656698 0.12490533795 0) (0.0113395135063 0.125787917637 0) (0.0115004867188 0.12667029276 0) (0.0116625850457 0.127552461885 0) (0.0118258082233 0.128434423578 0) (0.0119901559863 0.129316176404 0) (0.0121556280672 0.130197718929 0) (0.0123222241971 0.13107904972 0))
    polyLine 9 13 ((-0.28819492274 0.180711009367 -0.03) (-0.287657651173 0.184288218944 -0.03) (-0.287109334513 0.187868791117 -0.03) (-0.286549932619 0.191452794298 -0.03) (-0.285979404485 0.19504029714 -0.03) (-0.285397708234 0.198631368547 -0.03) (-0.28480480111 0.202226077677 -0.03) (-0.284200639471 0.205824493946 -0.03) (-0.283585178786 0.209426687035 -0.03) (-0.282958373624 0.213032726898 -0.03) (-0.282320177646 0.21664268376 -0.03) (-0.281670543605 0.220256628131 -0.03) (-0.28100942333 0.223874630807 -0.03) (-0.280336767726 0.227496762874 -0.03) (-0.279652526759 0.231123095719 -0.03) (-0.278956649455 0.234753701031 -0.03) (-0.278249083888 0.238388650807 -0.03) (-0.277529777172 0.242028017362 -0.03) (-0.276798675457 0.24567187333 -0.03) (-0.276055723913 0.249320291673 -0.03) (-0.275300866728 0.252973345684 -0.03) (-0.274534047096 0.256631108997 -0.03) (-0.273755207209 0.260293655589 -0.03))
    polyLine 11 15 ((-0.28819492274 0.180711009367 0) (-0.287657651173 0.184288218944 0) (-0.287109334513 0.187868791117 0) (-0.286549932619 0.191452794298 0) (-0.285979404485 0.19504029714 0) (-0.285397708234 0.198631368547 0) (-0.28480480111 0.202226077677 0) (-0.284200639471 0.205824493946 0) (-0.283585178786 0.209426687035 0) (-0.282958373624 0.213032726898 0) (-0.282320177646 0.21664268376 0) (-0.281670543605 0.220256628131 0) (-0.28100942333 0.223874630807 0) (-0.280336767726 0.227496762874 0) (-0.279652526759 0.231123095719 0) (-0.278956649455 0.234753701031 0) (-0.278249083888 0.238388650807 0) (-0.277529777172 0.242028017362 0) (-0.276798675457 0.24567187333 0) (-0.276055723913 0.249320291673 0) (-0.275300866728 0.252973345684 0) (-0.274534047096 0.256631108997 0) (-0.273755207209 0.260293655589 0))
    polyLine 12 16 ((0.012489944105 0.131960167344 -0.03) (0.0126587875182 0.132841070366 -0.03) (0.012828754162 0.133721757356 -0.03) (0.01299984376 0.13460222688 -0.03) (0.0131720560341 0.135482477507 -0.03) (0.0133453907042 0.136362507805 -0.03) (0.0135198474883 0.137242316343 -0.03) (0.0136954261028 0.13812190169 -0.03) (0.0138721262621 0.139001262417 -0.03) (0.0140499476789 0.139880397092 -0.03) (0.0142288900639 0.140759304286 -0.03) (0.0144089531263 0.14163798257 -0.03) (0.0145901365731 0.142516430515 -0.03) (0.0147724401097 0.143394646692 -0.03) (0.0149558634396 0.144272629674 -0.03) (0.0151404062646 0.145150378031 -0.03) (0.0153260682845 0.146027890338 -0.03) (0.0155128491974 0.146905165166 -0.03) (0.0157007486995 0.147782201089 -0.03) (0.0158897664853 0.148658996681 -0.03) (0.0160799022474 0.149535550516 -0.03) (0.0162711556765 0.150411861168 -0.03) (0.0164635264617 0.151287927212 -0.03) (0.0166570142901 0.152163747225 -0.03) (0.016851618847 0.15303931978 -0.03) (0.017047339816 0.153914643455 -0.03) (0.0172441768787 0.154789716826 -0.03) (0.0174421297151 0.155664538469 -0.03) (0.0176411980033 0.156539106963 -0.03) (0.0178413814194 0.157413420884 -0.03) (0.018042679638 0.158287478812 -0.03) (0.0182450923317 0.159161279324 -0.03) (0.0184486191714 0.160034820999 -0.03) (0.0186532598259 0.160908102418 -0.03) (0.0188590139626 0.161781122159 -0.03) (0.0190658812468 0.162653878803 -0.03) (0.0192738613422 0.163526370931 -0.03) (0.0194829539104 0.164398597124 -0.03) (0.0196931586115 0.165270555963 -0.03) (0.0199044751035 0.16614224603 -0.03) (0.020116903043 0.167013665909 -0.03) (0.0203304420843 0.16788481418 -0.03) (0.0205450918802 0.168755689429 -0.03) (0.0207608520816 0.169626290238 -0.03) (0.0209777223377 0.170496615192 -0.03) (0.0211957022958 0.171366662875 -0.03) (0.0214147916014 0.172236431873 -0.03) (0.0216349898981 0.173105920771 -0.03) (0.021856296828 0.173975128155 -0.03))
    polyLine 14 18 ((0.012489944105 0.131960167344 0) (0.0126587875182 0.132841070366 0) (0.012828754162 0.133721757356 0) (0.01299984376 0.13460222688 0) (0.0131720560341 0.135482477507 0) (0.0133453907042 0.136362507805 0) (0.0135198474883 0.137242316343 0) (0.0136954261028 0.13812190169 0) (0.0138721262621 0.139001262417 0) (0.0140499476789 0.139880397092 0) (0.0142288900639 0.140759304286 0) (0.0144089531263 0.14163798257 0) (0.0145901365731 0.142516430515 0) (0.0147724401097 0.143394646692 0) (0.0149558634396 0.144272629674 0) (0.0151404062646 0.145150378031 0) (0.0153260682845 0.146027890338 0) (0.0155128491974 0.146905165166 0) (0.0157007486995 0.147782201089 0) (0.0158897664853 0.148658996681 0) (0.0160799022474 0.149535550516 0) (0.0162711556765 0.150411861168 0) (0.0164635264617 0.151287927212 0) (0.0166570142901 0.152163747225 0) (0.016851618847 0.15303931978 0) (0.017047339816 0.153914643455 0) (0.0172441768787 0.154789716826 0) (0.0174421297151 0.155664538469 0) (0.0176411980033 0.156539106963 0) (0.0178413814194 0.157413420884 0) (0.018042679638 0.158287478812 0) (0.0182450923317 0.159161279324 0) (0.0184486191714 0.160034820999 0) (0.0186532598259 0.160908102418 0) (0.0188590139626 0.161781122159 0) (0.0190658812468 0.162653878803 0) (0.0192738613422 0.163526370931 0) (0.0194829539104 0.164398597124 0) (0.0196931586115 0.165270555963 0) (0.0199044751035 0.16614224603 0) (0.020116903043 0.167013665909 0) (0.0203304420843 0.16788481418 0) (0.0205450918802 0.168755689429 0) (0.0207608520816 0.169626290238 0) (0.0209777223377 0.170496615192 0) (0.0211957022958 0.171366662875 0) (0.0214147916014 0.172236431873 0) (0.0216349898981 0.173105920771 0) (0.021856296828 0.173975128155 0))
    polyLine 13 17 ((-0.272202591538 0.267445484336 -0.03) (-0.271429913688 0.270934413735 -0.03) (-0.270646201873 0.274427912393 -0.03) (-0.26985140242 0.277926045019 -0.03) (-0.269045460798 0.281428876633 -0.03) (-0.26822832161 0.284936472568 -0.03) (-0.267399928586 0.288448898477 -0.03) (-0.26656022457 0.291966220335 -0.03) (-0.265709151519 0.295488504448 -0.03) (-0.264846650489 0.299015817458 -0.03) (-0.263972661629 0.302548226344 -0.03) (-0.26308712417 0.306085798432 -0.03) (-0.262189976418 0.309628601396 -0.03) (-0.261281155744 0.313176703267 -0.03) (-0.260360598574 0.316730172439 -0.03) (-0.259428240382 0.320289077669 -0.03) (-0.258484015677 0.323853488088 -0.03) (-0.257527857995 0.327423473206 -0.03) (-0.25655969989 0.330999102914 -0.03) (-0.255579472922 0.334580447493 -0.03) (-0.254587107647 0.33816757762 -0.03) (-0.253582533607 0.341760564371 -0.03) (-0.252565679318 0.34535947923 -0.03))
    polyLine 15 19 ((-0.272202591538 0.267445484336 0) (-0.271429913688 0.270934413735 0) (-0.270646201873 0.274427912393 0) (-0.26985140242 0.277926045019 0) (-0.269045460798 0.281428876633 0) (-0.26822832161 0.284936472568 0) (-0.267399928586 0.288448898477 0) (-0.26656022457 0.291966220335 0) (-0.265709151519 0.295488504448 0) (-0.264846650489 0.299015817458 0) (-0.263972661629 0.302548226344 0) (-0.26308712417 0.306085798432 0) (-0.262189976418 0.309628601396 0) (-0.261281155744 0.313176703267 0) (-0.260360598574 0.316730172439 0) (-0.259428240382 0.320289077669 0) (-0.258484015677 0.323853488088 0) (-0.257527857995 0.327423473206 0) (-0.25655969989 0.330999102914 0) (-0.255579472922 0.334580447493 0) (-0.254587107647 0.33816757762 0) (-0.253582533607 0.341760564371 0) (-0.252565679318 0.34535947923 0))
    polyLine 16 20 ((0.022078712031 0.174844052611 -0.03) (0.0223022351456 0.175712692727 -0.03) (0.0225268658081 0.176581047089 -0.03) (0.0227526036533 0.177449114286 -0.03) (0.022979448314 0.178316892906 -0.03) (0.0232073994214 0.179184381538 -0.03) (0.0234364566048 0.180051578771 -0.03) (0.0236666194916 0.180918483194 -0.03) (0.0238978877076 0.181785093398 -0.03) (0.0241302608766 0.182651407973 -0.03) (0.0243637386207 0.183517425511 -0.03) (0.0245983205604 0.184383144604 -0.03) (0.024834006314 0.185248563843 -0.03) (0.0250707954982 0.186113681821 -0.03) (0.0253086877281 0.186978497131 -0.03) (0.0255476826167 0.187843008366 -0.03) (0.0257877797754 0.188707214122 -0.03) (0.0260289788136 0.189571112992 -0.03) (0.0262712793392 0.190434703571 -0.03) (0.0265146809582 0.191297984455 -0.03) (0.0267591832746 0.192160954241 -0.03) (0.0270047858909 0.193023611524 -0.03) (0.0272514884076 0.193885954902 -0.03) (0.0274992904236 0.194747982972 -0.03) (0.0277481915358 0.195609694333 -0.03) (0.0279981913395 0.196471087584 -0.03) (0.0282492894281 0.197332161322 -0.03) (0.0285014853933 0.198192914149 -0.03) (0.0287547788249 0.199053344664 -0.03) (0.029009169311 0.199913451468 -0.03) (0.029264656438 0.200773233162 -0.03) (0.0295212397902 0.201632688348 -0.03) (0.0297789189506 0.202491815628 -0.03) (0.0300376934999 0.203350613605 -0.03) (0.0302975630174 0.204209080883 -0.03) (0.0305585270805 0.205067216066 -0.03) (0.0308205852647 0.205925017757 -0.03) (0.0310837371439 0.206782484562 -0.03) (0.0313479822901 0.207639615086 -0.03) (0.0316133202737 0.208496407936 -0.03) (0.0318797506631 0.209352861719 -0.03) (0.032147273025 0.21020897504 -0.03) (0.0324158869243 0.211064746509 -0.03) (0.0326855919243 0.211920174733 -0.03) (0.0329563875863 0.212775258321 -0.03) (0.0332282734699 0.213629995883 -0.03) (0.033501249133 0.214484386028 -0.03) (0.0337753141317 0.215338427368 -0.03) (0.0340504680202 0.216192118513 -0.03) (0.0343267103511 0.217045458075 -0.03))
    polyLine 18 22 ((0.022078712031 0.174844052611 0) (0.0223022351456 0.175712692727 0) (0.0225268658081 0.176581047089 0) (0.0227526036533 0.177449114286 0) (0.022979448314 0.178316892906 0) (0.0232073994214 0.179184381538 0) (0.0234364566048 0.180051578771 0) (0.0236666194916 0.180918483194 0) (0.0238978877076 0.181785093398 0) (0.0241302608766 0.182651407973 0) (0.0243637386207 0.183517425511 0) (0.0245983205604 0.184383144604 0) (0.024834006314 0.185248563843 0) (0.0250707954982 0.186113681821 0) (0.0253086877281 0.186978497131 0) (0.0255476826167 0.187843008366 0) (0.0257877797754 0.188707214122 0) (0.0260289788136 0.189571112992 0) (0.0262712793392 0.190434703571 0) (0.0265146809582 0.191297984455 0) (0.0267591832746 0.192160954241 0) (0.0270047858909 0.193023611524 0) (0.0272514884076 0.193885954902 0) (0.0274992904236 0.194747982972 0) (0.0277481915358 0.195609694333 0) (0.0279981913395 0.196471087584 0) (0.0282492894281 0.197332161322 0) (0.0285014853933 0.198192914149 0) (0.0287547788249 0.199053344664 0) (0.029009169311 0.199913451468 0) (0.029264656438 0.200773233162 0) (0.0295212397902 0.201632688348 0) (0.0297789189506 0.202491815628 0) (0.0300376934999 0.203350613605 0) (0.0302975630174 0.204209080883 0) (0.0305585270805 0.205067216066 0) (0.0308205852647 0.205925017757 0) (0.0310837371439 0.206782484562 0) (0.0313479822901 0.207639615086 0) (0.0316133202737 0.208496407936 0) (0.0318797506631 0.209352861719 0) (0.032147273025 0.21020897504 0) (0.0324158869243 0.211064746509 0) (0.0326855919243 0.211920174733 0) (0.0329563875863 0.212775258321 0) (0.0332282734699 0.213629995883 0) (0.033501249133 0.214484386028 0) (0.0337753141317 0.215338427368 0) (0.0340504680202 0.216192118513 0) (0.0343267103511 0.217045458075 0))
    polyLine 17 21 ((-0.250559226178 0.352353243362 -0.03) (-0.249570972806 0.355747501501 -0.03) (-0.248571649653 0.359147228968 -0.03) (-0.247561193388 0.362552486558 -0.03) (-0.246539539832 0.365963335411 -0.03) (-0.245506623952 0.369379837013 -0.03) (-0.244462379848 0.372802053203 -0.03) (-0.24340674075 0.376230046178 -0.03) (-0.242339639005 0.379663878497 -0.03) (-0.241261006064 0.383103613085 -0.03) (-0.240170772483 0.38654931324 -0.03) (-0.239068867901 0.390001042635 -0.03) (-0.237955221039 0.393458865328 -0.03) (-0.236829759686 0.396922845761 -0.03) (-0.235692410692 0.400393048768 -0.03) (-0.234543099952 0.403869539583 -0.03) (-0.233381752402 0.407352383839 -0.03) (-0.232208292004 0.410841647579 -0.03) (-0.231022641736 0.414337397257 -0.03) (-0.229824723584 0.417839699749 -0.03) (-0.228614458525 0.421348622351 -0.03) (-0.227391766522 0.42486423279 -0.03) (-0.226156566508 0.428386599229 -0.03))
    polyLine 19 23 ((-0.250559226178 0.352353243362 0) (-0.249570972806 0.355747501501 0) (-0.248571649653 0.359147228968 0) (-0.247561193388 0.362552486558 0) (-0.246539539832 0.365963335411 0) (-0.245506623952 0.369379837013 0) (-0.244462379848 0.372802053203 0) (-0.24340674075 0.376230046178 0) (-0.242339639005 0.379663878497 0) (-0.241261006064 0.383103613085 0) (-0.240170772483 0.38654931324 0) (-0.239068867901 0.390001042635 0) (-0.237955221039 0.393458865328 0) (-0.236829759686 0.396922845761 0) (-0.235692410692 0.400393048768 0) (-0.234543099952 0.403869539583 0) (-0.233381752402 0.407352383839 0) (-0.232208292004 0.410841647579 0) (-0.231022641736 0.414337397257 0) (-0.229824723584 0.417839699749 0) (-0.228614458525 0.421348622351 0) (-0.227391766522 0.42486423279 0) (-0.226156566508 0.428386599229 0))
    polyLine 20 24 ((0.0346040406752 0.217898444666 -0.03) (0.0348824585414 0.218751076899 -0.03) (0.0351619634969 0.219603353388 -0.03) (0.0354425550873 0.220455272746 -0.03) (0.0357242328562 0.221306833589 -0.03) (0.0360069963455 0.22215803453 -0.03) (0.0362908450953 0.223008874186 -0.03) (0.0365757786442 0.223859351174 -0.03) (0.0368617965286 0.224709464109 -0.03) (0.0371488982834 0.22555921161 -0.03) (0.0374370834419 0.226408592295 -0.03) (0.0377263515352 0.227257604782 -0.03) (0.038016702093 0.228106247691 -0.03) (0.0383081346431 0.228954519642 -0.03) (0.0386006487115 0.229802419255 -0.03) (0.0388942438226 0.230649945151 -0.03) (0.0391889194988 0.231497095951 -0.03) (0.039484675261 0.232343870279 -0.03) (0.0397815106282 0.233190266757 -0.03) (0.0400794251177 0.234036284009 -0.03) (0.040378418245 0.234881920659 -0.03) (0.0406784895237 0.235727175331 -0.03) (0.0409796384661 0.236572046652 -0.03) (0.0412818645822 0.237416533246 -0.03) (0.0415851673806 0.238260633741 -0.03) (0.0418895463682 0.239104346764 -0.03) (0.0421950010497 0.239947670943 -0.03) (0.0425015309286 0.240790604907 -0.03) (0.0428091355063 0.241633147284 -0.03) (0.0431178142826 0.242475296704 -0.03) (0.0434275667555 0.243317051799 -0.03) (0.0437383924212 0.244158411198 -0.03) (0.0440502907743 0.244999373534 -0.03) (0.0443632613075 0.245839937439 -0.03) (0.0446773035119 0.246680101547 -0.03) (0.0449924168768 0.24751986449 -0.03) (0.0453086008897 0.248359224903 -0.03) (0.0456258550364 0.249198181421 -0.03) (0.045944178801 0.250036732681 -0.03) (0.0462635716658 0.250874877317 -0.03) (0.0465840331114 0.251712613967 -0.03) (0.0469055626167 0.252549941269 -0.03) (0.0472281596587 0.253386857861 -0.03) (0.0475518237128 0.254223362382 -0.03) (0.0478765542527 0.255059453472 -0.03) (0.0482023507502 0.25589512977 -0.03) (0.0485292126756 0.256730389918 -0.03) (0.0488571394973 0.257565232558 -0.03) (0.049186130682 0.258399656331 -0.03))
    polyLine 22 26 ((0.0346040406752 0.217898444666 0) (0.0348824585414 0.218751076899 0) (0.0351619634969 0.219603353388 0) (0.0354425550873 0.220455272746 0) (0.0357242328562 0.221306833589 0) (0.0360069963455 0.22215803453 0) (0.0362908450953 0.223008874186 0) (0.0365757786442 0.223859351174 0) (0.0368617965286 0.224709464109 0) (0.0371488982834 0.22555921161 0) (0.0374370834419 0.226408592295 0) (0.0377263515352 0.227257604782 0) (0.038016702093 0.228106247691 0) (0.0383081346431 0.228954519642 0) (0.0386006487115 0.229802419255 0) (0.0388942438226 0.230649945151 0) (0.0391889194988 0.231497095951 0) (0.039484675261 0.232343870279 0) (0.0397815106282 0.233190266757 0) (0.0400794251177 0.234036284009 0) (0.040378418245 0.234881920659 0) (0.0406784895237 0.235727175331 0) (0.0409796384661 0.236572046652 0) (0.0412818645822 0.237416533246 0) (0.0415851673806 0.238260633741 0) (0.0418895463682 0.239104346764 0) (0.0421950010497 0.239947670943 0) (0.0425015309286 0.240790604907 0) (0.0428091355063 0.241633147284 0) (0.0431178142826 0.242475296704 0) (0.0434275667555 0.243317051799 0) (0.0437383924212 0.244158411198 0) (0.0440502907743 0.244999373534 0) (0.0443632613075 0.245839937439 0) (0.0446773035119 0.246680101547 0) (0.0449924168768 0.24751986449 0) (0.0453086008897 0.248359224903 0) (0.0456258550364 0.249198181421 0) (0.045944178801 0.250036732681 0) (0.0462635716658 0.250874877317 0) (0.0465840331114 0.251712613967 0) (0.0469055626167 0.252549941269 0) (0.0472281596587 0.253386857861 0) (0.0475518237128 0.254223362382 0) (0.0478765542527 0.255059453472 0) (0.0482023507502 0.25589512977 0) (0.0485292126756 0.256730389918 0) (0.0488571394973 0.257565232558 0) (0.049186130682 0.258399656331 0))
    polyLine 21 25 ((-0.223734509672 0.435210972416 -0.03) (-0.222549168053 0.438512197959 -0.03) (-0.221352682568 0.441819523487 -0.03) (-0.220144983444 0.445133005935 -0.03) (-0.218926000082 0.448452702594 -0.03) (-0.217695661042 0.451778671112 -0.03) (-0.216453894037 0.4551109695 -0.03) (-0.215200625925 0.458449656132 -0.03) (-0.213935782694 0.461794789759 -0.03) (-0.212659289461 0.465146429504 -0.03) (-0.211371070453 0.468504634869 -0.03) (-0.210071049005 0.471869465745 -0.03) (-0.208759147543 0.475240982407 -0.03) (-0.207435287581 0.478619245528 -0.03) (-0.206099389703 0.482004316178 -0.03) (-0.204751373559 0.48539625583 -0.03) (-0.203391157851 0.488795126366 -0.03) (-0.202018660321 0.492200990083 -0.03) (-0.200633797746 0.495613909692 -0.03) (-0.199236485917 0.499033948331 -0.03) (-0.197826639636 0.502461169564 -0.03) (-0.196404172704 0.505895637389 -0.03) (-0.194968997902 0.509337416243 -0.03))
    polyLine 23 27 ((-0.223734509672 0.435210972416 0) (-0.222549168053 0.438512197959 0) (-0.221352682568 0.441819523487 0) (-0.220144983444 0.445133005935 0) (-0.218926000082 0.448452702594 0) (-0.217695661042 0.451778671112 0) (-0.216453894037 0.4551109695 0) (-0.215200625925 0.458449656132 0) (-0.213935782694 0.461794789759 0) (-0.212659289461 0.465146429504 0) (-0.211371070453 0.468504634869 0) (-0.210071049005 0.471869465745 0) (-0.208759147543 0.475240982407 0) (-0.207435287581 0.478619245528 0) (-0.206099389703 0.482004316178 0) (-0.204751373559 0.48539625583 0) (-0.203391157851 0.488795126366 0) (-0.202018660321 0.492200990083 0) (-0.200633797746 0.495613909692 0) (-0.199236485917 0.499033948331 0) (-0.197826639636 0.502461169564 0) (-0.196404172704 0.505895637389 0) (-0.194968997902 0.509337416243 0))
    polyLine 24 28 ((0.0495161856947 0.259233659882 -0.03) (0.0498473039986 0.260067241852 -0.03) (0.0501794850552 0.260900400888 -0.03) (0.0505127283243 0.261733135634 -0.03) (0.0508470332641 0.262565444736 -0.03) (0.0511823993308 0.26339732684 -0.03) (0.051518825979 0.264228780593 -0.03) (0.0518563126616 0.265059804643 -0.03) (0.0521948588298 0.26589039764 -0.03) (0.052534463933 0.266720558231 -0.03) (0.052875127419 0.267550285067 -0.03) (0.0532168487337 0.268379576799 -0.03) (0.0535596273214 0.269208432078 -0.03) (0.0539034626246 0.270036849556 -0.03) (0.0542483540843 0.270864827885 -0.03) (0.0545943011395 0.27169236572 -0.03) (0.0549413032276 0.272519461715 -0.03) (0.0552893597843 0.273346114524 -0.03) (0.0556384702436 0.274172322803 -0.03) (0.0559886340377 0.274998085209 -0.03) (0.0563398505972 0.275823400398 -0.03) (0.0566921193509 0.276648267029 -0.03) (0.057045439726 0.27747268376 -0.03) (0.0573998111478 0.27829664925 -0.03) (0.0577552330401 0.279120162159 -0.03) (0.0581117048248 0.279943221149 -0.03) (0.0584692259223 0.28076582488 -0.03) (0.058827795751 0.281587972014 -0.03) (0.059187413728 0.282409661216 -0.03) (0.0595480792683 0.283230891148 -0.03) (0.0599097917854 0.284051660475 -0.03) (0.0602725506911 0.284871967863 -0.03) (0.0606363553955 0.285691811976 -0.03) (0.0610012053069 0.286511191483 -0.03) (0.061367099832 0.287330105049 -0.03) (0.0617340383757 0.288148551345 -0.03) (0.0621020203413 0.288966529038 -0.03) (0.0624710451304 0.289784036798 -0.03) (0.0628411121428 0.290601073297 -0.03) (0.0632122207767 0.291417637204 -0.03) (0.0635843704287 0.292233727193 -0.03) (0.0639575604934 0.293049341936 -0.03) (0.0643317903641 0.293864480107 -0.03) (0.064707059432 0.29467914038 -0.03) (0.065083367087 0.29549332143 -0.03) (0.065460712717 0.296307021933 -0.03) (0.0658390957084 0.297120240566 -0.03) (0.0662185154459 0.297932976007 -0.03) (0.0665989713123 0.298745226933 -0.03))
    polyLine 26 30 ((0.0495161856947 0.259233659882 0) (0.0498473039986 0.260067241852 0) (0.0501794850552 0.260900400888 0) (0.0505127283243 0.261733135634 0) (0.0508470332641 0.262565444736 0) (0.0511823993308 0.26339732684 0) (0.051518825979 0.264228780593 0) (0.0518563126616 0.265059804643 0) (0.0521948588298 0.26589039764 0) (0.052534463933 0.266720558231 0) (0.052875127419 0.267550285067 0) (0.0532168487337 0.268379576799 0) (0.0535596273214 0.269208432078 0) (0.0539034626246 0.270036849556 0) (0.0542483540843 0.270864827885 0) (0.0545943011395 0.27169236572 0) (0.0549413032276 0.272519461715 0) (0.0552893597843 0.273346114524 0) (0.0556384702436 0.274172322803 0) (0.0559886340377 0.274998085209 0) (0.0563398505972 0.275823400398 0) (0.0566921193509 0.276648267029 0) (0.057045439726 0.27747268376 0) (0.0573998111478 0.27829664925 0) (0.0577552330401 0.279120162159 0) (0.0581117048248 0.279943221149 0) (0.0584692259223 0.28076582488 0) (0.058827795751 0.281587972014 0) (0.059187413728 0.282409661216 0) (0.0595480792683 0.283230891148 0) (0.0599097917854 0.284051660475 0) (0.0602725506911 0.284871967863 0) (0.0606363553955 0.285691811976 0) (0.0610012053069 0.286511191483 0) (0.061367099832 0.287330105049 0) (0.0617340383757 0.288148551345 0) (0.0621020203413 0.288966529038 0) (0.0624710451304 0.289784036798 0) (0.0628411121428 0.290601073297 0) (0.0632122207767 0.291417637204 0) (0.0635843704287 0.292233727193 0) (0.0639575604934 0.293049341936 0) (0.0643317903641 0.293864480107 0) (0.064707059432 0.29467914038 0) (0.065083367087 0.29549332143 0) (0.065460712717 0.296307021933 0) (0.0658390957084 0.297120240566 0) (0.0662185154459 0.297932976007 0) (0.0665989713123 0.298745226933 0))
    polyLine 25 29 ((-0.192164899477 0.515996130772 -0.03) (-0.190797588536 0.519212159811 -0.03) (-0.189419021069 0.522434711131 -0.03) (-0.188029123185 0.52566383808 -0.03) (-0.186627820182 0.528899594359 -0.03) (-0.185215036544 0.532142034021 -0.03) (-0.183790695928 0.535391211476 -0.03) (-0.182354721154 0.538647181495 -0.03) (-0.180907034201 0.541909999214 -0.03) (-0.179447556192 0.545179720141 -0.03) (-0.177976207385 0.548456400155 -0.03) (-0.176492907168 0.551740095512 -0.03) (-0.174997574043 0.555030862851 -0.03) (-0.173490125621 0.558328759197 -0.03) (-0.171970478607 0.561633841967 -0.03) (-0.170438548793 0.56494616897 -0.03) (-0.168894251047 0.568265798415 -0.03) (-0.167337499303 0.571592788915 -0.03) (-0.165768206547 0.574927199493 -0.03) (-0.16418628481 0.578269089582 -0.03) (-0.162591645153 0.581618519033 -0.03) (-0.160984197661 0.584975548121 -0.03) (-0.159363851424 0.588340237546 -0.03))
    polyLine 27 31 ((-0.192164899477 0.515996130772 0) (-0.190797588536 0.519212159811 0) (-0.189419021069 0.522434711131 0) (-0.188029123185 0.52566383808 0) (-0.186627820182 0.528899594359 0) (-0.185215036544 0.532142034021 0) (-0.183790695928 0.535391211476 0) (-0.182354721154 0.538647181495 0) (-0.180907034201 0.541909999214 0) (-0.179447556192 0.545179720141 0) (-0.177976207385 0.548456400155 0) (-0.176492907168 0.551740095512 0) (-0.174997574043 0.555030862851 0) (-0.173490125621 0.558328759197 0) (-0.171970478607 0.561633841967 0) (-0.170438548793 0.56494616897 0) (-0.168894251047 0.568265798415 0) (-0.167337499303 0.571592788915 0) (-0.165768206547 0.574927199493 0) (-0.16418628481 0.578269089582 0) (-0.162591645153 0.581618519033 0) (-0.160984197661 0.584975548121 0) (-0.159363851424 0.588340237546 0))
    polyLine 28 32 ((0.0669804626891 0.299556992024 -0.03) (0.0673629889557 0.300368269959 -0.03) (0.0677465494902 0.30117905942 -0.03) (0.0681311436687 0.301989359088 -0.03) (0.0685167708658 0.302799167644 -0.03) (0.0689034304543 0.303608483773 -0.03) (0.0692911218055 0.304417306157 -0.03) (0.0696798442889 0.305225633482 -0.03) (0.0700695972723 0.306033464433 -0.03) (0.0704603801219 0.306840797696 -0.03) (0.0708521922022 0.307647631959 -0.03) (0.0712450328759 0.308453965909 -0.03) (0.0716389015043 0.309259798234 -0.03) (0.0720337974467 0.310065127625 -0.03) (0.072429720061 0.310869952772 -0.03) (0.0728266687034 0.311674272366 -0.03) (0.0732246427283 0.312478085098 -0.03) (0.0736236414884 0.313281389662 -0.03) (0.0740236643349 0.314084184752 -0.03) (0.0744247106173 0.314886469061 -0.03) (0.0748267796834 0.315688241285 -0.03) (0.0752298708792 0.316489500121 -0.03) (0.0756339835493 0.317290244264 -0.03) (0.0760391170365 0.318090472413 -0.03) (0.076445270682 0.318890183267 -0.03) (0.0768524438251 0.319689375525 -0.03) (0.0772606358038 0.320488047887 -0.03) (0.0776698459543 0.321286199054 -0.03) (0.078080073611 0.322083827729 -0.03) (0.0784913181068 0.322880932615 -0.03) (0.078903578773 0.323677512414 -0.03) (0.079316854939 0.324473565832 -0.03) (0.0797311459328 0.325269091573 -0.03) (0.0801464510807 0.326064088345 -0.03) (0.0805627697073 0.326858554855 -0.03) (0.0809780815521 0.327649872433 -0.03) (0.0813933933968 0.328441190011 -0.03) (0.0818087052416 0.329232507589 -0.03) (0.0822240170864 0.330023825167 -0.03) (0.0826393289312 0.330815142745 -0.03) (0.0830546407759 0.331606460324 -0.03) (0.0834699526207 0.332397777902 -0.03) (0.0838852644655 0.33318909548 -0.03) (0.0843005763103 0.333980413058 -0.03) (0.084715888155 0.334771730636 -0.03) (0.0851311999998 0.335563048214 -0.03) (0.0855465118446 0.336354365792 -0.03) (0.0859618236894 0.33714568337 -0.03) (0.0863771355341 0.337937000949 -0.03))
    polyLine 30 34 ((0.0669804626891 0.299556992024 0) (0.0673629889557 0.300368269959 0) (0.0677465494902 0.30117905942 0) (0.0681311436687 0.301989359088 0) (0.0685167708658 0.302799167644 0) (0.0689034304543 0.303608483773 0) (0.0692911218055 0.304417306157 0) (0.0696798442889 0.305225633482 0) (0.0700695972723 0.306033464433 0) (0.0704603801219 0.306840797696 0) (0.0708521922022 0.307647631959 0) (0.0712450328759 0.308453965909 0) (0.0716389015043 0.309259798234 0) (0.0720337974467 0.310065127625 0) (0.072429720061 0.310869952772 0) (0.0728266687034 0.311674272366 0) (0.0732246427283 0.312478085098 0) (0.0736236414884 0.313281389662 0) (0.0740236643349 0.314084184752 0) (0.0744247106173 0.314886469061 0) (0.0748267796834 0.315688241285 0) (0.0752298708792 0.316489500121 0) (0.0756339835493 0.317290244264 0) (0.0760391170365 0.318090472413 0) (0.076445270682 0.318890183267 0) (0.0768524438251 0.319689375525 0) (0.0772606358038 0.320488047887 0) (0.0776698459543 0.321286199054 0) (0.078080073611 0.322083827729 0) (0.0784913181068 0.322880932615 0) (0.078903578773 0.323677512414 0) (0.079316854939 0.324473565832 0) (0.0797311459328 0.325269091573 0) (0.0801464510807 0.326064088345 0) (0.0805627697073 0.326858554855 0) (0.0809780815521 0.327649872433 0) (0.0813933933968 0.328441190011 0) (0.0818087052416 0.329232507589 0) (0.0822240170864 0.330023825167 0) (0.0826393289312 0.330815142745 0) (0.0830546407759 0.331606460324 0) (0.0834699526207 0.332397777902 0) (0.0838852644655 0.33318909548 0) (0.0843005763103 0.333980413058 0) (0.084715888155 0.334771730636 0) (0.0851311999998 0.335563048214 0) (0.0855465118446 0.336354365792 0) (0.0859618236894 0.33714568337 0) (0.0863771355341 0.337937000949 0))
    polyLine 29 33 ((-0.156205662951 0.594843907591 -0.03) (-0.15466950734 0.597981896054 -0.03) (-0.153121972262 0.601126663449 -0.03) (-0.151562981509 0.604278259732 -0.03) (-0.14999245809 0.607436735191 -0.03) (-0.148410324224 0.610602140456 -0.03) (-0.146816501333 0.613774526497 -0.03) (-0.145210910031 0.616953944633 -0.03) (-0.143593470116 0.62014044653 -0.03) (-0.141964100559 0.623334084209 -0.03) (-0.140322719499 0.626534910047 -0.03) (-0.13866924423 0.629742976784 -0.03) (-0.137003591191 0.632958337523 -0.03) (-0.13532567596 0.636181045736 -0.03) (-0.133635413241 0.639411155267 -0.03) (-0.131932716856 0.642648720338 -0.03) (-0.130217499733 0.64589379555 -0.03) (-0.128489673897 0.649146435888 -0.03) (-0.126749150462 0.652406696728 -0.03) (-0.124995839615 0.655674633835 -0.03) (-0.123229650611 0.658950303374 -0.03) (-0.121450491757 0.66223376191 -0.03) (-0.119658270408 0.665525066412 -0.03))
    polyLine 31 35 ((-0.156205662951 0.594843907591 0) (-0.15466950734 0.597981896054 0) (-0.153121972262 0.601126663449 0) (-0.151562981509 0.604278259732 0) (-0.14999245809 0.607436735191 0) (-0.148410324224 0.610602140456 0) (-0.146816501333 0.613774526497 0) (-0.145210910031 0.616953944633 0) (-0.143593470116 0.62014044653 0) (-0.141964100559 0.623334084209 0) (-0.140322719499 0.626534910047 0) (-0.13866924423 0.629742976784 0) (-0.137003591191 0.632958337523 0) (-0.13532567596 0.636181045736 0) (-0.133635413241 0.639411155267 0) (-0.131932716856 0.642648720338 0) (-0.130217499733 0.64589379555 0) (-0.128489673897 0.649146435888 0) (-0.126749150462 0.652406696728 0) (-0.124995839615 0.655674633835 0) (-0.123229650611 0.658950303374 0) (-0.121450491757 0.66223376191 0) (-0.119658270408 0.665525066412 0))
    polyLine 32 36 ((0.0867924473789 0.338728318527 -0.03) (0.0872077592237 0.339519636105 -0.03) (0.0876230710685 0.340310953683 -0.03) (0.0880383829132 0.341102271261 -0.03) (0.088453694758 0.341893588839 -0.03) (0.0888690066028 0.342684906417 -0.03) (0.0892843184476 0.343476223995 -0.03) (0.0896996302923 0.344267541574 -0.03) (0.0901149421371 0.345058859152 -0.03) (0.0905302539819 0.34585017673 -0.03) (0.0909455658267 0.346641494308 -0.03) (0.0913608776714 0.347432811886 -0.03) (0.0917761895162 0.348224129464 -0.03) (0.092191501361 0.349015447042 -0.03) (0.0926068132058 0.34980676462 -0.03) (0.0930221250505 0.350598082199 -0.03) (0.0934374368953 0.351389399777 -0.03) (0.0938527487401 0.352180717355 -0.03) (0.0942680605849 0.352972034933 -0.03) (0.0946833724296 0.353763352511 -0.03) (0.0950986842744 0.354554670089 -0.03) (0.0955139961192 0.355345987667 -0.03) (0.095929307964 0.356137305246 -0.03) (0.0963446198087 0.356928622824 -0.03) (0.0967599316535 0.357719940402 -0.03) (0.0971752434983 0.35851125798 -0.03) (0.0975905553431 0.359302575558 -0.03) (0.0980058671878 0.360093893136 -0.03) (0.0984211790326 0.360885210714 -0.03) (0.0988364908774 0.361676528292 -0.03) (0.0992518027222 0.362467845871 -0.03) (0.0996671145669 0.363259163449 -0.03) (0.100082426412 0.364050481027 -0.03) (0.100497738256 0.364841798605 -0.03) (0.100913050101 0.365633116183 -0.03) (0.101328361946 0.366424433761 -0.03) (0.101743673791 0.367215751339 -0.03) (0.102158985636 0.368007068917 -0.03) (0.10257429748 0.368798386496 -0.03) (0.102989609325 0.369589704074 -0.03) (0.10340492117 0.370381021652 -0.03) (0.103820233015 0.37117233923 -0.03) (0.104235544859 0.371963656808 -0.03) (0.104650856704 0.372754974386 -0.03) (0.105066168549 0.373546291964 -0.03) (0.105481480394 0.374337609542 -0.03) (0.105896792239 0.375128927121 -0.03) (0.106312104083 0.375920244699 -0.03) (0.106727415928 0.376711562277 -0.03) (0.107142727773 0.377502879855 -0.03))
    polyLine 34 38 ((0.0867924473789 0.338728318527 0) (0.0872077592237 0.339519636105 0) (0.0876230710685 0.340310953683 0) (0.0880383829132 0.341102271261 0) (0.088453694758 0.341893588839 0) (0.0888690066028 0.342684906417 0) (0.0892843184476 0.343476223995 0) (0.0896996302923 0.344267541574 0) (0.0901149421371 0.345058859152 0) (0.0905302539819 0.34585017673 0) (0.0909455658267 0.346641494308 0) (0.0913608776714 0.347432811886 0) (0.0917761895162 0.348224129464 0) (0.092191501361 0.349015447042 0) (0.0926068132058 0.34980676462 0) (0.0930221250505 0.350598082199 0) (0.0934374368953 0.351389399777 0) (0.0938527487401 0.352180717355 0) (0.0942680605849 0.352972034933 0) (0.0946833724296 0.353763352511 0) (0.0950986842744 0.354554670089 0) (0.0955139961192 0.355345987667 0) (0.095929307964 0.356137305246 0) (0.0963446198087 0.356928622824 0) (0.0967599316535 0.357719940402 0) (0.0971752434983 0.35851125798 0) (0.0975905553431 0.359302575558 0) (0.0980058671878 0.360093893136 0) (0.0984211790326 0.360885210714 0) (0.0988364908774 0.361676528292 0) (0.0992518027222 0.362467845871 0) (0.0996671145669 0.363259163449 0) (0.100082426412 0.364050481027 0) (0.100497738256 0.364841798605 0) (0.100913050101 0.365633116183 0) (0.101328361946 0.366424433761 0) (0.101743673791 0.367215751339 0) (0.102158985636 0.368007068917 0) (0.10257429748 0.368798386496 0) (0.102989609325 0.369589704074 0) (0.10340492117 0.370381021652 0) (0.103820233015 0.37117233923 0) (0.104235544859 0.371963656808 0) (0.104650856704 0.372754974386 0) (0.105066168549 0.373546291964 0) (0.105481480394 0.374337609542 0) (0.105896792239 0.375128927121 0) (0.106312104083 0.375920244699 0) (0.106727415928 0.376711562277 0) (0.107142727773 0.377502879855 0))
    polyLine 33 37 ((-0.116215006135 0.671803488982 -0.03) (-0.114566293893 0.6747892083 -0.03) (-0.112906685698 0.677781475048 -0.03) (-0.111236110364 0.680780332342 -0.03) (-0.109554496031 0.683785823579 -0.03) (-0.107861770156 0.686797992444 -0.03) (-0.106157859513 0.68981688291 -0.03) (-0.104442690178 0.692842539244 -0.03) (-0.102716187526 0.695875006007 -0.03) (-0.100978276225 0.698914328057 -0.03) (-0.0992288802217 0.701960550554 -0.03) (-0.097467922741 0.70501371896 -0.03) (-0.0956953262744 0.708073879046 -0.03) (-0.0939110125729 0.711141076891 -0.03) (-0.092114902639 0.714215358887 -0.03) (-0.0903069167188 0.71729677174 -0.03) (-0.0884869742938 0.720385362478 -0.03) (-0.0866549940722 0.723481178448 -0.03) (-0.0848108939808 0.726584267324 -0.03) (-0.0829545911565 0.729694677108 -0.03) (-0.0810860019375 0.732812456132 -0.03) (-0.0792050418545 0.735937653064 -0.03) (-0.0773116256221 0.73907031691 -0.03))
    polyLine 35 39 ((-0.116215006135 0.671803488982 0) (-0.114566293893 0.6747892083 0) (-0.112906685698 0.677781475048 0) (-0.111236110364 0.680780332342 0) (-0.109554496031 0.683785823579 0) (-0.107861770156 0.686797992444 0) (-0.106157859513 0.68981688291 0) (-0.104442690178 0.692842539244 0) (-0.102716187526 0.695875006007 0) (-0.100978276225 0.698914328057 0) (-0.0992288802217 0.701960550554 0) (-0.097467922741 0.70501371896 0) (-0.0956953262744 0.708073879046 0) (-0.0939110125729 0.711141076891 0) (-0.092114902639 0.714215358887 0) (-0.0903069167188 0.71729677174 0) (-0.0884869742938 0.720385362478 0) (-0.0866549940722 0.723481178448 0) (-0.0848108939808 0.726584267324 0) (-0.0829545911565 0.729694677108 0) (-0.0810860019375 0.732812456132 0) (-0.0792050418545 0.735937653064 0) (-0.0773116256221 0.73907031691 0))
    polyLine 36 40 ((0.107558039618 0.378294197433 -0.03) (0.107973351462 0.379085515011 -0.03) (0.108388663307 0.379876832589 -0.03) (0.108803975152 0.380668150167 -0.03) (0.109219286997 0.381459467746 -0.03) (0.109634598842 0.382250785324 -0.03) (0.110049910686 0.383042102902 -0.03) (0.110465222531 0.38383342048 -0.03) (0.110880534376 0.384624738058 -0.03) (0.111295846221 0.385416055636 -0.03) (0.111711158065 0.386207373214 -0.03) (0.11212646991 0.386998690793 -0.03) (0.112541781755 0.387790008371 -0.03) (0.1129570936 0.388581325949 -0.03) (0.113372405444 0.389372643527 -0.03) (0.113787717289 0.390163961105 -0.03) (0.114203029134 0.390955278683 -0.03) (0.114618340979 0.391746596261 -0.03) (0.115033652824 0.392537913839 -0.03) (0.115448964668 0.393329231418 -0.03) (0.115864276513 0.394120548996 -0.03) (0.116279588358 0.394911866574 -0.03) (0.116694900203 0.395703184152 -0.03) (0.117110212047 0.39649450173 -0.03) (0.117525523892 0.397285819308 -0.03) (0.117940835737 0.398077136886 -0.03) (0.118356147582 0.398868454464 -0.03) (0.118771459427 0.399659772043 -0.03) (0.119186771271 0.400451089621 -0.03) (0.119602083116 0.401242407199 -0.03) (0.120017394961 0.402033724777 -0.03) (0.120432706806 0.402825042355 -0.03) (0.12084801865 0.403616359933 -0.03) (0.121263330495 0.404407677511 -0.03) (0.12167864234 0.405198995089 -0.03) (0.122093954185 0.405990312668 -0.03) (0.12250926603 0.406781630246 -0.03) (0.122924577874 0.407572947824 -0.03) (0.123339889719 0.408364265402 -0.03) (0.123755201564 0.40915558298 -0.03) (0.124170513409 0.409946900558 -0.03) (0.124585825253 0.410738218136 -0.03) (0.125001137098 0.411529535714 -0.03) (0.125416448943 0.412320853293 -0.03) (0.125831760788 0.413112170871 -0.03) (0.126247072633 0.413903488449 -0.03) (0.126662384477 0.414694806027 -0.03) (0.127077696322 0.415486123605 -0.03) (0.127493008167 0.416277441183 -0.03))
    polyLine 38 42 ((0.107558039618 0.378294197433 0) (0.107973351462 0.379085515011 0) (0.108388663307 0.379876832589 0) (0.108803975152 0.380668150167 0) (0.109219286997 0.381459467746 0) (0.109634598842 0.382250785324 0) (0.110049910686 0.383042102902 0) (0.110465222531 0.38383342048 0) (0.110880534376 0.384624738058 0) (0.111295846221 0.385416055636 0) (0.111711158065 0.386207373214 0) (0.11212646991 0.386998690793 0) (0.112541781755 0.387790008371 0) (0.1129570936 0.388581325949 0) (0.113372405444 0.389372643527 0) (0.113787717289 0.390163961105 0) (0.114203029134 0.390955278683 0) (0.114618340979 0.391746596261 0) (0.115033652824 0.392537913839 0) (0.115448964668 0.393329231418 0) (0.115864276513 0.394120548996 0) (0.116279588358 0.394911866574 0) (0.116694900203 0.395703184152 0) (0.117110212047 0.39649450173 0) (0.117525523892 0.397285819308 0) (0.117940835737 0.398077136886 0) (0.118356147582 0.398868454464 0) (0.118771459427 0.399659772043 0) (0.119186771271 0.400451089621 0) (0.119602083116 0.401242407199 0) (0.120017394961 0.402033724777 0) (0.120432706806 0.402825042355 0) (0.12084801865 0.403616359933 0) (0.121263330495 0.404407677511 0) (0.12167864234 0.405198995089 0) (0.122093954185 0.405990312668 0) (0.12250926603 0.406781630246 0) (0.122924577874 0.407572947824 0) (0.123339889719 0.408364265402 0) (0.123755201564 0.40915558298 0) (0.124170513409 0.409946900558 0) (0.124585825253 0.410738218136 0) (0.125001137098 0.411529535714 0) (0.125416448943 0.412320853293 0) (0.125831760788 0.413112170871 0) (0.126247072633 0.413903488449 0) (0.126662384477 0.414694806027 0) (0.127077696322 0.415486123605 0) (0.127493008167 0.416277441183 0))
    polyLine 37 41 ((-0.0737072675441 0.7449976592 -0.03) (-0.0719989027976 0.747790789586 -0.03) (-0.0702805114312 0.750589923131 -0.03) (-0.0685520314571 0.753395095007 -0.03) (-0.0668134003532 0.756206340608 -0.03) (-0.065064555058 0.759023695548 -0.03) (-0.0633054319649 0.761847195666 -0.03) (-0.061535966917 0.764676877025 -0.03) (-0.0597560952018 0.767512775919 -0.03) (-0.0579657515453 0.770354928869 -0.03) (-0.0561648701068 0.773203372628 -0.03) (-0.0543533844729 0.776058144185 -0.03) (-0.0525312276519 0.778919280762 -0.03) (-0.0506983320682 0.781786819823 -0.03) (-0.048854629556 0.784660799069 -0.03) (-0.0470000513539 0.787541256444 -0.03) (-0.0451345280984 0.790428230139 -0.03) (-0.043257989818 0.793321758588 -0.03) (-0.0413703659271 0.796221880477 -0.03) (-0.0394715852199 0.799128634742 -0.03) (-0.0375615758636 0.802042060573 -0.03) (-0.0356402653927 0.804962197416 -0.03) (-0.0337075807019 0.807889084973 -0.03))
    polyLine 39 43 ((-0.0737072675441 0.7449976592 0) (-0.0719989027976 0.747790789586 0) (-0.0702805114312 0.750589923131 0) (-0.0685520314571 0.753395095007 0) (-0.0668134003532 0.756206340608 0) (-0.065064555058 0.759023695548 0) (-0.0633054319649 0.761847195666 0) (-0.061535966917 0.764676877025 0) (-0.0597560952018 0.767512775919 0) (-0.0579657515453 0.770354928869 0) (-0.0561648701068 0.773203372628 0) (-0.0543533844729 0.776058144185 0) (-0.0525312276519 0.778919280762 0) (-0.0506983320682 0.781786819823 0) (-0.048854629556 0.784660799069 0) (-0.0470000513539 0.787541256444 0) (-0.0451345280984 0.790428230139 0) (-0.043257989818 0.793321758588 0) (-0.0413703659271 0.796221880477 0) (-0.0394715852199 0.799128634742 0) (-0.0375615758636 0.802042060573 0) (-0.0356402653927 0.804962197416 0) (-0.0337075807019 0.807889084973 0))
    polyLine 40 44 ((0.127908320012 0.417068758761 -0.03) (0.128323631856 0.41786007634 -0.03) (0.128738943701 0.418651393918 -0.03) (0.129154255546 0.419442711496 -0.03) (0.129569567391 0.420234029074 -0.03) (0.129984879235 0.421025346652 -0.03) (0.13040019108 0.42181666423 -0.03) (0.130815502925 0.422607981808 -0.03) (0.13123081477 0.423399299386 -0.03) (0.131646126615 0.424190616965 -0.03) (0.132061438459 0.424981934543 -0.03) (0.132476750304 0.425773252121 -0.03) (0.132892062149 0.426564569699 -0.03) (0.133307373994 0.427355887277 -0.03) (0.133722685838 0.428147204855 -0.03) (0.134137997683 0.428938522433 -0.03) (0.134553309528 0.429729840011 -0.03) (0.134968621373 0.43052115759 -0.03) (0.135383933218 0.431312475168 -0.03) (0.135799245062 0.432103792746 -0.03) (0.136214556907 0.432895110324 -0.03) (0.136629868752 0.433686427902 -0.03) (0.137045180597 0.43447774548 -0.03) (0.137460492441 0.435269063058 -0.03) (0.137875804286 0.436060380636 -0.03) (0.138291116131 0.436851698215 -0.03) (0.138706427976 0.437643015793 -0.03) (0.139121739821 0.438434333371 -0.03) (0.139537051665 0.439225650949 -0.03) (0.13995236351 0.440016968527 -0.03) (0.140367675355 0.440808286105 -0.03) (0.1407829872 0.441599603683 -0.03) (0.141198299044 0.442390921261 -0.03) (0.141613610889 0.44318223884 -0.03) (0.142028922734 0.443973556418 -0.03) (0.142444234579 0.444764873996 -0.03) (0.142859546424 0.445556191574 -0.03) (0.143274858268 0.446347509152 -0.03) (0.143690170113 0.44713882673 -0.03) (0.144105481958 0.447930144308 -0.03) (0.144520793803 0.448721461887 -0.03) (0.144936105647 0.449512779465 -0.03) (0.145351417492 0.450304097043 -0.03) (0.145766729337 0.451095414621 -0.03) (0.146182041182 0.451886732199 -0.03) (0.146597353026 0.452678049777 -0.03) (0.147012664871 0.453469367355 -0.03) (0.147427976716 0.454260684933 -0.03) (0.147843288561 0.455052002512 -0.03) (0.148258600406 0.45584332009 -0.03))
    polyLine 42 46 ((0.127908320012 0.417068758761 0) (0.128323631856 0.41786007634 0) (0.128738943701 0.418651393918 0) (0.129154255546 0.419442711496 0) (0.129569567391 0.420234029074 0) (0.129984879235 0.421025346652 0) (0.13040019108 0.42181666423 0) (0.130815502925 0.422607981808 0) (0.13123081477 0.423399299386 0) (0.131646126615 0.424190616965 0) (0.132061438459 0.424981934543 0) (0.132476750304 0.425773252121 0) (0.132892062149 0.426564569699 0) (0.133307373994 0.427355887277 0) (0.133722685838 0.428147204855 0) (0.134137997683 0.428938522433 0) (0.134553309528 0.429729840011 0) (0.134968621373 0.43052115759 0) (0.135383933218 0.431312475168 0) (0.135799245062 0.432103792746 0) (0.136214556907 0.432895110324 0) (0.136629868752 0.433686427902 0) (0.137045180597 0.43447774548 0) (0.137460492441 0.435269063058 0) (0.137875804286 0.436060380636 0) (0.138291116131 0.436851698215 0) (0.138706427976 0.437643015793 0) (0.139121739821 0.438434333371 0) (0.139537051665 0.439225650949 0) (0.13995236351 0.440016968527 0) (0.140367675355 0.440808286105 0) (0.1407829872 0.441599603683 0) (0.141198299044 0.442390921261 0) (0.141613610889 0.44318223884 0) (0.142028922734 0.443973556418 0) (0.142444234579 0.444764873996 0) (0.142859546424 0.445556191574 0) (0.143274858268 0.446347509152 0) (0.143690170113 0.44713882673 0) (0.144105481958 0.447930144308 0) (0.144520793803 0.448721461887 0) (0.144936105647 0.449512779465 0) (0.145351417492 0.450304097043 0) (0.145766729337 0.451095414621 0) (0.146182041182 0.451886732199 0) (0.146597353026 0.452678049777 0) (0.147012664871 0.453469367355 0) (0.147427976716 0.454260684933 0) (0.147843288561 0.455052002512 0) (0.148258600406 0.45584332009 0))
    polyLine 41 45 ((-0.030041007182 0.813413165383 -0.03) (-0.0283095706107 0.816008897828 -0.03) (-0.0265690866135 0.818609988386 -0.03) (-0.0248195030737 0.821216465065 -0.03) (-0.0230607674661 0.823828356035 -0.03) (-0.0212928268538 0.826445689632 -0.03) (-0.019515627884 0.829068494357 -0.03) (-0.0177291167844 0.83169679888 -0.03) (-0.0159332393594 0.834330632039 -0.03) (-0.0141279409863 0.836970022842 -0.03) (-0.0123131666108 0.839615000472 -0.03) (-0.0104888607441 0.84226559428 -0.03) (-0.00865496745776 0.844921833797 -0.03) (-0.00681143038039 0.847583748726 -0.03) (-0.00495819269328 0.850251368949 -0.03) (-0.00309519712629 0.852924724526 -0.03) (-0.00122238595369 0.8556038457 -0.03) (0.00066029901012 0.858288762892 -0.03) (0.00255291641486 0.860979506709 -0.03) (0.00445552537869 0.863676107943 -0.03) (0.00636818549262 0.86637859757 -0.03) (0.00829095682491 0.869087006755 -0.03) (0.0102238999255 0.871801366854 -0.03))
    polyLine 43 47 ((-0.030041007182 0.813413165383 0) (-0.0283095706107 0.816008897828 0) (-0.0265690866135 0.818609988386 0) (-0.0248195030737 0.821216465065 0) (-0.0230607674661 0.823828356035 0) (-0.0212928268538 0.826445689632 0) (-0.019515627884 0.829068494357 0) (-0.0177291167844 0.83169679888 0) (-0.0159332393594 0.834330632039 0) (-0.0141279409863 0.836970022842 0) (-0.0123131666108 0.839615000472 0) (-0.0104888607441 0.84226559428 0) (-0.00865496745776 0.844921833797 0) (-0.00681143038039 0.847583748726 0) (-0.00495819269328 0.850251368949 0) (-0.00309519712629 0.852924724526 0) (-0.00122238595369 0.8556038457 0) (0.00066029901012 0.858288762892 0) (0.00255291641486 0.860979506709 0) (0.00445552537869 0.863676107943 0) (0.00636818549262 0.86637859757 0) (0.00829095682491 0.869087006755 0) (0.0102238999255 0.871801366854 0))
    polyLine 44 48 ((0.14867391225 0.456634637668 -0.03) (0.149089224095 0.457425955246 -0.03) (0.14950453594 0.458217272824 -0.03) (0.149919847785 0.459008590402 -0.03) (0.150335159629 0.45979990798 -0.03) (0.150750471474 0.460591225558 -0.03) (0.151165783319 0.461382543137 -0.03) (0.151581095164 0.462173860715 -0.03) (0.151996407009 0.462965178293 -0.03) (0.152411718853 0.463756495871 -0.03) (0.152827030698 0.464547813449 -0.03) (0.153242342543 0.465339131027 -0.03) (0.153657654388 0.466130448605 -0.03) (0.154072966232 0.466921766183 -0.03) (0.154488278077 0.467713083762 -0.03) (0.154903589922 0.46850440134 -0.03) (0.155318901767 0.469295718918 -0.03) (0.155734213612 0.470087036496 -0.03) (0.156149525456 0.470878354074 -0.03) (0.156564837301 0.471669671652 -0.03) (0.156980149146 0.47246098923 -0.03) (0.157395460991 0.473252306808 -0.03) (0.157810772835 0.474043624387 -0.03) (0.15822608468 0.474834941965 -0.03) (0.158641396525 0.475626259543 -0.03) (0.15905670837 0.476417577121 -0.03) (0.159472020214 0.477208894699 -0.03) (0.159887332059 0.478000212277 -0.03) (0.160302643904 0.478791529855 -0.03) (0.160717955749 0.479582847433 -0.03) (0.161133267594 0.480374165012 -0.03) (0.161548579438 0.48116548259 -0.03) (0.161963891283 0.481956800168 -0.03) (0.162379203128 0.482748117746 -0.03) (0.162794514973 0.483539435324 -0.03) (0.163209826817 0.484330752902 -0.03) (0.163625138662 0.48512207048 -0.03) (0.164040450507 0.485913388059 -0.03) (0.164455762352 0.486704705637 -0.03) (0.164871074197 0.487496023215 -0.03) (0.165286386041 0.488287340793 -0.03) (0.165701697886 0.489078658371 -0.03) (0.166117009731 0.489869975949 -0.03) (0.166532321576 0.490661293527 -0.03) (0.16694763342 0.491452611105 -0.03) (0.167362945265 0.492243928684 -0.03) (0.16777825711 0.493035246262 -0.03) (0.168193568955 0.49382656384 -0.03) (0.1686088808 0.494617881418 -0.03))
    polyLine 46 50 ((0.14867391225 0.456634637668 0) (0.149089224095 0.457425955246 0) (0.14950453594 0.458217272824 0) (0.149919847785 0.459008590402 0) (0.150335159629 0.45979990798 0) (0.150750471474 0.460591225558 0) (0.151165783319 0.461382543137 0) (0.151581095164 0.462173860715 0) (0.151996407009 0.462965178293 0) (0.152411718853 0.463756495871 0) (0.152827030698 0.464547813449 0) (0.153242342543 0.465339131027 0) (0.153657654388 0.466130448605 0) (0.154072966232 0.466921766183 0) (0.154488278077 0.467713083762 0) (0.154903589922 0.46850440134 0) (0.155318901767 0.469295718918 0) (0.155734213612 0.470087036496 0) (0.156149525456 0.470878354074 0) (0.156564837301 0.471669671652 0) (0.156980149146 0.47246098923 0) (0.157395460991 0.473252306808 0) (0.157810772835 0.474043624387 0) (0.15822608468 0.474834941965 0) (0.158641396525 0.475626259543 0) (0.15905670837 0.476417577121 0) (0.159472020214 0.477208894699 0) (0.159887332059 0.478000212277 0) (0.160302643904 0.478791529855 0) (0.160717955749 0.479582847433 0) (0.161133267594 0.480374165012 0) (0.161548579438 0.48116548259 0) (0.161963891283 0.481956800168 0) (0.162379203128 0.482748117746 0) (0.162794514973 0.483539435324 0) (0.163209826817 0.484330752902 0) (0.163625138662 0.48512207048 0) (0.164040450507 0.485913388059 0) (0.164455762352 0.486704705637 0) (0.164871074197 0.487496023215 0) (0.165286386041 0.488287340793 0) (0.165701697886 0.489078658371 0) (0.166117009731 0.489869975949 0) (0.166532321576 0.490661293527 0) (0.16694763342 0.491452611105 0) (0.167362945265 0.492243928684 0) (0.16777825711 0.493035246262 0) (0.168193568955 0.49382656384 0) (0.1686088808 0.494617881418 0))
    polyLine 45 49 ((0.0138845188693 0.876919099867 -0.03) (0.0156099661424 0.879321163667 -0.03) (0.0173434601165 0.881727922642 -0.03) (0.0190850435596 0.88413939874 -0.03) (0.0208347595434 0.886555614027 -0.03) (0.0225926514462 0.888976590689 -0.03) (0.0243587629549 0.891402351032 -0.03) (0.0261331380681 0.893832917483 -0.03) (0.0279158210985 0.896268312591 -0.03) (0.0297068566756 0.898708559031 -0.03) (0.0315062897481 0.901153679598 -0.03) (0.033314165587 0.903603697215 -0.03) (0.0351305297881 0.906058634928 -0.03) (0.0369554282747 0.908518515913 -0.03) (0.0387889073003 0.910983363471 -0.03) (0.0406310134518 0.913453201033 -0.03) (0.0424817936518 0.91592805216 -0.03) (0.0443412951618 0.918407940543 -0.03) (0.0462095655849 0.920892890003 -0.03) (0.0480866528689 0.923382924497 -0.03) (0.0499726053089 0.925878068112 -0.03) (0.0518674715508 0.928378345072 -0.03) (0.0537713005938 0.930883779735 -0.03))
    polyLine 47 51 ((0.0138845188693 0.876919099867 0) (0.0156099661424 0.879321163667 0) (0.0173434601165 0.881727922642 0) (0.0190850435596 0.88413939874 0) (0.0208347595434 0.886555614027 0) (0.0225926514462 0.888976590689 0) (0.0243587629549 0.891402351032 0) (0.0261331380681 0.893832917483 0) (0.0279158210985 0.896268312591 0) (0.0297068566756 0.898708559031 0) (0.0315062897481 0.901153679598 0) (0.033314165587 0.903603697215 0) (0.0351305297881 0.906058634928 0) (0.0369554282747 0.908518515913 0) (0.0387889073003 0.910983363471 0) (0.0406310134518 0.913453201033 0) (0.0424817936518 0.91592805216 0) (0.0443412951618 0.918407940543 0) (0.0462095655849 0.920892890003 0) (0.0480866528689 0.923382924497 0) (0.0499726053089 0.925878068112 0) (0.0518674715508 0.928378345072 0) (0.0537713005938 0.930883779735 0))
    polyLine 48 52 ((0.169024192644 0.495409198996 -0.03) (0.169439504489 0.496200516574 -0.03) (0.169854816334 0.496991834152 -0.03) (0.170270128179 0.49778315173 -0.03) (0.170685440023 0.498574469309 -0.03) (0.171100751868 0.499365786887 -0.03) (0.171516063713 0.500157104465 -0.03) (0.171931375558 0.500948422043 -0.03) (0.172346687403 0.501739739621 -0.03) (0.172761999247 0.502531057199 -0.03) (0.173177311092 0.503322374777 -0.03) (0.173592622937 0.504113692355 -0.03) (0.174007934782 0.504905009934 -0.03) (0.174423246626 0.505696327512 -0.03) (0.174838558471 0.50648764509 -0.03) (0.175253870316 0.507278962668 -0.03) (0.175669182161 0.508070280246 -0.03) (0.176084494005 0.508861597824 -0.03) (0.17649980585 0.509652915402 -0.03) (0.176915117695 0.51044423298 -0.03) (0.17733042954 0.511235550559 -0.03) (0.177745741385 0.512026868137 -0.03) (0.178161053229 0.512818185715 -0.03) (0.178576365074 0.513609503293 -0.03) (0.178991676919 0.514400820871 -0.03) (0.179406988764 0.515192138449 -0.03) (0.179822300608 0.515983456027 -0.03) (0.180237612453 0.516774773606 -0.03) (0.180652924298 0.517566091184 -0.03) (0.181068236143 0.518357408762 -0.03) (0.181483547988 0.51914872634 -0.03) (0.181898859832 0.519940043918 -0.03) (0.182314171677 0.520731361496 -0.03) (0.182729483522 0.521522679074 -0.03) (0.183144795367 0.522313996652 -0.03) (0.183560107211 0.523105314231 -0.03) (0.183975419056 0.523896631809 -0.03) (0.184390730901 0.524687949387 -0.03) (0.184806042746 0.525479266965 -0.03) (0.185221354591 0.526270584543 -0.03) (0.185636666435 0.527061902121 -0.03) (0.18605197828 0.527853219699 -0.03) (0.186467290125 0.528644537277 -0.03) (0.18688260197 0.529435854856 -0.03) (0.187297913814 0.530227172434 -0.03) (0.187713225659 0.531018490012 -0.03) (0.188128537504 0.53180980759 -0.03) (0.188543849349 0.532601125168 -0.03) (0.188959161193 0.533392442746 -0.03))
    polyLine 50 54 ((0.169024192644 0.495409198996 0) (0.169439504489 0.496200516574 0) (0.169854816334 0.496991834152 0) (0.170270128179 0.49778315173 0) (0.170685440023 0.498574469309 0) (0.171100751868 0.499365786887 0) (0.171516063713 0.500157104465 0) (0.171931375558 0.500948422043 0) (0.172346687403 0.501739739621 0) (0.172761999247 0.502531057199 0) (0.173177311092 0.503322374777 0) (0.173592622937 0.504113692355 0) (0.174007934782 0.504905009934 0) (0.174423246626 0.505696327512 0) (0.174838558471 0.50648764509 0) (0.175253870316 0.507278962668 0) (0.175669182161 0.508070280246 0) (0.176084494005 0.508861597824 0) (0.17649980585 0.509652915402 0) (0.176915117695 0.51044423298 0) (0.17733042954 0.511235550559 0) (0.177745741385 0.512026868137 0) (0.178161053229 0.512818185715 0) (0.178576365074 0.513609503293 0) (0.178991676919 0.514400820871 0) (0.179406988764 0.515192138449 0) (0.179822300608 0.515983456027 0) (0.180237612453 0.516774773606 0) (0.180652924298 0.517566091184 0) (0.181068236143 0.518357408762 0) (0.181483547988 0.51914872634 0) (0.181898859832 0.519940043918 0) (0.182314171677 0.520731361496 0) (0.182729483522 0.521522679074 0) (0.183144795367 0.522313996652 0) (0.183560107211 0.523105314231 0) (0.183975419056 0.523896631809 0) (0.184390730901 0.524687949387 0) (0.184806042746 0.525479266965 0) (0.185221354591 0.526270584543 0) (0.185636666435 0.527061902121 0) (0.18605197828 0.527853219699 0) (0.186467290125 0.528644537277 0) (0.18688260197 0.529435854856 0) (0.187297913814 0.530227172434 0) (0.187713225659 0.531018490012 0) (0.188128537504 0.53180980759 0) (0.188543849349 0.532601125168 0) (0.188959161193 0.533392442746 0))
    polyLine 49 53 ((0.0573747547071 0.935607808136 -0.03) (0.0590724177252 0.937825267849 -0.03) (0.0607771651676 0.940046792688 -0.03) (0.062489031575 0.942272399691 -0.03) (0.0642080517102 0.944502105981 -0.03) (0.0659342605603 0.946735928764 -0.03) (0.067667693338 0.948973885335 -0.03) (0.0694083854837 0.951215993073 -0.03) (0.0711563726668 0.953462269446 -0.03) (0.0729116907878 0.955712732007 -0.03) (0.07467437598 0.957967398399 -0.03) (0.0764444646111 0.960226286354 -0.03) (0.0782219932853 0.962489413693 -0.03) (0.0800069988447 0.964756798326 -0.03) (0.0817995183718 0.967028458255 -0.03) (0.0835995891905 0.969304411571 -0.03) (0.0854072488687 0.97158467646 -0.03) (0.0872225352197 0.973869271197 -0.03) (0.0890454863044 0.976158214153 -0.03) (0.090876140433 0.978451523791 -0.03) (0.0927145361671 0.980749218668 -0.03) (0.0945607123217 0.983051317436 -0.03) (0.0964147079668 0.985357838845 -0.03))
    polyLine 51 55 ((0.0573747547071 0.935607808136 0) (0.0590724177252 0.937825267849 0) (0.0607771651676 0.940046792688 0) (0.062489031575 0.942272399691 0) (0.0642080517102 0.944502105981 0) (0.0659342605603 0.946735928764 0) (0.067667693338 0.948973885335 0) (0.0694083854837 0.951215993073 0) (0.0711563726668 0.953462269446 0) (0.0729116907878 0.955712732007 0) (0.07467437598 0.957967398399 0) (0.0764444646111 0.960226286354 0) (0.0782219932853 0.962489413693 0) (0.0800069988447 0.964756798326 0) (0.0817995183718 0.967028458255 0) (0.0835995891905 0.969304411571 0) (0.0854072488687 0.97158467646 0) (0.0872225352197 0.973869271197 0) (0.0890454863044 0.976158214153 0) (0.090876140433 0.978451523791 0) (0.0927145361671 0.980749218668 0) (0.0945607123217 0.983051317436 0) (0.0964147079668 0.985357838845 0))
    polyLine 52 56 ((0.189374473038 0.534183760324 -0.03) (0.189789784883 0.534975077902 -0.03) (0.190205096728 0.535766395481 -0.03) (0.19062341523 0.536556278845 -0.03) (0.191047605503 0.53734302449 -0.03) (0.191477644014 0.538126588768 -0.03) (0.191913506904 0.538906928206 -0.03) (0.192355169992 0.539683999512 -0.03) (0.192802608775 0.540457759575 -0.03) (0.193255798429 0.541228165465 -0.03) (0.19371471381 0.541995174442 -0.03) (0.194179329459 0.542758743953 -0.03) (0.194649619599 0.543518831633 -0.03) (0.195125558139 0.544275395315 -0.03) (0.195607118672 0.545028393025 -0.03) (0.196094274484 0.545777782986 -0.03) (0.196586998546 0.546523523622 -0.03) (0.197085263523 0.547265573561 -0.03) (0.19758904177 0.548003891633 -0.03) (0.198098305339 0.548738436877 -0.03) (0.198613025976 0.549469168541 -0.03) (0.199133175124 0.550196046084 -0.03) (0.199658723925 0.550919029179 -0.03) (0.200189643223 0.551638077715 -0.03) (0.200725903562 0.5523531518 -0.03) (0.20126747519 0.553064211762 -0.03) (0.201814328062 0.553771218151 -0.03) (0.202366431839 0.554474131744 -0.03) (0.202923755889 0.555172913542 -0.03) (0.203486269293 0.555867524777 -0.03) (0.204053940842 0.556557926914 -0.03) (0.204626739044 0.557244081648 -0.03) (0.205204632118 0.557925950912 -0.03) (0.205787588003 0.558603496876 -0.03) (0.206375574358 0.559276681951 -0.03) (0.206968558562 0.559945468787 -0.03) (0.207566507715 0.560609820282 -0.03) (0.208169388643 0.561269699577 -0.03) (0.2087771679 0.561925070063 -0.03) (0.209389811766 0.562575895379 -0.03) (0.210007286251 0.563222139418 -0.03) (0.210629557099 0.563863766327 -0.03) (0.211256589786 0.564500740509 -0.03) (0.211888349524 0.565133026624 -0.03) (0.212524801264 0.565760589594 -0.03) (0.213165909695 0.566383394601 -0.03) (0.21381163925 0.567001407093 -0.03) (0.214461954103 0.567614592783 -0.03) (0.215116818176 0.568222917651 -0.03) (0.215776195136 0.568826347948 -0.03))
    polyLine 54 58 ((0.189374473038 0.534183760324 0) (0.189789784883 0.534975077902 0) (0.190205096728 0.535766395481 0) (0.19062341523 0.536556278845 0) (0.191047605503 0.53734302449 0) (0.191477644014 0.538126588768 0) (0.191913506904 0.538906928206 0) (0.192355169992 0.539683999512 0) (0.192802608775 0.540457759575 0) (0.193255798429 0.541228165465 0) (0.19371471381 0.541995174442 0) (0.194179329459 0.542758743953 0) (0.194649619599 0.543518831633 0) (0.195125558139 0.544275395315 0) (0.195607118672 0.545028393025 0) (0.196094274484 0.545777782986 0) (0.196586998546 0.546523523622 0) (0.197085263523 0.547265573561 0) (0.19758904177 0.548003891633 0) (0.198098305339 0.548738436877 0) (0.198613025976 0.549469168541 0) (0.199133175124 0.550196046084 0) (0.199658723925 0.550919029179 0) (0.200189643223 0.551638077715 0) (0.200725903562 0.5523531518 0) (0.20126747519 0.553064211762 0) (0.201814328062 0.553771218151 0) (0.202366431839 0.554474131744 0) (0.202923755889 0.555172913542 0) (0.203486269293 0.555867524777 0) (0.204053940842 0.556557926914 0) (0.204626739044 0.557244081648 0) (0.205204632118 0.557925950912 0) (0.205787588003 0.558603496876 0) (0.206375574358 0.559276681951 0) (0.206968558562 0.559945468787 0) (0.207566507715 0.560609820282 0) (0.208169388643 0.561269699577 0) (0.2087771679 0.561925070063 0) (0.209389811766 0.562575895379 0) (0.210007286251 0.563222139418 0) (0.210629557099 0.563863766327 0) (0.211256589786 0.564500740509 0) (0.211888349524 0.565133026624 0) (0.212524801264 0.565760589594 0) (0.213165909695 0.566383394601 0) (0.21381163925 0.567001407093 0) (0.214461954103 0.567614592783 0) (0.215116818176 0.568222917651 0) (0.215776195136 0.568826347948 0))
    polyLine 53 57 ((0.100248787658 0.99011096849 -0.03) (0.102229845487 0.992558119165 -0.03) (0.104219783001 0.995010276222 -0.03) (0.10621864761 0.997467462245 -0.03) (0.108226487059 0.999929699939 -0.03) (0.110243349425 1.00239701214 -0.03) (0.112269283122 1.00486942179 -0.03) (0.114304336906 1.00734695198 -0.03) (0.116348559871 1.00982962592 -0.03) (0.118402001461 1.01231746694 -0.03) (0.120464711466 1.01481049851 -0.03) (0.122536740027 1.01730874422 -0.03) (0.12461813764 1.0198122278 -0.03) (0.126708955158 1.0223209731 -0.03) (0.128809243794 1.02483500411 -0.03) (0.130919055124 1.02735434496 -0.03) (0.133038441089 1.0298790199 -0.03) (0.135167454002 1.03240905333 -0.03) (0.137306146546 1.03494446977 -0.03) (0.139454571782 1.03748529389 -0.03) (0.141612783146 1.04003155049 -0.03) (0.14378083446 1.04258326453 -0.03) (0.145958779928 1.04514046108 -0.03))
    polyLine 55 59 ((0.100248787658 0.99011096849 0) (0.102229845487 0.992558119165 0) (0.104219783001 0.995010276222 0) (0.10621864761 0.997467462245 0) (0.108226487059 0.999929699939 0) (0.110243349425 1.00239701214 0) (0.112269283122 1.00486942179 0) (0.114304336906 1.00734695198 0) (0.116348559871 1.00982962592 0) (0.118402001461 1.01231746694 0) (0.120464711466 1.01481049851 0) (0.122536740027 1.01730874422 0) (0.12461813764 1.0198122278 0) (0.126708955158 1.0223209731 0) (0.128809243794 1.02483500411 0) (0.130919055124 1.02735434496 0) (0.133038441089 1.0298790199 0) (0.135167454002 1.03240905333 0) (0.137306146546 1.03494446977 0) (0.139454571782 1.03748529389 0) (0.141612783146 1.04003155049 0) (0.14378083446 1.04258326453 0) (0.145958779928 1.04514046108 0))
    polyLine 56 60 ((0.216440048401 0.569424850195 -0.03) (0.217108341142 0.570018391188 -0.03) (0.217781036282 0.570606937998 -0.03) (0.218458096499 0.571190457972 -0.03) (0.219139484232 0.571768918737 -0.03) (0.219825161676 0.5723422882 -0.03) (0.220515090791 0.57291053455 -0.03) (0.221209233299 0.573473626262 -0.03) (0.22190755069 0.574031532096 -0.03) (0.222610004222 0.574584221099 -0.03) (0.223316554923 0.575131662608 -0.03) (0.224027163593 0.575673826251 -0.03) (0.224741790809 0.576210681949 -0.03) (0.225460396922 0.576742199919 -0.03) (0.226182942066 0.577268350671 -0.03) (0.226909386153 0.577789105014 -0.03) (0.227639688881 0.578304434058 -0.03) (0.228373809733 0.578814309213 -0.03) (0.22911170798 0.57931870219 -0.03) (0.229853342684 0.579817585006 -0.03) (0.230598672699 0.580310929983 -0.03) (0.231347656675 0.580798709752 -0.03) (0.232100253058 0.581280897249 -0.03) (0.232856420095 0.581757465723 -0.03) (0.233616115833 0.582228388735 -0.03) (0.234379298126 0.582693640158 -0.03) (0.235145924632 0.583153194179 -0.03) (0.235915952819 0.583607025304 -0.03) (0.236689339966 0.584055108354 -0.03) (0.237466043165 0.584497418468 -0.03) (0.238246019327 0.584933931109 -0.03) (0.239029225178 0.585364622058 -0.03) (0.239815617265 0.585789467422 -0.03) (0.240605151962 0.586208443628 -0.03) (0.241397785463 0.586621527434 -0.03) (0.242193473795 0.587028695922 -0.03) (0.242992172812 0.587429926501 -0.03) (0.243793838204 0.587825196912 -0.03) (0.244598425494 0.588214485225 -0.03) (0.245405890045 0.588597769843 -0.03) (0.246216187057 0.588975029501 -0.03) (0.247029271577 0.589346243269 -0.03) (0.247845098495 0.589711390552 -0.03) (0.248663622549 0.590070451093 -0.03) (0.249484798327 0.59042340497 -0.03) (0.250308580272 0.590770232601 -0.03) (0.251134922679 0.591110914746 -0.03) (0.251963779705 0.591445432502 -0.03) (0.252795105364 0.591773767312 -0.03))
    polyLine 58 62 ((0.216440048401 0.569424850195 0) (0.217108341142 0.570018391188 0) (0.217781036282 0.570606937998 0) (0.218458096499 0.571190457972 0) (0.219139484232 0.571768918737 0) (0.219825161676 0.5723422882 0) (0.220515090791 0.57291053455 0) (0.221209233299 0.573473626262 0) (0.22190755069 0.574031532096 0) (0.222610004222 0.574584221099 0) (0.223316554923 0.575131662608 0) (0.224027163593 0.575673826251 0) (0.224741790809 0.576210681949 0) (0.225460396922 0.576742199919 0) (0.226182942066 0.577268350671 0) (0.226909386153 0.577789105014 0) (0.227639688881 0.578304434058 0) (0.228373809733 0.578814309213 0) (0.22911170798 0.57931870219 0) (0.229853342684 0.579817585006 0) (0.230598672699 0.580310929983 0) (0.231347656675 0.580798709752 0) (0.232100253058 0.581280897249 0) (0.232856420095 0.581757465723 0) (0.233616115833 0.582228388735 0) (0.234379298126 0.582693640158 0) (0.235145924632 0.583153194179 0) (0.235915952819 0.583607025304 0) (0.236689339966 0.584055108354 0) (0.237466043165 0.584497418468 0) (0.238246019327 0.584933931109 0) (0.239029225178 0.585364622058 0) (0.239815617265 0.585789467422 0) (0.240605151962 0.586208443628 0) (0.241397785463 0.586621527434 0) (0.242193473795 0.587028695922 0) (0.242992172812 0.587429926501 0) (0.243793838204 0.587825196912 0) (0.244598425494 0.588214485225 0) (0.245405890045 0.588597769843 0) (0.246216187057 0.588975029501 0) (0.247029271577 0.589346243269 0) (0.247845098495 0.589711390552 0) (0.248663622549 0.590070451093 0) (0.249484798327 0.59042340497 0) (0.250308580272 0.590770232601 0) (0.251134922679 0.591110914746 0) (0.251963779705 0.591445432502 0) (0.252795105364 0.591773767312 0))
    polyLine 57 61 ((0.150745626734 1.05073936879 -0.03) (0.153358646846 1.05378334456 -0.03) (0.155985826773 1.0568351351 -0.03) (0.158627259592 1.05989478315 -0.03) (0.161283039176 1.06296233169 -0.03) (0.163953260199 1.06603782403 -0.03) (0.166638018149 1.06912130377 -0.03) (0.169337409332 1.07221281478 -0.03) (0.172051530881 1.07531240126 -0.03) (0.174780480768 1.07842010768 -0.03) (0.177524357808 1.08153597884 -0.03) (0.18028326167 1.08466005983 -0.03) (0.183057292885 1.08779239605 -0.03) (0.185846552857 1.09093303323 -0.03) (0.18865114387 1.09408201738 -0.03) (0.191471169095 1.09723939486 -0.03) (0.194306732605 1.10040521234 -0.03) (0.197157939379 1.1035795168 -0.03) (0.200024895316 1.10676235557 -0.03) (0.202907707238 1.10995377628 -0.03) (0.205806482908 1.11315382692 -0.03) (0.208721331032 1.11636255579 -0.03) (0.211652361277 1.11958001156 -0.03))
    polyLine 59 63 ((0.150745626734 1.05073936879 0) (0.153358646846 1.05378334456 0) (0.155985826773 1.0568351351 0) (0.158627259592 1.05989478315 0) (0.161283039176 1.06296233169 0) (0.163953260199 1.06603782403 0) (0.166638018149 1.06912130377 0) (0.169337409332 1.07221281478 0) (0.172051530881 1.07531240126 0) (0.174780480768 1.07842010768 0) (0.177524357808 1.08153597884 0) (0.18028326167 1.08466005983 0) (0.183057292885 1.08779239605 0) (0.185846552857 1.09093303323 0) (0.18865114387 1.09408201738 0) (0.191471169095 1.09723939486 0) (0.194306732605 1.10040521234 0) (0.197157939379 1.1035795168 0) (0.200024895316 1.10676235557 0) (0.202907707238 1.10995377628 0) (0.205806482908 1.11315382692 0) (0.208721331032 1.11636255579 0) (0.211652361277 1.11958001156 0))
    polyLine 60 64 ((0.253628853534 0.592095900958 -0.03) (0.254464977961 0.592411815571 -0.03) (0.255303432255 0.592721493621 -0.03) (0.256144169899 0.59302491793 -0.03) (0.256987144251 0.593322071662 -0.03) (0.257832308542 0.593612938332 -0.03) (0.258679615882 0.593897501803 -0.03) (0.259529019264 0.594175746287 -0.03) (0.260380471563 0.594447656348 -0.03) (0.261233925541 0.594713216899 -0.03) (0.262089333848 0.594972413209 -0.03) (0.262946649026 0.595225230895 -0.03) (0.263805823513 0.595471655934 -0.03) (0.264666809641 0.595711674652 -0.03) (0.265529559644 0.595945273734 -0.03) (0.266394025656 0.596172440219 -0.03) (0.267260159718 0.596393161506 -0.03) (0.268127913775 0.596607425347 -0.03) (0.268997239687 0.596815219856 -0.03) (0.269868089222 0.597016533505 -0.03) (0.270740414067 0.597211355124 -0.03) (0.271614165825 0.597399673906 -0.03) (0.272489296021 0.597581479401 -0.03) (0.273365756103 0.597756761525 -0.03) (0.274243497445 0.597925510551 -0.03) (0.275122471352 0.598087717118 -0.03) (0.276002629056 0.598243372228 -0.03) (0.276883921729 0.598392467243 -0.03) (0.277766300475 0.598534993893 -0.03) (0.278649716342 0.59867094427 -0.03) (0.279534120317 0.598800310832 -0.03) (0.280419463334 0.598923086401 -0.03) (0.281305696275 0.599039264166 -0.03) (0.282192769971 0.599148837681 -0.03) (0.283080635209 0.599251800868 -0.03) (0.28396924273 0.599348148014 -0.03) (0.284858543234 0.599437873773 -0.03) (0.285748487383 0.599520973168 -0.03) (0.286639025804 0.599597441589 -0.03) (0.287530109089 0.599667274792 -0.03) (0.288421687803 0.599730468904 -0.03) (0.28931371248 0.599787020419 -0.03) (0.290206133631 0.599836926199 -0.03) (0.291098901746 0.599880183475 -0.03) (0.291991967293 0.599916789848 -0.03) (0.292885280726 0.599946743287 -0.03) (0.293778792485 0.599970042129 -0.03) (0.294672452996 0.599986685083 -0.03) (0.295566212682 0.599996671225 -0.03))
    polyLine 62 66 ((0.253628853534 0.592095900958 0) (0.254464977961 0.592411815571 0) (0.255303432255 0.592721493621 0) (0.256144169899 0.59302491793 0) (0.256987144251 0.593322071662 0) (0.257832308542 0.593612938332 0) (0.258679615882 0.593897501803 0) (0.259529019264 0.594175746287 0) (0.260380471563 0.594447656348 0) (0.261233925541 0.594713216899 0) (0.262089333848 0.594972413209 0) (0.262946649026 0.595225230895 0) (0.263805823513 0.595471655934 0) (0.264666809641 0.595711674652 0) (0.265529559644 0.595945273734 0) (0.266394025656 0.596172440219 0) (0.267260159718 0.596393161506 0) (0.268127913775 0.596607425347 0) (0.268997239687 0.596815219856 0) (0.269868089222 0.597016533505 0) (0.270740414067 0.597211355124 0) (0.271614165825 0.597399673906 0) (0.272489296021 0.597581479401 0) (0.273365756103 0.597756761525 0) (0.274243497445 0.597925510551 0) (0.275122471352 0.598087717118 0) (0.276002629056 0.598243372228 0) (0.276883921729 0.598392467243 0) (0.277766300475 0.598534993893 0) (0.278649716342 0.59867094427 0) (0.279534120317 0.598800310832 0) (0.280419463334 0.598923086401 0) (0.281305696275 0.599039264166 0) (0.282192769971 0.599148837681 0) (0.283080635209 0.599251800868 0) (0.28396924273 0.599348148014 0) (0.284858543234 0.599437873773 0) (0.285748487383 0.599520973168 0) (0.286639025804 0.599597441589 0) (0.287530109089 0.599667274792 0) (0.288421687803 0.599730468904 0) (0.28931371248 0.599787020419 0) (0.290206133631 0.599836926199 0) (0.291098901746 0.599880183475 0) (0.291991967293 0.599916789848 0) (0.292885280726 0.599946743287 0) (0.293778792485 0.599970042129 0) (0.294672452996 0.599986685083 0) (0.295566212682 0.599996671225 0))
    polyLine 61 65 ((0.217779415113 1.1262767228 -0.03) (0.220978160024 1.12975741814 -0.03) (0.22419605934 1.13324839101 -0.03) (0.227433254729 1.13674970368 -0.03) (0.230689889215 1.1402614189 -0.03) (0.233966107186 1.14378359988 -0.03) (0.237262054415 1.14731631033 -0.03) (0.240577878073 1.15085961444 -0.03) (0.243913726746 1.15441357688 -0.03) (0.247269750451 1.15797826285 -0.03) (0.250646100652 1.16155373802 -0.03) (0.254042930279 1.16514006859 -0.03) (0.257460393743 1.16873732126 -0.03) (0.260898646951 1.17234556324 -0.03) (0.26435784733 1.17596486228 -0.03) (0.267838153836 1.17959528666 -0.03) (0.27133972698 1.18323690518 -0.03) (0.274862728842 1.18688978718 -0.03) (0.278407323087 1.19055400255 -0.03) (0.28197367499 1.19422962173 -0.03) (0.285561951451 1.19791671571 -0.03) (0.289172321013 1.20161535605 -0.03) (0.292804953884 1.20532561487 -0.03))
    polyLine 63 67 ((0.217779415113 1.1262767228 0) (0.220978160024 1.12975741814 0) (0.22419605934 1.13324839101 0) (0.227433254729 1.13674970368 0) (0.230689889215 1.1402614189 0) (0.233966107186 1.14378359988 0) (0.237262054415 1.14731631033 0) (0.240577878073 1.15085961444 0) (0.243913726746 1.15441357688 0) (0.247269750451 1.15797826285 0) (0.250646100652 1.16155373802 0) (0.254042930279 1.16514006859 0) (0.257460393743 1.16873732126 0) (0.260898646951 1.17234556324 0) (0.26435784733 1.17596486228 0) (0.267838153836 1.17959528666 0) (0.27133972698 1.18323690518 0) (0.274862728842 1.18688978718 0) (0.278407323087 1.19055400255 0) (0.28197367499 1.19422962173 0) (0.285561951451 1.19791671571 0) (0.289172321013 1.20161535605 0) (0.292804953884 1.20532561487 0))
);

boundary
(
    body_fore
    {
        type wall;
        faces
        (
            (0 2 6 4)
            (4 6 10 8)
            (8 10 14 12)
            (12 14 18 16)
            (16 18 22 20)
            (20 22 26 24)
            (24 26 30 28)
            (28 30 34 32)
            (32 34 38 36)
            (36 38 42 40)
            (40 42 46 44)
            (44 46 50 48)
            (48 50 54 52)
            (52 54 58 56)
            (56 58 62 60)
            (60 62 66 64)
        );
    }
    freestream
    {
        type patch;
        faces
        (
            (1 5 7 3)
            (5 9 11 7)
            (9 13 15 11)
            (13 17 19 15)
            (17 21 23 19)
            (21 25 27 23)
            (25 29 31 27)
            (29 33 35 31)
            (33 37 39 35)
            (37 41 43 39)
            (41 45 47 43)
            (45 49 51 47)
            (49 53 55 51)
            (53 57 59 55)
            (57 61 63 59)
            (61 65 67 63)
        );
    }
    outlet
    {
        type patch;
        faces
        (
            (64 66 67 65)
        );
    }
    axis
    {
        type patch;
        faces
        (
            (0 1 3 2)
        );
    }
    front
    {
        type patch;
        faces
        (
            (2 6 7 3)
            (6 10 11 7)
            (10 14 15 11)
            (14 18 19 15)
            (18 22 23 19)
            (22 26 27 23)
            (26 30 31 27)
            (30 34 35 31)
            (34 38 39 35)
            (38 42 43 39)
            (42 46 47 43)
            (46 50 51 47)
            (50 54 55 51)
            (54 58 59 55)
            (58 62 63 59)
            (62 66 67 63)
        );
    }
    back
    {
        type patch;
        faces
        (
            (0 1 5 4)
            (4 5 9 8)
            (8 9 13 12)
            (12 13 17 16)
            (16 17 21 20)
            (20 21 25 24)
            (24 25 29 28)
            (28 29 33 32)
            (32 33 37 36)
            (36 37 41 40)
            (40 41 45 44)
            (44 45 49 48)
            (48 49 53 52)
            (52 53 57 56)
            (56 57 61 60)
            (60 61 65 64)
        );
    }
);
