FoamFile
{
    version     2.0;
    format      ascii;
    class       dictionary;
    object      blockMeshDict;
}
// Generated by aether.cfd - do not edit by hand. Regenerate from the run config.

scale 1;

vertices
(
    (0 0 -0.03)
    (-0.396438037189 7.48745453875e-17 -0.03)
    (0 0 0)
    (-0.396438037189 7.48745453875e-17 0)
    (0.000656220388523 0.0425505473367 -0.03)
    (-0.39188563618 0.120491062232 -0.03)
    (0.000656220388523 0.0425505473367 0)
    (-0.39188563618 0.120491062232 0)
    (0.00262405690705 0.08506063116 -0.03)
    (-0.378704738579 0.237819587833 -0.03)
    (0.00262405690705 0.08506063116 0)
    (-0.378704738579 0.237819587833 0)
    (0.00590163851792 0.127489832658 -0.03)
    (-0.358144655151 0.349496823581 -0.03)
    (0.00590163851792 0.127489832658 0)
    (-0.358144655151 0.349496823581 0)
    (0.0104860214385 0.169797788502 -0.03)
    (-0.331816836388 0.454051785636 -0.03)
    (0.0104860214385 0.169797788502 0)
    (-0.331816836388 0.454051785636 0)
    (0.0163726998612 0.211944278598 -0.03)
    (-0.301299122924 0.550984369278 -0.03)
    (0.0163726998612 0.211944278598 0)
    (-0.301299122924 0.550984369278 0)
    (0.0235560498858 0.253889232331 -0.03)
    (-0.267902453256 0.640498562716 -0.03)
    (0.0235560498858 0.253889232331 0)
    (-0.267902453256 0.640498562716 0)
    (0.0320293850924 0.29559273672 -0.03)
    (-0.232601201666 0.723204576266 -0.03)
    (0.0320293850924 0.29559273672 0)
    (-0.232601201666 0.723204576266 0)
    (0.0417845559789 0.337015149221 -0.03)
    (-0.196061675669 0.799888136278 -0.03)
    (0.0417845559789 0.337015149221 0)
    (-0.196061675669 0.799888136278 0)
    (0.052812234344 0.378117095091 -0.03)
    (-0.158706578725 0.871366942171 -0.03)
    (0.052812234344 0.378117095091 0)
    (-0.158706578725 0.871366942171 0)
    (0.0651020493865 0.41885945794 -0.03)
    (-0.120781157876 0.938414451528 -0.03)
    (0.0651020493865 0.41885945794 0)
    (-0.120781157876 0.938414451528 0)
    (0.0786422756336 0.459203502095 -0.03)
    (-0.0824080971736 1.00172594446 -0.03)
    (0.0786422756336 0.459203502095 0)
    (-0.0824080971736 1.00172594446 0)
    (0.0934199612826 0.499110890355 -0.03)
    (-0.0436278445694 1.06190980393 -0.03)
    (0.0934199612826 0.499110890355 0)
    (-0.0436278445694 1.06190980393 0)
    (0.110046759234 0.53825203402 -0.03)
    (-0.00350205502578 1.12081385773 -0.03)
    (0.110046759234 0.53825203402 0)
    (-0.00350205502578 1.12081385773 0)
    (0.13680382979 0.571058675457 -0.03)
    (0.0512052175279 1.19650437607 -0.03)
    (0.13680382979 0.571058675457 0)
    (0.0512052175279 1.19650437607 0)
    (0.173288190492 0.59253220637 -0.03)
    (0.124190860084 1.29066438015 -0.03)
    (0.173288190492 0.59253220637 0)
    (0.124190860084 1.29066438015 0)
    (0.214959023904 0.6 -0.03)
    (0.214959023904 1.39905989382 -0.03)
    (0.214959023904 0.6 0)
    (0.214959023904 1.39905989382 0)
);

blocks
(
    hex (0 4 5 1 2 6 7 3) (4 48 1) simpleGrading (1 4 1)
    hex (4 8 9 5 6 10 11 7) (4 48 1) simpleGrading (1 4 1)
    hex (8 12 13 9 10 14 15 11) (4 48 1) simpleGrading (1 4 1)
    hex (12 16 17 13 14 18 19 15) (4 48 1) simpleGrading (1 4 1)
    hex (16 20 21 17 18 22 23 19) (4 48 1) simpleGrading (1 4 1)
    hex (20 24 25 21 22 26 27 23) (4 48 1) simpleGrading (1 4 1)
    hex (24 28 29 25 26 30 31 27) (4 48 1) simpleGrading (1 4 1)
    hex (28 32 33 29 30 34 35 31) (4 48 1) simpleGrading (1 4 1)
    hex (32 36 37 33 34 38 39 35) (4 48 1) simpleGrading (1 4 1)
    hex (36 40 41 37 38 42 43 39) (4 48 1) simpleGrading (1 4 1)
    hex (40 44 45 41 42 46 47 43) (4 48 1) simpleGrading (1 4 1)
    hex (44 48 49 45 46 50 51 47) (4 48 1) simpleGrading (1 4 1)
    hex (48 52 53 49 50 54 55 51) (4 48 1) simpleGrading (1 4 1)
    hex (52 56 57 53 54 58 59 55) (4 48 1) simpleGrading (1 4 1)
    hex (56 60 61 57 58 62 63 59) (4 48 1) simpleGrading (1 4 1)
    hex (60 64 65 61 62 66 67 63) (4 48 1) simpleGrading (1 4 1)
);

edges
(
    polyLine 0 4 ((3.14462682567e-07 0.000931620580041 -0.03) (1.25785058717e-06 0.0018632407355 -0.03) (2.83016328374e-06 0.00279486004181 -0.03) (5.03140005572e-06 0.00372647807437 -0.03) (7.86155989988e-06 0.00465809440862 -0.03) (1.13206415265e-05 0.00558970861997 -0.03) (1.5408643359e-05 0.00652132028386 -0.03) (2.01255635344e-05 0.00745292897569 -0.03) (2.5471399903e-05 0.00838453427091 -0.03) (3.14461500284e-05 0.00931613574494 -0.03) (3.80498111877e-05 0.0102477329732 -0.03) (4.52823803713e-05 0.0111793255311 -0.03) (5.3143854283e-05 0.0121109129942 -0.03) (6.163422934e-05 0.0130424949377 -0.03) (7.07535016729e-05 0.0139740709373 -0.03) (8.05016671258e-05 0.0149056405682 -0.03) (9.08787212556e-05 0.015837203406 -0.03) (0.000101884659334 0.0167687590261 -0.03) (0.000113519476343 0.017700307004 -0.03) (0.000125783166983 0.0186318469151 -0.03) (0.000138675725663 0.0195633783348 -0.03) (0.000152197146507 0.0204949008387 -0.03) (0.000166347423354 0.0214264140022 -0.03) (0.000181126549755 0.0223579174007 -0.03) (0.000196534518974 0.0232894106098 -0.03) (0.000212571323988 0.0242208932048 -0.03) (0.00022923695749 0.0251523647614 -0.03) (0.000246531411885 0.026083824855 -0.03) (0.000264454679289 0.027015273061 -0.03) (0.000283006751535 0.027946708955 -0.03) (0.000302187620169 0.0288781321125 -0.03) (0.000321997276447 0.029809542109 -0.03) (0.000342435711343 0.03074093852 -0.03) (0.000363502915541 0.031672320921 -0.03) (0.000385198879441 0.0326036888876 -0.03) (0.000407523593154 0.0335350419953 -0.03) (0.000430477046507 0.0344663798196 -0.03) (0.000454059229038 0.0353977019362 -0.03) (0.00047827013 0.0363290079204 -0.03) (0.000503109738358 0.037260297348 -0.03) (0.000528578042793 0.0381915697944 -0.03) (0.000554675031698 0.0391228248353 -0.03) (0.000581400693179 0.0400540620463 -0.03) (0.000608755015055 0.0409852810029 -0.03) (0.000636737984862 0.0419164812807 -0.03))
    polyLine 2 6 ((3.14462682567e-07 0.000931620580041 0) (1.25785058717e-06 0.0018632407355 0) (2.83016328374e-06 0.00279486004181 0) (5.03140005572e-06 0.00372647807437 0) (7.86155989988e-06 0.00465809440862 0) (1.13206415265e-05 0.00558970861997 0) (1.5408643359e-05 0.00652132028386 0) (2.01255635344e-05 0.00745292897569 0) (2.5471399903e-05 0.00838453427091 0) (3.14461500284e-05 0.00931613574494 0) (3.80498111877e-05 0.0102477329732 0) (4.52823803713e-05 0.0111793255311 0) (5.3143854283e-05 0.0121109129942 0) (6.163422934e-05 0.0130424949377 0) (7.07535016729e-05 0.0139740709373 0) (8.05016671258e-05 0.0149056405682 0) (9.08787212556e-05 0.015837203406 0) (0.000101884659334 0.0167687590261 0) (0.000113519476343 0.017700307004 0) (0.000125783166983 0.0186318469151 0) (0.000138675725663 0.0195633783348 0) (0.000152197146507 0.0204949008387 0) (0.000166347423354 0.0214264140022 0) (0.000181126549755 0.0223579174007 0) (0.000196534518974 0.0232894106098 0) (0.000212571323988 0.0242208932048 0) (0.00022923695749 0.0251523647614 0) (0.000246531411885 0.026083824855 0) (0.000264454679289 0.027015273061 0) (0.000283006751535 0.027946708955 0) (0.000302187620169 0.0288781321125 0) (0.000321997276447 0.029809542109 0) (0.000342435711343 0.03074093852 0) (0.000363502915541 0.031672320921 0) (0.000385198879441 0.0326036888876 0) (0.000407523593154 0.0335350419953 0) (0.000430477046507 0.0344663798196 0) (0.000454059229038 0.0353977019362 0) (0.00047827013 0.0363290079204 0) (0.000503109738358 0.037260297348 0) (0.000528578042793 0.0381915697944 0) (0.000554675031698 0.0391228248353 0) (0.000581400693179 0.0400540620463 0) (0.000608755015055 0.0409852810029 0) (0.000636737984862 0.0419164812807 0))
    polyLine 1 5 ((-0.396430218992 0.00499323012985 -0.03) (-0.396406762633 0.00998674324089 -0.03) (-0.396367662808 0.014980822355 -0.03) (-0.396312910677 0.0199757505756 -0.03) (-0.396242493856 0.0249718111279 -0.03) (-0.396156396417 0.0299692874005 -0.03) (-0.396054598883 0.0349684629851 -0.03) (-0.395937078216 0.0399696217182 -0.03) (-0.395803807813 0.0449730477213 -0.03) (-0.395654757496 0.0499790254422 -0.03) (-0.395489893499 0.0549878396955 -0.03) (-0.39530917846 0.0599997757038 -0.03) (-0.395112571403 0.0650151191387 -0.03) (-0.394900027727 0.0700341561618 -0.03) (-0.394671499189 0.0750571734658 -0.03) (-0.394426933887 0.0800844583158 -0.03) (-0.394166276239 0.0851162985905 -0.03) (-0.393889466967 0.0901529828236 -0.03) (-0.393596443076 0.0951948002454 -0.03) (-0.393287137827 0.100242040824 -0.03) (-0.392961480717 0.105294995307 -0.03) (-0.392619397453 0.110353955263 -0.03) (-0.392260809925 0.115419213126 -0.03))
    polyLine 3 7 ((-0.396430218992 0.00499323012985 0) (-0.396406762633 0.00998674324089 0) (-0.396367662808 0.014980822355 0) (-0.396312910677 0.0199757505756 0) (-0.396242493856 0.0249718111279 0) (-0.396156396417 0.0299692874005 0) (-0.396054598883 0.0349684629851 0) (-0.395937078216 0.0399696217182 0) (-0.395803807813 0.0449730477213 0) (-0.395654757496 0.0499790254422 0) (-0.395489893499 0.0549878396955 0) (-0.39530917846 0.0599997757038 0) (-0.395112571403 0.0650151191387 0) (-0.394900027727 0.0700341561618 0) (-0.394671499189 0.0750571734658 0) (-0.394426933887 0.0800844583158 0) (-0.394166276239 0.0851162985905 0) (-0.393889466967 0.0901529828236 0) (-0.393596443076 0.0951948002454 0) (-0.393287137827 0.100242040824 0) (-0.392961480717 0.105294995307 0) (-0.392619397453 0.110353955263 0) (-0.392260809925 0.115419213126 0))
    polyLine 4 8 ((0.000665349589844 0.0428476624554 -0.03) (0.000694589816963 0.0437788241026 -0.03) (0.000724458652893 0.0447099657979 -0.03) (0.000754956084021 0.0456410871169 -0.03) (0.000786082096449 0.0465721876353 -0.03) (0.000817836675991 0.0475032669288 -0.03) (0.000850219808174 0.0484343245729 -0.03) (0.000883231478241 0.0493653601435 -0.03) (0.000916871671146 0.0502963732162 -0.03) (0.000951140371559 0.0512273633666 -0.03) (0.000986037563861 0.0521583301705 -0.03) (0.00102156323215 0.0530892732037 -0.03) (0.00105771736023 0.0540201920417 -0.03) (0.00109449993163 0.0549510862605 -0.03) (0.00113191092959 0.0558819554357 -0.03) (0.00116995033705 0.056812799143 -0.03) (0.00120861813668 0.0577436169583 -0.03) (0.00124791431085 0.0586744084574 -0.03) (0.00128783884166 0.059605173216 -0.03) (0.00132839171092 0.06053591081 -0.03) (0.00136957290013 0.0614666208151 -0.03) (0.00141138239054 0.0623973028073 -0.03) (0.00145382016308 0.0633279563624 -0.03) (0.00149688619842 0.0642585810561 -0.03) (0.00154058047693 0.0651891764645 -0.03) (0.00158490297869 0.0661197421633 -0.03) (0.00162985368352 0.0670502777286 -0.03) (0.00167543257091 0.0679807827361 -0.03) (0.0017216396201 0.0689112567619 -0.03) (0.00176847481004 0.0698416993819 -0.03) (0.00181593811936 0.0707721101719 -0.03) (0.00186402952645 0.0717024887081 -0.03) (0.00191274900939 0.0726328345664 -0.03) (0.00196209654597 0.0735631473228 -0.03) (0.00201207211371 0.0744934265533 -0.03) (0.00206267568982 0.0754236718339 -0.03) (0.00211390725125 0.0763538827407 -0.03) (0.00216576677464 0.0772840588498 -0.03) (0.00221825423637 0.0782141997372 -0.03) (0.00227136961251 0.079144304979 -0.03) (0.00232511287885 0.0800743741514 -0.03) (0.00237948401091 0.0810044068304 -0.03) (0.00243448298389 0.0819344025922 -0.03) (0.00249010977274 0.082864361013 -0.03) (0.00254636435211 0.0837942816689 -0.03) (0.00260324669636 0.0847241641362 -0.03))
    polyLine 6 10 ((0.000665349589844 0.0428476624554 0) (0.000694589816963 0.0437788241026 0) (0.000724458652893 0.0447099657979 0) (0.000754956084021 0.0456410871169 0) (0.000786082096449 0.0465721876353 0) (0.000817836675991 0.0475032669288 0) (0.000850219808174 0.0484343245729 0) (0.000883231478241 0.0493653601435 0) (0.000916871671146 0.0502963732162 0) (0.000951140371559 0.0512273633666 0) (0.000986037563861 0.0521583301705 0) (0.00102156323215 0.0530892732037 0) (0.00105771736023 0.0540201920417 0) (0.00109449993163 0.0549510862605 0) (0.00113191092959 0.0558819554357 0) (0.00116995033705 0.056812799143 0) (0.00120861813668 0.0577436169583 0) (0.00124791431085 0.0586744084574 0) (0.00128783884166 0.059605173216 0) (0.00132839171092 0.06053591081 0) (0.00136957290013 0.0614666208151 0) (0.00141138239054 0.0623973028073 0) (0.00145382016308 0.0633279563624 0) (0.00149688619842 0.0642585810561 0) (0.00154058047693 0.0651891764645 0) (0.00158490297869 0.0661197421633 0) (0.00162985368352 0.0670502777286 0) (0.00167543257091 0.0679807827361 0) (0.0017216396201 0.0689112567619 0) (0.00176847481004 0.0698416993819 0) (0.00181593811936 0.0707721101719 0) (0.00186402952645 0.0717024887081 0) (0.00191274900939 0.0726328345664 0) (0.00196209654597 0.0735631473228 0) (0.00201207211371 0.0744934265533 0) (0.00206267568982 0.0754236718339 0) (0.00211390725125 0.0763538827407 0) (0.00216576677464 0.0772840588498 0) (0.00221825423637 0.0782141997372 0) (0.00227136961251 0.079144304979 0) (0.00232511287885 0.0800743741514 0) (0.00237948401091 0.0810044068304 0) (0.00243448298389 0.0819344025922 0) (0.00249010977274 0.082864361013 0) (0.00254636435211 0.0837942816689 0) (0.00260324669636 0.0847241641362 0))
    polyLine 5 9 ((-0.391516199825 0.125284896757 -0.03) (-0.391131832945 0.130085114762 -0.03) (-0.390732457036 0.134891965387 -0.03) (-0.390317990447 0.139705698622 -0.03) (-0.38988834835 0.144526565337 -0.03) (-0.389443442718 0.149354817317 -0.03) (-0.38898318229 0.154190707289 -0.03) (-0.388507472548 0.159034488962 -0.03) (-0.388016215685 0.163886417051 -0.03) (-0.387509310571 0.168746747316 -0.03) (-0.386986652723 0.173615736591 -0.03) (-0.386448134274 0.178493642819 -0.03) (-0.385893643932 0.183380725081 -0.03) (-0.385323066951 0.188277243636 -0.03) (-0.38473628509 0.193183459946 -0.03) (-0.384133176575 0.198099636716 -0.03) (-0.383513616063 0.203026037923 -0.03) (-0.382877474598 0.207962928852 -0.03) (-0.382224619573 0.21291057613 -0.03) (-0.381554914684 0.217869247758 -0.03) (-0.380868219888 0.222839213146 -0.03) (-0.380164391358 0.227820743148 -0.03) (-0.379443281434 0.232814110095 -0.03))
    polyLine 7 11 ((-0.391516199825 0.125284896757 0) (-0.391131832945 0.130085114762 0) (-0.390732457036 0.134891965387 0) (-0.390317990447 0.139705698622 0) (-0.38988834835 0.144526565337 0) (-0.389443442718 0.149354817317 0) (-0.38898318229 0.154190707289 0) (-0.388507472548 0.159034488962 0) (-0.388016215685 0.163886417051 0) (-0.387509310571 0.168746747316 0) (-0.386986652723 0.173615736591 0) (-0.386448134274 0.178493642819 0) (-0.385893643932 0.183380725081 0) (-0.385323066951 0.188277243636 0) (-0.38473628509 0.193183459946 0) (-0.384133176575 0.198099636716 0) (-0.383513616063 0.203026037923 0) (-0.382877474598 0.207962928852 0) (-0.382224619573 0.21291057613 0) (-0.381554914684 0.217869247758 0) (-0.380868219888 0.222839213146 0) (-0.380164391358 0.227820743148 0) (-0.379443281434 0.232814110095 0))
    polyLine 8 12 ((0.00266075677955 0.085654007991 -0.03) (0.0027188945755 0.0865838128097 -0.03) (0.00277766005769 0.0875135781683 -0.03) (0.00283705319934 0.0884433036433 -0.03) (0.0028970739734 0.0893729888108 -0.03) (0.0029577223525 0.0903026332472 -0.03) (0.003018998309 0.0912322365288 -0.03) (0.00308090181498 0.092161798232 -0.03) (0.00314343284223 0.0930913179331 -0.03) (0.00320659136224 0.0940207952084 -0.03) (0.00327037734624 0.0949502296344 -0.03) (0.00333479076515 0.0958796207876 -0.03) (0.00339983158962 0.0968089682442 -0.03) (0.00346549979 0.0977382715809 -0.03) (0.00353179533638 0.098667530374 -0.03) (0.00359871819852 0.0995967442001 -0.03) (0.00366626834594 0.100525912636 -0.03) (0.00373444574785 0.101455035257 -0.03) (0.00380325037318 0.102384111641 -0.03) (0.00387268219057 0.103313141365 -0.03) (0.00394274116838 0.104242124004 -0.03) (0.00401342727467 0.105171059135 -0.03) (0.00408474047724 0.106099946336 -0.03) (0.00415668074358 0.107028785182 -0.03) (0.00422924804091 0.10795757525 -0.03) (0.00430244233615 0.108886316118 -0.03) (0.00437626359595 0.109815007361 -0.03) (0.00445071178667 0.110743648557 -0.03) (0.00452578687437 0.111672239283 -0.03) (0.00460148882483 0.112600779114 -0.03) (0.00467781760357 0.113529267629 -0.03) (0.00475477317579 0.114457704403 -0.03) (0.00483235550642 0.115386089014 -0.03) (0.0049105645601 0.116314421039 -0.03) (0.0049894003012 0.117242700054 -0.03) (0.00506886269377 0.118170925637 -0.03) (0.00514895170161 0.119099097364 -0.03) (0.00522966728822 0.120027214812 -0.03) (0.0053110094168 0.120955277559 -0.03) (0.0053929780503 0.121883285181 -0.03) (0.00547557315135 0.122811237256 -0.03) (0.00555879468231 0.123739133361 -0.03) (0.00564264260526 0.124666973072 -0.03) (0.00572711688197 0.125594755967 -0.03) (0.00581221747396 0.126522481623 -0.03) (0.00589794434243 0.127450149618 -0.03))
    polyLine 10 14 ((0.00266075677955 0.085654007991 0) (0.0027188945755 0.0865838128097 0) (0.00277766005769 0.0875135781683 0) (0.00283705319934 0.0884433036433 0) (0.0028970739734 0.0893729888108 0) (0.0029577223525 0.0903026332472 0) (0.003018998309 0.0912322365288 0) (0.00308090181498 0.092161798232 0) (0.00314343284223 0.0930913179331 0) (0.00320659136224 0.0940207952084 0) (0.00327037734624 0.0949502296344 0) (0.00333479076515 0.0958796207876 0) (0.00339983158962 0.0968089682442 0) (0.00346549979 0.0977382715809 0) (0.00353179533638 0.098667530374 0) (0.00359871819852 0.0995967442001 0) (0.00366626834594 0.100525912636 0) (0.00373444574785 0.101455035257 0) (0.00380325037318 0.102384111641 0) (0.00387268219057 0.103313141365 0) (0.00394274116838 0.104242124004 0) (0.00401342727467 0.105171059135 0) (0.00408474047724 0.106099946336 0) (0.00415668074358 0.107028785182 0) (0.00422924804091 0.10795757525 0) (0.00430244233615 0.108886316118 0) (0.00437626359595 0.109815007361 0) (0.00445071178667 0.110743648557 0) (0.00452578687437 0.111672239283 0) (0.00460148882483 0.112600779114 0) (0.00467781760357 0.113529267629 0) (0.00475477317579 0.114457704403 0) (0.00483235550642 0.115386089014 0) (0.0049105645601 0.116314421039 0) (0.0049894003012 0.117242700054 0) (0.00506886269377 0.118170925637 0) (0.00514895170161 0.119099097364 0) (0.00522966728822 0.120027214812 0) (0.0053110094168 0.120955277559 0) (0.0053929780503 0.121883285181 0) (0.00547557315135 0.122811237256 0) (0.00555879468231 0.123739133361 0) (0.00564264260526 0.124666973072 0) (0.00572711688197 0.125594755967 0) (0.00581221747396 0.126522481623 0) (0.00589794434243 0.127450149618 0))
    polyLine 9 13 ((-0.37802467683 0.242337335194 -0.03) (-0.377330238179 0.24686532742 -0.03) (-0.376621303719 0.251403767728 -0.03) (-0.375897751867 0.255952860414 -0.03) (-0.375159458331 0.260512810881 -0.03) (-0.374406296076 0.265083825653 -0.03) (-0.373638135292 0.269666112401 -0.03) (-0.372854843361 0.274259879962 -0.03) (-0.372056284819 0.278865338362 -0.03) (-0.371242321321 0.283482698837 -0.03) (-0.370412811607 0.288112173853 -0.03) (-0.369567611461 0.292753977132 -0.03) (-0.368706573675 0.29740832367 -0.03) (-0.36782954801 0.302075429761 -0.03) (-0.366936381154 0.30675551302 -0.03) (-0.366026916684 0.311448792401 -0.03) (-0.365100995022 0.316155488227 -0.03) (-0.364158453396 0.320875822205 -0.03) (-0.36319912579 0.325610017456 -0.03) (-0.362222842907 0.33035829853 -0.03) (-0.361229432121 0.335120891438 -0.03) (-0.360218717428 0.339898023666 -0.03) (-0.359190519403 0.344689924208 -0.03))
    polyLine 11 15 ((-0.37802467683 0.242337335194 0) (-0.377330238179 0.24686532742 0) (-0.376621303719 0.251403767728 0) (-0.375897751867 0.255952860414 0) (-0.375159458331 0.260512810881 0) (-0.374406296076 0.265083825653 0) (-0.373638135292 0.269666112401 0) (-0.372854843361 0.274259879962 0) (-0.372056284819 0.278865338362 0) (-0.371242321321 0.283482698837 0) (-0.370412811607 0.288112173853 0) (-0.369567611461 0.292753977132 0) (-0.368706573675 0.29740832367 0) (-0.36782954801 0.302075429761 0) (-0.366936381154 0.30675551302 0) (-0.366026916684 0.311448792401 0) (-0.365100995022 0.316155488227 0) (-0.364158453396 0.320875822205 0) (-0.36319912579 0.325610017456 0) (-0.362222842907 0.33035829853 0) (-0.361229432121 0.335120891438 0) (-0.360218717428 0.339898023666 0) (-0.359190519403 0.344689924208 0))
    polyLine 12 16 ((0.00598429744833 0.128377759528 -0.03) (0.00607127675228 0.129305310931 -0.03) (0.00615888221466 0.130232803404 -0.03) (0.00624711379554 0.131160236524 -0.03) (0.0063359714547 0.132087609868 -0.03) (0.00642545515166 0.133014923015 -0.03) (0.00651556484562 0.133942175541 -0.03) (0.00660630049553 0.134869367024 -0.03) (0.00669766206002 0.135796497041 -0.03) (0.00678964949747 0.13672356517 -0.03) (0.00688226276595 0.137650570988 -0.03) (0.00697550182325 0.138577514072 -0.03) (0.00706936662688 0.139504394001 -0.03) (0.00716385713406 0.140431210352 -0.03) (0.00725897330172 0.141357962702 -0.03) (0.00735471508653 0.14228465063 -0.03) (0.00745108244484 0.143211273712 -0.03) (0.00754807533274 0.144137831526 -0.03) (0.00764569370602 0.145064323651 -0.03) (0.00774393752019 0.145990749664 -0.03) (0.00784280673049 0.146917109142 -0.03) (0.00794230129184 0.147843401664 -0.03) (0.00804242115891 0.148769626808 -0.03) (0.00814316628607 0.14969578415 -0.03) (0.0082445366274 0.15062187327 -0.03) (0.00834653213671 0.151547893745 -0.03) (0.00844915276751 0.152473845153 -0.03) (0.00855239847304 0.153399727073 -0.03) (0.00865626920623 0.154325539081 -0.03) (0.00876076491975 0.155251280757 -0.03) (0.00886588556598 0.156176951677 -0.03) (0.00897163109701 0.157102551422 -0.03) (0.00907800146465 0.158028079568 -0.03) (0.00918499662042 0.158953535693 -0.03) (0.00929261651555 0.159878919377 -0.03) (0.00940086110101 0.160804230197 -0.03) (0.00950973032745 0.161729467732 -0.03) (0.00961922414527 0.16265463156 -0.03) (0.00972934250455 0.163579721258 -0.03) (0.00984008535512 0.164504736407 -0.03) (0.00995145264651 0.165429676584 -0.03) (0.010063444328 0.166354541367 -0.03) (0.0101760603484 0.167279330335 -0.03) (0.0102893006566 0.168204043067 -0.03) (0.0104031652008 0.169128679141 -0.03))
    polyLine 14 18 ((0.00598429744833 0.128377759528 0) (0.00607127675228 0.129305310931 0) (0.00615888221466 0.130232803404 0) (0.00624711379554 0.131160236524 0) (0.0063359714547 0.132087609868 0) (0.00642545515166 0.133014923015 0) (0.00651556484562 0.133942175541 0) (0.00660630049553 0.134869367024 0) (0.00669766206002 0.135796497041 0) (0.00678964949747 0.13672356517 0) (0.00688226276595 0.137650570988 0) (0.00697550182325 0.138577514072 0) (0.00706936662688 0.139504394001 0) (0.00716385713406 0.140431210352 0) (0.00725897330172 0.141357962702 0) (0.00735471508653 0.14228465063 0) (0.00745108244484 0.143211273712 0) (0.00754807533274 0.144137831526 0) (0.00764569370602 0.145064323651 0) (0.00774393752019 0.145990749664 0) (0.00784280673049 0.146917109142 0) (0.00794230129184 0.147843401664 0) (0.00804242115891 0.148769626808 0) (0.00814316628607 0.14969578415 0) (0.0082445366274 0.15062187327 0) (0.00834653213671 0.151547893745 0) (0.00844915276751 0.152473845153 0) (0.00855239847304 0.153399727073 0) (0.00865626920623 0.154325539081 0) (0.00876076491975 0.155251280757 0) (0.00886588556598 0.156176951677 0) (0.00897163109701 0.157102551422 0) (0.00907800146465 0.158028079568 0) (0.00918499662042 0.158953535693 0) (0.00929261651555 0.159878919377 0) (0.00940086110101 0.160804230197 0) (0.00950973032745 0.161729467732 0) (0.00961922414527 0.16265463156 0) (0.00972934250455 0.163579721258 0) (0.00984008535512 0.164504736407 0) (0.00995145264651 0.165429676584 0) (0.010063444328 0.166354541367 0) (0.0101760603484 0.167279330335 0) (0.0102893006566 0.168204043067 0) (0.0104031652008 0.169128679141 0))
    polyLine 13 17 ((-0.357217296559 0.353704472913 -0.03) (-0.356276213725 0.357923878674 -0.03) (-0.355321278408 0.362155197039 -0.03) (-0.354352360246 0.366398585122 -0.03) (-0.353369326727 0.370654200987 -0.03) (-0.35237204316 0.37492220366 -0.03) (-0.351360372651 0.379202753144 -0.03) (-0.350334176071 0.383496010428 -0.03) (-0.349293312031 0.387802137502 -0.03) (-0.34823763685 0.392121297372 -0.03) (-0.347167004527 0.396453654068 -0.03) (-0.346081266708 0.400799372659 -0.03) (-0.34498027266 0.405158619267 -0.03) (-0.343863869235 0.40953156108 -0.03) (-0.342731900843 0.413918366366 -0.03) (-0.341584209413 0.418319204483 -0.03) (-0.340420634368 0.422734245895 -0.03) (-0.339241012585 0.427163662188 -0.03) (-0.338045178365 0.431607626077 -0.03) (-0.336832963395 0.436066311427 -0.03) (-0.335604196719 0.440539893262 -0.03) (-0.334358704692 0.445028547782 -0.03) (-0.333096310955 0.449532452376 -0.03))
    polyLine 15 19 ((-0.357217296559 0.353704472913 0) (-0.356276213725 0.357923878674 0) (-0.355321278408 0.362155197039 0) (-0.354352360246 0.366398585122 0) (-0.353369326727 0.370654200987 0) (-0.35237204316 0.37492220366 0) (-0.351360372651 0.379202753144 0) (-0.350334176071 0.383496010428 0) (-0.349293312031 0.387802137502 0) (-0.34823763685 0.392121297372 0) (-0.347167004527 0.396453654068 0) (-0.346081266708 0.400799372659 0) (-0.34498027266 0.405158619267 0) (-0.343863869235 0.40953156108 0) (-0.342731900843 0.413918366366 0) (-0.341584209413 0.418319204483 0) (-0.340420634368 0.422734245895 0) (-0.339241012585 0.427163662188 0) (-0.338045178365 0.431607626077 0) (-0.336832963395 0.436066311427 0) (-0.335604196719 0.440539893262 0) (-0.334358704692 0.445028547782 0) (-0.333096310955 0.449532452376 0))
    polyLine 16 20 ((0.0105176539293 0.170053238136 -0.03) (0.0106327667898 0.170977719631 -0.03) (0.0107485037298 0.171902123203 -0.03) (0.0108648646966 0.172826448432 -0.03) (0.0109818496372 0.173750694897 -0.03) (0.0110994584983 0.174674862176 -0.03) (0.0112176912262 0.175598949849 -0.03) (0.0113365477672 0.176522957493 -0.03) (0.0114560280669 0.177446884688 -0.03) (0.011576132071 0.178370731013 -0.03) (0.0116968597247 0.179294496047 -0.03) (0.011818210973 0.180218179369 -0.03) (0.0119401857606 0.181141780557 -0.03) (0.012062784032 0.182065299191 -0.03) (0.0121860057311 0.182988734851 -0.03) (0.012309850802 0.183912087114 -0.03) (0.012434319188 0.184835355561 -0.03) (0.0125594108326 0.18575853977 -0.03) (0.0126851256787 0.186681639322 -0.03) (0.012811463669 0.187604653794 -0.03) (0.0129384247459 0.188527582767 -0.03) (0.0130660088516 0.18945042582 -0.03) (0.013194215928 0.190373182532 -0.03) (0.0133230459165 0.191295852482 -0.03) (0.0134524987585 0.192218435251 -0.03) (0.0135825743949 0.193140930418 -0.03) (0.0137132727666 0.194063337563 -0.03) (0.0138445938139 0.194985656264 -0.03) (0.013976537477 0.195907886102 -0.03) (0.0141091036958 0.196830026656 -0.03) (0.0142422924098 0.197752077506 -0.03) (0.0143761035583 0.198674038232 -0.03) (0.0145105370804 0.199595908414 -0.03) (0.0146455929148 0.200517687631 -0.03) (0.0147812709999 0.201439375464 -0.03) (0.014917571274 0.202360971493 -0.03) (0.0150544936748 0.203282475296 -0.03) (0.01519203814 0.204203886455 -0.03) (0.0153302046069 0.20512520455 -0.03) (0.0154689930125 0.20604642916 -0.03) (0.0156084032936 0.206967559866 -0.03) (0.0157484353867 0.207888596248 -0.03) (0.0158890892278 0.208809537886 -0.03) (0.016030364753 0.209730384361 -0.03) (0.0161722618979 0.210651135253 -0.03) (0.0163147805977 0.211571790142 -0.03))
    polyLine 18 22 ((0.0105176539293 0.170053238136 0) (0.0106327667898 0.170977719631 0) (0.0107485037298 0.171902123203 0) (0.0108648646966 0.172826448432 0) (0.0109818496372 0.173750694897 0) (0.0110994584983 0.174674862176 0) (0.0112176912262 0.175598949849 0) (0.0113365477672 0.176522957493 0) (0.0114560280669 0.177446884688 0) (0.011576132071 0.178370731013 0) (0.0116968597247 0.179294496047 0) (0.011818210973 0.180218179369 0) (0.0119401857606 0.181141780557 0) (0.012062784032 0.182065299191 0) (0.0121860057311 0.182988734851 0) (0.012309850802 0.183912087114 0) (0.012434319188 0.184835355561 0) (0.0125594108326 0.18575853977 0) (0.0126851256787 0.186681639322 0) (0.012811463669 0.187604653794 0) (0.0129384247459 0.188527582767 0) (0.0130660088516 0.18945042582 0) (0.013194215928 0.190373182532 0) (0.0133230459165 0.191295852482 0) (0.0134524987585 0.192218435251 0) (0.0135825743949 0.193140930418 0) (0.0137132727666 0.194063337563 0) (0.0138445938139 0.194985656264 0) (0.013976537477 0.195907886102 0) (0.0141091036958 0.196830026656 0) (0.0142422924098 0.197752077506 0) (0.0143761035583 0.198674038232 0) (0.0145105370804 0.199595908414 0) (0.0146455929148 0.200517687631 0) (0.0147812709999 0.201439375464 0) (0.014917571274 0.202360971493 0) (0.0150544936748 0.203282475296 0) (0.01519203814 0.204203886455 0) (0.0153302046069 0.20512520455 0) (0.0154689930125 0.20604642916 0) (0.0156084032936 0.206967559866 0) (0.0157484353867 0.207888596248 0) (0.0158890892278 0.208809537886 0) (0.016030364753 0.209730384361 0) (0.0161722618979 0.210651135253 0) (0.0163147805977 0.211571790142 0))
    polyLine 17 21 ((-0.330703862767 0.457946796704 -0.03) (-0.329578031404 0.461853442332 -0.03) (-0.328439223729 0.465771837932 -0.03) (-0.327287319589 0.469702099602 -0.03) (-0.326122197235 0.473644344135 -0.03) (-0.324943733299 0.477598689017 -0.03) (-0.323751802777 0.481565252446 -0.03) (-0.32254627901 0.485544153329 -0.03) (-0.32132703366 0.489535511295 -0.03) (-0.320093936695 0.493539446702 -0.03) (-0.318846856365 0.497556080641 -0.03) (-0.317585659183 0.501585534945 -0.03) (-0.316310209904 0.5056279322 -0.03) (-0.315020371501 0.509683395746 -0.03) (-0.313716005147 0.51375204969 -0.03) (-0.312396970192 0.51783401891 -0.03) (-0.311063124137 0.521929429066 -0.03) (-0.309714322617 0.526038406606 -0.03) (-0.308350419374 0.530161078773 -0.03) (-0.306971266237 0.534297573615 -0.03) (-0.305576713093 0.538448019992 -0.03) (-0.304166607869 0.542612547582 -0.03) (-0.302740796504 0.546791286896 -0.03))
    polyLine 19 23 ((-0.330703862767 0.457946796704 0) (-0.329578031404 0.461853442332 0) (-0.328439223729 0.465771837932 0) (-0.327287319589 0.469702099602 0) (-0.326122197235 0.473644344135 0) (-0.324943733299 0.477598689017 0) (-0.323751802777 0.481565252446 0) (-0.32254627901 0.485544153329 0) (-0.32132703366 0.489535511295 0) (-0.320093936695 0.493539446702 0) (-0.318846856365 0.497556080641 0) (-0.317585659183 0.501585534945 0) (-0.316310209904 0.5056279322 0) (-0.315020371501 0.509683395746 0) (-0.313716005147 0.51375204969 0) (-0.312396970192 0.51783401891 0) (-0.311063124137 0.521929429066 0) (-0.309714322617 0.526038406606 0) (-0.308350419374 0.530161078773 0) (-0.306971266237 0.534297573615 0) (-0.305576713093 0.538448019992 0) (-0.304166607869 0.542612547582 0) (-0.302740796504 0.546791286896 0))
    polyLine 20 24 ((0.0164579207875 0.212492348608 -0.03) (0.0166016824021 0.213412810232 -0.03) (0.016746065376 0.214333174596 -0.03) (0.0168910696434 0.215253441278 -0.03) (0.0170366951381 0.21617360986 -0.03) (0.0171829417938 0.217093679922 -0.03) (0.0173298095439 0.218013651046 -0.03) (0.0174772983214 0.218933522811 -0.03) (0.0176254080591 0.219853294799 -0.03) (0.0177741386896 0.22077296659 -0.03) (0.0179234901449 0.221692537766 -0.03) (0.0180734623571 0.222612007906 -0.03) (0.0182240552579 0.223531376593 -0.03) (0.0183752687785 0.224450643407 -0.03) (0.01852710285 0.225369807929 -0.03) (0.0186795574034 0.226288869741 -0.03) (0.018832632369 0.227207828423 -0.03) (0.0189863276771 0.228126683556 -0.03) (0.0191406432578 0.229045434722 -0.03) (0.0192955790406 0.229964081503 -0.03) (0.0194511349549 0.230882623479 -0.03) (0.0196073109298 0.231801060231 -0.03) (0.0197641068943 0.232719391343 -0.03) (0.0199215227767 0.233637616393 -0.03) (0.0200795585054 0.234555734966 -0.03) (0.0202382140084 0.235473746641 -0.03) (0.0203974892133 0.236391651 -0.03) (0.0205573840476 0.237309447626 -0.03) (0.0207178984383 0.238227136099 -0.03) (0.0208790323124 0.239144716002 -0.03) (0.0210407855963 0.240062186917 -0.03) (0.0212031582165 0.240979548425 -0.03) (0.0213661500988 0.241896800108 -0.03) (0.021529761169 0.242813941549 -0.03) (0.0216939913525 0.243730972328 -0.03) (0.0218588405745 0.244647892029 -0.03) (0.0220243087598 0.245564700234 -0.03) (0.0221903958331 0.246481396524 -0.03) (0.0223571017187 0.247397980481 -0.03) (0.0225244263405 0.248314451689 -0.03) (0.0226923696223 0.24923080973 -0.03) (0.0228609314876 0.250147054185 -0.03) (0.0230301118596 0.251063184637 -0.03) (0.0231999106611 0.251979200669 -0.03) (0.0233703278148 0.252895101864 -0.03) (0.023541363243 0.253810887803 -0.03))
    polyLine 22 26 ((0.0164579207875 0.212492348608 0) (0.0166016824021 0.213412810232 0) (0.016746065376 0.214333174596 0) (0.0168910696434 0.215253441278 0) (0.0170366951381 0.21617360986 0) (0.0171829417938 0.217093679922 0) (0.0173298095439 0.218013651046 0) (0.0174772983214 0.218933522811 0) (0.0176254080591 0.219853294799 0) (0.0177741386896 0.22077296659 0) (0.0179234901449 0.221692537766 0) (0.0180734623571 0.222612007906 0) (0.0182240552579 0.223531376593 0) (0.0183752687785 0.224450643407 0) (0.01852710285 0.225369807929 0) (0.0186795574034 0.226288869741 0) (0.018832632369 0.227207828423 0) (0.0189863276771 0.228126683556 0) (0.0191406432578 0.229045434722 0) (0.0192955790406 0.229964081503 0) (0.0194511349549 0.230882623479 0) (0.0196073109298 0.231801060231 0) (0.0197641068943 0.232719391343 0) (0.0199215227767 0.233637616393 0) (0.0200795585054 0.234555734966 0) (0.0202382140084 0.235473746641 0) (0.0203974892133 0.236391651 0) (0.0205573840476 0.237309447626 0) (0.0207178984383 0.238227136099 0) (0.0208790323124 0.239144716002 0) (0.0210407855963 0.240062186917 0) (0.0212031582165 0.240979548425 0) (0.0213661500988 0.241896800108 0) (0.021529761169 0.242813941549 0) (0.0216939913525 0.243730972328 0) (0.0218588405745 0.244647892029 0) (0.0220243087598 0.245564700234 0) (0.0221903958331 0.246481396524 0) (0.0223571017187 0.247397980481 0) (0.0225244263405 0.248314451689 0) (0.0226923696223 0.24923080973 0) (0.0228609314876 0.250147054185 0) (0.0230301118596 0.251063184637 0) (0.0231999106611 0.251979200669 0) (0.0233703278148 0.252895101864 0) (0.023541363243 0.253810887803 0))
    polyLine 21 25 ((-0.30005272969 0.554583991965 -0.03) (-0.29879450503 0.558194297749 -0.03) (-0.297524347553 0.561815370421 -0.03) (-0.29624215474 0.565447294237 -0.03) (-0.294947822927 0.569090153923 -0.03) (-0.293641247298 0.572744034678 -0.03) (-0.292322321868 0.576409022179 -0.03) (-0.290990939475 0.580085202584 -0.03) (-0.289646991764 0.583772662539 -0.03) (-0.288290369175 0.587471489177 -0.03) (-0.286920960929 0.591181770129 -0.03) (-0.285538655016 0.59490359352 -0.03) (-0.284143338183 0.598637047983 -0.03) (-0.282734895914 0.602382222653 -0.03) (-0.281313212425 0.606139207181 -0.03) (-0.279878170643 0.609908091732 -0.03) (-0.278429652196 0.613688966991 -0.03) (-0.276967537395 0.617481924171 -0.03) (-0.275491705223 0.621287055011 -0.03) (-0.274002033318 0.625104451787 -0.03) (-0.272498397961 0.628934207312 -0.03) (-0.270980674055 0.632776414946 -0.03) (-0.269448735117 0.636631168594 -0.03))
    polyLine 23 27 ((-0.30005272969 0.554583991965 0) (-0.29879450503 0.558194297749 0) (-0.297524347553 0.561815370421 0) (-0.29624215474 0.565447294237 0) (-0.294947822927 0.569090153923 0) (-0.293641247298 0.572744034678 0) (-0.292322321868 0.576409022179 0) (-0.290990939475 0.580085202584 0) (-0.289646991764 0.583772662539 0) (-0.288290369175 0.587471489177 0) (-0.286920960929 0.591181770129 0) (-0.285538655016 0.59490359352 0) (-0.284143338183 0.598637047983 0) (-0.282734895914 0.602382222653 0) (-0.281313212425 0.606139207181 0) (-0.279878170643 0.609908091732 0) (-0.278429652196 0.613688966991 0) (-0.276967537395 0.617481924171 0) (-0.275491705223 0.621287055011 0) (-0.274002033318 0.625104451787 0) (-0.272498397961 0.628934207312 0) (-0.270980674055 0.632776414946 0) (-0.269448735117 0.636631168594 0))
    polyLine 24 28 ((0.0237130168677 0.254726558069 -0.03) (0.0238852886108 0.255642112246 -0.03) (0.0240581783936 0.256557549916 -0.03) (0.0242316861375 0.257472870661 -0.03) (0.0244058117634 0.258388074065 -0.03) (0.0245805551918 0.25930315971 -0.03) (0.0247559163432 0.26021812718 -0.03) (0.0249318951376 0.261132976057 -0.03) (0.0251084914948 0.262047705925 -0.03) (0.0252857053344 0.262962316366 -0.03) (0.0254635365755 0.263876806964 -0.03) (0.0256419851372 0.264791177302 -0.03) (0.0258210509381 0.265705426963 -0.03) (0.0260007338966 0.266619555531 -0.03) (0.0261810339308 0.267533562589 -0.03) (0.0263619509586 0.26844744772 -0.03) (0.0265434848974 0.269361210508 -0.03) (0.0267256356646 0.270274850537 -0.03) (0.0269084031772 0.27118836739 -0.03) (0.0270917873518 0.27210176065 -0.03) (0.0272757881048 0.273015029902 -0.03) (0.0274604053525 0.27392817473 -0.03) (0.0276456390107 0.274841194716 -0.03) (0.0278314889949 0.275754089446 -0.03) (0.0280179552205 0.276666858503 -0.03) (0.0282050376024 0.27757950147 -0.03) (0.0283927360555 0.278492017933 -0.03) (0.0285810504941 0.279404407475 -0.03) (0.0287699808325 0.28031666968 -0.03) (0.0289595269846 0.281228804133 -0.03) (0.0291496888639 0.282140810418 -0.03) (0.0293404663838 0.283052688119 -0.03) (0.0295318594574 0.283964436821 -0.03) (0.0297238679973 0.284876056108 -0.03) (0.0299164919162 0.285787545565 -0.03) (0.0301097311263 0.286698904776 -0.03) (0.0303035855394 0.287610133327 -0.03) (0.0304980550672 0.2885212308 -0.03) (0.0306931396211 0.289432196783 -0.03) (0.0308888391122 0.290343030858 -0.03) (0.0310851534513 0.291253732612 -0.03) (0.0312820825489 0.292164301629 -0.03) (0.0314796263153 0.293074737494 -0.03) (0.0316777846604 0.293985039792 -0.03) (0.031876557494 0.294895208109 -0.03))
    polyLine 26 30 ((0.0237130168677 0.254726558069 0) (0.0238852886108 0.255642112246 0) (0.0240581783936 0.256557549916 0) (0.0242316861375 0.257472870661 0) (0.0244058117634 0.258388074065 0) (0.0245805551918 0.25930315971 0) (0.0247559163432 0.26021812718 0) (0.0249318951376 0.261132976057 0) (0.0251084914948 0.262047705925 0) (0.0252857053344 0.262962316366 0) (0.0254635365755 0.263876806964 0) (0.0256419851372 0.264791177302 0) (0.0258210509381 0.265705426963 0) (0.0260007338966 0.266619555531 0) (0.0261810339308 0.267533562589 0) (0.0263619509586 0.26844744772 0) (0.0265434848974 0.269361210508 0) (0.0267256356646 0.270274850537 0) (0.0269084031772 0.27118836739 0) (0.0270917873518 0.27210176065 0) (0.0272757881048 0.273015029902 0) (0.0274604053525 0.27392817473 0) (0.0276456390107 0.274841194716 0) (0.0278314889949 0.275754089446 0) (0.0280179552205 0.276666858503 0) (0.0282050376024 0.27757950147 0) (0.0283927360555 0.278492017933 0) (0.0285810504941 0.279404407475 0) (0.0287699808325 0.28031666968 0) (0.0289595269846 0.281228804133 0) (0.0291496888639 0.282140810418 0) (0.0293404663838 0.283052688119 0) (0.0295318594574 0.283964436821 0) (0.0297238679973 0.284876056108 0) (0.0299164919162 0.285787545565 0) (0.0301097311263 0.286698904776 0) (0.0303035855394 0.287610133327 0) (0.0304980550672 0.2885212308 0) (0.0306931396211 0.289432196783 0) (0.0308888391122 0.290343030858 0) (0.0310851534513 0.291253732612 0) (0.0312820825489 0.292164301629 0) (0.0314796263153 0.293074737494 0) (0.0316777846604 0.293985039792 0) (0.031876557494 0.294895208109 0))
    polyLine 25 29 ((-0.266562727046 0.64383062018 -0.03) (-0.265212240554 0.647172134339 -0.03) (-0.263850910197 0.650523166049 -0.03) (-0.262478651594 0.653883776479 -0.03) (-0.26109537956 0.65725402711 -0.03) (-0.259701008097 0.660633979738 -0.03) (-0.258295450386 0.664023696481 -0.03) (-0.25687861878 0.667423239775 -0.03) (-0.255450424794 0.67083267238 -0.03) (-0.254010779098 0.674252057385 -0.03) (-0.25255959151 0.677681458203 -0.03) (-0.251096770986 0.681120938582 -0.03) (-0.249622225611 0.684570562603 -0.03) (-0.248135862593 0.68803039468 -0.03) (-0.24663758825 0.691500499572 -0.03) (-0.245127308007 0.694980942375 -0.03) (-0.243604926383 0.698471788531 -0.03) (-0.242070346982 0.701973103829 -0.03) (-0.240523472486 0.705484954409 -0.03) (-0.238964204644 0.709007406763 -0.03) (-0.237392444265 0.712540527739 -0.03) (-0.235808091206 0.716084384542 -0.03) (-0.234211044364 0.71963904474 -0.03))
    polyLine 27 31 ((-0.266562727046 0.64383062018 0) (-0.265212240554 0.647172134339 0) (-0.263850910197 0.650523166049 0) (-0.262478651594 0.653883776479 0) (-0.26109537956 0.65725402711 0) (-0.259701008097 0.660633979738 0) (-0.258295450386 0.664023696481 0) (-0.25687861878 0.667423239775 0) (-0.255450424794 0.67083267238 0) (-0.254010779098 0.674252057385 0) (-0.25255959151 0.677681458203 0) (-0.251096770986 0.681120938582 0) (-0.249622225611 0.684570562603 0) (-0.248135862593 0.68803039468 0) (-0.24663758825 0.691500499572 0) (-0.245127308007 0.694980942375 0) (-0.243604926383 0.698471788531 0) (-0.242070346982 0.701973103829 0) (-0.240523472486 0.705484954409 0) (-0.238964204644 0.709007406763 0) (-0.237392444265 0.712540527739 0) (-0.235808091206 0.716084384542 0) (-0.234211044364 0.71963904474 0))
    polyLine 28 32 ((0.0320759447254 0.295805242029 -0.03) (0.0322759462637 0.296715141138 -0.03) (0.032476562018 0.297624905022 -0.03) (0.0326777918966 0.298534533264 -0.03) (0.0328796358079 0.299444025452 -0.03) (0.0330820936599 0.30035338117 -0.03) (0.0332851653603 0.301262600004 -0.03) (0.0334888508166 0.30217168154 -0.03) (0.033693149936 0.303080625364 -0.03) (0.0338980626253 0.30398943106 -0.03) (0.0341035887912 0.304898098215 -0.03) (0.03430972834 0.305806626415 -0.03) (0.0345164811777 0.306715015246 -0.03) (0.0347238472101 0.307623264294 -0.03) (0.0349318263428 0.308531373145 -0.03) (0.0351404184809 0.309439341384 -0.03) (0.0353496235293 0.310347168599 -0.03) (0.0355594413928 0.311254854375 -0.03) (0.0357698719757 0.312162398299 -0.03) (0.035980915182 0.313069799957 -0.03) (0.0361925709157 0.313977058936 -0.03) (0.0364048390802 0.314884174822 -0.03) (0.0366177195789 0.315791147201 -0.03) (0.0368312123146 0.316697975661 -0.03) (0.0370453171902 0.317604659788 -0.03) (0.0372600341079 0.318511199169 -0.03) (0.0374753629701 0.319417593391 -0.03) (0.0376913036784 0.32032384204 -0.03) (0.0379078561346 0.321229944704 -0.03) (0.0381250202399 0.32213590097 -0.03) (0.0383427958953 0.323041710425 -0.03) (0.0385611830017 0.323947372655 -0.03) (0.0387801814594 0.324852887249 -0.03) (0.0389997911687 0.325758253793 -0.03) (0.0392200120295 0.326663471876 -0.03) (0.0394408439414 0.327568541083 -0.03) (0.0396622868038 0.328473461004 -0.03) (0.0398843405157 0.329378231225 -0.03) (0.040107004976 0.330282851334 -0.03) (0.0403302800831 0.33118732092 -0.03) (0.0405541657354 0.332091639568 -0.03) (0.0407786618308 0.332995806869 -0.03) (0.0410037682669 0.333899822409 -0.03) (0.0412294849413 0.334803685776 -0.03) (0.0414558117509 0.335707396559 -0.03) (0.0416827485927 0.336610954346 -0.03))
    polyLine 30 34 ((0.0320759447254 0.295805242029 0) (0.0322759462637 0.296715141138 0) (0.032476562018 0.297624905022 0) (0.0326777918966 0.298534533264 0) (0.0328796358079 0.299444025452 0) (0.0330820936599 0.30035338117 0) (0.0332851653603 0.301262600004 0) (0.0334888508166 0.30217168154 0) (0.033693149936 0.303080625364 0) (0.0338980626253 0.30398943106 0) (0.0341035887912 0.304898098215 0) (0.03430972834 0.305806626415 0) (0.0345164811777 0.306715015246 0) (0.0347238472101 0.307623264294 0) (0.0349318263428 0.308531373145 0) (0.0351404184809 0.309439341384 0) (0.0353496235293 0.310347168599 0) (0.0355594413928 0.311254854375 0) (0.0357698719757 0.312162398299 0) (0.035980915182 0.313069799957 0) (0.0361925709157 0.313977058936 0) (0.0364048390802 0.314884174822 0) (0.0366177195789 0.315791147201 0) (0.0368312123146 0.316697975661 0) (0.0370453171902 0.317604659788 0) (0.0372600341079 0.318511199169 0) (0.0374753629701 0.319417593391 0) (0.0376913036784 0.32032384204 0) (0.0379078561346 0.321229944704 0) (0.0381250202399 0.32213590097 0) (0.0383427958953 0.323041710425 0) (0.0385611830017 0.323947372655 0) (0.0387801814594 0.324852887249 0) (0.0389997911687 0.325758253793 0) (0.0392200120295 0.326663471876 0) (0.0394408439414 0.327568541083 0) (0.0396622868038 0.328473461004 0) (0.0398843405157 0.329378231225 0) (0.040107004976 0.330282851334 0) (0.0403302800831 0.33118732092 0) (0.0405541657354 0.332091639568 0) (0.0407786618308 0.332995806869 0) (0.0410037682669 0.333899822409 0) (0.0412294849413 0.334803685776 0) (0.0414558117509 0.335707396559 0) (0.0416827485927 0.336610954346 0))
    polyLine 29 33 ((-0.231196733668 0.726301000117 -0.03) (-0.22978252557 0.729405671914 -0.03) (-0.228358509294 0.73251863644 -0.03) (-0.226924616194 0.735639938693 -0.03) (-0.225480777054 0.738769623879 -0.03) (-0.224026922082 0.741907737423 -0.03) (-0.222562980903 0.745054324963 -0.03) (-0.221088882558 0.748209432355 -0.03) (-0.219604555495 0.751373105673 -0.03) (-0.218109927565 0.754545391213 -0.03) (-0.216604926017 0.757726335492 -0.03) (-0.215089477494 0.760915985251 -0.03) (-0.213563508025 0.764114387458 -0.03) (-0.21202694302 0.767321589304 -0.03) (-0.210479707267 0.770537638213 -0.03) (-0.208921724924 0.773762581838 -0.03) (-0.207352919513 0.776996468062 -0.03) (-0.205773213917 0.780239345004 -0.03) (-0.204182530372 0.783491261018 -0.03) (-0.20258079046 0.786752264696 -0.03) (-0.200967915108 0.790022404868 -0.03) (-0.199343824578 0.793301730605 -0.03) (-0.197708438459 0.796590291222 -0.03))
    polyLine 31 35 ((-0.231196733668 0.726301000117 0) (-0.22978252557 0.729405671914 0) (-0.228358509294 0.73251863644 0) (-0.226924616194 0.735639938693 0) (-0.225480777054 0.738769623879 0) (-0.224026922082 0.741907737423 0) (-0.222562980903 0.745054324963 0) (-0.221088882558 0.748209432355 0) (-0.219604555495 0.751373105673 0) (-0.218109927565 0.754545391213 0) (-0.216604926017 0.757726335492 0) (-0.215089477494 0.760915985251 0) (-0.213563508025 0.764114387458 0) (-0.21202694302 0.767321589304 0) (-0.210479707267 0.770537638213 0) (-0.208921724924 0.773762581838 0) (-0.207352919513 0.776996468062 0) (-0.205773213917 0.780239345004 0) (-0.204182530372 0.783491261018 0) (-0.20258079046 0.786752264696 0) (-0.200967915108 0.790022404868 0) (-0.199343824578 0.793301730605 0) (-0.197708438459 0.796590291222 0))
    polyLine 32 36 ((0.0419102953633 0.337514358724 -0.03) (0.0421384519589 0.338417609283 -0.03) (0.0423672182755 0.339320705611 -0.03) (0.042596594209 0.340223647295 -0.03) (0.0428265796547 0.341126433925 -0.03) (0.0430571745079 0.342029065088 -0.03) (0.0432883786634 0.342931540375 -0.03) (0.0435201920159 0.343833859372 -0.03) (0.0437526144598 0.34473602167 -0.03) (0.0439856458891 0.345638026857 -0.03) (0.0442192861976 0.346539874522 -0.03) (0.0444535352788 0.347441564253 -0.03) (0.044688393026 0.348343095641 -0.03) (0.0449238593322 0.349244468273 -0.03) (0.0451599340899 0.35014568174 -0.03) (0.0453966171918 0.35104673563 -0.03) (0.0456339085298 0.351947629534 -0.03) (0.0458718079958 0.352848363039 -0.03) (0.0461103154814 0.353748935737 -0.03) (0.046349430878 0.354649347216 -0.03) (0.0465891540764 0.355549597065 -0.03) (0.0468294849676 0.356449684876 -0.03) (0.0470704234419 0.357349610237 -0.03) (0.0473119693896 0.358249372739 -0.03) (0.0475541227005 0.359148971971 -0.03) (0.0477968832643 0.360048407523 -0.03) (0.0480402509704 0.360947678986 -0.03) (0.0482842257079 0.361846785949 -0.03) (0.0485288073655 0.362745728003 -0.03) (0.0487739958319 0.363644504739 -0.03) (0.0490197909951 0.364543115745 -0.03) (0.0492661927434 0.365441560614 -0.03) (0.0495132009642 0.366339838936 -0.03) (0.0497608155452 0.367237950301 -0.03) (0.0500090363733 0.368135894299 -0.03) (0.0502578633356 0.369033670522 -0.03) (0.0505072963185 0.369931278561 -0.03) (0.0507573352085 0.370828718006 -0.03) (0.0510079798915 0.371725988448 -0.03) (0.0512592302534 0.372623089479 -0.03) (0.0515110861796 0.37352002069 -0.03) (0.0517635475553 0.374416781671 -0.03) (0.0520166142655 0.375313372015 -0.03) (0.0522702861949 0.376209791312 -0.03) (0.0525245632279 0.377106039154 -0.03) (0.0527794452485 0.378002115133 -0.03))
    polyLine 34 38 ((0.0419102953633 0.337514358724 0) (0.0421384519589 0.338417609283 0) (0.0423672182755 0.339320705611 0) (0.042596594209 0.340223647295 0) (0.0428265796547 0.341126433925 0) (0.0430571745079 0.342029065088 0) (0.0432883786634 0.342931540375 0) (0.0435201920159 0.343833859372 0) (0.0437526144598 0.34473602167 0) (0.0439856458891 0.345638026857 0) (0.0442192861976 0.346539874522 0) (0.0444535352788 0.347441564253 0) (0.044688393026 0.348343095641 0) (0.0449238593322 0.349244468273 0) (0.0451599340899 0.35014568174 0) (0.0453966171918 0.35104673563 0) (0.0456339085298 0.351947629534 0) (0.0458718079958 0.352848363039 0) (0.0461103154814 0.353748935737 0) (0.046349430878 0.354649347216 0) (0.0465891540764 0.355549597065 0) (0.0468294849676 0.356449684876 0) (0.0470704234419 0.357349610237 0) (0.0473119693896 0.358249372739 0) (0.0475541227005 0.359148971971 0) (0.0477968832643 0.360048407523 0) (0.0480402509704 0.360947678986 0) (0.0482842257079 0.361846785949 0) (0.0485288073655 0.362745728003 0) (0.0487739958319 0.363644504739 0) (0.0490197909951 0.364543115745 0) (0.0492661927434 0.365441560614 0) (0.0495132009642 0.366339838936 0) (0.0497608155452 0.367237950301 0) (0.0500090363733 0.368135894299 0) (0.0502578633356 0.369033670522 0) (0.0505072963185 0.369931278561 0) (0.0507573352085 0.370828718006 0) (0.0510079798915 0.371725988448 0) (0.0512592302534 0.372623089479 0) (0.0515110861796 0.37352002069 0) (0.0517635475553 0.374416781671 0) (0.0520166142655 0.375313372015 0) (0.0522702861949 0.376209791312 0) (0.0525245632279 0.377106039154 0) (0.0527794452485 0.378002115133 0))
    polyLine 33 37 ((-0.194611580935 0.802780969096 -0.03) (-0.193152660804 0.805680979792 -0.03) (-0.191684859687 0.808588202019 -0.03) (-0.190208121583 0.811502669576 -0.03) (-0.188722390077 0.814424416412 -0.03) (-0.18722760834 0.817353476626 -0.03) (-0.185723719121 0.820289884467 -0.03) (-0.184210664747 0.823233674334 -0.03) (-0.18268838712 0.826184880781 -0.03) (-0.181156827709 0.829143538513 -0.03) (-0.179615927552 0.832109682392 -0.03) (-0.17806562725 0.835083347435 -0.03) (-0.176505866962 0.838064568815 -0.03) (-0.174936586404 0.841053381863 -0.03) (-0.173357724845 0.844049822071 -0.03) (-0.171769221102 0.847053925087 -0.03) (-0.170171013537 0.850065726726 -0.03) (-0.168563040054 0.853085262959 -0.03) (-0.166945238093 0.856112569926 -0.03) (-0.16531754463 0.859147683929 -0.03) (-0.163679896171 0.862190641435 -0.03) (-0.162032228744 0.86524147908 -0.03) (-0.160374477905 0.868300233668 -0.03))
    polyLine 35 39 ((-0.194611580935 0.802780969096 0) (-0.193152660804 0.805680979792 0) (-0.191684859687 0.808588202019 0) (-0.190208121583 0.811502669576 0) (-0.188722390077 0.814424416412 0) (-0.18722760834 0.817353476626 0) (-0.185723719121 0.820289884467 0) (-0.184210664747 0.823233674334 0) (-0.18268838712 0.826184880781 0) (-0.181156827709 0.829143538513 0) (-0.179615927552 0.832109682392 0) (-0.17806562725 0.835083347435 0) (-0.176505866962 0.838064568815 0) (-0.174936586404 0.841053381863 0) (-0.173357724845 0.844049822071 0) (-0.171769221102 0.847053925087 0) (-0.170171013537 0.850065726726 0) (-0.168563040054 0.853085262959 0) (-0.166945238093 0.856112569926 0) (-0.16531754463 0.859147683929 0) (-0.163679896171 0.862190641435 0) (-0.162032228744 0.86524147908 0) (-0.160374477905 0.868300233668 0))
    polyLine 36 40 ((0.0530349321405 0.37889801884 -0.03) (0.0532910237877 0.379793749867 -0.03) (0.0535477200732 0.380689307805 -0.03) (0.0538050208801 0.381584692247 -0.03) (0.0540629260911 0.382479902784 -0.03) (0.0543214355886 0.383374939009 -0.03) (0.0545805492549 0.384269800513 -0.03) (0.0548402669719 0.38516448689 -0.03) (0.0551005886211 0.38605899773 -0.03) (0.0553615140841 0.386953332626 -0.03) (0.0556230432417 0.387847491171 -0.03) (0.0558851759749 0.388741472957 -0.03) (0.0561479121642 0.389635277577 -0.03) (0.0564112516898 0.390528904624 -0.03) (0.0566751944318 0.39142235369 -0.03) (0.0569397402698 0.392315624367 -0.03) (0.0572048890833 0.39320871625 -0.03) (0.0574706407514 0.39410162893 -0.03) (0.0577369951531 0.394994362002 -0.03) (0.0580039521669 0.395886915057 -0.03) (0.0582715116711 0.39677928769 -0.03) (0.0585396735439 0.397671479493 -0.03) (0.058808437663 0.398563490061 -0.03) (0.0590778039059 0.399455318986 -0.03) (0.0593477721499 0.400346965862 -0.03) (0.0596183422719 0.401238430282 -0.03) (0.0598895141487 0.402129711841 -0.03) (0.0601612876566 0.403020810132 -0.03) (0.0604336626717 0.403911724749 -0.03) (0.06070663907 0.404802455287 -0.03) (0.0609802167271 0.405693001338 -0.03) (0.0612543955182 0.406583362498 -0.03) (0.0615291753184 0.40747353836 -0.03) (0.0618045560025 0.408363528519 -0.03) (0.0620805374449 0.409253332569 -0.03) (0.06235711952 0.410142950104 -0.03) (0.0626343021015 0.41103238072 -0.03) (0.0629120850634 0.411921624011 -0.03) (0.0631904682788 0.412810679571 -0.03) (0.063469451621 0.413699546996 -0.03) (0.0637490349627 0.41458822588 -0.03) (0.0640292181767 0.415476715819 -0.03) (0.0643100011352 0.416365016406 -0.03) (0.0645913837102 0.417253127239 -0.03) (0.0648733657735 0.418141047911 -0.03))
    polyLine 38 42 ((0.0530349321405 0.37889801884 0) (0.0532910237877 0.379793749867 0) (0.0535477200732 0.380689307805 0) (0.0538050208801 0.381584692247 0) (0.0540629260911 0.382479902784 0) (0.0543214355886 0.383374939009 0) (0.0545805492549 0.384269800513 0) (0.0548402669719 0.38516448689 0) (0.0551005886211 0.38605899773 0) (0.0553615140841 0.386953332626 0) (0.0556230432417 0.387847491171 0) (0.0558851759749 0.388741472957 0) (0.0561479121642 0.389635277577 0) (0.0564112516898 0.390528904624 0) (0.0566751944318 0.39142235369 0) (0.0569397402698 0.392315624367 0) (0.0572048890833 0.39320871625 0) (0.0574706407514 0.39410162893 0) (0.0577369951531 0.394994362002 0) (0.0580039521669 0.395886915057 0) (0.0582715116711 0.39677928769 0) (0.0585396735439 0.397671479493 0) (0.058808437663 0.398563490061 0) (0.0590778039059 0.399455318986 0) (0.0593477721499 0.400346965862 0) (0.0596183422719 0.401238430282 0) (0.0598895141487 0.402129711841 0) (0.0601612876566 0.403020810132 0) (0.0604336626717 0.403911724749 0) (0.06070663907 0.404802455287 0) (0.0609802167271 0.405693001338 0) (0.0612543955182 0.406583362498 0) (0.0615291753184 0.40747353836 0) (0.0618045560025 0.408363528519 0) (0.0620805374449 0.409253332569 0) (0.06235711952 0.410142950104 0) (0.0626343021015 0.41103238072 0) (0.0629120850634 0.411921624011 0) (0.0631904682788 0.412810679571 0) (0.063469451621 0.413699546996 0) (0.0637490349627 0.41458822588 0) (0.0640292181767 0.415476715819 0) (0.0643100011352 0.416365016406 0) (0.0645913837102 0.417253127239 0) (0.0648733657735 0.418141047911 0))
    polyLine 37 41 ((-0.15722278177 0.874086159247 -0.03) (-0.155730948281 0.876811654116 -0.03) (-0.15423103237 0.879543452699 -0.03) (-0.152722987842 0.882281581025 -0.03) (-0.151206768197 0.885026065229 -0.03) (-0.149682326627 0.887776931556 -0.03) (-0.148149616012 0.890534206359 -0.03) (-0.146608588919 0.893297916098 -0.03) (-0.1450591976 0.896068087347 -0.03) (-0.143501393988 0.898844746788 -0.03) (-0.141935129695 0.901627921215 -0.03) (-0.140360356013 0.904417637534 -0.03) (-0.138777023906 0.907213922767 -0.03) (-0.137185084012 0.910016804045 -0.03) (-0.135584486639 0.912826308616 -0.03) (-0.133975181762 0.915642463844 -0.03) (-0.13235711902 0.918465297208 -0.03) (-0.130730247717 0.921294836303 -0.03) (-0.129094516815 0.924131108844 -0.03) (-0.127449874934 0.926974142661 -0.03) (-0.125796270348 0.929823965707 -0.03) (-0.124133650985 0.932680606052 -0.03) (-0.12246196442 0.935544091887 -0.03))
    polyLine 39 43 ((-0.15722278177 0.874086159247 0) (-0.155730948281 0.876811654116 0) (-0.15423103237 0.879543452699 0) (-0.152722987842 0.882281581025 0) (-0.151206768197 0.885026065229 0) (-0.149682326627 0.887776931556 0) (-0.148149616012 0.890534206359 0) (-0.146608588919 0.893297916098 0) (-0.1450591976 0.896068087347 0) (-0.143501393988 0.898844746788 0) (-0.141935129695 0.901627921215 0) (-0.140360356013 0.904417637534 0) (-0.138777023906 0.907213922767 0) (-0.137185084012 0.910016804045 0) (-0.135584486639 0.912826308616 0) (-0.133975181762 0.915642463844 0) (-0.13235711902 0.918465297208 0) (-0.130730247717 0.921294836303 0) (-0.129094516815 0.924131108844 0) (-0.127449874934 0.926974142661 0) (-0.125796270348 0.929823965707 0) (-0.124133650985 0.932680606052 0) (-0.12246196442 0.935544091887 0))
    polyLine 40 44 ((0.0651559471966 0.419028778018 -0.03) (0.0654391278506 0.419916317156 -0.03) (0.0657229076066 0.42080366492 -0.03) (0.0660072863353 0.421690820906 -0.03) (0.0662922639069 0.422577784708 -0.03) (0.0665778401916 0.423464555925 -0.03) (0.0668640150594 0.42435113415 -0.03) (0.0671507883797 0.42523751898 -0.03) (0.0674381600218 0.42612371001 -0.03) (0.0677261298549 0.427009706839 -0.03) (0.0680146977476 0.42789550906 -0.03) (0.0683038635684 0.428781116271 -0.03) (0.0685936271856 0.429666528068 -0.03) (0.0688839884671 0.430551744047 -0.03) (0.0691749472806 0.431436763806 -0.03) (0.0694665034934 0.43232158694 -0.03) (0.0697586569727 0.433206213047 -0.03) (0.0700514075854 0.434090641722 -0.03) (0.070344755198 0.434974872565 -0.03) (0.0706386996768 0.43585890517 -0.03) (0.0709332408879 0.436742739136 -0.03) (0.0712283786971 0.437626374059 -0.03) (0.0715241129697 0.438509809537 -0.03) (0.0718204435711 0.439393045168 -0.03) (0.0721173703663 0.440276080548 -0.03) (0.0724148932198 0.441158915275 -0.03) (0.072713011996 0.442041548947 -0.03) (0.0730117265592 0.442923981162 -0.03) (0.0733110367732 0.443806211517 -0.03) (0.0736109425015 0.444688239611 -0.03) (0.0739114436076 0.445570065041 -0.03) (0.0742125399544 0.446451687406 -0.03) (0.0745142314047 0.447333106303 -0.03) (0.074816517821 0.448214321332 -0.03) (0.0751193990656 0.44909533209 -0.03) (0.0754228750004 0.449976138176 -0.03) (0.0757269454871 0.450856739188 -0.03) (0.0760316103871 0.451737134726 -0.03) (0.0763368695617 0.452617324388 -0.03) (0.0766427228716 0.453497307772 -0.03) (0.0769491701775 0.454377084478 -0.03) (0.0772562113397 0.455256654105 -0.03) (0.0775638462183 0.456136016252 -0.03) (0.0778720746731 0.457015170518 -0.03) (0.0781808965636 0.457894116503 -0.03) (0.0784903117491 0.458772853806 -0.03))
    polyLine 42 46 ((0.0651559471966 0.419028778018 0) (0.0654391278506 0.419916317156 0) (0.0657229076066 0.42080366492 0) (0.0660072863353 0.421690820906 0) (0.0662922639069 0.422577784708 0) (0.0665778401916 0.423464555925 0) (0.0668640150594 0.42435113415 0) (0.0671507883797 0.42523751898 0) (0.0674381600218 0.42612371001 0) (0.0677261298549 0.427009706839 0) (0.0680146977476 0.42789550906 0) (0.0683038635684 0.428781116271 0) (0.0685936271856 0.429666528068 0) (0.0688839884671 0.430551744047 0) (0.0691749472806 0.431436763806 0) (0.0694665034934 0.43232158694 0) (0.0697586569727 0.433206213047 0) (0.0700514075854 0.434090641722 0) (0.070344755198 0.434974872565 0) (0.0706386996768 0.43585890517 0) (0.0709332408879 0.436742739136 0) (0.0712283786971 0.437626374059 0) (0.0715241129697 0.438509809537 0) (0.0718204435711 0.439393045168 0) (0.0721173703663 0.440276080548 0) (0.0724148932198 0.441158915275 0) (0.072713011996 0.442041548947 0) (0.0730117265592 0.442923981162 0) (0.0733110367732 0.443806211517 0) (0.0736109425015 0.444688239611 0) (0.0739114436076 0.445570065041 0) (0.0742125399544 0.446451687406 0) (0.0745142314047 0.447333106303 0) (0.074816517821 0.448214321332 0) (0.0751193990656 0.44909533209 0) (0.0754228750004 0.449976138176 0) (0.0757269454871 0.450856739188 0) (0.0760316103871 0.451737134726 0) (0.0763368695617 0.452617324388 0) (0.0766427228716 0.453497307772 0) (0.0769491701775 0.454377084478 0) (0.0772562113397 0.455256654105 0) (0.0775638462183 0.456136016252 0) (0.0778720746731 0.457015170518 0) (0.0781808965636 0.457894116503 0) (0.0784903117491 0.458772853806 0))
    polyLine 41 45 ((-0.119270418642 0.940986963147 -0.03) (-0.117752306467 0.943565014131 -0.03) (-0.116226782891 0.946148624973 -0.03) (-0.114693809216 0.948737816246 -0.03) (-0.113153346516 0.951332608606 -0.03) (-0.111605355623 0.953933022788 -0.03) (-0.110049797137 0.956539079607 -0.03) (-0.108486631417 0.959150799962 -0.03) (-0.106915818581 0.961768204833 -0.03) (-0.105337318506 0.964391315283 -0.03) (-0.103751090823 0.96702015246 -0.03) (-0.102157094922 0.969654737593 -0.03) (-0.10055528994 0.972295091997 -0.03) (-0.0989456347701 0.974941237072 -0.03) (-0.0973280880514 0.977593194303 -0.03) (-0.0957026081719 0.980250985262 -0.03) (-0.0940691532654 0.982914631605 -0.03) (-0.0924276812094 0.985584155078 -0.03) (-0.0907781496238 0.988259577513 -0.03) (-0.0891205158688 0.990940920831 -0.03) (-0.0874547370435 0.993628207041 -0.03) (-0.0857807699833 0.996321458242 -0.03) (-0.0840985712588 0.999020696622 -0.03))
    polyLine 43 47 ((-0.119270418642 0.940986963147 0) (-0.117752306467 0.943565014131 0) (-0.116226782891 0.946148624973 0) (-0.114693809216 0.948737816246 0) (-0.113153346516 0.951332608606 0) (-0.111605355623 0.953933022788 0) (-0.110049797137 0.956539079607 0) (-0.108486631417 0.959150799962 0) (-0.106915818581 0.961768204833 0) (-0.105337318506 0.964391315283 0) (-0.103751090823 0.96702015246 0) (-0.102157094922 0.969654737593 0) (-0.10055528994 0.972295091997 0) (-0.0989456347701 0.974941237072 0) (-0.0973280880514 0.977593194303 0) (-0.0957026081719 0.980250985262 0) (-0.0940691532654 0.982914631605 0) (-0.0924276812094 0.985584155078 0) (-0.0907781496238 0.988259577513 0) (-0.0891205158688 0.990940920831 0) (-0.0874547370435 0.993628207041 0) (-0.0857807699833 0.996321458242 0) (-0.0840985712588 0.999020696622 0))
    polyLine 44 48 ((0.0788003200885 0.459651382026 -0.03) (0.0791109214406 0.460529700763 -0.03) (0.0794221156638 0.461407809617 -0.03) (0.0797339026163 0.462285708188 -0.03) (0.080046282156 0.463163396075 -0.03) (0.0803592541405 0.464040872878 -0.03) (0.0806728184272 0.464918138199 -0.03) (0.0809869748732 0.465795191636 -0.03) (0.0813017233353 0.46667203279 -0.03) (0.0816170636701 0.467548661262 -0.03) (0.0819329957339 0.468425076651 -0.03) (0.0822495193826 0.469301278559 -0.03) (0.0825666344721 0.470177266587 -0.03) (0.0828843408577 0.471053040334 -0.03) (0.0832026383948 0.471928599402 -0.03) (0.0835215269382 0.472803943392 -0.03) (0.0838410063426 0.473679071905 -0.03) (0.0841610764624 0.474553984542 -0.03) (0.0844817371518 0.475428680905 -0.03) (0.0848029882645 0.476303160594 -0.03) (0.0851248296543 0.477177423211 -0.03) (0.0854472611744 0.478051468358 -0.03) (0.0857702826778 0.478925295636 -0.03) (0.0860938940175 0.479798904648 -0.03) (0.0864180950457 0.480672294994 -0.03) (0.086742885615 0.481545466278 -0.03) (0.0870682655771 0.4824184181 -0.03) (0.0873942347838 0.483291150064 -0.03) (0.0877207930866 0.484163661771 -0.03) (0.0880479403366 0.485035952823 -0.03) (0.0883756763847 0.485908022825 -0.03) (0.0887040010816 0.486779871376 -0.03) (0.0890329142776 0.487651498082 -0.03) (0.0893624158229 0.488522902543 -0.03) (0.0896925055672 0.489394084364 -0.03) (0.0900231833602 0.490265043147 -0.03) (0.0903544490511 0.491135778495 -0.03) (0.090686302489 0.492006290011 -0.03) (0.0910187435225 0.492876577299 -0.03) (0.0913517720003 0.493746639961 -0.03) (0.0916853877705 0.494616477603 -0.03) (0.0920195906811 0.495486089826 -0.03) (0.0923543805798 0.496355476235 -0.03) (0.092689757314 0.497224636433 -0.03) (0.0930257207308 0.498093570024 -0.03) (0.0933622706772 0.498962276613 -0.03))
    polyLine 46 50 ((0.0788003200885 0.459651382026 0) (0.0791109214406 0.460529700763 0) (0.0794221156638 0.461407809617 0) (0.0797339026163 0.462285708188 0) (0.080046282156 0.463163396075 0) (0.0803592541405 0.464040872878 0) (0.0806728184272 0.464918138199 0) (0.0809869748732 0.465795191636 0) (0.0813017233353 0.46667203279 0) (0.0816170636701 0.467548661262 0) (0.0819329957339 0.468425076651 0) (0.0822495193826 0.469301278559 0) (0.0825666344721 0.470177266587 0) (0.0828843408577 0.471053040334 0) (0.0832026383948 0.471928599402 0) (0.0835215269382 0.472803943392 0) (0.0838410063426 0.473679071905 0) (0.0841610764624 0.474553984542 0) (0.0844817371518 0.475428680905 0) (0.0848029882645 0.476303160594 0) (0.0851248296543 0.477177423211 0) (0.0854472611744 0.478051468358 0) (0.0857702826778 0.478925295636 0) (0.0860938940175 0.479798904648 0) (0.0864180950457 0.480672294994 0) (0.086742885615 0.481545466278 0) (0.0870682655771 0.4824184181 0) (0.0873942347838 0.483291150064 0) (0.0877207930866 0.484163661771 0) (0.0880479403366 0.485035952823 0) (0.0883756763847 0.485908022825 0) (0.0887040010816 0.486779871376 0) (0.0890329142776 0.487651498082 0) (0.0893624158229 0.488522902543 0) (0.0896925055672 0.489394084364 0) (0.0900231833602 0.490265043147 0) (0.0903544490511 0.491135778495 0) (0.090686302489 0.492006290011 0) (0.0910187435225 0.492876577299 0) (0.0913517720003 0.493746639961 0) (0.0916853877705 0.494616477603 0) (0.0920195906811 0.495486089826 0) (0.0923543805798 0.496355476235 0) (0.092689757314 0.497224636433 0) (0.0930257207308 0.498093570024 0) (0.0933622706772 0.498962276613 0))
    polyLine 45 49 ((-0.0808735782642 1.00417535867 -0.03) (-0.0793322353701 1.00662971344 -0.03) (-0.077784035692 1.0090890254 -0.03) (-0.076228946248 1.01155331124 -0.03) (-0.0746669338722 1.01402258771 -0.03) (-0.0730979652136 1.01649687161 -0.03) (-0.0715220067347 1.01897617984 -0.03) (-0.0699390247106 1.02146052931 -0.03) (-0.0683489852278 1.02394993704 -0.03) (-0.0667518541825 1.02644442008 -0.03) (-0.0651475972799 1.02894399558 -0.03) (-0.0635361800327 1.03144868073 -0.03) (-0.06191756776 1.03395849277 -0.03) (-0.0602917255858 1.03647344905 -0.03) (-0.0586586184378 1.03899356695 -0.03) (-0.0570182110465 1.04151886394 -0.03) (-0.0553704679432 1.04404935753 -0.03) (-0.0537153534592 1.04658506531 -0.03) (-0.0520528317246 1.04912600496 -0.03) (-0.0503828666665 1.05167219419 -0.03) (-0.0487054220078 1.0542236508 -0.03) (-0.0470204612663 1.05678039266 -0.03) (-0.0453279477526 1.0593424377 -0.03))
    polyLine 47 51 ((-0.0808735782642 1.00417535867 0) (-0.0793322353701 1.00662971344 0) (-0.077784035692 1.0090890254 0) (-0.076228946248 1.01155331124 0) (-0.0746669338722 1.01402258771 0) (-0.0730979652136 1.01649687161 0) (-0.0715220067347 1.01897617984 0) (-0.0699390247106 1.02146052931 0) (-0.0683489852278 1.02394993704 0) (-0.0667518541825 1.02644442008 0) (-0.0651475972799 1.02894399558 0) (-0.0635361800327 1.03144868073 0) (-0.06191756776 1.03395849277 0) (-0.0602917255858 1.03647344905 0) (-0.0586586184378 1.03899356695 0) (-0.0570182110465 1.04151886394 0) (-0.0553704679432 1.04404935753 0) (-0.0537153534592 1.04658506531 0) (-0.0520528317246 1.04912600496 0) (-0.0503828666665 1.05167219419 0) (-0.0487054220078 1.0542236508 0) (-0.0470204612663 1.05678039266 0) (-0.0453279477526 1.0593424377 0))
    polyLine 48 52 ((0.0936994069997 0.499830755804 -0.03) (0.0940371295448 0.5006990072 -0.03) (0.0943754381585 0.501567030405 -0.03) (0.0947143326865 0.502434825026 -0.03) (0.0950538129746 0.503302390665 -0.03) (0.0953938788679 0.504169726927 -0.03) (0.0957345302115 0.505036833418 -0.03) (0.09607576685 0.505903709742 -0.03) (0.0964175886281 0.506770355503 -0.03) (0.09675999539 0.507636770308 -0.03) (0.0971029869795 0.50850295376 -0.03) (0.0974465632403 0.509368905466 -0.03) (0.0977907240159 0.510234625031 -0.03) (0.0981354691495 0.51110011206 -0.03) (0.0984807984838 0.511965366158 -0.03) (0.0988267118616 0.512830386932 -0.03) (0.0991732091252 0.513695173987 -0.03) (0.0995202901166 0.514559726929 -0.03) (0.0998613461215 0.515408443358 -0.03) (0.100202402126 0.516257159787 -0.03) (0.100543458131 0.517105876217 -0.03) (0.100884514136 0.517954592646 -0.03) (0.101225570141 0.518803309075 -0.03) (0.101566626146 0.519652025505 -0.03) (0.10190768215 0.520500741934 -0.03) (0.102248738155 0.521349458363 -0.03) (0.10258979416 0.522198174793 -0.03) (0.102930850165 0.523046891222 -0.03) (0.10327190617 0.523895607651 -0.03) (0.103612962175 0.524744324081 -0.03) (0.103961648696 0.525602441788 -0.03) (0.104316948412 0.526457842513 -0.03) (0.104678840155 0.527310475291 -0.03) (0.105047302362 0.528160289324 -0.03) (0.105422313082 0.529007233979 -0.03) (0.10580384997 0.529851258796 -0.03) (0.106191890296 0.530692313488 -0.03) (0.106586410939 0.531530347945 -0.03) (0.106987388395 0.532365312236 -0.03) (0.107394798773 0.533197156617 -0.03) (0.1078086178 0.534025831524 -0.03) (0.10822882082 0.534851287586 -0.03) (0.108655382799 0.535673475622 -0.03) (0.109088278321 0.536492346647 -0.03) (0.109527481594 0.537307851873 -0.03) (0.109972966452 0.538119942712 -0.03))
    polyLine 50 54 ((0.0936994069997 0.499830755804 0) (0.0940371295448 0.5006990072 0) (0.0943754381585 0.501567030405 0) (0.0947143326865 0.502434825026 0) (0.0950538129746 0.503302390665 0) (0.0953938788679 0.504169726927 0) (0.0957345302115 0.505036833418 0) (0.09607576685 0.505903709742 0) (0.0964175886281 0.506770355503 0) (0.09675999539 0.507636770308 0) (0.0971029869795 0.50850295376 0) (0.0974465632403 0.509368905466 0) (0.0977907240159 0.510234625031 0) (0.0981354691495 0.51110011206 0) (0.0984807984838 0.511965366158 0) (0.0988267118616 0.512830386932 0) (0.0991732091252 0.513695173987 0) (0.0995202901166 0.514559726929 0) (0.0998613461215 0.515408443358 0) (0.100202402126 0.516257159787 0) (0.100543458131 0.517105876217 0) (0.100884514136 0.517954592646 0) (0.101225570141 0.518803309075 0) (0.101566626146 0.519652025505 0) (0.10190768215 0.520500741934 0) (0.102248738155 0.521349458363 0) (0.10258979416 0.522198174793 0) (0.102930850165 0.523046891222 0) (0.10327190617 0.523895607651 0) (0.103612962175 0.524744324081 0) (0.103961648696 0.525602441788 0) (0.104316948412 0.526457842513 0) (0.104678840155 0.527310475291 0) (0.105047302362 0.528160289324 0) (0.105422313082 0.529007233979 0) (0.10580384997 0.529851258796 0) (0.106191890296 0.530692313488 0) (0.106586410939 0.531530347945 0) (0.106987388395 0.532365312236 0) (0.107394798773 0.533197156617 0) (0.1078086178 0.534025831524 0) (0.10822882082 0.534851287586 0) (0.108655382799 0.535673475622 0) (0.109088278321 0.536492346647 0) (0.109527481594 0.537307851873 0) (0.109972966452 0.538119942712 0))
    polyLine 49 53 ((-0.0420352300325 1.06430928105 -0.03) (-0.0404359500083 1.066713418 -0.03) (-0.0388299740596 1.06912222953 -0.03) (-0.0372172715878 1.07153573049 -0.03) (-0.0355978118315 1.07395393576 -0.03) (-0.0339715638656 1.07637686027 -0.03) (-0.0323384966003 1.07880451903 -0.03) (-0.0306985787802 1.08123692707 -0.03) (-0.0290517789831 1.0836740995 -0.03) (-0.027398065619 1.08611605148 -0.03) (-0.0257374069289 1.08856279823 -0.03) (-0.0240697709841 1.09101435502 -0.03) (-0.0223951256849 1.09347073719 -0.03) (-0.0207134387593 1.09593196011 -0.03) (-0.0190246777624 1.09839803923 -0.03) (-0.0173288100749 1.10086899006 -0.03) (-0.0156258029023 1.10334482815 -0.03) (-0.0139156232735 1.10582556913 -0.03) (-0.01219823804 1.10831122867 -0.03) (-0.0104736138743 1.11080182251 -0.03) (-0.00874171726944 1.11329736645 -0.03) (-0.00700251453713 1.11579787635 -0.03) (-0.00525597180713 1.11830336811 -0.03))
    polyLine 51 55 ((-0.0420352300325 1.06430928105 0) (-0.0404359500083 1.066713418 0) (-0.0388299740596 1.06912222953 0) (-0.0372172715878 1.07153573049 0) (-0.0355978118315 1.07395393576 0) (-0.0339715638656 1.07637686027 0) (-0.0323384966003 1.07880451903 0) (-0.0306985787802 1.08123692707 0) (-0.0290517789831 1.0836740995 0) (-0.027398065619 1.08611605148 0) (-0.0257374069289 1.08856279823 0) (-0.0240697709841 1.09101435502 0) (-0.0223951256849 1.09347073719 0) (-0.0207134387593 1.09593196011 0) (-0.0190246777624 1.09839803923 0) (-0.0173288100749 1.10086899006 0) (-0.0156258029023 1.10334482815 0) (-0.0139156232735 1.10582556913 0) (-0.01219823804 1.10831122867 0) (-0.0104736138743 1.11080182251 0) (-0.00874171726944 1.11329736645 0) (-0.00700251453713 1.11579787635 0) (-0.00525597180713 1.11830336811 0))
    polyLine 52 56 ((0.110424706352 0.538928570779 -0.03) (0.11088267438 0.539733687898 -0.03) (0.11134684325 0.540535246098 -0.03) (0.111817185307 0.541333197625 -0.03) (0.112293672528 0.542127494935 -0.03) (0.112776276524 0.542918090705 -0.03) (0.113264968542 0.543704937831 -0.03) (0.113759719465 0.544487989434 -0.03) (0.114260499817 0.545267198859 -0.03) (0.114767279762 0.546042519681 -0.03) (0.115280029104 0.546813905706 -0.03) (0.115798717295 0.547581310977 -0.03) (0.116323313432 0.54834468977 -0.03) (0.116853786259 0.549103996604 -0.03) (0.117390104171 0.54985918624 -0.03) (0.117932235213 0.550610213684 -0.03) (0.118480147087 0.551357034189 -0.03) (0.119033807148 0.552099603261 -0.03) (0.119593182408 0.552837876657 -0.03) (0.120158239541 0.553571810391 -0.03) (0.120728944879 0.554301360735 -0.03) (0.121305264422 0.555026484224 -0.03) (0.121887163831 0.555747137654 -0.03) (0.122474608438 0.556463278089 -0.03) (0.123067563243 0.557174862861 -0.03) (0.123665992917 0.557881849575 -0.03) (0.124269861806 0.558584196109 -0.03) (0.124879133932 0.559281860616 -0.03) (0.125493772995 0.559974801531 -0.03) (0.126113742375 0.560662977567 -0.03) (0.126739005133 0.561346347725 -0.03) (0.127369524017 0.562024871287 -0.03) (0.128005261462 0.562698507829 -0.03) (0.128646179589 0.563367217216 -0.03) (0.129292240213 0.564030959605 -0.03) (0.129943404842 0.564689695451 -0.03) (0.130599634679 0.565343385506 -0.03) (0.131260890627 0.565991990825 -0.03) (0.131927133289 0.566635472763 -0.03) (0.132598322969 0.567273792983 -0.03) (0.133274419678 0.567906913452 -0.03) (0.133955383135 0.568534796449 -0.03) (0.134641172769 0.569157404567 -0.03) (0.135331747719 0.569774700709 -0.03) (0.136027066841 0.570386648098 -0.03) (0.136727088709 0.570993210273 -0.03))
    polyLine 54 58 ((0.110424706352 0.538928570779 0) (0.11088267438 0.539733687898 0) (0.11134684325 0.540535246098 0) (0.111817185307 0.541333197625 0) (0.112293672528 0.542127494935 0) (0.112776276524 0.542918090705 0) (0.113264968542 0.543704937831 0) (0.113759719465 0.544487989434 0) (0.114260499817 0.545267198859 0) (0.114767279762 0.546042519681 0) (0.115280029104 0.546813905706 0) (0.115798717295 0.547581310977 0) (0.116323313432 0.54834468977 0) (0.116853786259 0.549103996604 0) (0.117390104171 0.54985918624 0) (0.117932235213 0.550610213684 0) (0.118480147087 0.551357034189 0) (0.119033807148 0.552099603261 0) (0.119593182408 0.552837876657 0) (0.120158239541 0.553571810391 0) (0.120728944879 0.554301360735 0) (0.121305264422 0.555026484224 0) (0.121887163831 0.555747137654 0) (0.122474608438 0.556463278089 0) (0.123067563243 0.557174862861 0) (0.123665992917 0.557881849575 0) (0.124269861806 0.558584196109 0) (0.124879133932 0.559281860616 0) (0.125493772995 0.559974801531 0) (0.126113742375 0.560662977567 0) (0.126739005133 0.561346347725 0) (0.127369524017 0.562024871287 0) (0.128005261462 0.562698507829 0) (0.128646179589 0.563367217216 0) (0.129292240213 0.564030959605 0) (0.129943404842 0.564689695451 0) (0.130599634679 0.565343385506 0) (0.131260890627 0.565991990825 0) (0.131927133289 0.566635472763 0) (0.132598322969 0.567273792983 0) (0.133274419678 0.567906913452 0) (0.133955383135 0.568534796449 0) (0.134641172769 0.569157404567 0) (0.135331747719 0.569774700709 0) (0.136027066841 0.570386648098 0) (0.136727088709 0.570993210273 0))
    polyLine 53 57 ((-0.0013552321556 1.12387918111 -0.03) (0.000802648923654 1.1269519756 -0.03) (0.00297165090957 1.13003227045 -0.03) (0.0051518369152 1.13312009507 -0.03) (0.00734327047237 1.13621547899 -0.03) (0.00954601553491 1.13931845191 -0.03) (0.011760136482 1.14242904363 -0.03) (0.0139856981217 1.14554728411 -0.03) (0.016222765694 1.14867320346 -0.03) (0.0184714048746 1.15180683192 -0.03) (0.0207316817781 1.15494819989 -0.03) (0.0230036629616 1.1580973379 -0.03) (0.0252874154284 1.16125427664 -0.03) (0.0275830066313 1.16441904692 -0.03) (0.0298905044761 1.16759167975 -0.03) (0.0322099773258 1.17077220623 -0.03) (0.0345414940036 1.17396065767 -0.03) (0.0368851237971 1.17715706548 -0.03) (0.0392409364617 1.18036146126 -0.03) (0.0416090022246 1.18357387674 -0.03) (0.0439893917885 1.18679434383 -0.03) (0.0463821763356 1.19002289458 -0.03) (0.0487874275312 1.19325956121 -0.03))
    polyLine 55 59 ((-0.0013552321556 1.12387918111 0) (0.000802648923654 1.1269519756 0) (0.00297165090957 1.13003227045 0) (0.0051518369152 1.13312009507 0) (0.00734327047237 1.13621547899 0) (0.00954601553491 1.13931845191 0) (0.011760136482 1.14242904363 0) (0.0139856981217 1.14554728411 0) (0.016222765694 1.14867320346 0) (0.0184714048746 1.15180683192 0) (0.0207316817781 1.15494819989 0) (0.0230036629616 1.1580973379 0) (0.0252874154284 1.16125427664 0) (0.0275830066313 1.16441904692 0) (0.0298905044761 1.16759167975 0) (0.0322099773258 1.17077220623 0) (0.0345414940036 1.17396065767 0) (0.0368851237971 1.17715706548 0) (0.0392409364617 1.18036146126 0) (0.0416090022246 1.18357387674 0) (0.0439893917885 1.18679434383 0) (0.0463821763356 1.19002289458 0) (0.0487874275312 1.19325956121 0))
    polyLine 56 60 ((0.137431771616 0.571594351096 -0.03) (0.138141073577 0.572190034752 -0.03) (0.138854952331 0.572780225749 -0.03) (0.139573365346 0.573364888924 -0.03) (0.140296269819 0.573943989444 -0.03) (0.14102362268 0.574517492804 -0.03) (0.141755380593 0.575085364837 -0.03) (0.142491499961 0.575647571708 -0.03) (0.143231936924 0.576204079921 -0.03) (0.143976647369 0.57675485632 -0.03) (0.144725586926 0.57729986809 -0.03) (0.145478710973 0.577839082759 -0.03) (0.146235974639 0.5783724682 -0.03) (0.146997332806 0.578899992635 -0.03) (0.147762740114 0.579421624634 -0.03) (0.148532150959 0.579937333118 -0.03) (0.149305519499 0.580447087362 -0.03) (0.150082799659 0.580950856994 -0.03) (0.150863945127 0.581448612 -0.03) (0.151648909364 0.581940322724 -0.03) (0.152437645601 0.582425959869 -0.03) (0.153230106846 0.582905494503 -0.03) (0.154026245883 0.583378898053 -0.03) (0.15482601528 0.583846142316 -0.03) (0.155629367386 0.584307199452 -0.03) (0.156436254337 0.584762041992 -0.03) (0.15724662806 0.585210642836 -0.03) (0.158060440273 0.585652975258 -0.03) (0.158877642489 0.586089012902 -0.03) (0.159698186019 0.586518729791 -0.03) (0.160522021975 0.586942100321 -0.03) (0.161349101274 0.587359099268 -0.03) (0.162179374638 0.587769701788 -0.03) (0.163012792601 0.588173883417 -0.03) (0.163849305506 0.588571620073 -0.03) (0.164688863515 0.588962888061 -0.03) (0.165531416607 0.589347664067 -0.03) (0.166376914584 0.589725925168 -0.03) (0.16722530707 0.590097648827 -0.03) (0.168076543518 0.590462812896 -0.03) (0.168930573213 0.590821395619 -0.03) (0.169787345271 0.591173375632 -0.03) (0.170646808646 0.591518731964 -0.03) (0.171508912131 0.591857444039 -0.03) (0.172373604363 0.592189491676 -0.03) (0.173240833823 0.592514855092 -0.03))
    polyLine 58 62 ((0.137431771616 0.571594351096 0) (0.138141073577 0.572190034752 0) (0.138854952331 0.572780225749 0) (0.139573365346 0.573364888924 0) (0.140296269819 0.573943989444 0) (0.14102362268 0.574517492804 0) (0.141755380593 0.575085364837 0) (0.142491499961 0.575647571708 0) (0.143231936924 0.576204079921 0) (0.143976647369 0.57675485632 0) (0.144725586926 0.57729986809 0) (0.145478710973 0.577839082759 0) (0.146235974639 0.5783724682 0) (0.146997332806 0.578899992635 0) (0.147762740114 0.579421624634 0) (0.148532150959 0.579937333118 0) (0.149305519499 0.580447087362 0) (0.150082799659 0.580950856994 0) (0.150863945127 0.581448612 0) (0.151648909364 0.581940322724 0) (0.152437645601 0.582425959869 0) (0.153230106846 0.582905494503 0) (0.154026245883 0.583378898053 0) (0.15482601528 0.583846142316 0) (0.155629367386 0.584307199452 0) (0.156436254337 0.584762041992 0) (0.15724662806 0.585210642836 0) (0.158060440273 0.585652975258 0) (0.158877642489 0.586089012902 0) (0.159698186019 0.586518729791 0) (0.160522021975 0.586942100321 0) (0.161349101274 0.587359099268 0) (0.162179374638 0.587769701788 0) (0.163012792601 0.588173883417 0) (0.163849305506 0.588571620073 0) (0.164688863515 0.588962888061 0) (0.165531416607 0.589347664067 0) (0.166376914584 0.589725925168 0) (0.16722530707 0.590097648827 0) (0.168076543518 0.590462812896 0) (0.168930573213 0.590821395619 0) (0.169787345271 0.591173375632 0) (0.170646808646 0.591518731964 0) (0.171508912131 0.591857444039 0) (0.172373604363 0.592189491676 0) (0.173240833823 0.592514855092 0))
    polyLine 57 61 ((0.0540378508953 1.20029490254 -0.03) (0.0568877165429 1.20409658386 -0.03) (0.0597549311017 1.20790947207 -0.03) (0.062639612132 1.21173361949 -0.03) (0.0655418781331 1.21556907873 -0.03) (0.0684618485515 1.21941590273 -0.03) (0.0713996437906 1.22327414475 -0.03) (0.0743553852196 1.22714385834 -0.03) (0.0773291951831 1.23102509738 -0.03) (0.0803211970101 1.23491791608 -0.03) (0.0833315150242 1.23882236894 -0.03) (0.0863602745525 1.24273851083 -0.03) (0.0894076019361 1.24666639692 -0.03) (0.0924736245393 1.25060608271 -0.03) (0.0955584707602 1.25455762406 -0.03) (0.0986622700406 1.25852107714 -0.03) (0.101785152876 1.26249649847 -0.03) (0.104927250827 1.26648394494 -0.03) (0.108088696528 1.27048347374 -0.03) (0.111269623698 1.27449514245 -0.03) (0.114470167156 1.27851900899 -0.03) (0.117690462823 1.28255513163 -0.03) (0.120930647743 1.28660356902 -0.03))
    polyLine 59 63 ((0.0540378508953 1.20029490254 0) (0.0568877165429 1.20409658386 0) (0.0597549311017 1.20790947207 0) (0.062639612132 1.21173361949 0) (0.0655418781331 1.21556907873 0) (0.0684618485515 1.21941590273 0) (0.0713996437906 1.22327414475 0) (0.0743553852196 1.22714385834 0) (0.0773291951831 1.23102509738 0) (0.0803211970101 1.23491791608 0) (0.0833315150242 1.23882236894 0) (0.0863602745525 1.24273851083 0) (0.0894076019361 1.24666639692 0) (0.0924736245393 1.25060608271 0) (0.0955584707602 1.25455762406 0) (0.0986622700406 1.25852107714 0) (0.101785152876 1.26249649847 0) (0.104927250827 1.26648394494 0) (0.108088696528 1.27048347374 0) (0.111269623698 1.27449514245 0) (0.114470167156 1.27851900899 0) (0.117690462823 1.28255513163 0) (0.120930647743 1.28660356902 0))
    polyLine 60 64 ((0.174110548842 0.592833514902 -0.03) (0.174982697602 0.59314545212 -0.03) (0.175857228142 0.593450648161 -0.03) (0.176734088357 0.593749084842 -0.03) (0.177613226004 0.594040744382 -0.03) (0.178494588703 0.594325609404 -0.03) (0.179378123944 0.594603662935 -0.03) (0.180263779087 0.594874888409 -0.03) (0.181151501362 0.595139269668 -0.03) (0.182041237882 0.595396790958 -0.03) (0.182932935634 0.595647436937 -0.03) (0.183826541493 0.595891192672 -0.03) (0.184722002217 0.596128043639 -0.03) (0.185619264455 0.596357975728 -0.03) (0.186518274748 0.596580975238 -0.03) (0.187418979533 0.596797028884 -0.03) (0.188321325148 0.597006123793 -0.03) (0.189225257829 0.597208247507 -0.03) (0.190130723722 0.597403387984 -0.03) (0.191037668879 0.597591533597 -0.03) (0.191946039263 0.597772673137 -0.03) (0.192855780756 0.597946795812 -0.03) (0.193766839154 0.598113891247 -0.03) (0.194679160176 0.598273949487 -0.03) (0.195592689468 0.598426960995 -0.03) (0.196507372601 0.598572916656 -0.03) (0.197423155079 0.598711807772 -0.03) (0.198339982339 0.59884362607 -0.03) (0.199257799758 0.598968363695 -0.03) (0.200176552651 0.599086013216 -0.03) (0.20109618628 0.599196567623 -0.03) (0.202016645854 0.599300020329 -0.03) (0.202937876531 0.59939636517 -0.03) (0.203859823425 0.599485596407 -0.03) (0.204782431606 0.599567708723 -0.03) (0.205705646106 0.599642697225 -0.03) (0.20662941192 0.599710557447 -0.03) (0.20755367401 0.599771285344 -0.03) (0.208478377309 0.599824877299 -0.03) (0.209403466723 0.599871330119 -0.03) (0.210328887136 0.599910641035 -0.03) (0.211254583411 0.599942807707 -0.03) (0.212180500396 0.599967828217 -0.03) (0.213106582925 0.599985701075 -0.03) (0.214032775821 0.599996425215 -0.03))
    polyLine 62 66 ((0.174110548842 0.592833514902 0) (0.174982697602 0.59314545212 0) (0.175857228142 0.593450648161 0) (0.176734088357 0.593749084842 0) (0.177613226004 0.594040744382 0) (0.178494588703 0.594325609404 0) (0.179378123944 0.594603662935 0) (0.180263779087 0.594874888409 0) (0.181151501362 0.595139269668 0) (0.182041237882 0.595396790958 0) (0.182932935634 0.595647436937 0) (0.183826541493 0.595891192672 0) (0.184722002217 0.596128043639 0) (0.185619264455 0.596357975728 0) (0.186518274748 0.596580975238 0) (0.187418979533 0.596797028884 0) (0.188321325148 0.597006123793 0) (0.189225257829 0.597208247507 0) (0.190130723722 0.597403387984 0) (0.191037668879 0.597591533597 0) (0.191946039263 0.597772673137 0) (0.192855780756 0.597946795812 0) (0.193766839154 0.598113891247 0) (0.194679160176 0.598273949487 0) (0.195592689468 0.598426960995 0) (0.196507372601 0.598572916656 0) (0.197423155079 0.598711807772 0) (0.198339982339 0.59884362607 0) (0.199257799758 0.598968363695 0) (0.200176552651 0.599086013216 0) (0.20109618628 0.599196567623 0) (0.202016645854 0.599300020329 0) (0.202937876531 0.59939636517 0) (0.203859823425 0.599485596407 0) (0.204782431606 0.599567708723 0) (0.205705646106 0.599642697225 0) (0.20662941192 0.599710557447 0) (0.20755367401 0.599771285344 0) (0.208478377309 0.599824877299 0) (0.209403466723 0.599871330119 0) (0.210328887136 0.599910641035 0) (0.211254583411 0.599942807707 0) (0.212180500396 0.599967828217 0) (0.213106582925 0.599985701075 0) (0.214032775821 0.599996425215 0))
    polyLine 61 65 ((0.127691656993 1.29501086377 -0.03) (0.131215582983 1.29937157419 -0.03) (0.13476281023 1.30374658449 -0.03) (0.138333512431 1.30813596821 -0.03) (0.141927864825 1.3125397994 -0.03) (0.145546044211 1.31695815263 -0.03) (0.149188228961 1.32139110293 -0.03) (0.15285459904 1.32583872588 -0.03) (0.156545336021 1.33030109756 -0.03) (0.160260623106 1.33477829456 -0.03) (0.164000645141 1.33927039402 -0.03) (0.167765588632 1.34377747359 -0.03) (0.171555641769 1.34829961147 -0.03) (0.175370994439 1.35283688639 -0.03) (0.179211838249 1.35738937764 -0.03) (0.18307836654 1.36195716505 -0.03) (0.186970774411 1.36654032902 -0.03) (0.190889258737 1.37113895051 -0.03) (0.194834018185 1.37575311106 -0.03) (0.198805253242 1.38038289276 -0.03) (0.202803166226 1.38502837831 -0.03) (0.206827961313 1.38968965099 -0.03) (0.210879844555 1.39436679467 -0.03))
    polyLine 63 67 ((0.127691656993 1.29501086377 0) (0.131215582983 1.29937157419 0) (0.13476281023 1.30374658449 0) (0.138333512431 1.30813596821 0) (0.141927864825 1.3125397994 0) (0.145546044211 1.31695815263 0) (0.149188228961 1.32139110293 0) (0.15285459904 1.32583872588 0) (0.156545336021 1.33030109756 0) (0.160260623106 1.33477829456 0) (0.164000645141 1.33927039402 0) (0.167765588632 1.34377747359 0) (0.171555641769 1.34829961147 0) (0.175370994439 1.35283688639 0) (0.179211838249 1.35738937764 0) (0.18307836654 1.36195716505 0) (0.186970774411 1.36654032902 0) (0.190889258737 1.37113895051 0) (0.194834018185 1.37575311106 0) (0.198805253242 1.38038289276 0) (0.202803166226 1.38502837831 0) (0.206827961313 1.38968965099 0) (0.210879844555 1.39436679467 0))
);

boundary
(
    body_fore
    {
        type wall;
        faces
        (
            (0 2 6 4)
            (4 6 10 8)
            (8 10 14 12)
            (12 14 18 16)
            (16 18 22 20)
            (20 22 26 24)
            (24 26 30 28)
            (28 30 34 32)
            (32 34 38 36)
            (36 38 42 40)
            (40 42 46 44)
            (44 46 50 48)
            (48 50 54 52)
            (52 54 58 56)
            (56 58 62 60)
            (60 62 66 64)
        );
    }
    freestream
    {
        type patch;
        faces
        (
            (1 5 7 3)
            (5 9 11 7)
            (9 13 15 11)
            (13 17 19 15)
            (17 21 23 19)
            (21 25 27 23)
            (25 29 31 27)
            (29 33 35 31)
            (33 37 39 35)
            (37 41 43 39)
            (41 45 47 43)
            (45 49 51 47)
            (49 53 55 51)
            (53 57 59 55)
            (57 61 63 59)
            (61 65 67 63)
        );
    }
    outlet
    {
        type patch;
        faces
        (
            (64 66 67 65)
        );
    }
    axis
    {
        type patch;
        faces
        (
            (0 1 3 2)
        );
    }
    front
    {
        type patch;
        faces
        (
            (2 6 7 3)
            (6 10 11 7)
            (10 14 15 11)
            (14 18 19 15)
            (18 22 23 19)
            (22 26 27 23)
            (26 30 31 27)
            (30 34 35 31)
            (34 38 39 35)
            (38 42 43 39)
            (42 46 47 43)
            (46 50 51 47)
            (50 54 55 51)
            (54 58 59 55)
            (58 62 63 59)
            (62 66 67 63)
        );
    }
    back
    {
        type patch;
        faces
        (
            (0 1 5 4)
            (4 5 9 8)
            (8 9 13 12)
            (12 13 17 16)
            (16 17 21 20)
            (20 21 25 24)
            (24 25 29 28)
            (28 29 33 32)
            (32 33 37 36)
            (36 37 41 40)
            (40 41 45 44)
            (44 45 49 48)
            (48 49 53 52)
            (52 53 57 56)
            (56 57 61 60)
            (60 61 65 64)
        );
    }
);
