FoamFile
{
    version     2.0;
    format      ascii;
    class       dictionary;
    object      blockMeshDict;
}
// Generated by aether.cfd - do not edit by hand. Regenerate from the run config.

scale 1;

vertices
(
    (0 0 -0.03)
    (-0.172995604568 8.54051715746e-17 -0.03)
    (0 0 0)
    (-0.172995604568 8.54051715746e-17 0)
    (0.00303659479422 0.0525648549099 -0.03)
    (-0.169493571203 0.0699599914403 -0.03)
    (0.00303659479422 0.0525648549099 0)
    (-0.169493571203 0.0699599914403 0)
    (0.0121058673091 0.104430378813 -0.03)
    (-0.159221163774 0.139355777793 -0.03)
    (0.0121058673091 0.104430378813 0)
    (-0.159221163774 0.139355777793 0)
    (0.027087159537 0.154906557655 -0.03)
    (-0.142782825336 0.207819880545 -0.03)
    (0.027087159537 0.154906557655 0)
    (-0.142782825336 0.207819880545 0)
    (0.0477811606913 0.203321861191 -0.03)
    (-0.120930021442 0.275294156932 -0.03)
    (0.0477811606913 0.203321861191 0)
    (-0.120930021442 0.275294156932 0)
    (0.0739125588206 0.249032176925 -0.03)
    (-0.0943374764535 0.342043764272 -0.03)
    (0.0739125588206 0.249032176925 0)
    (-0.0943374764535 0.342043764272 0)
    (0.10513370353 0.291429379283 -0.03)
    (-0.0634555280467 0.408617342033 -0.03)
    (0.10513370353 0.291429379283 0)
    (-0.0634555280467 0.408617342033 0)
    (0.141029231079 0.329949420016 -0.03)
    (-0.0284381905177 0.475805758274 -0.03)
    (0.141029231079 0.329949420016 0)
    (-0.0284381905177 0.475805758274 0)
    (0.181087710242 0.364123677413 -0.03)
    (0.0108947783529 0.544638575539 -0.03)
    (0.181087710242 0.364123677413 0)
    (0.0108947783529 0.544638575539 0)
    (0.22260588407 0.396552128641 -0.03)
    (0.0551799298051 0.616553762806 -0.03)
    (0.22260588407 0.396552128641 0)
    (0.0551799298051 0.616553762806 0)
    (0.264124057899 0.42898057987 -0.03)
    (0.104573219323 0.691958007478 -0.03)
    (0.264124057899 0.42898057987 0)
    (0.104573219323 0.691958007478 0)
    (0.305642231727 0.461409031098 -0.03)
    (0.158951540413 0.770825861613 -0.03)
    (0.305642231727 0.461409031098 0)
    (0.158951540413 0.770825861613 0)
    (0.347160405555 0.493837482326 -0.03)
    (0.218199158791 0.853177590313 -0.03)
    (0.347160405555 0.493837482326 0)
    (0.218199158791 0.853177590313 0)
    (0.388678579384 0.526265933555 -0.03)
    (0.282224211725 0.939076307007 -0.03)
    (0.388678579384 0.526265933555 0)
    (0.282224211725 0.939076307007 0)
    (0.430196753212 0.558694384783 -0.03)
    (0.350968352874 1.02862410711 -0.03)
    (0.430196753212 0.558694384783 0)
    (0.350968352874 1.02862410711 0)
    (0.473385041832 0.58861981107 -0.03)
    (0.426898952389 1.12508414385 -0.03)
    (0.473385041832 0.58861981107 0)
    (0.426898952389 1.12508414385 0)
    (0.524390544925 0.6 -0.03)
    (0.524390544925 1.24609396209 -0.03)
    (0.524390544925 0.6 0)
    (0.524390544925 1.24609396209 0)
);

blocks
(
    hex (0 4 5 1 2 6 7 3) (4 48 1) simpleGrading (1 4 1)
    hex (4 8 9 5 6 10 11 7) (4 48 1) simpleGrading (1 4 1)
    hex (8 12 13 9 10 14 15 11) (4 48 1) simpleGrading (1 4 1)
    hex (12 16 17 13 14 18 19 15) (4 48 1) simpleGrading (1 4 1)
    hex (16 20 21 17 18 22 23 19) (4 48 1) simpleGrading (1 4 1)
    hex (20 24 25 21 22 26 27 23) (4 48 1) simpleGrading (1 4 1)
    hex (24 28 29 25 26 30 31 27) (4 48 1) simpleGrading (1 4 1)
    hex (28 32 33 29 30 34 35 31) (4 48 1) simpleGrading (1 4 1)
    hex (32 36 37 33 34 38 39 35) (4 48 1) simpleGrading (1 4 1)
    hex (36 40 41 37 38 42 43 39) (4 48 1) simpleGrading (1 4 1)
    hex (40 44 45 41 42 46 47 43) (4 48 1) simpleGrading (1 4 1)
    hex (44 48 49 45 46 50 51 47) (4 48 1) simpleGrading (1 4 1)
    hex (48 52 53 49 50 54 55 51) (4 48 1) simpleGrading (1 4 1)
    hex (52 56 57 53 54 58 59 55) (4 48 1) simpleGrading (1 4 1)
    hex (56 60 61 57 58 62 63 59) (4 48 1) simpleGrading (1 4 1)
    hex (60 64 65 61 62 66 67 63) (4 48 1) simpleGrading (1 4 1)
);

edges
(
    polyLine 0 4 ((9.71370259894e-07 0.000941719298219 -0.03) (3.88547690553e-06 0.00188343458862 -0.03) (8.74230753496e-06 0.00282514186341 -0.03) (1.55418414782e-05 0.00376683711483 -0.03) (2.42840497975e-05 0.00470851633515 -0.03) (3.49688952874e-05 0.00565017551674 -0.03) (4.75963324746e-05 0.00659181065204 -0.03) (6.21663076189e-05 0.00753341773359 -0.03) (7.86787587125e-05 0.00847499275405 -0.03) (9.7133615481e-05 0.00941653170623 -0.03) (0.000117530799383 0.0103580305831 -0.03) (0.000139870223612 0.0112994853777 -0.03) (0.000164151793094 0.0122408920834 -0.03) (0.000190375404491 0.0131822466938 -0.03) (0.000218540946198 0.0141235452024 -0.03) (0.000248648298348 0.0150647836035 -0.03) (0.000280697332808 0.016005957891 -0.03) (0.000314687913183 0.0169470640597 -0.03) (0.000350619894813 0.0178880981042 -0.03) (0.000388493124777 0.0188290560196 -0.03) (0.000428307441893 0.0197699338014 -0.03) (0.000470062676718 0.0207107274454 -0.03) (0.000513758651546 0.0216514329477 -0.03) (0.000559395180415 0.0225920463047 -0.03) (0.000606972069103 0.0235325635134 -0.03) (0.000656489115129 0.0244729805711 -0.03) (0.000707946107756 0.0254132934755 -0.03) (0.000761342827991 0.0263534982247 -0.03) (0.000816679048587 0.0272935908174 -0.03) (0.000873954534039 0.0282335672527 -0.03) (0.000933169040593 0.0291734235303 -0.03) (0.00099432231624 0.0301131556501 -0.03) (0.00105741410072 0.0310527596129 -0.03) (0.00112244412553 0.0319922314199 -0.03) (0.0011894121139 0.0329315670727 -0.03) (0.00125831778084 0.0338707625738 -0.03) (0.00132916083308 0.0348098139261 -0.03) (0.00140194096914 0.035748717133 -0.03) (0.00147665787927 0.0366874681988 -0.03) (0.00155331124548 0.0376260631283 -0.03) (0.00163190074156 0.0385644979269 -0.03) (0.00171242603303 0.0395027686009 -0.03) (0.0017948867772 0.040440871157 -0.03) (0.00187928262312 0.041378801603 -0.03) (0.00196561321162 0.042316555947 -0.03) (0.00205387817528 0.0432541301981 -0.03) (0.00214407713847 0.0441915203662 -0.03) (0.00223620971731 0.0451287224619 -0.03) (0.0023302755197 0.0460657324965 -0.03) (0.00242627414531 0.0470025464823 -0.03) (0.00252420518559 0.0479391604325 -0.03) (0.00262406822374 0.0488755703608 -0.03) (0.00272586283478 0.049811772282 -0.03) (0.00282958858548 0.0507477622119 -0.03) (0.0029352450344 0.051683536167 -0.03))
    polyLine 2 6 ((9.71370259894e-07 0.000941719298219 0) (3.88547690553e-06 0.00188343458862 0) (8.74230753496e-06 0.00282514186341 0) (1.55418414782e-05 0.00376683711483 0) (2.42840497975e-05 0.00470851633515 0) (3.49688952874e-05 0.00565017551674 0) (4.75963324746e-05 0.00659181065204 0) (6.21663076189e-05 0.00753341773359 0) (7.86787587125e-05 0.00847499275405 0) (9.7133615481e-05 0.00941653170623 0) (0.000117530799383 0.0103580305831 0) (0.000139870223612 0.0112994853777 0) (0.000164151793094 0.0122408920834 0) (0.000190375404491 0.0131822466938 0) (0.000218540946198 0.0141235452024 0) (0.000248648298348 0.0150647836035 0) (0.000280697332808 0.016005957891 0) (0.000314687913183 0.0169470640597 0) (0.000350619894813 0.0178880981042 0) (0.000388493124777 0.0188290560196 0) (0.000428307441893 0.0197699338014 0) (0.000470062676718 0.0207107274454 0) (0.000513758651546 0.0216514329477 0) (0.000559395180415 0.0225920463047 0) (0.000606972069103 0.0235325635134 0) (0.000656489115129 0.0244729805711 0) (0.000707946107756 0.0254132934755 0) (0.000761342827991 0.0263534982247 0) (0.000816679048587 0.0272935908174 0) (0.000873954534039 0.0282335672527 0) (0.000933169040593 0.0291734235303 0) (0.00099432231624 0.0301131556501 0) (0.00105741410072 0.0310527596129 0) (0.00112244412553 0.0319922314199 0) (0.0011894121139 0.0329315670727 0) (0.00125831778084 0.0338707625738 0) (0.00132916083308 0.0348098139261 0) (0.00140194096914 0.035748717133 0) (0.00147665787927 0.0366874681988 0) (0.00155331124548 0.0376260631283 0) (0.00163190074156 0.0385644979269 0) (0.00171242603303 0.0395027686009 0) (0.0017948867772 0.040440871157 0) (0.00187928262312 0.041378801603 0) (0.00196561321162 0.042316555947 0) (0.00205387817528 0.0432541301981 0) (0.00214407713847 0.0441915203662 0) (0.00223620971731 0.0451287224619 0) (0.0023302755197 0.0460657324965 0) (0.00242627414531 0.0470025464823 0) (0.00252420518559 0.0479391604325 0) (0.00262406822374 0.0488755703608 0) (0.00272586283478 0.049811772282 0) (0.00282958858548 0.0507477622119 0) (0.0029352450344 0.051683536167 0))
    polyLine 1 5 ((-0.172989486174 0.00291983594858 -0.03) (-0.172971131809 0.00583962057027 -0.03) (-0.172940543917 0.00875930256869 -0.03) (-0.172897726571 0.0116788307085 -0.03) (-0.17284268547 0.0145981538457 -0.03) (-0.172775427932 0.0175172209583 -0.03) (-0.172695962889 0.0204359811761 -0.03) (-0.172604300881 0.023354383811 -0.03) (-0.172500454044 0.0262723783868 -0.03) (-0.172384436107 0.029189914669 -0.03) (-0.172256262373 0.032106942694 -0.03) (-0.172115949712 0.0350234127983 -0.03) (-0.171963516547 0.0379392756474 -0.03) (-0.171798982837 0.0408544822644 -0.03) (-0.171622370063 0.0437689840578 -0.03) (-0.171433701212 0.0466827328496 -0.03) (-0.171233000757 0.0495956809027 -0.03) (-0.171020294637 0.0525077809474 -0.03) (-0.17079561024 0.0554189862083 -0.03) (-0.170558976379 0.0583292504302 -0.03) (-0.170310423272 0.0612385279035 -0.03) (-0.170049982515 0.0641467734891 -0.03) (-0.169777687064 0.0670539426431 -0.03))
    polyLine 3 7 ((-0.172989486174 0.00291983594858 0) (-0.172971131809 0.00583962057027 0) (-0.172940543917 0.00875930256869 0) (-0.172897726571 0.0116788307085 0) (-0.17284268547 0.0145981538457 0) (-0.172775427932 0.0175172209583 0) (-0.172695962889 0.0204359811761 0) (-0.172604300881 0.023354383811 0) (-0.172500454044 0.0262723783868 0) (-0.172384436107 0.029189914669 0) (-0.172256262373 0.032106942694 0) (-0.172115949712 0.0350234127983 0) (-0.171963516547 0.0379392756474 0) (-0.171798982837 0.0408544822644 0) (-0.171622370063 0.0437689840578 0) (-0.171433701212 0.0466827328496 0) (-0.171233000757 0.0495956809027 0) (-0.171020294637 0.0525077809474 0) (-0.17079561024 0.0554189862083 0) (-0.170558976379 0.0583292504302 0) (-0.170310423272 0.0612385279035 0) (-0.170049982515 0.0641467734891 0) (-0.169777687064 0.0670539426431 0))
    polyLine 4 8 ((0.00304283173188 0.0526190901647 -0.03) (0.00315234822004 0.0535544202236 -0.03) (0.00326379403281 0.0544895223629 -0.03) (0.00337716869589 0.0554243926031 -0.03) (0.00349247172676 0.0563590269655 -0.03) (0.00360970263472 0.0572934214723 -0.03) (0.00372886092086 0.058227572147 -0.03) (0.00384994607804 0.059161475014 -0.03) (0.00397295759096 0.0600951260986 -0.03) (0.00409789493608 0.0610285214275 -0.03) (0.00422475758171 0.0619616570282 -0.03) (0.00435354498793 0.0628945289295 -0.03) (0.00448425660664 0.0638271331612 -0.03) (0.00461689188155 0.0647594657542 -0.03) (0.00475145024818 0.0656915227408 -0.03) (0.00488793113388 0.0666233001541 -0.03) (0.00502633395781 0.0675547940288 -0.03) (0.00516665813093 0.0684860004005 -0.03) (0.00530890305606 0.0694169153061 -0.03) (0.00545306812782 0.0703475347838 -0.03) (0.00559915273267 0.071277854873 -0.03) (0.00574715624889 0.0722078716144 -0.03) (0.0058970780466 0.0731375810501 -0.03) (0.00604891748776 0.0740669792233 -0.03) (0.00620267392616 0.0749960621786 -0.03) (0.00635834670744 0.075924825962 -0.03) (0.00651593516907 0.0768532666208 -0.03) (0.00667543864039 0.0777813802038 -0.03) (0.00683685644257 0.0787091627609 -0.03) (0.00700018788864 0.0796366103438 -0.03) (0.00716543228349 0.0805637190052 -0.03) (0.00733258892387 0.0814904847997 -0.03) (0.00750165709837 0.082416903783 -0.03) (0.00767263608748 0.0833429720123 -0.03) (0.00784552516352 0.0842686855466 -0.03) (0.00802032359072 0.0851940404462 -0.03) (0.00819703062515 0.0861190327727 -0.03) (0.00837564551478 0.0870436585897 -0.03) (0.00855616749944 0.087967913962 -0.03) (0.00873859581087 0.0888917949562 -0.03) (0.00892292967268 0.0898152976403 -0.03) (0.00910916830037 0.0907384180841 -0.03) (0.00929731090133 0.0916611523589 -0.03) (0.00948735667486 0.0925834965377 -0.03) (0.00967930481216 0.0935054466951 -0.03) (0.00987315449632 0.0944269989075 -0.03) (0.0100689049023 0.0953481492528 -0.03) (0.0102665551972 0.0962688938109 -0.03) (0.0104661045396 0.0971892286631 -0.03) (0.0106675520804 0.0981091498926 -0.03) (0.0108708969622 0.0990286535844 -0.03) (0.0110761383196 0.0999477358252 -0.03) (0.0112832752792 0.100866392704 -0.03) (0.0114923069594 0.10178462031 -0.03) (0.0117032324706 0.102702414736 -0.03) (0.0119160509151 0.103619772076 -0.03))
    polyLine 6 10 ((0.00304283173188 0.0526190901647 0) (0.00315234822004 0.0535544202236 0) (0.00326379403281 0.0544895223629 0) (0.00337716869589 0.0554243926031 0) (0.00349247172676 0.0563590269655 0) (0.00360970263472 0.0572934214723 0) (0.00372886092086 0.058227572147 0) (0.00384994607804 0.059161475014 0) (0.00397295759096 0.0600951260986 0) (0.00409789493608 0.0610285214275 0) (0.00422475758171 0.0619616570282 0) (0.00435354498793 0.0628945289295 0) (0.00448425660664 0.0638271331612 0) (0.00461689188155 0.0647594657542 0) (0.00475145024818 0.0656915227408 0) (0.00488793113388 0.0666233001541 0) (0.00502633395781 0.0675547940288 0) (0.00516665813093 0.0684860004005 0) (0.00530890305606 0.0694169153061 0) (0.00545306812782 0.0703475347838 0) (0.00559915273267 0.071277854873 0) (0.00574715624889 0.0722078716144 0) (0.0058970780466 0.0731375810501 0) (0.00604891748776 0.0740669792233 0) (0.00620267392616 0.0749960621786 0) (0.00635834670744 0.075924825962 0) (0.00651593516907 0.0768532666208 0) (0.00667543864039 0.0777813802038 0) (0.00683685644257 0.0787091627609 0) (0.00700018788864 0.0796366103438 0) (0.00716543228349 0.0805637190052 0) (0.00733258892387 0.0814904847997 0) (0.00750165709837 0.082416903783 0) (0.00767263608748 0.0833429720123 0) (0.00784552516352 0.0842686855466 0) (0.00802032359072 0.0851940404462 0) (0.00819703062515 0.0861190327727 0) (0.00837564551478 0.0870436585897 0) (0.00855616749944 0.087967913962 0) (0.00873859581087 0.0888917949562 0) (0.00892292967268 0.0898152976403 0) (0.00910916830037 0.0907384180841 0) (0.00929731090133 0.0916611523589 0) (0.00948735667486 0.0925834965377 0) (0.00967930481216 0.0935054466951 0) (0.00987315449632 0.0944269989075 0) (0.0100689049023 0.0953481492528 0) (0.0102665551972 0.0962688938109 0) (0.0104661045396 0.0971892286631 0) (0.0106675520804 0.0981091498926 0) (0.0108708969622 0.0990286535844 0) (0.0110761383196 0.0999477358252 0) (0.0112832752792 0.100866392704 0) (0.0114923069594 0.10178462031 0) (0.0117032324706 0.102702414736 0) (0.0119160509151 0.103619772076 0))
    polyLine 5 9 ((-0.169197284477 0.0728685917327 -0.03) (-0.168889219773 0.0757759826253 -0.03) (-0.168569415361 0.0786821220271 -0.03) (-0.168237910738 0.0815869685593 -0.03) (-0.1678947466 0.0844904815761 -0.03) (-0.167539964814 0.087392621185 -0.03) (-0.167173608388 0.0902933482665 -0.03) (-0.166795721435 0.093192624493 -0.03) (-0.166406349146 0.0960904123471 -0.03) (-0.166005537756 0.0989866751388 -0.03) (-0.165593334512 0.101881377023 -0.03) (-0.16516978764 0.104774483016 -0.03) (-0.164734946311 0.107665959008 -0.03) (-0.164288860607 0.110555771783 -0.03) (-0.163831581488 0.113443889029 -0.03) (-0.163363160755 0.116330279351 -0.03) (-0.16288365102 0.119214912287 -0.03) (-0.162393105668 0.122097758316 -0.03) (-0.161891578821 0.124978788873 -0.03) (-0.161379125307 0.127857976355 -0.03) (-0.160855800621 0.130735294136 -0.03) (-0.160321660891 0.13361071657 -0.03) (-0.159776762845 0.136484219007 -0.03))
    polyLine 7 11 ((-0.169197284477 0.0728685917327 0) (-0.168889219773 0.0757759826253 0) (-0.168569415361 0.0786821220271 0) (-0.168237910738 0.0815869685593 0) (-0.1678947466 0.0844904815761 0) (-0.167539964814 0.087392621185 0) (-0.167173608388 0.0902933482665 0) (-0.166795721435 0.093192624493 0) (-0.166406349146 0.0960904123471 0) (-0.166005537756 0.0989866751388 0) (-0.165593334512 0.101881377023 0) (-0.16516978764 0.104774483016 0) (-0.164734946311 0.107665959008 0) (-0.164288860607 0.110555771783 0) (-0.163831581488 0.113443889029 0) (-0.163363160755 0.116330279351 0) (-0.16288365102 0.119214912287 0) (-0.162393105668 0.122097758316 0) (-0.161891578821 0.124978788873 0) (-0.161379125307 0.127857976355 0) (-0.160855800621 0.130735294136 0) (-0.160321660891 0.13361071657 0) (-0.159776762845 0.136484219007 0))
    polyLine 8 12 ((0.0121307613872 0.104536688427 -0.03) (0.0123473629732 0.105453159885 -0.03) (0.0125658547512 0.10636918255 -0.03) (0.0127862357913 0.107284752524 -0.03) (0.0130085051556 0.10819986591 -0.03) (0.0132326618983 0.109114518814 -0.03) (0.0134587050652 0.110028707343 -0.03) (0.0136866336945 0.110942427607 -0.03) (0.013916446816 0.111855675716 -0.03) (0.0141481434518 0.112768447785 -0.03) (0.0143817226157 0.113680739928 -0.03) (0.0146171833137 0.114592548263 -0.03) (0.0148545245437 0.11550386891 -0.03) (0.0150937452956 0.116414697989 -0.03) (0.0153348445513 0.117325031625 -0.03) (0.0155778212848 0.118234865944 -0.03) (0.0158226744619 0.119144197073 -0.03) (0.0160694030406 0.120053021142 -0.03) (0.0163180059709 0.120961334283 -0.03) (0.0165684821948 0.121869132632 -0.03) (0.0168208306462 0.122776412324 -0.03) (0.0170750502513 0.123683169498 -0.03) (0.017331139928 0.124589400295 -0.03) (0.0175890985865 0.125495100858 -0.03) (0.017848925129 0.126400267334 -0.03) (0.0181106184497 0.127304895869 -0.03) (0.0183741774349 0.128208982613 -0.03) (0.0186396009628 0.12911252372 -0.03) (0.018906887904 0.130015515343 -0.03) (0.0191760371208 0.130917953639 -0.03) (0.0194470474678 0.131819834769 -0.03) (0.0197199177917 0.132721154893 -0.03) (0.019994646931 0.133621910176 -0.03) (0.0202712337168 0.134522096785 -0.03) (0.0205496769717 0.135421710888 -0.03) (0.0208299755108 0.136320748656 -0.03) (0.0211121281412 0.137219206264 -0.03) (0.0213961336621 0.138117079888 -0.03) (0.0216819908648 0.139014365706 -0.03) (0.0219696985328 0.139911059901 -0.03) (0.0222592554415 0.140807158655 -0.03) (0.0225506603588 0.141702658154 -0.03) (0.0228439120444 0.142597554589 -0.03) (0.0231390092502 0.143491844151 -0.03) (0.0234359507205 0.144385523032 -0.03) (0.0237347351914 0.145278587431 -0.03) (0.0240353613914 0.146171033546 -0.03) (0.024337828041 0.147062857579 -0.03) (0.024642133853 0.147954055735 -0.03) (0.0249482775324 0.14884462422 -0.03) (0.0252562577762 0.149734559246 -0.03) (0.0255660732737 0.150623857024 -0.03) (0.0258777227063 0.151512513769 -0.03) (0.0261912047478 0.1524005257 -0.03) (0.026506518064 0.153287889038 -0.03) (0.0268236613131 0.154174600005 -0.03))
    polyLine 10 14 ((0.0121307613872 0.104536688427 0) (0.0123473629732 0.105453159885 0) (0.0125658547512 0.10636918255 0) (0.0127862357913 0.107284752524 0) (0.0130085051556 0.10819986591 0) (0.0132326618983 0.109114518814 0) (0.0134587050652 0.110028707343 0) (0.0136866336945 0.110942427607 0) (0.013916446816 0.111855675716 0) (0.0141481434518 0.112768447785 0) (0.0143817226157 0.113680739928 0) (0.0146171833137 0.114592548263 0) (0.0148545245437 0.11550386891 0) (0.0150937452956 0.116414697989 0) (0.0153348445513 0.117325031625 0) (0.0155778212848 0.118234865944 0) (0.0158226744619 0.119144197073 0) (0.0160694030406 0.120053021142 0) (0.0163180059709 0.120961334283 0) (0.0165684821948 0.121869132632 0) (0.0168208306462 0.122776412324 0) (0.0170750502513 0.123683169498 0) (0.017331139928 0.124589400295 0) (0.0175890985865 0.125495100858 0) (0.017848925129 0.126400267334 0) (0.0181106184497 0.127304895869 0) (0.0183741774349 0.128208982613 0) (0.0186396009628 0.12911252372 0) (0.018906887904 0.130015515343 0) (0.0191760371208 0.130917953639 0) (0.0194470474678 0.131819834769 0) (0.0197199177917 0.132721154893 0) (0.019994646931 0.133621910176 0) (0.0202712337168 0.134522096785 0) (0.0205496769717 0.135421710888 0) (0.0208299755108 0.136320748656 0) (0.0211121281412 0.137219206264 0) (0.0213961336621 0.138117079888 0) (0.0216819908648 0.139014365706 0) (0.0219696985328 0.139911059901 0) (0.0222592554415 0.140807158655 0) (0.0225506603588 0.141702658154 0) (0.0228439120444 0.142597554589 0) (0.0231390092502 0.143491844151 0) (0.0234359507205 0.144385523032 0) (0.0237347351914 0.145278587431 0) (0.0240353613914 0.146171033546 0) (0.024337828041 0.147062857579 0) (0.024642133853 0.147954055735 0) (0.0249482775324 0.14884462422 0) (0.0252562577762 0.149734559246 0) (0.0255660732737 0.150623857024 0) (0.0258777227063 0.151512513769 0) (0.0261912047478 0.1524005257 0) (0.026506518064 0.153287889038 0) (0.0268236613131 0.154174600005 0))
    polyLine 9 13 ((-0.158653457709 0.142232716896 -0.03) (-0.158075112613 0.14510765782 -0.03) (-0.157486187712 0.147980579794 -0.03) (-0.156886742658 0.150851463083 -0.03) (-0.156276837497 0.153720288991 -0.03) (-0.155656532635 0.156587039862 -0.03) (-0.155025888799 0.15945169909 -0.03) (-0.154384967011 0.162314251113 -0.03) (-0.153733828546 0.165174681422 -0.03) (-0.153072534902 0.16803297656 -0.03) (-0.152401147769 0.170889124121 -0.03) (-0.151719728994 0.173743112755 -0.03) (-0.151028340547 0.176594932162 -0.03) (-0.150327044495 0.179444573095 -0.03) (-0.149615902964 0.182292027359 -0.03) (-0.148894978112 0.185137287808 -0.03) (-0.148164332098 0.187980348341 -0.03) (-0.147424027052 0.190821203904 -0.03) (-0.146674125043 0.193659850483 -0.03) (-0.145914688055 0.196496285102 -0.03) (-0.145145777956 0.199330505819 -0.03) (-0.144367456467 0.20216251172 -0.03) (-0.143579785143 0.204992302918 -0.03))
    polyLine 11 15 ((-0.158653457709 0.142232716896 0) (-0.158075112613 0.14510765782 0) (-0.157486187712 0.147980579794 0) (-0.156886742658 0.150851463083 0) (-0.156276837497 0.153720288991 0) (-0.155656532635 0.156587039862 0) (-0.155025888799 0.15945169909 0) (-0.154384967011 0.162314251113 0) (-0.153733828546 0.165174681422 0) (-0.153072534902 0.16803297656 0) (-0.152401147769 0.170889124121 0) (-0.151719728994 0.173743112755 0) (-0.151028340547 0.176594932162 0) (-0.150327044495 0.179444573095 0) (-0.149615902964 0.182292027359 0) (-0.148894978112 0.185137287808 0) (-0.148164332098 0.187980348341 0) (-0.147424027052 0.190821203904 0) (-0.146674125043 0.193659850483 0) (-0.145914688055 0.196496285102 0) (-0.145145777956 0.199330505819 0) (-0.144367456467 0.20216251172 0) (-0.143579785143 0.204992302918 0))
    polyLine 12 16 ((0.0271426331451 0.155060654829 -0.03) (0.0274634322028 0.155946049738 -0.03) (0.0277860571207 0.156830780964 -0.03) (0.028110506526 0.157714844742 -0.03) (0.0284367790376 0.15859823731 -0.03) (0.0287648732672 0.159480954907 -0.03) (0.0290947878183 0.160362993778 -0.03) (0.0294265212869 0.161244350168 -0.03) (0.0297600722613 0.162125020326 -0.03) (0.0300954393217 0.163005000505 -0.03) (0.0304326210411 0.163884286959 -0.03) (0.0307716159843 0.164762875946 -0.03) (0.0311124227087 0.165640763728 -0.03) (0.0314550397639 0.166517946567 -0.03) (0.0317994656917 0.167394420731 -0.03) (0.0321456990262 0.16827018249 -0.03) (0.0324937382941 0.169145228116 -0.03) (0.0328435820141 0.170019553886 -0.03) (0.0331952286972 0.170893156078 -0.03) (0.033548676847 0.171766030975 -0.03) (0.0339039249592 0.172638174862 -0.03) (0.034260971522 0.173509584027 -0.03) (0.0346198150157 0.174380254761 -0.03) (0.0349804539133 0.175250183359 -0.03) (0.0353428866799 0.176119366118 -0.03) (0.035707111773 0.176987799341 -0.03) (0.0360731276426 0.17785547933 -0.03) (0.0364409327309 0.178722402393 -0.03) (0.0368105254726 0.17958856484 -0.03) (0.0371819042948 0.180453962986 -0.03) (0.037555067617 0.181318593147 -0.03) (0.037930013851 0.182182451644 -0.03) (0.0383067414011 0.183045534799 -0.03) (0.038685248664 0.18390783894 -0.03) (0.0390655340289 0.184769360398 -0.03) (0.0394475958773 0.185630095504 -0.03) (0.0398314325832 0.186490040598 -0.03) (0.0402170425131 0.187349192018 -0.03) (0.0406044240258 0.188207546108 -0.03) (0.0409935754727 0.189065099215 -0.03) (0.0413844951978 0.189921847689 -0.03) (0.0417771815372 0.190777787885 -0.03) (0.0421716328197 0.19163291616 -0.03) (0.0425678473667 0.192487228874 -0.03) (0.0429658234918 0.193340722391 -0.03) (0.0433655595014 0.194193393079 -0.03) (0.0437670536943 0.19504523731 -0.03) (0.0441703043618 0.195896251457 -0.03) (0.0445753097876 0.1967464319 -0.03) (0.0449820682481 0.19759577502 -0.03) (0.0453905780123 0.198444277202 -0.03) (0.0458008373416 0.199291934835 -0.03) (0.04621284449 0.200138744312 -0.03) (0.0466265977039 0.200984702028 -0.03) (0.0470420952227 0.201829804384 -0.03) (0.0474593352779 0.202674047783 -0.03))
    polyLine 14 18 ((0.0271426331451 0.155060654829 0) (0.0274634322028 0.155946049738 0) (0.0277860571207 0.156830780964 0) (0.028110506526 0.157714844742 0) (0.0284367790376 0.15859823731 0) (0.0287648732672 0.159480954907 0) (0.0290947878183 0.160362993778 0) (0.0294265212869 0.161244350168 0) (0.0297600722613 0.162125020326 0) (0.0300954393217 0.163005000505 0) (0.0304326210411 0.163884286959 0) (0.0307716159843 0.164762875946 0) (0.0311124227087 0.165640763728 0) (0.0314550397639 0.166517946567 0) (0.0317994656917 0.167394420731 0) (0.0321456990262 0.16827018249 0) (0.0324937382941 0.169145228116 0) (0.0328435820141 0.170019553886 0) (0.0331952286972 0.170893156078 0) (0.033548676847 0.171766030975 0) (0.0339039249592 0.172638174862 0) (0.034260971522 0.173509584027 0) (0.0346198150157 0.174380254761 0) (0.0349804539133 0.175250183359 0) (0.0353428866799 0.176119366118 0) (0.035707111773 0.176987799341 0) (0.0360731276426 0.17785547933 0) (0.0364409327309 0.178722402393 0) (0.0368105254726 0.17958856484 0) (0.0371819042948 0.180453962986 0) (0.037555067617 0.181318593147 0) (0.037930013851 0.182182451644 0) (0.0383067414011 0.183045534799 0) (0.038685248664 0.18390783894 0) (0.0390655340289 0.184769360398 0) (0.0394475958773 0.185630095504 0) (0.0398314325832 0.186490040598 0) (0.0402170425131 0.187349192018 0) (0.0406044240258 0.188207546108 0) (0.0409935754727 0.189065099215 0) (0.0413844951978 0.189921847689 0) (0.0417771815372 0.190777787885 0) (0.0421716328197 0.19163291616 0) (0.0425678473667 0.192487228874 0) (0.0429658234918 0.193340722391 0) (0.0433655595014 0.194193393079 0) (0.0437670536943 0.19504523731 0) (0.0441703043618 0.195896251457 0) (0.0445753097876 0.1967464319 0) (0.0449820682481 0.19759577502 0) (0.0453905780123 0.198444277202 0) (0.0458008373416 0.199291934835 0) (0.04621284449 0.200138744312 0) (0.0466265977039 0.200984702028 0) (0.0470420952227 0.201829804384 0) (0.0474593352779 0.202674047783 0))
    polyLine 13 17 ((-0.141973519675 0.210656109443 -0.03) (-0.141154977132 0.213490113066 -0.03) (-0.140327259013 0.216321895626 -0.03) (-0.139490426322 0.219151462346 -0.03) (-0.138644539735 0.221978819454 -0.03) (-0.137789659575 0.224803974176 -0.03) (-0.136925845794 0.227626934729 -0.03) (-0.136053157944 0.230447710314 -0.03) (-0.13517165516 0.233266311106 -0.03) (-0.134281396135 0.236082748249 -0.03) (-0.133382439105 0.238897033846 -0.03) (-0.132474841822 0.241709180952 -0.03) (-0.131558661541 0.244519203565 -0.03) (-0.130633954997 0.247327116617 -0.03) (-0.129700778389 0.250132935966 -0.03) (-0.12875918736 0.252936678387 -0.03) (-0.127809236985 0.255738361564 -0.03) (-0.126850981747 0.25853800408 -0.03) (-0.125884475529 0.261335625407 -0.03) (-0.124909771593 0.264131245899 -0.03) (-0.123926922567 0.266924886783 -0.03) (-0.122935980433 0.269716570147 -0.03) (-0.12193699651 0.272506318935 -0.03))
    polyLine 15 19 ((-0.141973519675 0.210656109443 0) (-0.141154977132 0.213490113066 0) (-0.140327259013 0.216321895626 0) (-0.139490426322 0.219151462346 0) (-0.138644539735 0.221978819454 0) (-0.137789659575 0.224803974176 0) (-0.136925845794 0.227626934729 0) (-0.136053157944 0.230447710314 0) (-0.13517165516 0.233266311106 0) (-0.134281396135 0.236082748249 0) (-0.133382439105 0.238897033846 0) (-0.132474841822 0.241709180952 0) (-0.131558661541 0.244519203565 0) (-0.130633954997 0.247327116617 0) (-0.129700778389 0.250132935966 0) (-0.12875918736 0.252936678387 0) (-0.127809236985 0.255738361564 0) (-0.126850981747 0.25853800408 0) (-0.125884475529 0.261335625407 0) (-0.124909771593 0.264131245899 0) (-0.123926922567 0.266924886783 0) (-0.122935980433 0.269716570147 0) (-0.12193699651 0.272506318935 0))
    polyLine 16 20 ((0.0478783160939 0.203517428632 -0.03) (0.0482990358876 0.204359943341 -0.03) (0.0487214928684 0.205201588325 -0.03) (0.0491456852383 0.206042360003 -0.03) (0.0495716111922 0.206882254795 -0.03) (0.0499992689173 0.207721269128 -0.03) (0.0504286565937 0.20855939943 -0.03) (0.0508597723938 0.209396642135 -0.03) (0.0512926144829 0.210232993679 -0.03) (0.0517271810189 0.211068450504 -0.03) (0.0521634701524 0.211903009054 -0.03) (0.0526014800265 0.212736665776 -0.03) (0.0530412087772 0.213569417123 -0.03) (0.0534826545331 0.214401259551 -0.03) (0.0539258154154 0.215232189519 -0.03) (0.0543706895381 0.216062203492 -0.03) (0.0548172750079 0.216891297937 -0.03) (0.0552655699242 0.217719469325 -0.03) (0.055715572379 0.218546714132 -0.03) (0.0561672804574 0.219373028837 -0.03) (0.0566206922368 0.220198409924 -0.03) (0.0570758057876 0.22102285388 -0.03) (0.0575326191729 0.221846357196 -0.03) (0.0579911304487 0.222668916367 -0.03) (0.0584513376634 0.223490527893 -0.03) (0.0589132388587 0.224311188277 -0.03) (0.0593768320686 0.225130894027 -0.03) (0.0598421153202 0.225949641653 -0.03) (0.0603090866333 0.226767427672 -0.03) (0.0607777440206 0.227584248603 -0.03) (0.0612480854875 0.22840010097 -0.03) (0.0617201090324 0.229214981301 -0.03) (0.0621938126463 0.230028886127 -0.03) (0.0626691943132 0.230841811985 -0.03) (0.0631462520101 0.231653755416 -0.03) (0.0636249837066 0.232464712963 -0.03) (0.0641053873653 0.233274681175 -0.03) (0.0645874609416 0.234083656606 -0.03) (0.0650712023841 0.234891635811 -0.03) (0.0655566096338 0.235698615354 -0.03) (0.066043680625 0.236504591799 -0.03) (0.0665324132849 0.237309561716 -0.03) (0.0670228055333 0.238113521679 -0.03) (0.0675148552834 0.238916468268 -0.03) (0.0680085604409 0.239718398064 -0.03) (0.0685039189049 0.240519307654 -0.03) (0.069000928567 0.241319193631 -0.03) (0.0694995873121 0.24211805259 -0.03) (0.069999893018 0.242915881131 -0.03) (0.0705018435554 0.243712675859 -0.03) (0.0710054367882 0.244508433382 -0.03) (0.0715106705731 0.245303150315 -0.03) (0.0720175427599 0.246096823274 -0.03) (0.0725260511915 0.246889448882 -0.03) (0.0730361937037 0.247681023767 -0.03) (0.0735479681254 0.248471544558 -0.03))
    polyLine 18 22 ((0.0478783160939 0.203517428632 0) (0.0482990358876 0.204359943341 0) (0.0487214928684 0.205201588325 0) (0.0491456852383 0.206042360003 0) (0.0495716111922 0.206882254795 0) (0.0499992689173 0.207721269128 0) (0.0504286565937 0.20855939943 0) (0.0508597723938 0.209396642135 0) (0.0512926144829 0.210232993679 0) (0.0517271810189 0.211068450504 0) (0.0521634701524 0.211903009054 0) (0.0526014800265 0.212736665776 0) (0.0530412087772 0.213569417123 0) (0.0534826545331 0.214401259551 0) (0.0539258154154 0.215232189519 0) (0.0543706895381 0.216062203492 0) (0.0548172750079 0.216891297937 0) (0.0552655699242 0.217719469325 0) (0.055715572379 0.218546714132 0) (0.0561672804574 0.219373028837 0) (0.0566206922368 0.220198409924 0) (0.0570758057876 0.22102285388 0) (0.0575326191729 0.221846357196 0) (0.0579911304487 0.222668916367 0) (0.0584513376634 0.223490527893 0) (0.0589132388587 0.224311188277 0) (0.0593768320686 0.225130894027 0) (0.0598421153202 0.225949641653 0) (0.0603090866333 0.226767427672 0) (0.0607777440206 0.227584248603 0) (0.0612480854875 0.22840010097 0) (0.0617201090324 0.229214981301 0) (0.0621938126463 0.230028886127 0) (0.0626691943132 0.230841811985 0) (0.0631462520101 0.231653755416 0) (0.0636249837066 0.232464712963 0) (0.0641053873653 0.233274681175 0) (0.0645874609416 0.234083656606 0) (0.0650712023841 0.234891635811 0) (0.0655566096338 0.235698615354 0) (0.066043680625 0.236504591799 0) (0.0665324132849 0.237309561716 0) (0.0670228055333 0.238113521679 0) (0.0675148552834 0.238916468268 0) (0.0680085604409 0.239718398064 0) (0.0685039189049 0.240519307654 0) (0.069000928567 0.241319193631 0) (0.0694995873121 0.24211805259 0) (0.069999893018 0.242915881131 0) (0.0705018435554 0.243712675859 0) (0.0710054367882 0.244508433382 0) (0.0715106705731 0.245303150315 0) (0.0720175427599 0.246096823274 0) (0.0725260511915 0.246889448882 0) (0.0730361937037 0.247681023767 0) (0.0735479681254 0.248471544558 0))
    polyLine 17 21 ((-0.119909873488 0.278094408969 -0.03) (-0.118881752605 0.280892781263 -0.03) (-0.117845708086 0.283689300493 -0.03) (-0.116801788486 0.286483994161 -0.03) (-0.115750041613 0.289276890585 -0.03) (-0.114690514517 0.292068018887 -0.03) (-0.113623253479 0.294857408987 -0.03) (-0.112548304002 0.297645091591 -0.03) (-0.111465710801 0.300431098184 -0.03) (-0.110375517799 0.30321546102 -0.03) (-0.109277768111 0.305998213113 -0.03) (-0.108172504044 0.308779388227 -0.03) (-0.107059767085 0.311559020872 -0.03) (-0.105939597895 0.314337146288 -0.03) (-0.104812036304 0.317113800444 -0.03) (-0.103677121302 0.319889020022 -0.03) (-0.102534891036 0.322662842418 -0.03) (-0.101385382804 0.325435305724 -0.03) (-0.100228633047 0.328206448728 -0.03) (-0.0990646773485 0.330976310901 -0.03) (-0.0978935504262 0.333744932393 -0.03) (-0.0967152861304 0.336512354021 -0.03) (-0.0955299174389 0.339278617269 -0.03))
    polyLine 19 23 ((-0.119909873488 0.278094408969 0) (-0.118881752605 0.280892781263 0) (-0.117845708086 0.283689300493 0) (-0.116801788486 0.286483994161 0) (-0.115750041613 0.289276890585 0) (-0.114690514517 0.292068018887 0) (-0.113623253479 0.294857408987 0) (-0.112548304002 0.297645091591 0) (-0.111465710801 0.300431098184 0) (-0.110375517799 0.30321546102 0) (-0.109277768111 0.305998213113 0) (-0.108172504044 0.308779388227 0) (-0.107059767085 0.311559020872 0) (-0.105939597895 0.314337146288 0) (-0.104812036304 0.317113800444 0) (-0.103677121302 0.319889020022 0) (-0.102534891036 0.322662842418 0) (-0.101385382804 0.325435305724 0) (-0.100228633047 0.328206448728 0) (-0.0990646773485 0.330976310901 0) (-0.0978935504262 0.333744932393 0) (-0.0967152861304 0.336512354021 0) (-0.0955299174389 0.339278617269 0))
    polyLine 20 24 ((0.0740613722785 0.249261007892 -0.03) (0.0745764039782 0.250049410409 -0.03) (0.0750930610325 0.250836748753 -0.03) (0.0756113412426 0.251623019574 -0.03) (0.0761312424028 0.252408219526 -0.03) (0.0766527623005 0.253192345266 -0.03) (0.0771758987161 0.253975393458 -0.03) (0.0777006494232 0.254757360769 -0.03) (0.0782270121887 0.255538243871 -0.03) (0.0787549847723 0.256318039441 -0.03) (0.0792845649272 0.257096744161 -0.03) (0.0798157503994 0.257874354715 -0.03) (0.0803485389284 0.258650867795 -0.03) (0.0808829282467 0.259426280096 -0.03) (0.08141891608 0.260200588318 -0.03) (0.0819565001472 0.260973789166 -0.03) (0.0824956781605 0.261745879349 -0.03) (0.0830364478251 0.26251685558 -0.03) (0.0835788068397 0.26328671458 -0.03) (0.084122752896 0.264055453071 -0.03) (0.0846682836791 0.264823067783 -0.03) (0.0852153968674 0.265589555447 -0.03) (0.0857640901323 0.266354912802 -0.03) (0.0863143611387 0.267119136591 -0.03) (0.0868662075448 0.267882223562 -0.03) (0.0874196270019 0.268644170466 -0.03) (0.0879746171549 0.269404974061 -0.03) (0.0885311756417 0.270164631109 -0.03) (0.0890893000937 0.270923138377 -0.03) (0.0896489881356 0.271680492638 -0.03) (0.0902102373855 0.272436690667 -0.03) (0.0907730454548 0.273191729247 -0.03) (0.0913374099483 0.273945605165 -0.03) (0.0919033284641 0.274698315211 -0.03) (0.0924707985937 0.275449856183 -0.03) (0.0930398179221 0.276200224881 -0.03) (0.0936103840276 0.276949418114 -0.03) (0.094182494482 0.277697432691 -0.03) (0.0947561468504 0.278444265431 -0.03) (0.0953313386916 0.279189913153 -0.03) (0.0959080675575 0.279934372685 -0.03) (0.0964863309936 0.28067764086 -0.03) (0.0970661265391 0.281419714512 -0.03) (0.0976474517263 0.282160590485 -0.03) (0.0982303040812 0.282900265625 -0.03) (0.0988146811233 0.283638736784 -0.03) (0.0994005803656 0.284376000819 -0.03) (0.0999879993146 0.285112054593 -0.03) (0.10057693547 0.285846894974 -0.03) (0.101167386326 0.286580518833 -0.03) (0.10175934937 0.287312923049 -0.03) (0.102352822081 0.288044104505 -0.03) (0.102947801935 0.288774060088 -0.03) (0.103544286399 0.289502786693 -0.03) (0.104142272935 0.290230281217 -0.03) (0.104741758997 0.290956540565 -0.03))
    polyLine 22 26 ((0.0740613722785 0.249261007892 0) (0.0745764039782 0.250049410409 0) (0.0750930610325 0.250836748753 0) (0.0756113412426 0.251623019574 0) (0.0761312424028 0.252408219526 0) (0.0766527623005 0.253192345266 0) (0.0771758987161 0.253975393458 0) (0.0777006494232 0.254757360769 0) (0.0782270121887 0.255538243871 0) (0.0787549847723 0.256318039441 0) (0.0792845649272 0.257096744161 0) (0.0798157503994 0.257874354715 0) (0.0803485389284 0.258650867795 0) (0.0808829282467 0.259426280096 0) (0.08141891608 0.260200588318 0) (0.0819565001472 0.260973789166 0) (0.0824956781605 0.261745879349 0) (0.0830364478251 0.26251685558 0) (0.0835788068397 0.26328671458 0) (0.084122752896 0.264055453071 0) (0.0846682836791 0.264823067783 0) (0.0852153968674 0.265589555447 0) (0.0857640901323 0.266354912802 0) (0.0863143611387 0.267119136591 0) (0.0868662075448 0.267882223562 0) (0.0874196270019 0.268644170466 0) (0.0879746171549 0.269404974061 0) (0.0885311756417 0.270164631109 0) (0.0890893000937 0.270923138377 0) (0.0896489881356 0.271680492638 0) (0.0902102373855 0.272436690667 0) (0.0907730454548 0.273191729247 0) (0.0913374099483 0.273945605165 0) (0.0919033284641 0.274698315211 0) (0.0924707985937 0.275449856183 0) (0.0930398179221 0.276200224881 0) (0.0936103840276 0.276949418114 0) (0.094182494482 0.277697432691 0) (0.0947561468504 0.278444265431 0) (0.0953313386916 0.279189913153 0) (0.0959080675575 0.279934372685 0) (0.0964863309936 0.28067764086 0) (0.0970661265391 0.281419714512 0) (0.0976474517263 0.282160590485 0) (0.0982303040812 0.282900265625 0) (0.0988146811233 0.283638736784 0) (0.0994005803656 0.284376000819 0) (0.0999879993146 0.285112054593 0) (0.10057693547 0.285846894974 0) (0.101167386326 0.286580518833 0) (0.10175934937 0.287312923049 0) (0.102352822081 0.288044104505 0) (0.102947801935 0.288774060088 0) (0.103544286399 0.289502786693 0) (0.104142272935 0.290230281217 0) (0.104741758997 0.290956540565 0))
    polyLine 21 25 ((-0.0931302644463 0.344825594941 -0.03) (-0.0919159515173 0.347606382582 -0.03) (-0.0906945676839 0.350386172116 -0.03) (-0.0894661420524 0.35316500911 -0.03) (-0.0882307028158 0.355942939768 -0.03) (-0.086988277251 0.358720010925 -0.03) (-0.0857388917172 0.361496270041 -0.03) (-0.0844825716536 0.364271765198 -0.03) (-0.0832193415781 0.367046545089 -0.03) (-0.0819492250858 0.369820659015 -0.03) (-0.080672244847 0.372594156883 -0.03) (-0.0793884226071 0.375367089193 -0.03) (-0.0780977791845 0.378139507041 -0.03) (-0.0768003344705 0.38091146211 -0.03) (-0.0754961074281 0.383683006666 -0.03) (-0.0741851160913 0.386454193553 -0.03) (-0.0728673775651 0.389225076193 -0.03) (-0.0715429080243 0.391995708576 -0.03) (-0.0702117227138 0.39476614526 -0.03) (-0.0688738359481 0.397536441368 -0.03) (-0.0675292611108 0.400306652582 -0.03) (-0.0661780106551 0.403076835142 -0.03) (-0.0648200961033 0.405847045844 -0.03))
    polyLine 23 27 ((-0.0931302644463 0.344825594941 0) (-0.0919159515173 0.347606382582 0) (-0.0906945676839 0.350386172116 0) (-0.0894661420524 0.35316500911 0) (-0.0882307028158 0.355942939768 0) (-0.086988277251 0.358720010925 0) (-0.0857388917172 0.361496270041 0) (-0.0844825716536 0.364271765198 0) (-0.0832193415781 0.367046545089 0) (-0.0819492250858 0.369820659015 0) (-0.080672244847 0.372594156883 0) (-0.0793884226071 0.375367089193 0) (-0.0780977791845 0.378139507041 0) (-0.0768003344705 0.38091146211 0) (-0.0754961074281 0.383683006666 0) (-0.0741851160913 0.386454193553 0) (-0.0728673775651 0.389225076193 0) (-0.0715429080243 0.391995708576 0) (-0.0702117227138 0.39476614526 0) (-0.0688738359481 0.397536441368 0) (-0.0675292611108 0.400306652582 0) (-0.0661780106551 0.403076835142 0) (-0.0648200961033 0.405847045844 0))
    polyLine 24 28 ((0.105342742035 0.291681561647 -0.03) (0.105945219491 0.292405341375 -0.03) (0.106549188801 0.293127876671 -0.03) (0.107154647393 0.293849164459 -0.03) (0.107761592692 0.294569201669 -0.03) (0.108370022115 0.295287985237 -0.03) (0.108979933072 0.296005512104 -0.03) (0.109591322967 0.296721779216 -0.03) (0.110204189199 0.297436783526 -0.03) (0.110818529158 0.298150521989 -0.03) (0.111434340232 0.298862991569 -0.03) (0.112051619798 0.299574189233 -0.03) (0.11267036523 0.300284111955 -0.03) (0.113290573894 0.300992756713 -0.03) (0.113912243152 0.301700120491 -0.03) (0.114535370356 0.302406200279 -0.03) (0.115159952856 0.303110993072 -0.03) (0.115785987993 0.30381449587 -0.03) (0.116413473103 0.30451670568 -0.03) (0.117042405515 0.305217619513 -0.03) (0.117672782553 0.305917234385 -0.03) (0.118304601534 0.306615547321 -0.03) (0.118937859769 0.307312555346 -0.03) (0.119572554563 0.308008255497 -0.03) (0.120208683215 0.30870264481 -0.03) (0.120846243017 0.309395720332 -0.03) (0.121485231257 0.310087479112 -0.03) (0.122125645214 0.310777918207 -0.03) (0.122767482163 0.311467034678 -0.03) (0.123410739373 0.312154825592 -0.03) (0.124055414107 0.312841288022 -0.03) (0.124701503619 0.313526419048 -0.03) (0.125349005162 0.314210215752 -0.03) (0.125997915978 0.314892675225 -0.03) (0.126648233307 0.315573794563 -0.03) (0.127299954381 0.316253570866 -0.03) (0.127953076426 0.316932001242 -0.03) (0.128607596662 0.317609082803 -0.03) (0.129263512304 0.318284812667 -0.03) (0.129920820561 0.31895918796 -0.03) (0.130579518636 0.319632205811 -0.03) (0.131239603724 0.320303863355 -0.03) (0.131901073016 0.320974157735 -0.03) (0.132563923698 0.321643086097 -0.03) (0.133228152949 0.322310645594 -0.03) (0.133893757941 0.322976833387 -0.03) (0.134560735842 0.323641646638 -0.03) (0.135229083814 0.32430508252 -0.03) (0.135898799011 0.324967138208 -0.03) (0.136569878584 0.325627810886 -0.03) (0.137242319677 0.32628709774 -0.03) (0.137916119428 0.326944995966 -0.03) (0.13859127497 0.327601502764 -0.03) (0.139267783428 0.328256615339 -0.03) (0.139945641924 0.328910330903 -0.03) (0.140624847574 0.329562646675 -0.03))
    polyLine 26 30 ((0.105342742035 0.291681561647 0) (0.105945219491 0.292405341375 0) (0.106549188801 0.293127876671 0) (0.107154647393 0.293849164459 0) (0.107761592692 0.294569201669 0) (0.108370022115 0.295287985237 0) (0.108979933072 0.296005512104 0) (0.109591322967 0.296721779216 0) (0.110204189199 0.297436783526 0) (0.110818529158 0.298150521989 0) (0.111434340232 0.298862991569 0) (0.112051619798 0.299574189233 0) (0.11267036523 0.300284111955 0) (0.113290573894 0.300992756713 0) (0.113912243152 0.301700120491 0) (0.114535370356 0.302406200279 0) (0.115159952856 0.303110993072 0) (0.115785987993 0.30381449587 0) (0.116413473103 0.30451670568 0) (0.117042405515 0.305217619513 0) (0.117672782553 0.305917234385 0) (0.118304601534 0.306615547321 0) (0.118937859769 0.307312555346 0) (0.119572554563 0.308008255497 0) (0.120208683215 0.30870264481 0) (0.120846243017 0.309395720332 0) (0.121485231257 0.310087479112 0) (0.122125645214 0.310777918207 0) (0.122767482163 0.311467034678 0) (0.123410739373 0.312154825592 0) (0.124055414107 0.312841288022 0) (0.124701503619 0.313526419048 0) (0.125349005162 0.314210215752 0) (0.125997915978 0.314892675225 0) (0.126648233307 0.315573794563 0) (0.127299954381 0.316253570866 0) (0.127953076426 0.316932001242 0) (0.128607596662 0.317609082803 0) (0.129263512304 0.318284812667 0) (0.129920820561 0.31895918796 0) (0.130579518636 0.319632205811 0) (0.131239603724 0.320303863355 0) (0.131901073016 0.320974157735 0) (0.132563923698 0.321643086097 0) (0.133228152949 0.322310645594 0) (0.133893757941 0.322976833387 0) (0.134560735842 0.323641646638 0) (0.135229083814 0.32430508252 0) (0.135898799011 0.324967138208 0) (0.136569878584 0.325627810886 0) (0.137242319677 0.32628709774 0) (0.137916119428 0.326944995966 0) (0.13859127497 0.327601502764 0) (0.139267783428 0.328256615339 0) (0.139945641924 0.328910330903 0) (0.140624847574 0.329562646675 0))
    polyLine 25 29 ((-0.0620737099589 0.411409159248 -0.03) (-0.0606851540314 0.414201181879 -0.03) (-0.0592898682347 0.416993470295 -0.03) (-0.0578878595794 0.419786085429 -0.03) (-0.0564791341171 0.422579088772 -0.03) (-0.0550636969398 0.425372542371 -0.03) (-0.0536415521805 0.428166508832 -0.03) (-0.0522127030133 0.430961051314 -0.03) (-0.0507771516534 0.433756233531 -0.03) (-0.0493348993572 0.436552119752 -0.03) (-0.0478859464225 0.439348774799 -0.03) (-0.0464302921884 0.442146264048 -0.03) (-0.0449679350354 0.44494465343 -0.03) (-0.0434988723854 0.447744009429 -0.03) (-0.0420231007014 0.450544399084 -0.03) (-0.0405406154875 0.453345889992 -0.03) (-0.0390514112888 0.456148550304 -0.03) (-0.0375554816908 0.458952448731 -0.03) (-0.0360528193194 0.461757654543 -0.03) (-0.0345434158401 0.464564237573 -0.03) (-0.0330272619579 0.467372268215 -0.03) (-0.0315043474162 0.470181817432 -0.03) (-0.0299746609966 0.472992956751 -0.03))
    polyLine 27 31 ((-0.0620737099589 0.411409159248 0) (-0.0606851540314 0.414201181879 0) (-0.0592898682347 0.416993470295 0) (-0.0578878595794 0.419786085429 0) (-0.0564791341171 0.422579088772 0) (-0.0550636969398 0.425372542371 0) (-0.0536415521805 0.428166508832 0) (-0.0522127030133 0.430961051314 0) (-0.0507771516534 0.433756233531 0) (-0.0493348993572 0.436552119752 0) (-0.0478859464225 0.439348774799 0) (-0.0464302921884 0.442146264048 0) (-0.0449679350354 0.44494465343 0) (-0.0434988723854 0.447744009429 0) (-0.0420231007014 0.450544399084 0) (-0.0405406154875 0.453345889992 0) (-0.0390514112888 0.456148550304 0) (-0.0375554816908 0.458952448731 0) (-0.0360528193194 0.461757654543 0) (-0.0345434158401 0.464564237573 0) (-0.0330272619579 0.467372268215 0) (-0.0315043474162 0.470181817432 0) (-0.0299746609966 0.472992956751 0))
    polyLine 28 32 ((0.141305397485 0.330213559878 -0.03) (0.141987288763 0.330863067742 -0.03) (0.142670518505 0.331511167503 -0.03) (0.143355083803 0.332157856403 -0.03) (0.144040981744 0.332803131688 -0.03) (0.144728209409 0.333446990614 -0.03) (0.145416763874 0.33408943044 -0.03) (0.146106642206 0.334730448432 -0.03) (0.146797841472 0.335370041862 -0.03) (0.147490358729 0.336008208007 -0.03) (0.14818419103 0.336644944153 -0.03) (0.148879335421 0.337280247588 -0.03) (0.149575788945 0.33791411561 -0.03) (0.150273548638 0.33854654552 -0.03) (0.15097261153 0.339177534627 -0.03) (0.151672974646 0.339807080246 -0.03) (0.152374635005 0.340435179698 -0.03) (0.153077589621 0.341061830308 -0.03) (0.153781835502 0.341687029412 -0.03) (0.154487369652 0.342310774346 -0.03) (0.155194189067 0.342933062458 -0.03) (0.15590229074 0.343553891099 -0.03) (0.156611671657 0.344173257626 -0.03) (0.157322328799 0.344791159404 -0.03) (0.158034259141 0.345407593803 -0.03) (0.158747459654 0.346022558199 -0.03) (0.159461927302 0.346636049976 -0.03) (0.160177659045 0.347248066521 -0.03) (0.160894651836 0.347858605232 -0.03) (0.161612902625 0.348467663509 -0.03) (0.162332408354 0.34907523876 -0.03) (0.163053165962 0.3496813284 -0.03) (0.16377517238 0.350285929849 -0.03) (0.164498424536 0.350889040534 -0.03) (0.165222919353 0.351490657889 -0.03) (0.165948653746 0.352090779352 -0.03) (0.166675624628 0.35268940237 -0.03) (0.167403828903 0.353286524395 -0.03) (0.168133263474 0.353882142886 -0.03) (0.168863925236 0.354476255309 -0.03) (0.169595811078 0.355068859134 -0.03) (0.170328917888 0.355659951839 -0.03) (0.171063242543 0.35624953091 -0.03) (0.17179878192 0.356837593836 -0.03) (0.172535532888 0.357424138116 -0.03) (0.173273492311 0.358009161252 -0.03) (0.174012657048 0.358592660756 -0.03) (0.174753023955 0.359174634143 -0.03) (0.17549458988 0.359755078938 -0.03) (0.176235909157 0.360334098529 -0.03) (0.176977228434 0.36091311812 -0.03) (0.177718547711 0.361492137711 -0.03) (0.178459866989 0.362071157302 -0.03) (0.179201186266 0.362650176893 -0.03) (0.179942505543 0.363229196484 -0.03) (0.18068382482 0.363808216074 -0.03))
    polyLine 30 34 ((0.141305397485 0.330213559878 0) (0.141987288763 0.330863067742 0) (0.142670518505 0.331511167503 0) (0.143355083803 0.332157856403 0) (0.144040981744 0.332803131688 0) (0.144728209409 0.333446990614 0) (0.145416763874 0.33408943044 0) (0.146106642206 0.334730448432 0) (0.146797841472 0.335370041862 0) (0.147490358729 0.336008208007 0) (0.14818419103 0.336644944153 0) (0.148879335421 0.337280247588 0) (0.149575788945 0.33791411561 0) (0.150273548638 0.33854654552 0) (0.15097261153 0.339177534627 0) (0.151672974646 0.339807080246 0) (0.152374635005 0.340435179698 0) (0.153077589621 0.341061830308 0) (0.153781835502 0.341687029412 0) (0.154487369652 0.342310774346 0) (0.155194189067 0.342933062458 0) (0.15590229074 0.343553891099 0) (0.156611671657 0.344173257626 0) (0.157322328799 0.344791159404 0) (0.158034259141 0.345407593803 0) (0.158747459654 0.346022558199 0) (0.159461927302 0.346636049976 0) (0.160177659045 0.347248066521 0) (0.160894651836 0.347858605232 0) (0.161612902625 0.348467663509 0) (0.162332408354 0.34907523876 0) (0.163053165962 0.3496813284 0) (0.16377517238 0.350285929849 0) (0.164498424536 0.350889040534 0) (0.165222919353 0.351490657889 0) (0.165948653746 0.352090779352 0) (0.166675624628 0.35268940237 0) (0.167403828903 0.353286524395 0) (0.168133263474 0.353882142886 0) (0.168863925236 0.354476255309 0) (0.169595811078 0.355068859134 0) (0.170328917888 0.355659951839 0) (0.171063242543 0.35624953091 0) (0.17179878192 0.356837593836 0) (0.172535532888 0.357424138116 0) (0.173273492311 0.358009161252 0) (0.174012657048 0.358592660756 0) (0.174753023955 0.359174634143 0) (0.17549458988 0.359755078938 0) (0.176235909157 0.360334098529 0) (0.176977228434 0.36091311812 0) (0.177718547711 0.361492137711 0) (0.178459866989 0.362071157302 0) (0.179201186266 0.362650176893 0) (0.179942505543 0.363229196484 0) (0.18068382482 0.363808216074 0))
    polyLine 29 33 ((-0.0268808367368 0.478645935369 -0.03) (-0.0253165468761 0.481487954358 -0.03) (-0.0237453054303 0.484331891117 -0.03) (-0.0221670958916 0.487177822125 -0.03) (-0.0205819007476 0.490025824471 -0.03) (-0.0189897014802 0.492875975858 -0.03) (-0.0173904785634 0.495728354607 -0.03) (-0.0157842114619 0.498583039661 -0.03) (-0.0141708786289 0.501440110592 -0.03) (-0.0125504575037 0.504299647602 -0.03) (-0.0109229245099 0.507161731535 -0.03) (-0.00928825505248 0.510026443876 -0.03) (-0.00764642351536 0.512893866761 -0.03) (-0.00599740325852 0.515764082982 -0.03) (-0.00434116661501 0.518637175993 -0.03) (-0.00267768488778 0.521513229918 -0.03) (-0.00100692834636 0.524392329556 -0.03) (0.000671133776734 0.52727456039 -0.03) (0.0023565332897 0.530160008593 -0.03) (0.00404930304541 0.533048761036 -0.03) (0.0057494769455 0.535940905298 -0.03) (0.00745708994475 0.53883652967 -0.03) (0.0091721780556 0.541735723168 -0.03))
    polyLine 31 35 ((-0.0268808367368 0.478645935369 0) (-0.0253165468761 0.481487954358 0) (-0.0237453054303 0.484331891117 0) (-0.0221670958916 0.487177822125 0) (-0.0205819007476 0.490025824471 0) (-0.0189897014802 0.492875975858 0) (-0.0173904785634 0.495728354607 0) (-0.0157842114619 0.498583039661 0) (-0.0141708786289 0.501440110592 0) (-0.0125504575037 0.504299647602 0) (-0.0109229245099 0.507161731535 0) (-0.00928825505248 0.510026443876 0) (-0.00764642351536 0.512893866761 0) (-0.00599740325852 0.515764082982 0) (-0.00434116661501 0.518637175993 0) (-0.00267768488778 0.521513229918 0) (-0.00100692834636 0.524392329556 0) (0.000671133776734 0.52727456039 0) (0.0023565332897 0.530160008593 0) (0.00404930304541 0.533048761036 0) (0.0057494769455 0.535940905298 0) (0.00745708994475 0.53883652967 0) (0.0091721780556 0.541735723168 0))
    polyLine 32 36 ((0.181425144098 0.364387235665 -0.03) (0.182166463375 0.364966255256 -0.03) (0.182907782652 0.365545274847 -0.03) (0.183649101929 0.366124294438 -0.03) (0.184390421207 0.366703314029 -0.03) (0.185131740484 0.36728233362 -0.03) (0.185873059761 0.367861353211 -0.03) (0.186614379038 0.368440372802 -0.03) (0.187355698316 0.369019392393 -0.03) (0.188097017593 0.369598411984 -0.03) (0.18883833687 0.370177431575 -0.03) (0.189579656147 0.370756451166 -0.03) (0.190320975424 0.371335470757 -0.03) (0.191062294702 0.371914490348 -0.03) (0.191803613979 0.372493509939 -0.03) (0.192544933256 0.373072529529 -0.03) (0.193286252533 0.37365154912 -0.03) (0.194027571811 0.374230568711 -0.03) (0.194768891088 0.374809588302 -0.03) (0.195510210365 0.375388607893 -0.03) (0.196251529642 0.375967627484 -0.03) (0.19699284892 0.376546647075 -0.03) (0.197734168197 0.377125666666 -0.03) (0.198475487474 0.377704686257 -0.03) (0.199216806751 0.378283705848 -0.03) (0.199958126029 0.378862725439 -0.03) (0.200699445306 0.37944174503 -0.03) (0.201440764583 0.380020764621 -0.03) (0.20218208386 0.380599784212 -0.03) (0.202923403138 0.381178803803 -0.03) (0.203664722415 0.381757823394 -0.03) (0.204406041692 0.382336842984 -0.03) (0.205147360969 0.382915862575 -0.03) (0.205888680247 0.383494882166 -0.03) (0.206629999524 0.384073901757 -0.03) (0.207371318801 0.384652921348 -0.03) (0.208112638078 0.385231940939 -0.03) (0.208853957356 0.38581096053 -0.03) (0.209595276633 0.386389980121 -0.03) (0.21033659591 0.386968999712 -0.03) (0.211077915187 0.387548019303 -0.03) (0.211819234464 0.388127038894 -0.03) (0.212560553742 0.388706058485 -0.03) (0.213301873019 0.389285078076 -0.03) (0.214043192296 0.389864097667 -0.03) (0.214784511573 0.390443117258 -0.03) (0.215525830851 0.391022136849 -0.03) (0.216267150128 0.391601156439 -0.03) (0.217008469405 0.39218017603 -0.03) (0.217749788682 0.392759195621 -0.03) (0.21849110796 0.393338215212 -0.03) (0.219232427237 0.393917234803 -0.03) (0.219973746514 0.394496254394 -0.03) (0.220715065791 0.395075273985 -0.03) (0.221456385069 0.395654293576 -0.03) (0.222197704346 0.396233313167 -0.03))
    polyLine 34 38 ((0.181425144098 0.364387235665 0) (0.182166463375 0.364966255256 0) (0.182907782652 0.365545274847 0) (0.183649101929 0.366124294438 0) (0.184390421207 0.366703314029 0) (0.185131740484 0.36728233362 0) (0.185873059761 0.367861353211 0) (0.186614379038 0.368440372802 0) (0.187355698316 0.369019392393 0) (0.188097017593 0.369598411984 0) (0.18883833687 0.370177431575 0) (0.189579656147 0.370756451166 0) (0.190320975424 0.371335470757 0) (0.191062294702 0.371914490348 0) (0.191803613979 0.372493509939 0) (0.192544933256 0.373072529529 0) (0.193286252533 0.37365154912 0) (0.194027571811 0.374230568711 0) (0.194768891088 0.374809588302 0) (0.195510210365 0.375388607893 0) (0.196251529642 0.375967627484 0) (0.19699284892 0.376546647075 0) (0.197734168197 0.377125666666 0) (0.198475487474 0.377704686257 0) (0.199216806751 0.378283705848 0) (0.199958126029 0.378862725439 0) (0.200699445306 0.37944174503 0) (0.201440764583 0.380020764621 0) (0.20218208386 0.380599784212 0) (0.202923403138 0.381178803803 0) (0.203664722415 0.381757823394 0) (0.204406041692 0.382336842984 0) (0.205147360969 0.382915862575 0) (0.205888680247 0.383494882166 0) (0.206629999524 0.384073901757 0) (0.207371318801 0.384652921348 0) (0.208112638078 0.385231940939 0) (0.208853957356 0.38581096053 0) (0.209595276633 0.386389980121 0) (0.21033659591 0.386968999712 0) (0.211077915187 0.387548019303 0) (0.211819234464 0.388127038894 0) (0.212560553742 0.388706058485 0) (0.213301873019 0.389285078076 0) (0.214043192296 0.389864097667 0) (0.214784511573 0.390443117258 0) (0.215525830851 0.391022136849 0) (0.216267150128 0.391601156439 0) (0.217008469405 0.39218017603 0) (0.217749788682 0.392759195621 0) (0.21849110796 0.393338215212 0) (0.219232427237 0.393917234803 0) (0.219973746514 0.394496254394 0) (0.220715065791 0.395075273985 0) (0.221456385069 0.395654293576 0) (0.222197704346 0.396233313167 0))
    polyLine 33 37 ((0.0126464795578 0.547581325498 -0.03) (0.0144059606383 0.55052801328 -0.03) (0.0161732634295 0.553478734371 -0.03) (0.017948430905 0.556433585063 -0.03) (0.0197315071833 0.559392662468 -0.03) (0.0215225375346 0.56235606453 -0.03) (0.0233215683874 0.565323890031 -0.03) (0.0251286473354 0.568296238609 -0.03) (0.0269438231452 0.571273210766 -0.03) (0.0287671457637 0.574254907881 -0.03) (0.0305986663257 0.577241432225 -0.03) (0.0324384371628 0.580232886969 -0.03) (0.0342865118112 0.583229376202 -0.03) (0.0361429450207 0.586231004942 -0.03) (0.038007792764 0.589237879152 -0.03) (0.0398811122456 0.59225010575 -0.03) (0.0417629619121 0.595267792629 -0.03) (0.0436534014616 0.598291048668 -0.03) (0.0455524918544 0.601319983748 -0.03) (0.0474602953238 0.604354708769 -0.03) (0.0493768753867 0.607395335665 -0.03) (0.0513022968554 0.610441977422 -0.03) (0.0532366258488 0.61349474809 -0.03))
    polyLine 35 39 ((0.0126464795578 0.547581325498 0) (0.0144059606383 0.55052801328 0) (0.0161732634295 0.553478734371 0) (0.017948430905 0.556433585063 0) (0.0197315071833 0.559392662468 0) (0.0215225375346 0.56235606453 0) (0.0233215683874 0.565323890031 0) (0.0251286473354 0.568296238609 0) (0.0269438231452 0.571273210766 0) (0.0287671457637 0.574254907881 0) (0.0305986663257 0.577241432225 0) (0.0324384371628 0.580232886969 0) (0.0342865118112 0.583229376202 0) (0.0361429450207 0.586231004942 0) (0.038007792764 0.589237879152 0) (0.0398811122456 0.59225010575 0) (0.0417629619121 0.595267792629 0) (0.0436534014616 0.598291048668 0) (0.0455524918544 0.601319983748 0) (0.0474602953238 0.604354708769 0) (0.0493768753867 0.607395335665 0) (0.0513022968554 0.610441977422 0) (0.0532366258488 0.61349474809 0))
    polyLine 36 40 ((0.222939023623 0.396812332758 -0.03) (0.2236803429 0.397391352349 -0.03) (0.224421662178 0.39797037194 -0.03) (0.225162981455 0.398549391531 -0.03) (0.225904300732 0.399128411122 -0.03) (0.226645620009 0.399707430713 -0.03) (0.227386939287 0.400286450304 -0.03) (0.228128258564 0.400865469894 -0.03) (0.228869577841 0.401444489485 -0.03) (0.229610897118 0.402023509076 -0.03) (0.230352216395 0.402602528667 -0.03) (0.231093535673 0.403181548258 -0.03) (0.23183485495 0.403760567849 -0.03) (0.232576174227 0.40433958744 -0.03) (0.233317493504 0.404918607031 -0.03) (0.234058812782 0.405497626622 -0.03) (0.234800132059 0.406076646213 -0.03) (0.235541451336 0.406655665804 -0.03) (0.236282770613 0.407234685395 -0.03) (0.237024089891 0.407813704986 -0.03) (0.237765409168 0.408392724577 -0.03) (0.238506728445 0.408971744168 -0.03) (0.239248047722 0.409550763759 -0.03) (0.239989367 0.410129783349 -0.03) (0.240730686277 0.41070880294 -0.03) (0.241472005554 0.411287822531 -0.03) (0.242213324831 0.411866842122 -0.03) (0.242954644109 0.412445861713 -0.03) (0.243695963386 0.413024881304 -0.03) (0.244437282663 0.413603900895 -0.03) (0.24517860194 0.414182920486 -0.03) (0.245919921218 0.414761940077 -0.03) (0.246661240495 0.415340959668 -0.03) (0.247402559772 0.415919979259 -0.03) (0.248143879049 0.41649899885 -0.03) (0.248885198327 0.417078018441 -0.03) (0.249626517604 0.417657038032 -0.03) (0.250367836881 0.418236057623 -0.03) (0.251109156158 0.418815077214 -0.03) (0.251850475435 0.419394096804 -0.03) (0.252591794713 0.419973116395 -0.03) (0.25333311399 0.420552135986 -0.03) (0.254074433267 0.421131155577 -0.03) (0.254815752544 0.421710175168 -0.03) (0.255557071822 0.422289194759 -0.03) (0.256298391099 0.42286821435 -0.03) (0.257039710376 0.423447233941 -0.03) (0.257781029653 0.424026253532 -0.03) (0.258522348931 0.424605273123 -0.03) (0.259263668208 0.425184292714 -0.03) (0.260004987485 0.425763312305 -0.03) (0.260746306762 0.426342331896 -0.03) (0.26148762604 0.426921351487 -0.03) (0.262228945317 0.427500371078 -0.03) (0.262970264594 0.428079390669 -0.03) (0.263711583871 0.42865841026 -0.03))
    polyLine 38 42 ((0.222939023623 0.396812332758 0) (0.2236803429 0.397391352349 0) (0.224421662178 0.39797037194 0) (0.225162981455 0.398549391531 0) (0.225904300732 0.399128411122 0) (0.226645620009 0.399707430713 0) (0.227386939287 0.400286450304 0) (0.228128258564 0.400865469894 0) (0.228869577841 0.401444489485 0) (0.229610897118 0.402023509076 0) (0.230352216395 0.402602528667 0) (0.231093535673 0.403181548258 0) (0.23183485495 0.403760567849 0) (0.232576174227 0.40433958744 0) (0.233317493504 0.404918607031 0) (0.234058812782 0.405497626622 0) (0.234800132059 0.406076646213 0) (0.235541451336 0.406655665804 0) (0.236282770613 0.407234685395 0) (0.237024089891 0.407813704986 0) (0.237765409168 0.408392724577 0) (0.238506728445 0.408971744168 0) (0.239248047722 0.409550763759 0) (0.239989367 0.410129783349 0) (0.240730686277 0.41070880294 0) (0.241472005554 0.411287822531 0) (0.242213324831 0.411866842122 0) (0.242954644109 0.412445861713 0) (0.243695963386 0.413024881304 0) (0.244437282663 0.413603900895 0) (0.24517860194 0.414182920486 0) (0.245919921218 0.414761940077 0) (0.246661240495 0.415340959668 0) (0.247402559772 0.415919979259 0) (0.248143879049 0.41649899885 0) (0.248885198327 0.417078018441 0) (0.249626517604 0.417657038032 0) (0.250367836881 0.418236057623 0) (0.251109156158 0.418815077214 0) (0.251850475435 0.419394096804 0) (0.252591794713 0.419973116395 0) (0.25333311399 0.420552135986 0) (0.254074433267 0.421131155577 0) (0.254815752544 0.421710175168 0) (0.255557071822 0.422289194759 0) (0.256298391099 0.42286821435 0) (0.257039710376 0.423447233941 0) (0.257781029653 0.424026253532 0) (0.258522348931 0.424605273123 0) (0.259263668208 0.425184292714 0) (0.260004987485 0.425763312305 0) (0.260746306762 0.426342331896 0) (0.26148762604 0.426921351487 0) (0.262228945317 0.427500371078 0) (0.262970264594 0.428079390669 0) (0.263711583871 0.42865841026 0))
    polyLine 37 41 ((0.0571271213458 0.61961105245 -0.03) (0.0590833785817 0.622674785337 -0.03) (0.061048772415 0.625745079025 -0.03) (0.0630233751044 0.628822052216 -0.03) (0.0650072602787 0.631905824773 -0.03) (0.0670005029512 0.634996517746 -0.03) (0.0690031795341 0.638094253385 -0.03) (0.0710153678537 0.641199155161 -0.03) (0.0730371471653 0.644311347791 -0.03) (0.0750685981697 0.647430957255 -0.03) (0.0771098030288 0.650558110817 -0.03) (0.0791608453826 0.653692937052 -0.03) (0.0812218103664 0.656835565862 -0.03) (0.0832927846281 0.659986128503 -0.03) (0.0853738563465 0.663144757606 -0.03) (0.0874651152498 0.666311587204 -0.03) (0.0895666526345 0.669486752753 -0.03) (0.0916785613849 0.672670391159 -0.03) (0.0938009359934 0.675862640803 -0.03) (0.0959338725808 0.679063641566 -0.03) (0.0980774689171 0.682273534858 -0.03) (0.100231824444 0.685492463642 -0.03) (0.102397040296 0.688720572463 -0.03))
    polyLine 39 43 ((0.0571271213458 0.61961105245 0) (0.0590833785817 0.622674785337 0) (0.061048772415 0.625745079025 0) (0.0630233751044 0.628822052216 0) (0.0650072602787 0.631905824773 0) (0.0670005029512 0.634996517746 0) (0.0690031795341 0.638094253385 0) (0.0710153678537 0.641199155161 0) (0.0730371471653 0.644311347791 0) (0.0750685981697 0.647430957255 0) (0.0771098030288 0.650558110817 0) (0.0791608453826 0.653692937052 0) (0.0812218103664 0.656835565862 0) (0.0832927846281 0.659986128503 0) (0.0853738563465 0.663144757606 0) (0.0874651152498 0.666311587204 0) (0.0895666526345 0.669486752753 0) (0.0916785613849 0.672670391159 0) (0.0938009359934 0.675862640803 0) (0.0959338725808 0.679063641566 0) (0.0980774689171 0.682273534858 0) (0.100231824444 0.685492463642 0) (0.102397040296 0.688720572463 0))
    polyLine 40 44 ((0.264452903149 0.42923742985 -0.03) (0.265194222426 0.429816449441 -0.03) (0.265935541703 0.430395469032 -0.03) (0.26667686098 0.430974488623 -0.03) (0.267418180258 0.431553508214 -0.03) (0.268159499535 0.432132527805 -0.03) (0.268900818812 0.432711547396 -0.03) (0.269642138089 0.433290566987 -0.03) (0.270383457367 0.433869586578 -0.03) (0.271124776644 0.434448606169 -0.03) (0.271866095921 0.43502762576 -0.03) (0.272607415198 0.435606645351 -0.03) (0.273348734475 0.436185664942 -0.03) (0.274090053753 0.436764684533 -0.03) (0.27483137303 0.437343704124 -0.03) (0.275572692307 0.437922723715 -0.03) (0.276314011584 0.438501743305 -0.03) (0.277055330862 0.439080762896 -0.03) (0.277796650139 0.439659782487 -0.03) (0.278537969416 0.440238802078 -0.03) (0.279279288693 0.440817821669 -0.03) (0.280020607971 0.44139684126 -0.03) (0.280761927248 0.441975860851 -0.03) (0.281503246525 0.442554880442 -0.03) (0.282244565802 0.443133900033 -0.03) (0.28298588508 0.443712919624 -0.03) (0.283727204357 0.444291939215 -0.03) (0.284468523634 0.444870958806 -0.03) (0.285209842911 0.445449978397 -0.03) (0.285951162189 0.446028997988 -0.03) (0.286692481466 0.446608017579 -0.03) (0.287433800743 0.44718703717 -0.03) (0.28817512002 0.44776605676 -0.03) (0.288916439298 0.448345076351 -0.03) (0.289657758575 0.448924095942 -0.03) (0.290399077852 0.449503115533 -0.03) (0.291140397129 0.450082135124 -0.03) (0.291881716407 0.450661154715 -0.03) (0.292623035684 0.451240174306 -0.03) (0.293364354961 0.451819193897 -0.03) (0.294105674238 0.452398213488 -0.03) (0.294846993515 0.452977233079 -0.03) (0.295588312793 0.45355625267 -0.03) (0.29632963207 0.454135272261 -0.03) (0.297070951347 0.454714291852 -0.03) (0.297812270624 0.455293311443 -0.03) (0.298553589902 0.455872331034 -0.03) (0.299294909179 0.456451350625 -0.03) (0.300036228456 0.457030370215 -0.03) (0.300777547733 0.457609389806 -0.03) (0.301518867011 0.458188409397 -0.03) (0.302260186288 0.458767428988 -0.03) (0.303001505565 0.459346448579 -0.03) (0.303742824842 0.45992546817 -0.03) (0.30448414412 0.460504487761 -0.03) (0.305225463397 0.461083507352 -0.03))
    polyLine 42 46 ((0.264452903149 0.42923742985 0) (0.265194222426 0.429816449441 0) (0.265935541703 0.430395469032 0) (0.26667686098 0.430974488623 0) (0.267418180258 0.431553508214 0) (0.268159499535 0.432132527805 0) (0.268900818812 0.432711547396 0) (0.269642138089 0.433290566987 0) (0.270383457367 0.433869586578 0) (0.271124776644 0.434448606169 0) (0.271866095921 0.43502762576 0) (0.272607415198 0.435606645351 0) (0.273348734475 0.436185664942 0) (0.274090053753 0.436764684533 0) (0.27483137303 0.437343704124 0) (0.275572692307 0.437922723715 0) (0.276314011584 0.438501743305 0) (0.277055330862 0.439080762896 0) (0.277796650139 0.439659782487 0) (0.278537969416 0.440238802078 0) (0.279279288693 0.440817821669 0) (0.280020607971 0.44139684126 0) (0.280761927248 0.441975860851 0) (0.281503246525 0.442554880442 0) (0.282244565802 0.443133900033 0) (0.28298588508 0.443712919624 0) (0.283727204357 0.444291939215 0) (0.284468523634 0.444870958806 0) (0.285209842911 0.445449978397 0) (0.285951162189 0.446028997988 0) (0.286692481466 0.446608017579 0) (0.287433800743 0.44718703717 0) (0.28817512002 0.44776605676 0) (0.288916439298 0.448345076351 0) (0.289657758575 0.448924095942 0) (0.290399077852 0.449503115533 0) (0.291140397129 0.450082135124 0) (0.291881716407 0.450661154715 0) (0.292623035684 0.451240174306 0) (0.293364354961 0.451819193897 0) (0.294105674238 0.452398213488 0) (0.294846993515 0.452977233079 0) (0.295588312793 0.45355625267 0) (0.29632963207 0.454135272261 0) (0.297070951347 0.454714291852 0) (0.297812270624 0.455293311443 0) (0.298553589902 0.455872331034 0) (0.299294909179 0.456451350625 0) (0.300036228456 0.457030370215 0) (0.300777547733 0.457609389806 0) (0.301518867011 0.458188409397 0) (0.302260186288 0.458767428988 0) (0.303001505565 0.459346448579 0) (0.303742824842 0.45992546817 0) (0.30448414412 0.460504487761 0) (0.305225463397 0.461083507352 0))
    polyLine 41 45 ((0.106707412725 0.695126242329 -0.03) (0.108852243579 0.698303637107 -0.03) (0.111007812304 0.701490332209 -0.03) (0.113174220961 0.704686469597 -0.03) (0.115351573276 0.70789219283 -0.03) (0.117539974662 0.71110764709 -0.03) (0.119739532247 0.71433297921 -0.03) (0.121950354893 0.717568337705 -0.03) (0.124172553226 0.720813872803 -0.03) (0.126406239656 0.724069736474 -0.03) (0.12865152841 0.727336082461 -0.03) (0.130908535551 0.730613066316 -0.03) (0.133177379013 0.733900845429 -0.03) (0.135458178625 0.737199579062 -0.03) (0.137751056139 0.740509428384 -0.03) (0.140056135262 0.743830556508 -0.03) (0.142373541686 0.747163128522 -0.03) (0.144703403117 0.750507311531 -0.03) (0.147045849307 0.753863274689 -0.03) (0.149401012088 0.757231189241 -0.03) (0.151769025405 0.76061122856 -0.03) (0.154150025349 0.764003568186 -0.03) (0.156544150189 0.767408385871 -0.03))
    polyLine 43 47 ((0.106707412725 0.695126242329 0) (0.108852243579 0.698303637107 0) (0.111007812304 0.701490332209 0) (0.113174220961 0.704686469597 0) (0.115351573276 0.70789219283 0) (0.117539974662 0.71110764709 0) (0.119739532247 0.71433297921 0) (0.121950354893 0.717568337705 0) (0.124172553226 0.720813872803 0) (0.126406239656 0.724069736474 0) (0.12865152841 0.727336082461 0) (0.130908535551 0.730613066316 0) (0.133177379013 0.733900845429 0) (0.135458178625 0.737199579062 0) (0.137751056139 0.740509428384 0) (0.140056135262 0.743830556508 0) (0.142373541686 0.747163128522 0) (0.144703403117 0.750507311531 0) (0.147045849307 0.753863274689 0) (0.149401012088 0.757231189241 0) (0.151769025405 0.76061122856 0) (0.154150025349 0.764003568186 0) (0.156544150189 0.767408385871 0))
    polyLine 44 48 ((0.305966782674 0.461662526943 -0.03) (0.306708101951 0.462241546534 -0.03) (0.307449421229 0.462820566125 -0.03) (0.308190740506 0.463399585716 -0.03) (0.308932059783 0.463978605307 -0.03) (0.30967337906 0.464557624898 -0.03) (0.310414698338 0.465136644489 -0.03) (0.311156017615 0.46571566408 -0.03) (0.311897336892 0.46629468367 -0.03) (0.312638656169 0.466873703261 -0.03) (0.313379975446 0.467452722852 -0.03) (0.314121294724 0.468031742443 -0.03) (0.314862614001 0.468610762034 -0.03) (0.315603933278 0.469189781625 -0.03) (0.316345252555 0.469768801216 -0.03) (0.317086571833 0.470347820807 -0.03) (0.31782789111 0.470926840398 -0.03) (0.318569210387 0.471505859989 -0.03) (0.319310529664 0.47208487958 -0.03) (0.320051848942 0.472663899171 -0.03) (0.320793168219 0.473242918762 -0.03) (0.321534487496 0.473821938353 -0.03) (0.322275806773 0.474400957944 -0.03) (0.323017126051 0.474979977535 -0.03) (0.323758445328 0.475558997125 -0.03) (0.324499764605 0.476138016716 -0.03) (0.325241083882 0.476717036307 -0.03) (0.32598240316 0.477296055898 -0.03) (0.326723722437 0.477875075489 -0.03) (0.327465041714 0.47845409508 -0.03) (0.328206360991 0.479033114671 -0.03) (0.328947680269 0.479612134262 -0.03) (0.329688999546 0.480191153853 -0.03) (0.330430318823 0.480770173444 -0.03) (0.3311716381 0.481349193035 -0.03) (0.331912957378 0.481928212626 -0.03) (0.332654276655 0.482507232217 -0.03) (0.333395595932 0.483086251808 -0.03) (0.334136915209 0.483665271399 -0.03) (0.334878234486 0.48424429099 -0.03) (0.335619553764 0.48482331058 -0.03) (0.336360873041 0.485402330171 -0.03) (0.337102192318 0.485981349762 -0.03) (0.337843511595 0.486560369353 -0.03) (0.338584830873 0.487139388944 -0.03) (0.33932615015 0.487718408535 -0.03) (0.340067469427 0.488297428126 -0.03) (0.340808788704 0.488876447717 -0.03) (0.341550107982 0.489455467308 -0.03) (0.342291427259 0.490034486899 -0.03) (0.343032746536 0.49061350649 -0.03) (0.343774065813 0.491192526081 -0.03) (0.344515385091 0.491771545672 -0.03) (0.345256704368 0.492350565263 -0.03) (0.345998023645 0.492929584854 -0.03) (0.346739342922 0.493508604445 -0.03))
    polyLine 46 50 ((0.305966782674 0.461662526943 0) (0.306708101951 0.462241546534 0) (0.307449421229 0.462820566125 0) (0.308190740506 0.463399585716 0) (0.308932059783 0.463978605307 0) (0.30967337906 0.464557624898 0) (0.310414698338 0.465136644489 0) (0.311156017615 0.46571566408 0) (0.311897336892 0.46629468367 0) (0.312638656169 0.466873703261 0) (0.313379975446 0.467452722852 0) (0.314121294724 0.468031742443 0) (0.314862614001 0.468610762034 0) (0.315603933278 0.469189781625 0) (0.316345252555 0.469768801216 0) (0.317086571833 0.470347820807 0) (0.31782789111 0.470926840398 0) (0.318569210387 0.471505859989 0) (0.319310529664 0.47208487958 0) (0.320051848942 0.472663899171 0) (0.320793168219 0.473242918762 0) (0.321534487496 0.473821938353 0) (0.322275806773 0.474400957944 0) (0.323017126051 0.474979977535 0) (0.323758445328 0.475558997125 0) (0.324499764605 0.476138016716 0) (0.325241083882 0.476717036307 0) (0.32598240316 0.477296055898 0) (0.326723722437 0.477875075489 0) (0.327465041714 0.47845409508 0) (0.328206360991 0.479033114671 0) (0.328947680269 0.479612134262 0) (0.329688999546 0.480191153853 0) (0.330430318823 0.480770173444 0) (0.3311716381 0.481349193035 0) (0.331912957378 0.481928212626 0) (0.332654276655 0.482507232217 0) (0.333395595932 0.483086251808 0) (0.334136915209 0.483665271399 0) (0.334878234486 0.48424429099 0) (0.335619553764 0.48482331058 0) (0.336360873041 0.485402330171 0) (0.337102192318 0.485981349762 0) (0.337843511595 0.486560369353 0) (0.338584830873 0.487139388944 0) (0.33932615015 0.487718408535 0) (0.340067469427 0.488297428126 0) (0.340808788704 0.488876447717 0) (0.341550107982 0.489455467308 0) (0.342291427259 0.490034486899 0) (0.343032746536 0.49061350649 0) (0.343774065813 0.491192526081 0) (0.344515385091 0.491771545672 0) (0.345256704368 0.492350565263 0) (0.345998023645 0.492929584854 0) (0.346739342922 0.493508604445 0))
    polyLine 45 49 ((0.161265970243 0.774105580868 -0.03) (0.163592785517 0.777397201082 -0.03) (0.165932114923 0.780700885601 -0.03) (0.168284089124 0.784016799796 -0.03) (0.170648840791 0.787345111099 -0.03) (0.173026504636 0.790685989042 -0.03) (0.175417217445 0.79403960529 -0.03) (0.177821118111 0.79740613369 -0.03) (0.180238347671 0.8007857503 -0.03) (0.182669049339 0.80417863344 -0.03) (0.185113368545 0.807584963727 -0.03) (0.187571452974 0.81100492412 -0.03) (0.190043452597 0.814438699966 -0.03) (0.192529519718 0.817886479041 -0.03) (0.19502980901 0.821348451595 -0.03) (0.197544477557 0.824824810406 -0.03) (0.200073684895 0.828315750817 -0.03) (0.202617593056 0.831821470794 -0.03) (0.205176366611 0.835342170969 -0.03) (0.207750172717 0.838878054695 -0.03) (0.210339181157 0.842429328098 -0.03) (0.212943564396 0.845996200127 -0.03) (0.21556349762 0.849578882611 -0.03))
    polyLine 47 51 ((0.161265970243 0.774105580868 0) (0.163592785517 0.777397201082 0) (0.165932114923 0.780700885601 0) (0.168284089124 0.784016799796 0) (0.170648840791 0.787345111099 0) (0.173026504636 0.790685989042 0) (0.175417217445 0.79403960529 0) (0.177821118111 0.79740613369 0) (0.180238347671 0.8007857503 0) (0.182669049339 0.80417863344 0) (0.185113368545 0.807584963727 0) (0.187571452974 0.81100492412 0) (0.190043452597 0.814438699966 0) (0.192529519718 0.817886479041 0) (0.19502980901 0.821348451595 0) (0.197544477557 0.824824810406 0) (0.200073684895 0.828315750817 0) (0.202617593056 0.831821470794 0) (0.205176366611 0.835342170969 0) (0.207750172717 0.838878054695 0) (0.210339181157 0.842429328098 0) (0.212943564396 0.845996200127 0) (0.21556349762 0.849578882611 0))
    polyLine 48 52 ((0.3474806622 0.494087624035 -0.03) (0.348221981477 0.494666643626 -0.03) (0.348963300754 0.495245663217 -0.03) (0.349704620031 0.495824682808 -0.03) (0.350445939309 0.496403702399 -0.03) (0.351187258586 0.49698272199 -0.03) (0.351928577863 0.497561741581 -0.03) (0.35266989714 0.498140761172 -0.03) (0.353411216418 0.498719780763 -0.03) (0.354152535695 0.499298800354 -0.03) (0.354893854972 0.499877819945 -0.03) (0.355635174249 0.500456839536 -0.03) (0.356376493526 0.501035859127 -0.03) (0.357117812804 0.501614878718 -0.03) (0.357859132081 0.502193898309 -0.03) (0.358600451358 0.5027729179 -0.03) (0.359341770635 0.503351937491 -0.03) (0.360083089913 0.503930957081 -0.03) (0.36082440919 0.504509976672 -0.03) (0.361565728467 0.505088996263 -0.03) (0.362307047744 0.505668015854 -0.03) (0.363048367022 0.506247035445 -0.03) (0.363789686299 0.506826055036 -0.03) (0.364531005576 0.507405074627 -0.03) (0.365272324853 0.507984094218 -0.03) (0.366013644131 0.508563113809 -0.03) (0.366754963408 0.5091421334 -0.03) (0.367496282685 0.509721152991 -0.03) (0.368237601962 0.510300172582 -0.03) (0.36897892124 0.510879192173 -0.03) (0.369720240517 0.511458211764 -0.03) (0.370461559794 0.512037231355 -0.03) (0.371202879071 0.512616250946 -0.03) (0.371944198349 0.513195270536 -0.03) (0.372685517626 0.513774290127 -0.03) (0.373426836903 0.514353309718 -0.03) (0.37416815618 0.514932329309 -0.03) (0.374909475458 0.5155113489 -0.03) (0.375650794735 0.516090368491 -0.03) (0.376392114012 0.516669388082 -0.03) (0.377133433289 0.517248407673 -0.03) (0.377874752566 0.517827427264 -0.03) (0.378616071844 0.518406446855 -0.03) (0.379357391121 0.518985466446 -0.03) (0.380098710398 0.519564486037 -0.03) (0.380840029675 0.520143505628 -0.03) (0.381581348953 0.520722525219 -0.03) (0.38232266823 0.52130154481 -0.03) (0.383063987507 0.521880564401 -0.03) (0.383805306784 0.522459583991 -0.03) (0.384546626062 0.523038603582 -0.03) (0.385287945339 0.523617623173 -0.03) (0.386029264616 0.524196642764 -0.03) (0.386770583893 0.524775662355 -0.03) (0.387511903171 0.525354681946 -0.03) (0.388253222448 0.525933701537 -0.03))
    polyLine 50 54 ((0.3474806622 0.494087624035 0) (0.348221981477 0.494666643626 0) (0.348963300754 0.495245663217 0) (0.349704620031 0.495824682808 0) (0.350445939309 0.496403702399 0) (0.351187258586 0.49698272199 0) (0.351928577863 0.497561741581 0) (0.35266989714 0.498140761172 0) (0.353411216418 0.498719780763 0) (0.354152535695 0.499298800354 0) (0.354893854972 0.499877819945 0) (0.355635174249 0.500456839536 0) (0.356376493526 0.501035859127 0) (0.357117812804 0.501614878718 0) (0.357859132081 0.502193898309 0) (0.358600451358 0.5027729179 0) (0.359341770635 0.503351937491 0) (0.360083089913 0.503930957081 0) (0.36082440919 0.504509976672 0) (0.361565728467 0.505088996263 0) (0.362307047744 0.505668015854 0) (0.363048367022 0.506247035445 0) (0.363789686299 0.506826055036 0) (0.364531005576 0.507405074627 0) (0.365272324853 0.507984094218 0) (0.366013644131 0.508563113809 0) (0.366754963408 0.5091421334 0) (0.367496282685 0.509721152991 0) (0.368237601962 0.510300172582 0) (0.36897892124 0.510879192173 0) (0.369720240517 0.511458211764 0) (0.370461559794 0.512037231355 0) (0.371202879071 0.512616250946 0) (0.371944198349 0.513195270536 0) (0.372685517626 0.513774290127 0) (0.373426836903 0.514353309718 0) (0.37416815618 0.514932329309 0) (0.374909475458 0.5155113489 0) (0.375650794735 0.516090368491 0) (0.376392114012 0.516669388082 0) (0.377133433289 0.517248407673 0) (0.377874752566 0.517827427264 0) (0.378616071844 0.518406446855 0) (0.379357391121 0.518985466446 0) (0.380098710398 0.519564486037 0) (0.380840029675 0.520143505628 0) (0.381581348953 0.520722525219 0) (0.38232266823 0.52130154481 0) (0.383063987507 0.521880564401 0) (0.383805306784 0.522459583991 0) (0.384546626062 0.523038603582 0) (0.385287945339 0.523617623173 0) (0.386029264616 0.524196642764 0) (0.386770583893 0.524775662355 0) (0.387511903171 0.525354681946 0) (0.388253222448 0.525933701537 0))
    polyLine 49 53 ((0.22068954743 0.856572954175 -0.03) (0.223194126788 0.859982834487 -0.03) (0.225713051319 0.863407416627 -0.03) (0.228246477795 0.866846888438 -0.03) (0.230794565345 0.870301440266 -0.03) (0.233357475497 0.873771265016 -0.03) (0.235935372222 0.877256558194 -0.03) (0.238528421976 0.880757517954 -0.03) (0.241136793741 0.884274345152 -0.03) (0.243760659076 0.887807243393 -0.03) (0.246400192157 0.891356419084 -0.03) (0.24905556983 0.894922081486 -0.03) (0.251726971654 0.89850444277 -0.03) (0.254414579953 0.90210371807 -0.03) (0.257118579867 0.905720125537 -0.03) (0.259839159402 0.909353886405 -0.03) (0.262576509483 0.91300522504 -0.03) (0.265330824009 0.916674369007 -0.03) (0.268102299909 0.920361549129 -0.03) (0.270891137194 0.92406699955 -0.03) (0.273697539022 0.927790957799 -0.03) (0.276521711751 0.93153366486 -0.03) (0.279363865003 0.935295365233 -0.03))
    polyLine 51 55 ((0.22068954743 0.856572954175 0) (0.223194126788 0.859982834487 0) (0.225713051319 0.863407416627 0) (0.228246477795 0.866846888438 0) (0.230794565345 0.870301440266 0) (0.233357475497 0.873771265016 0) (0.235935372222 0.877256558194 0) (0.238528421976 0.880757517954 0) (0.241136793741 0.884274345152 0) (0.243760659076 0.887807243393 0) (0.246400192157 0.891356419084 0) (0.24905556983 0.894922081486 0) (0.251726971654 0.89850444277 0) (0.254414579953 0.90210371807 0) (0.257118579867 0.905720125537 0) (0.259839159402 0.909353886405 0) (0.262576509483 0.91300522504 0) (0.265330824009 0.916674369007 0) (0.268102299909 0.920361549129 0) (0.270891137194 0.92406699955 0) (0.273697539022 0.927790957799 0) (0.276521711751 0.93153366486 0) (0.279363865003 0.935295365233 0))
    polyLine 52 56 ((0.388994541725 0.526512721128 -0.03) (0.389735861002 0.527091740719 -0.03) (0.39047718028 0.52767076031 -0.03) (0.391218499557 0.528249779901 -0.03) (0.391959818834 0.528828799492 -0.03) (0.392701138111 0.529407819083 -0.03) (0.393442457389 0.529986838674 -0.03) (0.394183776666 0.530565858265 -0.03) (0.394925095943 0.531144877856 -0.03) (0.39566641522 0.531723897446 -0.03) (0.396407734497 0.532302917037 -0.03) (0.397149053775 0.532881936628 -0.03) (0.397890373052 0.533460956219 -0.03) (0.398631692329 0.53403997581 -0.03) (0.399373011606 0.534618995401 -0.03) (0.400114330884 0.535198014992 -0.03) (0.400855650161 0.535777034583 -0.03) (0.401596969438 0.536356054174 -0.03) (0.402338288715 0.536935073765 -0.03) (0.403079607993 0.537514093356 -0.03) (0.40382092727 0.538093112947 -0.03) (0.404562246547 0.538672132538 -0.03) (0.405303565824 0.539251152129 -0.03) (0.406044885102 0.53983017172 -0.03) (0.406786204379 0.540409191311 -0.03) (0.407527523656 0.540988210901 -0.03) (0.408268842933 0.541567230492 -0.03) (0.409010162211 0.542146250083 -0.03) (0.409751481488 0.542725269674 -0.03) (0.410492800765 0.543304289265 -0.03) (0.411234120042 0.543883308856 -0.03) (0.41197543932 0.544462328447 -0.03) (0.412716758597 0.545041348038 -0.03) (0.413458077874 0.545620367629 -0.03) (0.414199397151 0.54619938722 -0.03) (0.414940716429 0.546778406811 -0.03) (0.415682035706 0.547357426402 -0.03) (0.416423354983 0.547936445993 -0.03) (0.41716467426 0.548515465584 -0.03) (0.417905993537 0.549094485175 -0.03) (0.418647312815 0.549673504766 -0.03) (0.419388632092 0.550252524356 -0.03) (0.420129951369 0.550831543947 -0.03) (0.420871270646 0.551410563538 -0.03) (0.421612589924 0.551989583129 -0.03) (0.422353909201 0.55256860272 -0.03) (0.423095228478 0.553147622311 -0.03) (0.423836547755 0.553726641902 -0.03) (0.424577867033 0.554305661493 -0.03) (0.42531918631 0.554884681084 -0.03) (0.426060505587 0.555463700675 -0.03) (0.426801824864 0.556042720266 -0.03) (0.427543144142 0.556621739857 -0.03) (0.428284463419 0.557200759448 -0.03) (0.429025782696 0.557779779039 -0.03) (0.429767101973 0.55835879863 -0.03))
    polyLine 54 58 ((0.388994541725 0.526512721128 0) (0.389735861002 0.527091740719 0) (0.39047718028 0.52767076031 0) (0.391218499557 0.528249779901 0) (0.391959818834 0.528828799492 0) (0.392701138111 0.529407819083 0) (0.393442457389 0.529986838674 0) (0.394183776666 0.530565858265 0) (0.394925095943 0.531144877856 0) (0.39566641522 0.531723897446 0) (0.396407734497 0.532302917037 0) (0.397149053775 0.532881936628 0) (0.397890373052 0.533460956219 0) (0.398631692329 0.53403997581 0) (0.399373011606 0.534618995401 0) (0.400114330884 0.535198014992 0) (0.400855650161 0.535777034583 0) (0.401596969438 0.536356054174 0) (0.402338288715 0.536935073765 0) (0.403079607993 0.537514093356 0) (0.40382092727 0.538093112947 0) (0.404562246547 0.538672132538 0) (0.405303565824 0.539251152129 0) (0.406044885102 0.53983017172 0) (0.406786204379 0.540409191311 0) (0.407527523656 0.540988210901 0) (0.408268842933 0.541567230492 0) (0.409010162211 0.542146250083 0) (0.409751481488 0.542725269674 0) (0.410492800765 0.543304289265 0) (0.411234120042 0.543883308856 0) (0.41197543932 0.544462328447 0) (0.412716758597 0.545041348038 0) (0.413458077874 0.545620367629 0) (0.414199397151 0.54619938722 0) (0.414940716429 0.546778406811 0) (0.415682035706 0.547357426402 0) (0.416423354983 0.547936445993 0) (0.41716467426 0.548515465584 0) (0.417905993537 0.549094485175 0) (0.418647312815 0.549673504766 0) (0.419388632092 0.550252524356 0) (0.420129951369 0.550831543947 0) (0.420871270646 0.551410563538 0) (0.421612589924 0.551989583129 0) (0.422353909201 0.55256860272 0) (0.423095228478 0.553147622311 0) (0.423836547755 0.553726641902 0) (0.424577867033 0.554305661493 0) (0.42531918631 0.554884681084 0) (0.426060505587 0.555463700675 0) (0.426801824864 0.556042720266 0) (0.427543144142 0.556621739857 0) (0.428284463419 0.557200759448 0) (0.429025782696 0.557779779039 0) (0.429767101973 0.55835879863 0))
    polyLine 53 57 ((0.284888890017 0.942594289122 -0.03) (0.287569523676 0.946129183571 -0.03) (0.290266289618 0.949681195798 -0.03) (0.29297936739 0.953250534088 -0.03) (0.295708939214 0.956837409623 -0.03) (0.298455190038 0.960442036533 -0.03) (0.301218307583 0.964064631954 -0.03) (0.303998482396 0.967705416082 -0.03) (0.306795907902 0.971364612229 -0.03) (0.309610780453 0.975042446884 -0.03) (0.312443299386 0.978739149773 -0.03) (0.315293667078 0.982454953918 -0.03) (0.318162088998 0.9861900957 -0.03) (0.321048773772 0.989944814925 -0.03) (0.323953933235 0.993719354887 -0.03) (0.326877782497 0.997513962436 -0.03) (0.329820540002 1.00132888805 -0.03) (0.332782427592 1.00516438589 -0.03) (0.335763670572 1.0090207139 -0.03) (0.338764497775 1.01289813384 -0.03) (0.341785141634 1.01679691141 -0.03) (0.344825838244 1.02071731629 -0.03) (0.347886827443 1.02465962222 -0.03))
    polyLine 55 59 ((0.284888890017 0.942594289122 0) (0.287569523676 0.946129183571 0) (0.290266289618 0.949681195798 0) (0.29297936739 0.953250534088 0) (0.295708939214 0.956837409623 0) (0.298455190038 0.960442036533 0) (0.301218307583 0.964064631954 0) (0.303998482396 0.967705416082 0) (0.306795907902 0.971364612229 0) (0.309610780453 0.975042446884 0) (0.312443299386 0.978739149773 0) (0.315293667078 0.982454953918 0) (0.318162088998 0.9861900957 0) (0.321048773772 0.989944814925 0) (0.323953933235 0.993719354887 0) (0.326877782497 0.997513962436 0) (0.329820540002 1.00132888805 0) (0.332782427592 1.00516438589 0) (0.335763670572 1.0090207139 0) (0.338764497775 1.01289813384 0) (0.341785141634 1.01679691141 0) (0.344825838244 1.02071731629 0) (0.347886827443 1.02465962222 0))
    polyLine 56 60 ((0.430508421251 0.558937818221 -0.03) (0.431249740528 0.559516837811 -0.03) (0.431991059805 0.560095857402 -0.03) (0.432732379082 0.560674876993 -0.03) (0.43347369836 0.561253896584 -0.03) (0.434215017637 0.561832916175 -0.03) (0.434956336914 0.562411935766 -0.03) (0.435697656191 0.562990955357 -0.03) (0.436438975469 0.563569974948 -0.03) (0.437180294746 0.564148994539 -0.03) (0.437921614023 0.56472801413 -0.03) (0.4386629333 0.565307033721 -0.03) (0.439404252577 0.565886053312 -0.03) (0.440145571855 0.566465072903 -0.03) (0.440886891132 0.567044092494 -0.03) (0.441628210409 0.567623112085 -0.03) (0.442369529686 0.568202131676 -0.03) (0.443110848964 0.568781151267 -0.03) (0.443852168241 0.569360170857 -0.03) (0.444593487518 0.569939190448 -0.03) (0.445334806795 0.570518210039 -0.03) (0.446076126073 0.57109722963 -0.03) (0.44681744535 0.571676249221 -0.03) (0.447558764627 0.572255268812 -0.03) (0.448300083904 0.572834288403 -0.03) (0.449041403182 0.573413307994 -0.03) (0.449782722459 0.573992327585 -0.03) (0.450524041736 0.574571347176 -0.03) (0.451264037372 0.575144699763 -0.03) (0.452008483196 0.575712262223 -0.03) (0.452757333904 0.576274000015 -0.03) (0.453510543925 0.576829878954 -0.03) (0.45426806742 0.577379865212 -0.03) (0.455029858291 0.577923925318 -0.03) (0.455795870177 0.578462026164 -0.03) (0.456566056463 0.578994135002 -0.03) (0.457340370277 0.579520219452 -0.03) (0.458118764498 0.580040247496 -0.03) (0.458901191756 0.580554187489 -0.03) (0.459687604435 0.581062008154 -0.03) (0.460477954679 0.581563678586 -0.03) (0.461272194388 0.582059168258 -0.03) (0.462070275229 0.582548447014 -0.03) (0.462872148634 0.58303148508 -0.03) (0.463677765804 0.583508253059 -0.03) (0.464487077712 0.583978721938 -0.03) (0.465300035106 0.584442863085 -0.03) (0.466116588515 0.584900648255 -0.03) (0.466936688244 0.585352049588 -0.03) (0.467760284387 0.585797039615 -0.03) (0.468587326822 0.586235591255 -0.03) (0.469417765219 0.586667677819 -0.03) (0.470251549041 0.587093273013 -0.03) (0.471088627546 0.587512350936 -0.03) (0.471928949795 0.587924886085 -0.03) (0.472772464647 0.588330853354 -0.03))
    polyLine 58 62 ((0.430508421251 0.558937818221 0) (0.431249740528 0.559516837811 0) (0.431991059805 0.560095857402 0) (0.432732379082 0.560674876993 0) (0.43347369836 0.561253896584 0) (0.434215017637 0.561832916175 0) (0.434956336914 0.562411935766 0) (0.435697656191 0.562990955357 0) (0.436438975469 0.563569974948 0) (0.437180294746 0.564148994539 0) (0.437921614023 0.56472801413 0) (0.4386629333 0.565307033721 0) (0.439404252577 0.565886053312 0) (0.440145571855 0.566465072903 0) (0.440886891132 0.567044092494 0) (0.441628210409 0.567623112085 0) (0.442369529686 0.568202131676 0) (0.443110848964 0.568781151267 0) (0.443852168241 0.569360170857 0) (0.444593487518 0.569939190448 0) (0.445334806795 0.570518210039 0) (0.446076126073 0.57109722963 0) (0.44681744535 0.571676249221 0) (0.447558764627 0.572255268812 0) (0.448300083904 0.572834288403 0) (0.449041403182 0.573413307994 0) (0.449782722459 0.573992327585 0) (0.450524041736 0.574571347176 0) (0.451264037372 0.575144699763 0) (0.452008483196 0.575712262223 0) (0.452757333904 0.576274000015 0) (0.453510543925 0.576829878954 0) (0.45426806742 0.577379865212 0) (0.455029858291 0.577923925318 0) (0.455795870177 0.578462026164 0) (0.456566056463 0.578994135002 0) (0.457340370277 0.579520219452 0) (0.458118764498 0.580040247496 0) (0.458901191756 0.580554187489 0) (0.459687604435 0.581062008154 0) (0.460477954679 0.581563678586 0) (0.461272194388 0.582059168258 0) (0.462070275229 0.582548447014 0) (0.462872148634 0.58303148508 0) (0.463677765804 0.583508253059 0) (0.464487077712 0.583978721938 0) (0.465300035106 0.584442863085 0) (0.466116588515 0.584900648255 0) (0.466936688244 0.585352049588 0) (0.467760284387 0.585797039615 0) (0.468587326822 0.586235591255 0) (0.469417765219 0.586667677819 0) (0.470251549041 0.587093273013 0) (0.471088627546 0.587512350936 0) (0.471928949795 0.587924886085 0) (0.472772464647 0.588330853354 0))
    polyLine 57 61 ((0.353896942215 1.03238790885 -0.03) (0.356844271375 1.03617197512 -0.03) (0.359810555151 1.0399765504 -0.03) (0.362796011607 1.04380188275 -0.03) (0.365800862133 1.04764822386 -0.03) (0.368825331509 1.05151582911 -0.03) (0.371869647974 1.05540495766 -0.03) (0.374934043282 1.05931587248 -0.03) (0.378018752777 1.06324884049 -0.03) (0.381124015459 1.06720413259 -0.03) (0.384250074054 1.07118202372 -0.03) (0.387397175084 1.075182793 -0.03) (0.390565568947 1.07920672377 -0.03) (0.393755509984 1.08325410366 -0.03) (0.396967256562 1.08732522472 -0.03) (0.400201071151 1.09142038346 -0.03) (0.403457220404 1.09553988098 -0.03) (0.40673597524 1.09968402303 -0.03) (0.410037610932 1.10385312012 -0.03) (0.413362407187 1.10804748759 -0.03) (0.416710648242 1.11226744577 -0.03) (0.42008262295 1.11651331999 -0.03) (0.423478624875 1.12078544077 -0.03))
    polyLine 59 63 ((0.353896942215 1.03238790885 0) (0.356844271375 1.03617197512 0) (0.359810555151 1.0399765504 0) (0.362796011607 1.04380188275 0) (0.365800862133 1.04764822386 0) (0.368825331509 1.05151582911 0) (0.371869647974 1.05540495766 0) (0.374934043282 1.05931587248 0) (0.378018752777 1.06324884049 0) (0.381124015459 1.06720413259 0) (0.384250074054 1.07118202372 0) (0.387397175084 1.075182793 0) (0.390565568947 1.07920672377 0) (0.393755509984 1.08325410366 0) (0.396967256562 1.08732522472 0) (0.400201071151 1.09142038346 0) (0.403457220404 1.09553988098 0) (0.40673597524 1.09968402303 0) (0.410037610932 1.10385312012 0) (0.413362407187 1.10804748759 0) (0.416710648242 1.11226744577 0) (0.42008262295 1.11651331999 0) (0.423478624875 1.12078544077 0))
    polyLine 60 64 ((0.473619120771 0.588730228039 -0.03) (0.474468866641 0.589122985834 -0.03) (0.475321650547 0.589509102838 -0.03) (0.47617742059 0.589888555554 -0.03) (0.477036124692 0.59026132089 -0.03) (0.477897710595 0.59062737616 -0.03) (0.478762125868 0.590986699088 -0.03) (0.479629317905 0.591339267806 -0.03) (0.480499233932 0.59168506086 -0.03) (0.48137182101 0.592024057205 -0.03) (0.482247026036 0.592356236212 -0.03) (0.483124795749 0.592681577665 -0.03) (0.484005076732 0.593000061765 -0.03) (0.484887815413 0.59331166913 -0.03) (0.485772958074 0.593616380799 -0.03) (0.486660450847 0.593914178226 -0.03) (0.487550239724 0.594205043289 -0.03) (0.488442270555 0.594488958288 -0.03) (0.489336489055 0.594765905944 -0.03) (0.490232840806 0.595035869403 -0.03) (0.491131271259 0.595298832237 -0.03) (0.492031725738 0.595554778442 -0.03) (0.492934149447 0.595803692444 -0.03) (0.493838487467 0.596045559093 -0.03) (0.494744684764 0.59628036367 -0.03) (0.49565268619 0.596508091888 -0.03) (0.496562436487 0.596728729886 -0.03) (0.497473880293 0.596942264238 -0.03) (0.49838696214 0.597148681949 -0.03) (0.499301626461 0.597347970457 -0.03) (0.500217817594 0.597540117634 -0.03) (0.501135479783 0.597725111787 -0.03) (0.502054557183 0.597902941658 -0.03) (0.502974993863 0.598073596425 -0.03) (0.503896733807 0.598237065702 -0.03) (0.504819720924 0.598393339542 -0.03) (0.505743899043 0.598542408434 -0.03) (0.506669211923 0.598684263307 -0.03) (0.507595603252 0.598818895527 -0.03) (0.508523016655 0.598946296902 -0.03) (0.509451395693 0.599066459678 -0.03) (0.510380683868 0.599179376543 -0.03) (0.511310824627 0.599285040625 -0.03) (0.512241761366 0.599383445494 -0.03) (0.513173437431 0.599474585161 -0.03) (0.514105796126 0.599558454081 -0.03) (0.515038780709 0.599635047148 -0.03) (0.515972334403 0.599704359702 -0.03) (0.516906400396 0.599766387525 -0.03) (0.517840921844 0.599821126841 -0.03) (0.518775841877 0.599868574321 -0.03) (0.519711103598 0.599908727075 -0.03) (0.520646650091 0.599941582662 -0.03) (0.521582424422 0.599967139081 -0.03) (0.522518369645 0.599985394777 -0.03) (0.523454428801 0.599996348639 -0.03))
    polyLine 62 66 ((0.473619120771 0.588730228039 0) (0.474468866641 0.589122985834 0) (0.475321650547 0.589509102838 0) (0.47617742059 0.589888555554 0) (0.477036124692 0.59026132089 0) (0.477897710595 0.59062737616 0) (0.478762125868 0.590986699088 0) (0.479629317905 0.591339267806 0) (0.480499233932 0.59168506086 0) (0.48137182101 0.592024057205 0) (0.482247026036 0.592356236212 0) (0.483124795749 0.592681577665 0) (0.484005076732 0.593000061765 0) (0.484887815413 0.59331166913 0) (0.485772958074 0.593616380799 0) (0.486660450847 0.593914178226 0) (0.487550239724 0.594205043289 0) (0.488442270555 0.594488958288 0) (0.489336489055 0.594765905944 0) (0.490232840806 0.595035869403 0) (0.491131271259 0.595298832237 0) (0.492031725738 0.595554778442 0) (0.492934149447 0.595803692444 0) (0.493838487467 0.596045559093 0) (0.494744684764 0.59628036367 0) (0.49565268619 0.596508091888 0) (0.496562436487 0.596728729886 0) (0.497473880293 0.596942264238 0) (0.49838696214 0.597148681949 0) (0.499301626461 0.597347970457 0) (0.500217817594 0.597540117634 0) (0.501135479783 0.597725111787 0) (0.502054557183 0.597902941658 0) (0.502974993863 0.598073596425 0) (0.503896733807 0.598237065702 0) (0.504819720924 0.598393339542 0) (0.505743899043 0.598542408434 0) (0.506669211923 0.598684263307 0) (0.507595603252 0.598818895527 0) (0.508523016655 0.598946296902 0) (0.509451395693 0.599066459678 0) (0.510380683868 0.599179376543 0) (0.511310824627 0.599285040625 0) (0.512241761366 0.599383445494 0) (0.513173437431 0.599474585161 0) (0.514105796126 0.599558454081 0) (0.515038780709 0.599635047148 0) (0.515972334403 0.599704359702 0) (0.516906400396 0.599766387525 0) (0.517840921844 0.599821126841 0) (0.518775841877 0.599868574321 0) (0.519711103598 0.599908727075 0) (0.520646650091 0.599941582662 0) (0.521582424422 0.599967139081 0) (0.522518369645 0.599985394777 0) (0.523454428801 0.599996348639 0))
    polyLine 61 65 ((0.43059486458 1.12972472381 -0.03) (0.434319490479 1.13439670445 -0.03) (0.438073217465 1.13910052106 -0.03) (0.441856439834 1.14383661653 -0.03) (0.445669558954 1.14860544146 -0.03) (0.449512983427 1.15340745437 -0.03) (0.453387129245 1.15824312186 -0.03) (0.457292419961 1.16311291883 -0.03) (0.461229286856 1.16801732859 -0.03) (0.465198169122 1.17295684315 -0.03) (0.469199514036 1.17793196334 -0.03) (0.473233777146 1.18294319906 -0.03) (0.477301422466 1.18799106945 -0.03) (0.481402922671 1.19307610317 -0.03) (0.485538759296 1.19819883853 -0.03) (0.489709422945 1.20335982381 -0.03) (0.493915413505 1.20855961743 -0.03) (0.498157240364 1.21379878822 -0.03) (0.502435422636 1.21907791564 -0.03) (0.506750489397 1.22439759008 -0.03) (0.511102979918 1.22975841309 -0.03) (0.515493443913 1.23516099763 -0.03) (0.519922441793 1.2406059684 -0.03))
    polyLine 63 67 ((0.43059486458 1.12972472381 0) (0.434319490479 1.13439670445 0) (0.438073217465 1.13910052106 0) (0.441856439834 1.14383661653 0) (0.445669558954 1.14860544146 0) (0.449512983427 1.15340745437 0) (0.453387129245 1.15824312186 0) (0.457292419961 1.16311291883 0) (0.461229286856 1.16801732859 0) (0.465198169122 1.17295684315 0) (0.469199514036 1.17793196334 0) (0.473233777146 1.18294319906 0) (0.477301422466 1.18799106945 0) (0.481402922671 1.19307610317 0) (0.485538759296 1.19819883853 0) (0.489709422945 1.20335982381 0) (0.493915413505 1.20855961743 0) (0.498157240364 1.21379878822 0) (0.502435422636 1.21907791564 0) (0.506750489397 1.22439759008 0) (0.511102979918 1.22975841309 0) (0.515493443913 1.23516099763 0) (0.519922441793 1.2406059684 0))
);

boundary
(
    body_fore
    {
        type wall;
        faces
        (
            (0 2 6 4)
            (4 6 10 8)
            (8 10 14 12)
            (12 14 18 16)
            (16 18 22 20)
            (20 22 26 24)
            (24 26 30 28)
            (28 30 34 32)
            (32 34 38 36)
            (36 38 42 40)
            (40 42 46 44)
            (44 46 50 48)
            (48 50 54 52)
            (52 54 58 56)
            (56 58 62 60)
            (60 62 66 64)
        );
    }
    freestream
    {
        type patch;
        faces
        (
            (1 5 7 3)
            (5 9 11 7)
            (9 13 15 11)
            (13 17 19 15)
            (17 21 23 19)
            (21 25 27 23)
            (25 29 31 27)
            (29 33 35 31)
            (33 37 39 35)
            (37 41 43 39)
            (41 45 47 43)
            (45 49 51 47)
            (49 53 55 51)
            (53 57 59 55)
            (57 61 63 59)
            (61 65 67 63)
        );
    }
    outlet
    {
        type patch;
        faces
        (
            (64 66 67 65)
        );
    }
    axis
    {
        type patch;
        faces
        (
            (0 1 3 2)
        );
    }
    front
    {
        type patch;
        faces
        (
            (2 6 7 3)
            (6 10 11 7)
            (10 14 15 11)
            (14 18 19 15)
            (18 22 23 19)
            (22 26 27 23)
            (26 30 31 27)
            (30 34 35 31)
            (34 38 39 35)
            (38 42 43 39)
            (42 46 47 43)
            (46 50 51 47)
            (50 54 55 51)
            (54 58 59 55)
            (58 62 63 59)
            (62 66 67 63)
        );
    }
    back
    {
        type patch;
        faces
        (
            (0 1 5 4)
            (4 5 9 8)
            (8 9 13 12)
            (12 13 17 16)
            (16 17 21 20)
            (20 21 25 24)
            (24 25 29 28)
            (28 29 33 32)
            (32 33 37 36)
            (36 37 41 40)
            (40 41 45 44)
            (44 45 49 48)
            (48 49 53 52)
            (52 53 57 56)
            (56 57 61 60)
            (60 61 65 64)
        );
    }
);
