FoamFile
{
    version     2.0;
    format      ascii;
    class       dictionary;
    object      blockMeshDict;
}
// Generated by aether.cfd - do not edit by hand. Regenerate from the run config.

scale 1;

vertices
(
    (0 0 -0.03)
    (-0.264961797912 6.92850918878e-17 -0.03)
    (0 0 0)
    (-0.264961797912 6.92850918878e-17 0)
    (0.00121389605541 0.0444326412941 -0.03)
    (-0.261700626321 0.0834271871705 -0.03)
    (0.00121389605541 0.0444326412941 0)
    (-0.261700626321 0.0834271871705 0)
    (0.00485150634441 0.0887327639066 -0.03)
    (-0.252087361332 0.165771050652 -0.03)
    (0.00485150634441 0.0887327639066 0)
    (-0.252087361332 0.165771050652 0)
    (0.0109023640862 0.132768206551 -0.03)
    (-0.236588011021 0.246116986507 -0.03)
    (0.0109023640862 0.132768206551 0)
    (-0.236588011021 0.246116986507 0)
    (0.0193481130101 0.176407665074 -0.03)
    (-0.215852502813 0.323829270421 -0.03)
    (0.0193481130101 0.176407665074 0)
    (-0.215852502813 0.323829270421 0)
    (0.0301637962393 0.219520934988 -0.03)
    (-0.190584781127 0.398580586268 -0.03)
    (0.0301637962393 0.219520934988 0)
    (-0.190584781127 0.398580586268 0)
    (0.0433169935962 0.261979460446 -0.03)
    (-0.161438027417 0.470315067084 -0.03)
    (0.0433169935962 0.261979460446 0)
    (-0.161438027417 0.470315067084 0)
    (0.0587685617083 0.303656577347 -0.03)
    (-0.128952259657 0.539180096326 -0.03)
    (0.0587685617083 0.303656577347 0)
    (-0.128952259657 0.539180096326 0)
    (0.0764723952299 0.344427979825 -0.03)
    (-0.0935307580589 0.605454401064 -0.03)
    (0.0764723952299 0.344427979825 0)
    (-0.0935307580589 0.605454401064 0)
    (0.0963756403937 0.384172084695 -0.03)
    (-0.0554417995473 0.669489155533 -0.03)
    (0.0963756403937 0.384172084695 0)
    (-0.0554417995473 0.669489155533 0)
    (0.118419045255 0.422770288112 -0.03)
    (-0.0148327470342 0.731666462872 -0.03)
    (0.118419045255 0.422770288112 0)
    (-0.0148327470342 0.731666462872 0)
    (0.142522370392 0.460117288255 -0.03)
    (0.0282389020995 0.792355156718 -0.03)
    (0.142522370392 0.460117288255 0)
    (0.0282389020995 0.792355156718 0)
    (0.167414394572 0.496949497848 -0.03)
    (0.0725622181488 0.85035264743 -0.03)
    (0.167414394572 0.496949497848 0)
    (0.0725622181488 0.85035264743 0)
    (0.192306418752 0.533781707441 -0.03)
    (0.116914391467 0.904726633511 -0.03)
    (0.192306418752 0.533781707441 0)
    (0.116914391467 0.904726633511 0)
    (0.219798925386 0.56854163197 -0.03)
    (0.164132830457 0.959287947228 -0.03)
    (0.219798925386 0.56854163197 0)
    (0.164132830457 0.959287947228 0)
    (0.257349179764 0.591858780733 -0.03)
    (0.225486262494 1.02593551513 -0.03)
    (0.257349179764 0.591858780733 0)
    (0.225486262494 1.02593551513 0)
    (0.300793911701 0.6 -0.03)
    (0.300793911701 1.10235976711 -0.03)
    (0.300793911701 0.6 0)
    (0.300793911701 1.10235976711 0)
);

blocks
(
    hex (0 4 5 1 2 6 7 3) (4 48 1) simpleGrading (1 4 1)
    hex (4 8 9 5 6 10 11 7) (4 48 1) simpleGrading (1 4 1)
    hex (8 12 13 9 10 14 15 11) (4 48 1) simpleGrading (1 4 1)
    hex (12 16 17 13 14 18 19 15) (4 48 1) simpleGrading (1 4 1)
    hex (16 20 21 17 18 22 23 19) (4 48 1) simpleGrading (1 4 1)
    hex (20 24 25 21 22 26 27 23) (4 48 1) simpleGrading (1 4 1)
    hex (24 28 29 25 26 30 31 27) (4 48 1) simpleGrading (1 4 1)
    hex (28 32 33 29 30 34 35 31) (4 48 1) simpleGrading (1 4 1)
    hex (32 36 37 33 34 38 39 35) (4 48 1) simpleGrading (1 4 1)
    hex (36 40 41 37 38 42 43 39) (4 48 1) simpleGrading (1 4 1)
    hex (40 44 45 41 42 46 47 43) (4 48 1) simpleGrading (1 4 1)
    hex (44 48 49 45 46 50 51 47) (4 48 1) simpleGrading (1 4 1)
    hex (48 52 53 49 50 54 55 51) (4 48 1) simpleGrading (1 4 1)
    hex (52 56 57 53 54 58 59 55) (4 48 1) simpleGrading (1 4 1)
    hex (56 60 61 57 58 62 63 59) (4 48 1) simpleGrading (1 4 1)
    hex (60 64 65 61 62 66 67 63) (4 48 1) simpleGrading (1 4 1)
);

edges
(
    polyLine 0 4 ((4.94749729613e-07 0.00089740423818 -0.03) (1.97899831693e-06 0.00179480738531 -0.03) (4.45274395749e-06 0.00269220835036 -0.03) (7.91598364378e-06 0.00358960604227 -0.03) (1.23687131651e-05 0.00448699937002 -0.03) (1.78109271081e-05 0.00538438724256 -0.03) (2.42426188561e-05 0.00628176856888 -0.03) (3.16637805898e-05 0.00717914225795 -0.03) (4.00744032865e-05 0.00807650721877 -0.03) (4.94744767208e-05 0.00897386236034 -0.03) (5.98639894642e-05 0.00987120659167 -0.03) (7.12429288856e-05 0.0107685388218 -0.03) (8.36112811504e-05 0.0116658579598 -0.03) (9.69690312217e-05 0.0125631629146 -0.03) (0.000111316162859 0.0134604525954 -0.03) (0.00012665265862 0.0143577259113 -0.03) (0.000142978499858 0.0152549817713 -0.03) (0.000160293666726 0.0161522190847 -0.03) (0.000178598138171 0.0170494367605 -0.03) (0.000197891891939 0.017946633708 -0.03) (0.000218174904573 0.0188438088363 -0.03) (0.000239447151415 0.0197409610547 -0.03) (0.0002617086066 0.0206380892725 -0.03) (0.000284959243065 0.0215351923989 -0.03) (0.000309199032542 0.0224322693432 -0.03) (0.000334427945559 0.0233293190149 -0.03) (0.000360645951446 0.0242263403232 -0.03) (0.000387853018326 0.0251233321777 -0.03) (0.000416049113122 0.0260202934878 -0.03) (0.000445234201552 0.0269172231629 -0.03) (0.000475408248136 0.0278141201126 -0.03) (0.000506571216187 0.0287109832464 -0.03) (0.000538723067819 0.0296078114741 -0.03) (0.000571863763941 0.0305046037052 -0.03) (0.000605993264263 0.0314013588494 -0.03) (0.00064111152729 0.0322980758165 -0.03) (0.000677218510326 0.0331947535163 -0.03) (0.000714314169472 0.0340913908585 -0.03) (0.00075239845963 0.0349879867532 -0.03) (0.000791471334496 0.0358845401102 -0.03) (0.000831532746567 0.0367810498395 -0.03) (0.000872582647137 0.0376775148512 -0.03) (0.000914620986299 0.0385739340553 -0.03) (0.000957647712942 0.039470306362 -0.03) (0.00100166277476 0.0403666306816 -0.03) (0.00104666611823 0.0412629059242 -0.03) (0.00109265768865 0.0421591310003 -0.03) (0.00113963743009 0.0430553048201 -0.03) (0.00118760528545 0.0439514262942 -0.03))
    polyLine 2 6 ((4.94749729613e-07 0.00089740423818 0) (1.97899831693e-06 0.00179480738531 0) (4.45274395749e-06 0.00269220835036 0) (7.91598364378e-06 0.00358960604227 0) (1.23687131651e-05 0.00448699937002 0) (1.78109271081e-05 0.00538438724256 0) (2.42426188561e-05 0.00628176856888 0) (3.16637805898e-05 0.00717914225795 0) (4.00744032865e-05 0.00807650721877 0) (4.94744767208e-05 0.00897386236034 0) (5.98639894642e-05 0.00987120659167 0) (7.12429288856e-05 0.0107685388218 0) (8.36112811504e-05 0.0116658579598 0) (9.69690312217e-05 0.0125631629146 0) (0.000111316162859 0.0134604525954 0) (0.00012665265862 0.0143577259113 0) (0.000142978499858 0.0152549817713 0) (0.000160293666726 0.0161522190847 0) (0.000178598138171 0.0170494367605 0) (0.000197891891939 0.017946633708 0) (0.000218174904573 0.0188438088363 0) (0.000239447151415 0.0197409610547 0) (0.0002617086066 0.0206380892725 0) (0.000284959243065 0.0215351923989 0) (0.000309199032542 0.0224322693432 0) (0.000334427945559 0.0233293190149 0) (0.000360645951446 0.0242263403232 0) (0.000387853018326 0.0251233321777 0) (0.000416049113122 0.0260202934878 0) (0.000445234201552 0.0269172231629 0) (0.000475408248136 0.0278141201126 0) (0.000506571216187 0.0287109832464 0) (0.000538723067819 0.0296078114741 0) (0.000571863763941 0.0305046037052 0) (0.000605993264263 0.0314013588494 0) (0.00064111152729 0.0322980758165 0) (0.000677218510326 0.0331947535163 0) (0.000714314169472 0.0340913908585 0) (0.00075239845963 0.0349879867532 0) (0.000791471334496 0.0358845401102 0) (0.000831532746567 0.0367810498395 0) (0.000872582647137 0.0376775148512 0) (0.000914620986299 0.0385739340553 0) (0.000957647712942 0.039470306362 0) (0.00100166277476 0.0403666306816 0) (0.00104666611823 0.0412629059242 0) (0.00109265768865 0.0421591310003 0) (0.00113963743009 0.0430553048201 0) (0.00118760528545 0.0439514262942 0))
    polyLine 1 5 ((-0.264956152682 0.00347099158485 -0.03) (-0.264939216646 0.00694203666091 -0.03) (-0.264910988775 0.0104131887248 -0.03) (-0.264871467349 0.0138845012842 -0.03) (-0.264820649963 0.0173560278629 -0.03) (-0.264758533521 0.0208278220068 -0.03) (-0.26468511424 0.0242999372888 -0.03) (-0.264600387647 0.0277724273148 -0.03) (-0.264504348579 0.0312453457287 -0.03) (-0.264396991179 0.0347187462183 -0.03) (-0.264278308901 0.0381926825205 -0.03) (-0.264148294503 0.0416672084266 -0.03) (-0.264006940048 0.0451423777885 -0.03) (-0.263854236902 0.0486182445233 -0.03) (-0.263690175735 0.0520948626195 -0.03) (-0.263514746515 0.0555722861423 -0.03) (-0.263327938507 0.0590505692388 -0.03) (-0.263129740273 0.062529766144 -0.03) (-0.26292013967 0.0660099311863 -0.03) (-0.262699123844 0.0694911187926 -0.03) (-0.262466679232 0.0729733834945 -0.03) (-0.262222791556 0.0764567799332 -0.03) (-0.261967445824 0.0799413628658 -0.03))
    polyLine 3 7 ((-0.264956152682 0.00347099158485 0) (-0.264939216646 0.00694203666091 0) (-0.264910988775 0.0104131887248 0) (-0.264871467349 0.0138845012842 0) (-0.264820649963 0.0173560278629 0) (-0.264758533521 0.0208278220068 0) (-0.26468511424 0.0242999372888 0) (-0.264600387647 0.0277724273148 0) (-0.264504348579 0.0312453457287 0) (-0.264396991179 0.0347187462183 0) (-0.264278308901 0.0381926825205 0) (-0.264148294503 0.0416672084266 0) (-0.264006940048 0.0451423777885 0) (-0.263854236902 0.0486182445233 0) (-0.263690175735 0.0520948626195 0) (-0.263514746515 0.0555722861423 0) (-0.263327938507 0.0590505692388 0) (-0.263129740273 0.062529766144 0) (-0.26292013967 0.0660099311863 0) (-0.262699123844 0.0694911187926 0) (-0.262466679232 0.0729733834945 0) (-0.262222791556 0.0764567799332 0) (-0.261967445824 0.0799413628658 0))
    polyLine 4 8 ((0.0012365611964 0.0448474943331 -0.03) (0.00128650510342 0.0457435078473 -0.03) (0.0013374369458 0.0466394657474 -0.03) (0.00138935666161 0.0475353669443 -0.03) (0.00144226418772 0.0484312103487 -0.03) (0.00149615945982 0.0493269948714 -0.03) (0.00155104241238 0.0502227194234 -0.03) (0.00160691297867 0.0511183829156 -0.03) (0.00166377109078 0.0520139842592 -0.03) (0.00172161667956 0.0529095223652 -0.03) (0.00178044967469 0.0538049961449 -0.03) (0.00184027000465 0.0547004045096 -0.03) (0.00190107759671 0.0555957463707 -0.03) (0.00196287237694 0.0564910206397 -0.03) (0.0020256542702 0.057386226228 -0.03) (0.00208942320018 0.0582813620473 -0.03) (0.00215417908934 0.0591764270094 -0.03) (0.00221992185895 0.0600714200259 -0.03) (0.00228665142908 0.0609663400089 -0.03) (0.00235436771861 0.0618611858703 -0.03) (0.00242307064521 0.0627559565221 -0.03) (0.00249276012535 0.0636506508765 -0.03) (0.0025634360743 0.0645452678458 -0.03) (0.00263509840613 0.0654398063423 -0.03) (0.00270774703373 0.0663342652784 -0.03) (0.00278138186877 0.0672286435667 -0.03) (0.00285600282172 0.0681229401198 -0.03) (0.00293160980185 0.0690171538504 -0.03) (0.00300820271726 0.0699112836714 -0.03) (0.00308578147481 0.0708053284957 -0.03) (0.0031643459802 0.0716992872363 -0.03) (0.0032438961379 0.0725931588065 -0.03) (0.00332443185119 0.0734869421193 -0.03) (0.00340595302217 0.0743806360883 -0.03) (0.00348845955172 0.0752742396268 -0.03) (0.00357195133953 0.0761677516485 -0.03) (0.0036564282841 0.077061171067 -0.03) (0.00374189028272 0.0779544967961 -0.03) (0.00382833723148 0.0788477277497 -0.03) (0.00391576902529 0.0797408628419 -0.03) (0.00400418555784 0.0806339009868 -0.03) (0.00409358672165 0.0815268410987 -0.03) (0.00418397240802 0.0824196820919 -0.03) (0.00427534250707 0.083312422881 -0.03) (0.0043676969077 0.0842050623805 -0.03) (0.00446103549763 0.0850975995053 -0.03) (0.00455535816339 0.0859900331702 -0.03) (0.00465066479029 0.0868823622902 -0.03) (0.00474695526248 0.0877745857804 -0.03) (0.00484422946287 0.088666702556 -0.03))
    polyLine 6 10 ((0.0012365611964 0.0448474943331 0) (0.00128650510342 0.0457435078473 0) (0.0013374369458 0.0466394657474 0) (0.00138935666161 0.0475353669443 0) (0.00144226418772 0.0484312103487 0) (0.00149615945982 0.0493269948714 0) (0.00155104241238 0.0502227194234 0) (0.00160691297867 0.0511183829156 0) (0.00166377109078 0.0520139842592 0) (0.00172161667956 0.0529095223652 0) (0.00178044967469 0.0538049961449 0) (0.00184027000465 0.0547004045096 0) (0.00190107759671 0.0555957463707 0) (0.00196287237694 0.0564910206397 0) (0.0020256542702 0.057386226228 0) (0.00208942320018 0.0582813620473 0) (0.00215417908934 0.0591764270094 0) (0.00221992185895 0.0600714200259 0) (0.00228665142908 0.0609663400089 0) (0.00235436771861 0.0618611858703 0) (0.00242307064521 0.0627559565221 0) (0.00249276012535 0.0636506508765 0) (0.0025634360743 0.0645452678458 0) (0.00263509840613 0.0654398063423 0) (0.00270774703373 0.0663342652784 0) (0.00278138186877 0.0672286435667 0) (0.00285600282172 0.0681229401198 0) (0.00293160980185 0.0690171538504 0) (0.00300820271726 0.0699112836714 0) (0.00308578147481 0.0708053284957 0) (0.0031643459802 0.0716992872363 0) (0.0032438961379 0.0725931588065 0) (0.00332443185119 0.0734869421193 0) (0.00340595302217 0.0743806360883 0) (0.00348845955172 0.0752742396268 0) (0.00357195133953 0.0761677516485 0) (0.0036564282841 0.077061171067 0) (0.00374189028272 0.0779544967961 0) (0.00382833723148 0.0788477277497 0) (0.00391576902529 0.0797408628419 0) (0.00400418555784 0.0806339009868 0) (0.00409358672165 0.0815268410987 0) (0.00418397240802 0.0824196820919 0) (0.00427534250707 0.083312422881 0) (0.0043676969077 0.0842050623805 0) (0.00446103549763 0.0850975995053 0) (0.00455535816339 0.0859900331702 0) (0.00465066479029 0.0868823622902 0) (0.00474695526248 0.0877745857804 0) (0.00484422946287 0.088666702556 0))
    polyLine 5 9 ((-0.261428456749 0.086838884538 -0.03) (-0.26114527249 0.0902518744556 -0.03) (-0.260851056813 0.0936662086851 -0.03) (-0.260545792318 0.0970819391202 -0.03) (-0.260229460927 0.100499117791 -0.03) (-0.259902043888 0.10391779687 -0.03) (-0.259563521769 0.107338028674 -0.03) (-0.259213874453 0.110759865676 -0.03) (-0.258853081134 0.114183360503 -0.03) (-0.258481120317 0.117608565945 -0.03) (-0.258097969808 0.12103553496 -0.03) (-0.257703606717 0.124464320679 -0.03) (-0.257298007449 0.127894976409 -0.03) (-0.2568811477 0.131327555643 -0.03) (-0.256453002454 0.134762112062 -0.03) (-0.256013545977 0.13819869954 -0.03) (-0.255562751815 0.14163737215 -0.03) (-0.255100592786 0.145078184171 -0.03) (-0.254627040976 0.148521190091 -0.03) (-0.254142067733 0.151966444614 -0.03) (-0.253645643665 0.155414002664 -0.03) (-0.253137738632 0.158863919392 -0.03) (-0.252618321738 0.162316250181 -0.03))
    polyLine 7 11 ((-0.261428456749 0.086838884538 0) (-0.26114527249 0.0902518744556 0) (-0.260851056813 0.0936662086851 0) (-0.260545792318 0.0970819391202 0) (-0.260229460927 0.100499117791 0) (-0.259902043888 0.10391779687 0) (-0.259563521769 0.107338028674 0) (-0.259213874453 0.110759865676 0) (-0.258853081134 0.114183360503 0) (-0.258481120317 0.117608565945 0) (-0.258097969808 0.12103553496 0) (-0.257703606717 0.124464320679 0) (-0.257298007449 0.127894976409 0) (-0.2568811477 0.131327555643 0) (-0.256453002454 0.134762112062 0) (-0.256013545977 0.13819869954 0) (-0.255562751815 0.14163737215 0) (-0.255100592786 0.145078184171 0) (-0.254627040976 0.148521190091 0) (-0.254142067733 0.151966444614 0) (-0.253645643665 0.155414002664 0) (-0.253137738632 0.158863919392 0) (-0.252618321738 0.162316250181 0))
    polyLine 8 12 ((0.00494248727321 0.0895587115325 -0.03) (0.00504172857403 0.0904506116254 -0.03) (0.00514195324468 0.0913424017503 -0.03) (0.00524316116331 0.092234080823 -0.03) (0.00534535220688 0.0931256477594 -0.03) (0.00544852625113 0.0940171014756 -0.03) (0.00555268317064 0.0949084408877 -0.03) (0.00565782283877 0.0957996649121 -0.03) (0.00576394512769 0.0966907724653 -0.03) (0.00587104990839 0.0975817624638 -0.03) (0.00597913705065 0.0984726338244 -0.03) (0.00608820642305 0.099363385464 -0.03) (0.006198257893 0.1002540163 -0.03) (0.00630929132669 0.101144525249 -0.03) (0.00642130658914 0.102034911228 -0.03) (0.00653430354415 0.102925173156 -0.03) (0.00664828205436 0.103815309949 -0.03) (0.00676324198117 0.104705320526 -0.03) (0.00687918318484 0.105595203804 -0.03) (0.0069961055244 0.106484958701 -0.03) (0.00711400885769 0.107374584137 -0.03) (0.00723289304138 0.108264079029 -0.03) (0.00735275793093 0.109153442295 -0.03) (0.00747360338061 0.110042672855 -0.03) (0.00759542924349 0.110931769627 -0.03) (0.00771823537147 0.111820731531 -0.03) (0.00784202161523 0.112709557486 -0.03) (0.00796678782428 0.11359824641 -0.03) (0.00809253384694 0.114486797224 -0.03) (0.00821925953032 0.115375208848 -0.03) (0.00834696472036 0.1162634802 -0.03) (0.00847564926179 0.117151610202 -0.03) (0.00860531299816 0.118039597774 -0.03) (0.00873595577182 0.118927441835 -0.03) (0.00886757742395 0.119815141307 -0.03) (0.00900017779452 0.12070269511 -0.03) (0.00913375672232 0.121590102165 -0.03) (0.00926831404495 0.122477361393 -0.03) (0.00940384959881 0.123364471716 -0.03) (0.00954036321913 0.124251432055 -0.03) (0.00967785473992 0.125138241332 -0.03) (0.00981632399404 0.126024898468 -0.03) (0.00995577081314 0.126911402386 -0.03) (0.0100961950277 0.127797752007 -0.03) (0.0102375964669 0.128683946255 -0.03) (0.010379974959 0.129569984051 -0.03) (0.0105233303307 0.130455864319 -0.03) (0.0106676624079 0.131341585981 -0.03) (0.010812971015 0.132227147961 -0.03))
    polyLine 10 14 ((0.00494248727321 0.0895587115325 0) (0.00504172857403 0.0904506116254 0) (0.00514195324468 0.0913424017503 0) (0.00524316116331 0.092234080823 0) (0.00534535220688 0.0931256477594 0) (0.00544852625113 0.0940171014756 0) (0.00555268317064 0.0949084408877 0) (0.00565782283877 0.0957996649121 0) (0.00576394512769 0.0966907724653 0) (0.00587104990839 0.0975817624638 0) (0.00597913705065 0.0984726338244 0) (0.00608820642305 0.099363385464 0) (0.006198257893 0.1002540163 0) (0.00630929132669 0.101144525249 0) (0.00642130658914 0.102034911228 0) (0.00653430354415 0.102925173156 0) (0.00664828205436 0.103815309949 0) (0.00676324198117 0.104705320526 0) (0.00687918318484 0.105595203804 0) (0.0069961055244 0.106484958701 0) (0.00711400885769 0.107374584137 0) (0.00723289304138 0.108264079029 0) (0.00735275793093 0.109153442295 0) (0.00747360338061 0.110042672855 0) (0.00759542924349 0.110931769627 0) (0.00771823537147 0.111820731531 0) (0.00784202161523 0.112709557486 0) (0.00796678782428 0.11359824641 0) (0.00809253384694 0.114486797224 0) (0.00821925953032 0.115375208848 0) (0.00834696472036 0.1162634802 0) (0.00847564926179 0.117151610202 0) (0.00860531299816 0.118039597774 0) (0.00873595577182 0.118927441835 0) (0.00886757742395 0.119815141307 0) (0.00900017779452 0.12070269511 0) (0.00913375672232 0.121590102165 0) (0.00926831404495 0.122477361393 0) (0.00940384959881 0.123364471716 0) (0.00954036321913 0.124251432055 0) (0.00967785473992 0.125138241332 0) (0.00981632399404 0.126024898468 0) (0.00995577081314 0.126911402386 0) (0.0100961950277 0.127797752007 0) (0.0102375964669 0.128683946255 0) (0.010379974959 0.129569984051 0) (0.0105233303307 0.130455864319 0) (0.0106676624079 0.131341585981 0) (0.010812971015 0.132227147961 0))
    polyLine 9 13 ((-0.251567196829 0.169087208191 -0.03) (-0.251036352833 0.172405738821 -0.03) (-0.250494799412 0.175726692272 -0.03) (-0.249942505972 0.179050118489 -0.03) (-0.24937944125 0.182376067644 -0.03) (-0.248805573311 0.185704590137 -0.03) (-0.24822086954 0.189035736602 -0.03) (-0.24762529664 0.192369557911 -0.03) (-0.24701882062 0.195706105177 -0.03) (-0.246401406797 0.199045429764 -0.03) (-0.245773019785 0.202387583286 -0.03) (-0.245133623489 0.205732617615 -0.03) (-0.244483181102 0.209080584884 -0.03) (-0.243821655093 0.212431537496 -0.03) (-0.243149007209 0.215785528123 -0.03) (-0.242465198458 0.219142609715 -0.03) (-0.241770189113 0.222502835503 -0.03) (-0.241063938695 0.225866259006 -0.03) (-0.240346405974 0.229232934035 -0.03) (-0.239617548958 0.232602914696 -0.03) (-0.238877324884 0.235976255401 -0.03) (-0.238125690216 0.239353010864 -0.03) (-0.237362600633 0.242733236117 -0.03))
    polyLine 11 15 ((-0.251567196829 0.169087208191 0) (-0.251036352833 0.172405738821 0) (-0.250494799412 0.175726692272 0) (-0.249942505972 0.179050118489 0) (-0.24937944125 0.182376067644 0) (-0.248805573311 0.185704590137 0) (-0.24822086954 0.189035736602 0) (-0.24762529664 0.192369557911 0) (-0.24701882062 0.195706105177 0) (-0.246401406797 0.199045429764 0) (-0.245773019785 0.202387583286 0) (-0.245133623489 0.205732617615 0) (-0.244483181102 0.209080584884 0) (-0.243821655093 0.212431537496 0) (-0.243149007209 0.215785528123 0) (-0.242465198458 0.219142609715 0) (-0.241770189113 0.222502835503 0) (-0.241063938695 0.225866259006 0) (-0.240346405974 0.229232934035 0) (-0.239617548958 0.232602914696 0) (-0.238877324884 0.235976255401 0) (-0.238125690216 0.239353010864 0) (-0.237362600633 0.242733236117 0))
    polyLine 12 16 ((0.0109592559754 0.133112549182 -0.03) (0.0111065171111 0.133997788567 -0.03) (0.0112547542433 0.134882865041 -0.03) (0.0114039671917 0.135767777527 -0.03) (0.0115541557748 0.136652524949 -0.03) (0.01170531981 0.137537106232 -0.03) (0.0118574591136 0.1384215203 -0.03) (0.0120105735006 0.139305766078 -0.03) (0.0121646627849 0.140189842491 -0.03) (0.0123197267791 0.141073748464 -0.03) (0.0124757652947 0.141957482922 -0.03) (0.012632778142 0.142841044792 -0.03) (0.01279076513 0.143724432998 -0.03) (0.0129497260668 0.144607646467 -0.03) (0.013109660759 0.145490684125 -0.03) (0.0132705690122 0.146373544899 -0.03) (0.0134324506308 0.147256227715 -0.03) (0.0135953054179 0.148138731499 -0.03) (0.0137591331757 0.14902105518 -0.03) (0.0139239337048 0.149903197684 -0.03) (0.0140897068049 0.150785157938 -0.03) (0.0142564522745 0.151666934871 -0.03) (0.0144241699109 0.152548527411 -0.03) (0.0145928595102 0.153429934485 -0.03) (0.0147625208672 0.154311155023 -0.03) (0.0149331537757 0.155192187952 -0.03) (0.0151047580282 0.156073032201 -0.03) (0.0152773334161 0.1569536867 -0.03) (0.0154508797297 0.157834150379 -0.03) (0.0156253967578 0.158714422165 -0.03) (0.0158008842883 0.15959450099 -0.03) (0.015977342108 0.160474385783 -0.03) (0.0161547700021 0.161354075475 -0.03) (0.0163331677551 0.162233568996 -0.03) (0.01651253515 0.163112865277 -0.03) (0.0166928719688 0.163991963248 -0.03) (0.0168741779922 0.164870861841 -0.03) (0.0170564529997 0.165749559988 -0.03) (0.0172396967699 0.16662805662 -0.03) (0.0174239090798 0.167506350669 -0.03) (0.0176090897056 0.168384441067 -0.03) (0.0177952384221 0.169262326747 -0.03) (0.0179823550029 0.170140006641 -0.03) (0.0181704392206 0.171017479683 -0.03) (0.0183594908465 0.171894744805 -0.03) (0.0185495096508 0.17277180094 -0.03) (0.0187404954025 0.173648647024 -0.03) (0.0189324478693 0.174525281989 -0.03) (0.0191253668179 0.17540170477 -0.03) (0.0193192520137 0.176277914301 -0.03))
    polyLine 14 18 ((0.0109592559754 0.133112549182 0) (0.0111065171111 0.133997788567 0) (0.0112547542433 0.134882865041 0) (0.0114039671917 0.135767777527 0) (0.0115541557748 0.136652524949 0) (0.01170531981 0.137537106232 0) (0.0118574591136 0.1384215203 0) (0.0120105735006 0.139305766078 0) (0.0121646627849 0.140189842491 0) (0.0123197267791 0.141073748464 0) (0.0124757652947 0.141957482922 0) (0.012632778142 0.142841044792 0) (0.01279076513 0.143724432998 0) (0.0129497260668 0.144607646467 0) (0.013109660759 0.145490684125 0) (0.0132705690122 0.146373544899 0) (0.0134324506308 0.147256227715 0) (0.0135953054179 0.148138731499 0) (0.0137591331757 0.14902105518 0) (0.0139239337048 0.149903197684 0) (0.0140897068049 0.150785157938 0) (0.0142564522745 0.151666934871 0) (0.0144241699109 0.152548527411 0) (0.0145928595102 0.153429934485 0) (0.0147625208672 0.154311155023 0) (0.0149331537757 0.155192187952 0) (0.0151047580282 0.156073032201 0) (0.0152773334161 0.1569536867 0) (0.0154508797297 0.157834150379 0) (0.0156253967578 0.158714422165 0) (0.0158008842883 0.15959450099 0) (0.015977342108 0.160474385783 0) (0.0161547700021 0.161354075475 0) (0.0163331677551 0.162233568996 0) (0.01651253515 0.163112865277 0) (0.0166928719688 0.163991963248 0) (0.0168741779922 0.164870861841 0) (0.0170564529997 0.165749559988 0) (0.0172396967699 0.16662805662 0) (0.0174239090798 0.167506350669 0) (0.0176090897056 0.168384441067 0) (0.0177952384221 0.169262326747 0) (0.0179823550029 0.170140006641 0) (0.0181704392206 0.171017479683 0) (0.0183594908465 0.171894744805 0) (0.0185495096508 0.17277180094 0) (0.0187404954025 0.173648647024 0) (0.0189324478693 0.174525281989 0) (0.0191253668179 0.17540170477 0) (0.0193192520137 0.176277914301 0))
    polyLine 13 17 ((-0.235846407794 0.249313663171 -0.03) (-0.235094481904 0.252513576149 -0.03) (-0.234332193455 0.255716772766 -0.03) (-0.233559501895 0.258923300617 -0.03) (-0.232776366015 0.262133207571 -0.03) (-0.231982743941 0.265346541771 -0.03) (-0.231178593124 0.268563351643 -0.03) (-0.230363870337 0.271783685899 -0.03) (-0.229538531669 0.275007593538 -0.03) (-0.228702532514 0.278235123853 -0.03) (-0.227855827566 0.281466326438 -0.03) (-0.226998370815 0.284701251186 -0.03) (-0.226130115534 0.287939948298 -0.03) (-0.225251014275 0.291182468286 -0.03) (-0.22436101886 0.294428861977 -0.03) (-0.223460080376 0.297679180518 -0.03) (-0.222548149164 0.300933475383 -0.03) (-0.221625174811 0.304191798372 -0.03) (-0.220691106147 0.30745420162 -0.03) (-0.21974589123 0.3107207376 -0.03) (-0.21878947734 0.313991459129 -0.03) (-0.217821810974 0.317266419372 -0.03) (-0.216842837832 0.320545671844 -0.03))
    polyLine 15 19 ((-0.235846407794 0.249313663171 0) (-0.235094481904 0.252513576149 0) (-0.234332193455 0.255716772766 0) (-0.233559501895 0.258923300617 0) (-0.232776366015 0.262133207571 0) (-0.231982743941 0.265346541771 0) (-0.231178593124 0.268563351643 0) (-0.230363870337 0.271783685899 0) (-0.229538531669 0.275007593538 0) (-0.228702532514 0.278235123853 0) (-0.227855827566 0.281466326438 0) (-0.226998370815 0.284701251186 0) (-0.226130115534 0.287939948298 0) (-0.225251014275 0.291182468286 0) (-0.22436101886 0.294428861977 0) (-0.223460080376 0.297679180518 0) (-0.222548149164 0.300933475383 0) (-0.221625174811 0.304191798372 0) (-0.220691106147 0.30745420162 0) (-0.21974589123 0.3107207376 0) (-0.21878947734 0.313991459129 0) (-0.217821810974 0.317266419372 0) (-0.216842837832 0.320545671844 0))
    polyLine 16 20 ((0.019514103221 0.177153909517 -0.03) (0.019709920203 0.178029689353 -0.03) (0.0199067027215 0.178905252744 -0.03) (0.0201044505373 0.179780598626 -0.03) (0.0203031634099 0.180655725934 -0.03) (0.0205028410979 0.181530633605 -0.03) (0.0207034833584 0.182405320574 -0.03) (0.0209050899475 0.183279785779 -0.03) (0.0211076606201 0.184154028157 -0.03) (0.0213111951298 0.185028046643 -0.03) (0.0215156932294 0.185901840176 -0.03) (0.02172115467 0.186775407694 -0.03) (0.021927579202 0.187648748134 -0.03) (0.0221349665743 0.188521860435 -0.03) (0.0223433165349 0.189394743534 -0.03) (0.0225526288304 0.190267396371 -0.03) (0.0227629032063 0.191139817885 -0.03) (0.022974139407 0.192012007016 -0.03) (0.0231863371757 0.192883962702 -0.03) (0.0233994962543 0.193755683884 -0.03) (0.0236136163838 0.194627169501 -0.03) (0.0238286973039 0.195498418495 -0.03) (0.0240447387529 0.196369429806 -0.03) (0.0242617404683 0.197240202375 -0.03) (0.0244797021862 0.198110735143 -0.03) (0.0246986236417 0.198981027053 -0.03) (0.0249185045686 0.199851077046 -0.03) (0.0251393446995 0.200720884063 -0.03) (0.025361143766 0.201590447049 -0.03) (0.0255839014984 0.202459764945 -0.03) (0.0258076176259 0.203328836694 -0.03) (0.0260322918764 0.204197661241 -0.03) (0.0262579239769 0.205066237528 -0.03) (0.026484513653 0.2059345645 -0.03) (0.0267120606293 0.206802641101 -0.03) (0.026940564629 0.207670466275 -0.03) (0.0271700253745 0.208538038968 -0.03) (0.0274004425866 0.209405358125 -0.03) (0.0276318159853 0.210272422691 -0.03) (0.0278641452892 0.211139231613 -0.03) (0.028097430216 0.212005783835 -0.03) (0.0283316704819 0.212872078305 -0.03) (0.0285668658023 0.21373811397 -0.03) (0.0288030158911 0.214603889777 -0.03) (0.0290401204612 0.215469404672 -0.03) (0.0292781792245 0.216334657604 -0.03) (0.0295171918913 0.217199647521 -0.03) (0.0297571581713 0.218064373372 -0.03) (0.0299980777726 0.218928834104 -0.03))
    polyLine 18 22 ((0.019514103221 0.177153909517 0) (0.019709920203 0.178029689353 0) (0.0199067027215 0.178905252744 0) (0.0201044505373 0.179780598626 0) (0.0203031634099 0.180655725934 0) (0.0205028410979 0.181530633605 0) (0.0207034833584 0.182405320574 0) (0.0209050899475 0.183279785779 0) (0.0211076606201 0.184154028157 0) (0.0213111951298 0.185028046643 0) (0.0215156932294 0.185901840176 0) (0.02172115467 0.186775407694 0) (0.021927579202 0.187648748134 0) (0.0221349665743 0.188521860435 0) (0.0223433165349 0.189394743534 0) (0.0225526288304 0.190267396371 0) (0.0227629032063 0.191139817885 0) (0.022974139407 0.192012007016 0) (0.0231863371757 0.192883962702 0) (0.0233994962543 0.193755683884 0) (0.0236136163838 0.194627169501 0) (0.0238286973039 0.195498418495 0) (0.0240447387529 0.196369429806 0) (0.0242617404683 0.197240202375 0) (0.0244797021862 0.198110735143 0) (0.0246986236417 0.198981027053 0) (0.0249185045686 0.199851077046 0) (0.0251393446995 0.200720884063 0) (0.025361143766 0.201590447049 0) (0.0255839014984 0.202459764945 0) (0.0258076176259 0.203328836694 0) (0.0260322918764 0.204197661241 0) (0.0262579239769 0.205066237528 0) (0.026484513653 0.2059345645 0) (0.0267120606293 0.206802641101 0) (0.026940564629 0.207670466275 0) (0.0271700253745 0.208538038968 0) (0.0274004425866 0.209405358125 0) (0.0276318159853 0.210272422691 0) (0.0278641452892 0.211139231613 0) (0.028097430216 0.212005783835 0) (0.0283316704819 0.212872078305 0) (0.0285668658023 0.21373811397 0) (0.0288030158911 0.214603889777 0) (0.0290401204612 0.215469404672 0) (0.0292781792245 0.216334657604 0) (0.0295171918913 0.217199647521 0) (0.0297571581713 0.218064373372 0) (0.0299980777726 0.218928834104 0))
    polyLine 17 21 ((-0.214918634801 0.326895497014 -0.03) (-0.2139747904 0.329965594993 -0.03) (-0.213020922988 0.33303960892 -0.03) (-0.212056985305 0.33611758364 -0.03) (-0.211082929453 0.339199564287 -0.03) (-0.210098706885 0.342285596287 -0.03) (-0.209104268401 0.345375725362 -0.03) (-0.208099564136 0.348469997533 -0.03) (-0.207084543558 0.351568459125 -0.03) (-0.206059155459 0.354671156769 -0.03) (-0.205023347947 0.357778137407 -0.03) (-0.203977068439 0.360889448295 -0.03) (-0.202920263653 0.364005137008 -0.03) (-0.201852879602 0.367125251443 -0.03) (-0.200774861584 0.370249839823 -0.03) (-0.199686154174 0.373378950701 -0.03) (-0.198586701218 0.376512632966 -0.03) (-0.197476445824 0.379650935843 -0.03) (-0.196355330353 0.382793908899 -0.03) (-0.19522329641 0.385941602051 -0.03) (-0.194080284838 0.389094065563 -0.03) (-0.192926235706 0.392251350057 -0.03) (-0.191761088303 0.39541350651 -0.03))
    polyLine 19 23 ((-0.214918634801 0.326895497014 0) (-0.2139747904 0.329965594993 0) (-0.213020922988 0.33303960892 0) (-0.212056985305 0.33611758364 0) (-0.211082929453 0.339199564287 0) (-0.210098706885 0.342285596287 0) (-0.209104268401 0.345375725362 0) (-0.208099564136 0.348469997533 0) (-0.207084543558 0.351568459125 0) (-0.206059155459 0.354671156769 0) (-0.205023347947 0.357778137407 0) (-0.203977068439 0.360889448295 0) (-0.202920263653 0.364005137008 0) (-0.201852879602 0.367125251443 0) (-0.200774861584 0.370249839823 0) (-0.199686154174 0.373378950701 0) (-0.198586701218 0.376512632966 0) (-0.197476445824 0.379650935843 0) (-0.196355330353 0.382793908899 0) (-0.19522329641 0.385941602051 0) (-0.194080284838 0.389094065563 0) (-0.192926235706 0.392251350057 0) (-0.191761088303 0.39541350651 0))
    polyLine 20 24 ((0.0302399504023 0.219793028666 -0.03) (0.0304827757663 0.22065695601 -0.03) (0.0307265535695 0.221520615082 -0.03) (0.0309712835154 0.222384004835 -0.03) (0.0312169653065 0.223247124218 -0.03) (0.0314635986442 0.224109972181 -0.03) (0.0317111832285 0.224972547677 -0.03) (0.0319597187585 0.225834849655 -0.03) (0.0322092049319 0.226696877068 -0.03) (0.0324596414456 0.227558628868 -0.03) (0.0327110279949 0.228420104006 -0.03) (0.0329633642743 0.229281301436 -0.03) (0.033216649977 0.230142220111 -0.03) (0.0334708847951 0.231002858983 -0.03) (0.0337260684193 0.231863217007 -0.03) (0.0339822005396 0.232723293137 -0.03) (0.0342392808445 0.233583086326 -0.03) (0.0344973090215 0.23444259553 -0.03) (0.0347562847567 0.235301819703 -0.03) (0.0350162077355 0.236160757801 -0.03) (0.0352770776417 0.23701940878 -0.03) (0.0355388941583 0.237877771596 -0.03) (0.0358016569669 0.238735845204 -0.03) (0.036065365748 0.239593628563 -0.03) (0.036330020181 0.240451120629 -0.03) (0.0365956199442 0.241308320359 -0.03) (0.0368621647147 0.242165226711 -0.03) (0.0371296541684 0.243021838644 -0.03) (0.0373980879801 0.243878155116 -0.03) (0.0376674658234 0.244734175086 -0.03) (0.0379377873708 0.245589897513 -0.03) (0.0382090522937 0.246445321357 -0.03) (0.0384812602623 0.247300445578 -0.03) (0.0387544109457 0.248155269137 -0.03) (0.0390285040117 0.249009790993 -0.03) (0.0393035391271 0.249864010108 -0.03) (0.0395795159575 0.250717925444 -0.03) (0.0398564341674 0.251571535962 -0.03) (0.0401342934202 0.252424840624 -0.03) (0.040413093378 0.253277838394 -0.03) (0.0406928337018 0.254130528234 -0.03) (0.0409735140516 0.254982909107 -0.03) (0.0412551340861 0.255834979977 -0.03) (0.0415376934629 0.256686739808 -0.03) (0.0418211918385 0.257538187565 -0.03) (0.0421056288682 0.258389322212 -0.03) (0.0423910042062 0.259240142715 -0.03) (0.0426773175056 0.260090648039 -0.03) (0.0429645684182 0.26094083715 -0.03) (0.0432527565949 0.261790709014 -0.03))
    polyLine 22 26 ((0.0302399504023 0.219793028666 0) (0.0304827757663 0.22065695601 0) (0.0307265535695 0.221520615082 0) (0.0309712835154 0.222384004835 0) (0.0312169653065 0.223247124218 0) (0.0314635986442 0.224109972181 0) (0.0317111832285 0.224972547677 0) (0.0319597187585 0.225834849655 0) (0.0322092049319 0.226696877068 0) (0.0324596414456 0.227558628868 0) (0.0327110279949 0.228420104006 0) (0.0329633642743 0.229281301436 0) (0.033216649977 0.230142220111 0) (0.0334708847951 0.231002858983 0) (0.0337260684193 0.231863217007 0) (0.0339822005396 0.232723293137 0) (0.0342392808445 0.233583086326 0) (0.0344973090215 0.23444259553 0) (0.0347562847567 0.235301819703 0) (0.0350162077355 0.236160757801 0) (0.0352770776417 0.23701940878 0) (0.0355388941583 0.237877771596 0) (0.0358016569669 0.238735845204 0) (0.036065365748 0.239593628563 0) (0.036330020181 0.240451120629 0) (0.0365956199442 0.241308320359 0) (0.0368621647147 0.242165226711 0) (0.0371296541684 0.243021838644 0) (0.0373980879801 0.243878155116 0) (0.0376674658234 0.244734175086 0) (0.0379377873708 0.245589897513 0) (0.0382090522937 0.246445321357 0) (0.0384812602623 0.247300445578 0) (0.0387544109457 0.248155269137 0) (0.0390285040117 0.249009790993 0) (0.0393035391271 0.249864010108 0) (0.0395795159575 0.250717925444 0) (0.0398564341674 0.251571535962 0) (0.0401342934202 0.252424840624 0) (0.040413093378 0.253277838394 0) (0.0406928337018 0.254130528234 0) (0.0409735140516 0.254982909107 0) (0.0412551340861 0.255834979977 0) (0.0415376934629 0.256686739808 0) (0.0418211918385 0.257538187565 0) (0.0421056288682 0.258389322212 0) (0.0423910042062 0.259240142715 0) (0.0426773175056 0.260090648039 0) (0.0429645684182 0.26094083715 0) (0.0432527565949 0.261790709014 0))
    polyLine 21 25 ((-0.189486017399 0.401516399686 -0.03) (-0.18837758976 0.404456516463 -0.03) (-0.187259447592 0.407400978162 -0.03) (-0.18613153967 0.410349826628 -0.03) (-0.184993814158 0.413303103987 -0.03) (-0.1838462186 0.416260852652 -0.03) (-0.182688699912 0.419223115322 -0.03) (-0.18152120438 0.422189934991 -0.03) (-0.180343677648 0.425161354947 -0.03) (-0.179156064713 0.428137418777 -0.03) (-0.177958309918 0.43111817037 -0.03) (-0.176750356945 0.434103653917 -0.03) (-0.175532148805 0.437093913923 -0.03) (-0.174303627835 0.440088995201 -0.03) (-0.173064735689 0.443088942881 -0.03) (-0.171815413325 0.44609380241 -0.03) (-0.170555601007 0.44910361956 -0.03) (-0.169285238287 0.452118440427 -0.03) (-0.168004264005 0.455138311437 -0.03) (-0.166712616277 0.45816327935 -0.03) (-0.165410232485 0.461193391262 -0.03) (-0.164097049274 0.464228694609 -0.03) (-0.162773002538 0.467269237174 -0.03))
    polyLine 23 27 ((-0.189486017399 0.401516399686 0) (-0.18837758976 0.404456516463 0) (-0.187259447592 0.407400978162 0) (-0.18613153967 0.410349826628 0) (-0.184993814158 0.413303103987 0) (-0.1838462186 0.416260852652 0) (-0.182688699912 0.419223115322 0) (-0.18152120438 0.422189934991 0) (-0.180343677648 0.425161354947 0) (-0.179156064713 0.428137418777 0) (-0.177958309918 0.43111817037 0) (-0.176750356945 0.434103653917 0) (-0.175532148805 0.437093913923 0) (-0.174303627835 0.440088995201 0) (-0.173064735689 0.443088942881 0) (-0.171815413325 0.44609380241 0) (-0.170555601007 0.44910361956 0) (-0.169285238287 0.452118440427 0) (-0.168004264005 0.455138311437 0) (-0.166712616277 0.45816327935 0) (-0.165410232485 0.461193391262 0) (-0.164097049274 0.464228694609 0) (-0.162773002538 0.467269237174 0))
    polyLine 24 28 ((0.0435418816852 0.262640262599 -0.03) (0.0438319433376 0.263489496872 -0.03) (0.0441229411996 0.264338410799 -0.03) (0.0444148749172 0.265187003349 -0.03) (0.0447077441356 0.26603527349 -0.03) (0.0450015484987 0.266883220191 -0.03) (0.0452962876494 0.267730842421 -0.03) (0.0455919612291 0.268578139149 -0.03) (0.0458885688786 0.269425109346 -0.03) (0.0461861102372 0.270271751981 -0.03) (0.0464845849431 0.271118066025 -0.03) (0.0467839926335 0.271964050449 -0.03) (0.0470843329443 0.272809704225 -0.03) (0.0473856055104 0.273655026325 -0.03) (0.0476878099656 0.274500015721 -0.03) (0.0479909459423 0.275344671385 -0.03) (0.0482950130721 0.276188992291 -0.03) (0.0486000109853 0.277032977412 -0.03) (0.0489059393111 0.277876625722 -0.03) (0.0492127976775 0.278719936195 -0.03) (0.0495205857114 0.279562907807 -0.03) (0.0498293030387 0.280405539531 -0.03) (0.050138949284 0.281247830345 -0.03) (0.0504495240709 0.282089779223 -0.03) (0.0507610270217 0.282931385142 -0.03) (0.0510734577578 0.283772647079 -0.03) (0.0513868158993 0.284613564011 -0.03) (0.0517011010653 0.285454134916 -0.03) (0.0520163128735 0.286294358771 -0.03) (0.0523324509409 0.287134234556 -0.03) (0.052649514883 0.287973761249 -0.03) (0.0529675043144 0.288812937829 -0.03) (0.0532864188484 0.289651763277 -0.03) (0.0536062580974 0.290490236572 -0.03) (0.0539270216725 0.291328356695 -0.03) (0.0542487091836 0.292166122626 -0.03) (0.0545713202398 0.293003533349 -0.03) (0.0548948544487 0.293840587844 -0.03) (0.055219311417 0.294677285093 -0.03) (0.0555446907504 0.29551362408 -0.03) (0.0558709920531 0.296349603787 -0.03) (0.0561982149284 0.297185223199 -0.03) (0.0565263589786 0.298020481299 -0.03) (0.0568554238046 0.298855377072 -0.03) (0.0571854090065 0.299689909503 -0.03) (0.057516314183 0.300524077577 -0.03) (0.0578481389318 0.30135788028 -0.03) (0.0581808828495 0.302191316598 -0.03) (0.0585145455315 0.303024385519 -0.03))
    polyLine 26 30 ((0.0435418816852 0.262640262599 0) (0.0438319433376 0.263489496872 0) (0.0441229411996 0.264338410799 0) (0.0444148749172 0.265187003349 0) (0.0447077441356 0.26603527349 0) (0.0450015484987 0.266883220191 0) (0.0452962876494 0.267730842421 0) (0.0455919612291 0.268578139149 0) (0.0458885688786 0.269425109346 0) (0.0461861102372 0.270271751981 0) (0.0464845849431 0.271118066025 0) (0.0467839926335 0.271964050449 0) (0.0470843329443 0.272809704225 0) (0.0473856055104 0.273655026325 0) (0.0476878099656 0.274500015721 0) (0.0479909459423 0.275344671385 0) (0.0482950130721 0.276188992291 0) (0.0486000109853 0.277032977412 0) (0.0489059393111 0.277876625722 0) (0.0492127976775 0.278719936195 0) (0.0495205857114 0.279562907807 0) (0.0498293030387 0.280405539531 0) (0.050138949284 0.281247830345 0) (0.0504495240709 0.282089779223 0) (0.0507610270217 0.282931385142 0) (0.0510734577578 0.283772647079 0) (0.0513868158993 0.284613564011 0) (0.0517011010653 0.285454134916 0) (0.0520163128735 0.286294358771 0) (0.0523324509409 0.287134234556 0) (0.052649514883 0.287973761249 0) (0.0529675043144 0.288812937829 0) (0.0532864188484 0.289651763277 0) (0.0536062580974 0.290490236572 0) (0.0539270216725 0.291328356695 0) (0.0542487091836 0.292166122626 0) (0.0545713202398 0.293003533349 0) (0.0548948544487 0.293840587844 0) (0.055219311417 0.294677285093 0) (0.0555446907504 0.29551362408 0) (0.0558709920531 0.296349603787 0) (0.0561982149284 0.297185223199 0) (0.0565263589786 0.298020481299 0) (0.0568554238046 0.298855377072 0) (0.0571854090065 0.299689909503 0) (0.057516314183 0.300524077577 0) (0.0578481389318 0.30135788028 0) (0.0581808828495 0.302191316598 0) (0.0585145455315 0.303024385519 0))
    polyLine 25 29 ((-0.160197261705 0.473128453616 -0.03) (-0.158947095435 0.475946415633 -0.03) (-0.157687475997 0.478768991678 -0.03) (-0.15641835021 0.481596220555 -0.03) (-0.155139664312 0.484428141336 -0.03) (-0.153851363959 0.48726479336 -0.03) (-0.152553394214 0.490106216235 -0.03) (-0.151245699545 0.492952449845 -0.03) (-0.149928223812 0.495803534348 -0.03) (-0.14860091027 0.498659510183 -0.03) (-0.147263701551 0.50152041807 -0.03) (-0.145916539667 0.504386299014 -0.03) (-0.144559365999 0.507257194307 -0.03) (-0.143192121287 0.510133145533 -0.03) (-0.14181474563 0.513014194568 -0.03) (-0.140427178472 0.515900383587 -0.03) (-0.139029358601 0.518791755062 -0.03) (-0.137621224135 0.521688351771 -0.03) (-0.13620271252 0.524590216794 -0.03) (-0.134773760519 0.527497393524 -0.03) (-0.133334304208 0.530409925663 -0.03) (-0.131884278964 0.533327857231 -0.03) (-0.130423619461 0.536251232565 -0.03))
    polyLine 27 31 ((-0.160197261705 0.473128453616 0) (-0.158947095435 0.475946415633 0) (-0.157687475997 0.478768991678 0) (-0.15641835021 0.481596220555 0) (-0.155139664312 0.484428141336 0) (-0.153851363959 0.48726479336 0) (-0.152553394214 0.490106216235 0) (-0.151245699545 0.492952449845 0) (-0.149928223812 0.495803534348 0) (-0.14860091027 0.498659510183 0) (-0.147263701551 0.50152041807 0) (-0.145916539667 0.504386299014 0) (-0.144559365999 0.507257194307 0) (-0.143192121287 0.510133145533 0) (-0.14181474563 0.513014194568 0) (-0.140427178472 0.515900383587 0) (-0.139029358601 0.518791755062 0) (-0.137621224135 0.521688351771 0) (-0.13620271252 0.524590216794 0) (-0.134773760519 0.527497393524 0) (-0.133334304208 0.530409925663 0) (-0.131884278964 0.533327857231 0) (-0.130423619461 0.536251232565 0))
    polyLine 28 32 ((0.0588491265723 0.303857086028 -0.03) (0.0591846255649 0.304689417115 -0.03) (0.0595210421015 0.305521377766 -0.03) (0.0598583757732 0.306352966971 -0.03) (0.0601966261697 0.307184183718 -0.03) (0.0605357928799 0.308015026997 -0.03) (0.0608758754914 0.308845495797 -0.03) (0.0612168735907 0.30967558911 -0.03) (0.0615587867632 0.310505305926 -0.03) (0.0619016145933 0.311334645235 -0.03) (0.0622453566642 0.312163606031 -0.03) (0.0625900125579 0.312992187304 -0.03) (0.0629355818554 0.313820388048 -0.03) (0.0632820641366 0.314648207255 -0.03) (0.0636294589802 0.31547564392 -0.03) (0.0639777659639 0.316302697036 -0.03) (0.0643269846642 0.317129365597 -0.03) (0.0646771146566 0.3179556486 -0.03) (0.0650281555153 0.318781545038 -0.03) (0.0653801068136 0.319607053909 -0.03) (0.0657329681236 0.320432174207 -0.03) (0.0660867390162 0.321256904931 -0.03) (0.0664414190614 0.322081245078 -0.03) (0.066797007828 0.322905193644 -0.03) (0.0671535048836 0.32372874963 -0.03) (0.0675109097948 0.324551912032 -0.03) (0.0678692221271 0.325374679851 -0.03) (0.0682284414449 0.326197052086 -0.03) (0.0685885673114 0.327019027738 -0.03) (0.0689495992888 0.327840605807 -0.03) (0.0693115369381 0.328661785293 -0.03) (0.0696743798194 0.3294825652 -0.03) (0.0700381274915 0.330302944528 -0.03) (0.0704027795121 0.331122922281 -0.03) (0.0707683354379 0.331942497462 -0.03) (0.0711347948246 0.332761669073 -0.03) (0.0715021572264 0.33358043612 -0.03) (0.0718704221969 0.334398797607 -0.03) (0.0722395892883 0.335216752539 -0.03) (0.0726096580517 0.336034299921 -0.03) (0.0729806280372 0.336851438759 -0.03) (0.0733524987939 0.337668168061 -0.03) (0.0737252698696 0.338484486832 -0.03) (0.0740989408111 0.339300394081 -0.03) (0.074473511164 0.340115888816 -0.03) (0.0748489804731 0.340930970044 -0.03) (0.0752253482818 0.341745636776 -0.03) (0.0756026141326 0.342559888021 -0.03) (0.0759807775667 0.343373722788 -0.03) (0.0763598381244 0.344187140089 -0.03))
    polyLine 30 34 ((0.0588491265723 0.303857086028 0) (0.0591846255649 0.304689417115 0) (0.0595210421015 0.305521377766 0) (0.0598583757732 0.306352966971 0) (0.0601966261697 0.307184183718 0) (0.0605357928799 0.308015026997 0) (0.0608758754914 0.308845495797 0) (0.0612168735907 0.30967558911 0) (0.0615587867632 0.310505305926 0) (0.0619016145933 0.311334645235 0) (0.0622453566642 0.312163606031 0) (0.0625900125579 0.312992187304 0) (0.0629355818554 0.313820388048 0) (0.0632820641366 0.314648207255 0) (0.0636294589802 0.31547564392 0) (0.0639777659639 0.316302697036 0) (0.0643269846642 0.317129365597 0) (0.0646771146566 0.3179556486 0) (0.0650281555153 0.318781545038 0) (0.0653801068136 0.319607053909 0) (0.0657329681236 0.320432174207 0) (0.0660867390162 0.321256904931 0) (0.0664414190614 0.322081245078 0) (0.066797007828 0.322905193644 0) (0.0671535048836 0.32372874963 0) (0.0675109097948 0.324551912032 0) (0.0678692221271 0.325374679851 0) (0.0682284414449 0.326197052086 0) (0.0685885673114 0.327019027738 0) (0.0689495992888 0.327840605807 0) (0.0693115369381 0.328661785293 0) (0.0696743798194 0.3294825652 0) (0.0700381274915 0.330302944528 0) (0.0704027795121 0.331122922281 0) (0.0707683354379 0.331942497462 0) (0.0711347948246 0.332761669073 0) (0.0715021572264 0.33358043612 0) (0.0718704221969 0.334398797607 0) (0.0722395892883 0.335216752539 0) (0.0726096580517 0.336034299921 0) (0.0729806280372 0.336851438759 0) (0.0733524987939 0.337668168061 0) (0.0737252698696 0.338484486832 0) (0.0740989408111 0.339300394081 0) (0.074473511164 0.340115888816 0) (0.0748489804731 0.340930970044 0) (0.0752253482818 0.341745636776 0) (0.0756026141326 0.342559888021 0) (0.0759807775667 0.343373722788 0) (0.0763598381244 0.344187140089 0))
    polyLine 29 33 ((-0.127586861369 0.54188396065 -0.03) (-0.126212267192 0.544592559247 -0.03) (-0.124828423806 0.547305927806 -0.03) (-0.123435277353 0.550024102255 -0.03) (-0.122032773431 0.552747118769 -0.03) (-0.120620857094 0.555475013767 -0.03) (-0.119199472837 0.558207823918 -0.03) (-0.117768564599 0.560945586141 -0.03) (-0.11632807575 0.563688337609 -0.03) (-0.11487794909 0.56643611575 -0.03) (-0.11341812684 0.569188958252 -0.03) (-0.111948550637 0.571946903062 -0.03) (-0.110469161528 0.574709988392 -0.03) (-0.108979899962 0.577478252718 -0.03) (-0.107480705785 0.580251734786 -0.03) (-0.105971518233 0.583030473612 -0.03) (-0.104452275926 0.585814508487 -0.03) (-0.102922916859 0.588603878978 -0.03) (-0.1013833784 0.591398624928 -0.03) (-0.0998335972779 0.594198786467 -0.03) (-0.0982735095778 0.597004404006 -0.03) (-0.0967030507345 0.599815518243 -0.03) (-0.0951221555245 0.602632170168 -0.03))
    polyLine 31 35 ((-0.127586861369 0.54188396065 0) (-0.126212267192 0.544592559247 0) (-0.124828423806 0.547305927806 0) (-0.123435277353 0.550024102255 0) (-0.122032773431 0.552747118769 0) (-0.120620857094 0.555475013767 0) (-0.119199472837 0.558207823918 0) (-0.117768564599 0.560945586141 0) (-0.11632807575 0.563688337609 0) (-0.11487794909 0.56643611575 0) (-0.11341812684 0.569188958252 0) (-0.111948550637 0.571946903062 0) (-0.110469161528 0.574709988392 0) (-0.108979899962 0.577478252718 0) (-0.107480705785 0.580251734786 0) (-0.105971518233 0.583030473612 0) (-0.104452275926 0.585814508487 0) (-0.102922916859 0.588603878978 0) (-0.1013833784 0.591398624928 0) (-0.0998335972779 0.594198786467 0) (-0.0982735095778 0.597004404006 0) (-0.0967030507345 0.599815518243 0) (-0.0951221555245 0.602632170168 0))
    polyLine 32 36 ((0.0767397953448 0.345000138934 -0.03) (0.077120648766 0.345812718335 -0.03) (0.0775023979251 0.346624877304 -0.03) (0.0778850423577 0.347436614854 -0.03) (0.0782685815988 0.348247929997 -0.03) (0.078653015182 0.349058821748 -0.03) (0.07903834264 0.349869289121 -0.03) (0.0794245635043 0.350679331129 -0.03) (0.0798116773052 0.351488946789 -0.03) (0.0801996835723 0.352298135116 -0.03) (0.0805885818336 0.353106895126 -0.03) (0.0809783716165 0.353915225836 -0.03) (0.0813690524471 0.354723126263 -0.03) (0.0817606238503 0.355530595425 -0.03) (0.08215308535 0.35633763234 -0.03) (0.0825464364692 0.357144236027 -0.03) (0.0829406767296 0.357950405506 -0.03) (0.0833358056519 0.358756139796 -0.03) (0.0837318227557 0.359561437918 -0.03) (0.0841287275596 0.360366298893 -0.03) (0.0845265195809 0.361170721741 -0.03) (0.0849251983361 0.361974705486 -0.03) (0.0853247633405 0.362778249149 -0.03) (0.0857252141082 0.363581351754 -0.03) (0.0861265501525 0.364384012324 -0.03) (0.0865287709853 0.365186229884 -0.03) (0.0869318761177 0.365988003458 -0.03) (0.0873358650596 0.366789332071 -0.03) (0.0877407373198 0.367590214749 -0.03) (0.0881464924061 0.368390650519 -0.03) (0.0885531298252 0.369190638407 -0.03) (0.0889606490826 0.369990177441 -0.03) (0.089369049683 0.370789266648 -0.03) (0.0897783311298 0.371587905057 -0.03) (0.0901884929254 0.372386091698 -0.03) (0.0905995345712 0.373183825599 -0.03) (0.0910114555674 0.37398110579 -0.03) (0.0914242554132 0.374777931304 -0.03) (0.0918379336068 0.37557430117 -0.03) (0.0922524896451 0.376370214421 -0.03) (0.0926679230243 0.377165670088 -0.03) (0.0930842332391 0.377960667205 -0.03) (0.0935014197835 0.378755204806 -0.03) (0.0939194821503 0.379549281924 -0.03) (0.0943384198312 0.380342897593 -0.03) (0.0947582323168 0.38113605085 -0.03) (0.0951789190968 0.381928740729 -0.03) (0.0956004796597 0.382720966267 -0.03) (0.096022913493 0.383512726501 -0.03))
    polyLine 34 38 ((0.0767397953448 0.345000138934 0) (0.077120648766 0.345812718335 0) (0.0775023979251 0.346624877304 0) (0.0778850423577 0.347436614854 0) (0.0782685815988 0.348247929997 0) (0.078653015182 0.349058821748 0) (0.07903834264 0.349869289121 0) (0.0794245635043 0.350679331129 0) (0.0798116773052 0.351488946789 0) (0.0801996835723 0.352298135116 0) (0.0805885818336 0.353106895126 0) (0.0809783716165 0.353915225836 0) (0.0813690524471 0.354723126263 0) (0.0817606238503 0.355530595425 0) (0.08215308535 0.35633763234 0) (0.0825464364692 0.357144236027 0) (0.0829406767296 0.357950405506 0) (0.0833358056519 0.358756139796 0) (0.0837318227557 0.359561437918 0) (0.0841287275596 0.360366298893 0) (0.0845265195809 0.361170721741 0) (0.0849251983361 0.361974705486 0) (0.0853247633405 0.362778249149 0) (0.0857252141082 0.363581351754 0) (0.0861265501525 0.364384012324 0) (0.0865287709853 0.365186229884 0) (0.0869318761177 0.365988003458 0) (0.0873358650596 0.366789332071 0) (0.0877407373198 0.367590214749 0) (0.0881464924061 0.368390650519 0) (0.0885531298252 0.369190638407 0) (0.0889606490826 0.369990177441 0) (0.089369049683 0.370789266648 0) (0.0897783311298 0.371587905057 0) (0.0901884929254 0.372386091698 0) (0.0905995345712 0.373183825599 0) (0.0910114555674 0.37398110579 0) (0.0914242554132 0.374777931304 0) (0.0918379336068 0.37557430117 0) (0.0922524896451 0.376370214421 0) (0.0926679230243 0.377165670088 0) (0.0930842332391 0.377960667205 0) (0.0935014197835 0.378755204806 0) (0.0939194821503 0.379549281924 0) (0.0943384198312 0.380342897593 0) (0.0947582323168 0.38113605085 0) (0.0951789190968 0.381928740729 0) (0.0956004796597 0.382720966267 0) (0.096022913493 0.383512726501 0))
    polyLine 33 37 ((-0.0920525916979 0.608064181434 -0.03) (-0.0905653694837 0.610678782562 -0.03) (-0.0890690380722 0.613298237582 -0.03) (-0.0875635436151 0.61592257985 -0.03) (-0.0860488317555 0.61855184294 -0.03) (-0.0845248476223 0.621186060657 -0.03) (-0.082991535825 0.623825267027 -0.03) (-0.0814488404483 0.62646949631 -0.03) (-0.0798967050467 0.629118782993 -0.03) (-0.0783350726387 0.631773161798 -0.03) (-0.0767638857018 0.634432667682 -0.03) (-0.0751830861664 0.637097335839 -0.03) (-0.0735926154101 0.639767201703 -0.03) (-0.0719924142521 0.64244230095 -0.03) (-0.0703824229475 0.6451226695 -0.03) (-0.0687625811807 0.647808343518 -0.03) (-0.0671328280601 0.650499359418 -0.03) (-0.0654931021118 0.653195753867 -0.03) (-0.0638433412732 0.655897563782 -0.03) (-0.062183482887 0.658604826339 -0.03) (-0.0605134636948 0.661317578968 -0.03) (-0.0588332198307 0.664035859362 -0.03) (-0.057142686815 0.666759705477 -0.03))
    polyLine 35 39 ((-0.0920525916979 0.608064181434 0) (-0.0905653694837 0.610678782562 0) (-0.0890690380722 0.613298237582 0) (-0.0875635436151 0.61592257985 0) (-0.0860488317555 0.61855184294 0) (-0.0845248476223 0.621186060657 0) (-0.082991535825 0.623825267027 0) (-0.0814488404483 0.62646949631 0) (-0.0798967050467 0.629118782993 0) (-0.0783350726387 0.631773161798 0) (-0.0767638857018 0.634432667682 0) (-0.0751830861664 0.637097335839 0) (-0.0735926154101 0.639767201703 0) (-0.0719924142521 0.64244230095 0) (-0.0703824229475 0.6451226695 0) (-0.0687625811807 0.647808343518 0) (-0.0671328280601 0.650499359418 0) (-0.0654931021118 0.653195753867 0) (-0.0638433412732 0.655897563782 0) (-0.062183482887 0.658604826339 0) (-0.0605134636948 0.661317578968 0) (-0.0588332198307 0.664035859362 0) (-0.057142686815 0.666759705477 0))
    polyLine 36 40 ((0.096446220083 0.384304020468 -0.03) (0.0968703989152 0.385094847206 -0.03) (0.0972954494738 0.385885205754 -0.03) (0.0977213712421 0.386675095151 -0.03) (0.0981481637022 0.387464514436 -0.03) (0.0985758263353 0.388253462649 -0.03) (0.0990043586214 0.389041938832 -0.03) (0.0994337600394 0.389829942026 -0.03) (0.0998640300675 0.390617471273 -0.03) (0.100295168182 0.391404525615 -0.03) (0.10072717386 0.392191104096 -0.03) (0.101160046575 0.392977205758 -0.03) (0.101593785801 0.393762829648 -0.03) (0.102028391011 0.394547974808 -0.03) (0.102463861676 0.395332640285 -0.03) (0.102900197268 0.396116825125 -0.03) (0.103337397255 0.396900528374 -0.03) (0.103775461106 0.39768374908 -0.03) (0.104214388288 0.39846648629 -0.03) (0.104654178268 0.399248739053 -0.03) (0.105094830511 0.400030506417 -0.03) (0.105536344482 0.400811787433 -0.03) (0.105978719643 0.40159258115 -0.03) (0.106421955457 0.402372886619 -0.03) (0.106866051384 0.403152702891 -0.03) (0.107311006886 0.403932029019 -0.03) (0.10775682142 0.404710864054 -0.03) (0.108203494446 0.40548920705 -0.03) (0.108651025419 0.406267057061 -0.03) (0.109099413796 0.407044413141 -0.03) (0.109548659032 0.407821274345 -0.03) (0.10999876058 0.408597639727 -0.03) (0.110449717894 0.409373508346 -0.03) (0.110901530424 0.410148879256 -0.03) (0.111354197622 0.410923751516 -0.03) (0.111807718938 0.411698124184 -0.03) (0.112262093819 0.412471996317 -0.03) (0.112717321714 0.413245366975 -0.03) (0.113173402069 0.414018235218 -0.03) (0.113630334329 0.414790600107 -0.03) (0.11408811794 0.415562460701 -0.03) (0.114546752344 0.416333816063 -0.03) (0.115006236984 0.417104665256 -0.03) (0.115466571301 0.417875007341 -0.03) (0.115927754736 0.418644841382 -0.03) (0.116389786728 0.419414166443 -0.03) (0.116852666715 0.420182981589 -0.03) (0.117316394134 0.420951285886 -0.03) (0.117780968422 0.421719078399 -0.03) (0.118246389013 0.422486358194 -0.03))
    polyLine 38 42 ((0.096446220083 0.384304020468 0) (0.0968703989152 0.385094847206 0) (0.0972954494738 0.385885205754 0) (0.0977213712421 0.386675095151 0) (0.0981481637022 0.387464514436 0) (0.0985758263353 0.388253462649 0) (0.0990043586214 0.389041938832 0) (0.0994337600394 0.389829942026 0) (0.0998640300675 0.390617471273 0) (0.100295168182 0.391404525615 0) (0.10072717386 0.392191104096 0) (0.101160046575 0.392977205758 0) (0.101593785801 0.393762829648 0) (0.102028391011 0.394547974808 0) (0.102463861676 0.395332640285 0) (0.102900197268 0.396116825125 0) (0.103337397255 0.396900528374 0) (0.103775461106 0.39768374908 0) (0.104214388288 0.39846648629 0) (0.104654178268 0.399248739053 0) (0.105094830511 0.400030506417 0) (0.105536344482 0.400811787433 0) (0.105978719643 0.40159258115 0) (0.106421955457 0.402372886619 0) (0.106866051384 0.403152702891 0) (0.107311006886 0.403932029019 0) (0.10775682142 0.404710864054 0) (0.108203494446 0.40548920705 0) (0.108651025419 0.406267057061 0) (0.109099413796 0.407044413141 0) (0.109548659032 0.407821274345 0) (0.10999876058 0.408597639727 0) (0.110449717894 0.409373508346 0) (0.110901530424 0.410148879256 0) (0.111354197622 0.410923751516 0) (0.111807718938 0.411698124184 0) (0.112262093819 0.412471996317 0) (0.112717321714 0.413245366975 0) (0.113173402069 0.414018235218 0) (0.113630334329 0.414790600107 0) (0.11408811794 0.415562460701 0) (0.114546752344 0.416333816063 0) (0.115006236984 0.417104665256 0) (0.115466571301 0.417875007341 0) (0.115927754736 0.418644841382 0) (0.116389786728 0.419414166443 0) (0.116852666715 0.420182981589 0) (0.117316394134 0.420951285886 0) (0.117780968422 0.421719078399 0) (0.118246389013 0.422486358194 0))
    polyLine 37 41 ((-0.0538577736636 0.672021200429 -0.03) (-0.0522647634772 0.674558112577 -0.03) (-0.0506627158724 0.677099922928 -0.03) (-0.0490515772587 0.679646662635 -0.03) (-0.0474312935656 0.682198363053 -0.03) (-0.045801810238 0.684755055746 -0.03) (-0.0441630722313 0.687316772481 -0.03) (-0.0425150240065 0.689883545238 -0.03) (-0.0408576095253 0.692455406207 -0.03) (-0.0391907722449 0.695032387789 -0.03) (-0.037514455113 0.697614522603 -0.03) (-0.0358286005624 0.700201843481 -0.03) (-0.0341331505063 0.702794383476 -0.03) (-0.0324280463326 0.705392175862 -0.03) (-0.0307132288986 0.707995254134 -0.03) (-0.0289886385256 0.710603652011 -0.03) (-0.0272542149936 0.71321740344 -0.03) (-0.0255098975356 0.715836542595 -0.03) (-0.0237556248318 0.718461103882 -0.03) (-0.0219913350043 0.721091121939 -0.03) (-0.0202169656112 0.723726631637 -0.03) (-0.0184324536405 0.726367668087 -0.03) (-0.0166377355046 0.729014266635 -0.03))
    polyLine 39 43 ((-0.0538577736636 0.672021200429 0) (-0.0522647634772 0.674558112577 0) (-0.0506627158724 0.677099922928 0) (-0.0490515772587 0.679646662635 0) (-0.0474312935656 0.682198363053 0) (-0.045801810238 0.684755055746 0) (-0.0441630722313 0.687316772481 0) (-0.0425150240065 0.689883545238 0) (-0.0408576095253 0.692455406207 0) (-0.0391907722449 0.695032387789 0) (-0.037514455113 0.697614522603 0) (-0.0358286005624 0.700201843481 0) (-0.0341331505063 0.702794383476 0) (-0.0324280463326 0.705392175862 0) (-0.0307132288986 0.707995254134 0) (-0.0289886385256 0.710603652011 0) (-0.0272542149936 0.71321740344 0) (-0.0255098975356 0.715836542595 0) (-0.0237556248318 0.718461103882 0) (-0.0219913350043 0.721091121939 0) (-0.0202169656112 0.723726631637 0) (-0.0184324536405 0.726367668087 0) (-0.0166377355046 0.729014266635 0))
    polyLine 40 44 ((0.118712655343 0.423253124339 -0.03) (0.119179766844 0.424019375902 -0.03) (0.119647722948 0.424785111951 -0.03) (0.120116523086 0.425550331555 -0.03) (0.120586166688 0.426315033783 -0.03) (0.121056653184 0.427079217706 -0.03) (0.121527982001 0.427842882396 -0.03) (0.122000152566 0.428606026923 -0.03) (0.122473164305 0.429368650359 -0.03) (0.122947016643 0.430130751778 -0.03) (0.123421709005 0.430892330253 -0.03) (0.123897240812 0.431653384858 -0.03) (0.124373611488 0.432413914668 -0.03) (0.124850820451 0.433173918757 -0.03) (0.125328867123 0.433933396203 -0.03) (0.125807750923 0.434692346082 -0.03) (0.126287471267 0.43545076747 -0.03) (0.126768027573 0.436208659447 -0.03) (0.127249419257 0.43696602109 -0.03) (0.127731645733 0.437722851479 -0.03) (0.128214706414 0.438479149693 -0.03) (0.128698600715 0.439234914814 -0.03) (0.129183328046 0.439990145922 -0.03) (0.129668887818 0.440744842099 -0.03) (0.13015527944 0.441499002427 -0.03) (0.130642502322 0.44225262599 -0.03) (0.131130555871 0.443005711871 -0.03) (0.131619439494 0.443758259156 -0.03) (0.132109152596 0.444510266928 -0.03) (0.132599694581 0.445261734274 -0.03) (0.133091064855 0.446012660279 -0.03) (0.133583262818 0.446763044032 -0.03) (0.134076287873 0.44751288462 -0.03) (0.13457013942 0.44826218113 -0.03) (0.13506481686 0.449010932653 -0.03) (0.135560319589 0.449759138277 -0.03) (0.136056647007 0.450506797094 -0.03) (0.136553798509 0.451253908193 -0.03) (0.137051773491 0.452000470668 -0.03) (0.137550571349 0.45274648361 -0.03) (0.138050191474 0.453491946112 -0.03) (0.13855063326 0.454236857267 -0.03) (0.139051896099 0.454981216171 -0.03) (0.139553979381 0.455725021918 -0.03) (0.14005249562 0.456462666012 -0.03) (0.140551011859 0.457200310105 -0.03) (0.141049528098 0.457937954198 -0.03) (0.141548044337 0.458675598291 -0.03) (0.142046560576 0.459413242384 -0.03))
    polyLine 42 46 ((0.118712655343 0.423253124339 0) (0.119179766844 0.424019375902 0) (0.119647722948 0.424785111951 0) (0.120116523086 0.425550331555 0) (0.120586166688 0.426315033783 0) (0.121056653184 0.427079217706 0) (0.121527982001 0.427842882396 0) (0.122000152566 0.428606026923 0) (0.122473164305 0.429368650359 0) (0.122947016643 0.430130751778 0) (0.123421709005 0.430892330253 0) (0.123897240812 0.431653384858 0) (0.124373611488 0.432413914668 0) (0.124850820451 0.433173918757 0) (0.125328867123 0.433933396203 0) (0.125807750923 0.434692346082 0) (0.126287471267 0.43545076747 0) (0.126768027573 0.436208659447 0) (0.127249419257 0.43696602109 0) (0.127731645733 0.437722851479 0) (0.128214706414 0.438479149693 0) (0.128698600715 0.439234914814 0) (0.129183328046 0.439990145922 0) (0.129668887818 0.440744842099 0) (0.13015527944 0.441499002427 0) (0.130642502322 0.44225262599 0) (0.131130555871 0.443005711871 0) (0.131619439494 0.443758259156 0) (0.132109152596 0.444510266928 0) (0.132599694581 0.445261734274 0) (0.133091064855 0.446012660279 0) (0.133583262818 0.446763044032 0) (0.134076287873 0.44751288462 0) (0.13457013942 0.44826218113 0) (0.13506481686 0.449010932653 0) (0.135560319589 0.449759138277 0) (0.136056647007 0.450506797094 0) (0.136553798509 0.451253908193 0) (0.137051773491 0.452000470668 0) (0.137550571349 0.45274648361 0) (0.138050191474 0.453491946112 0) (0.13855063326 0.454236857267 0) (0.139051896099 0.454981216171 0) (0.139553979381 0.455725021918 0) (0.14005249562 0.456462666012 0) (0.140551011859 0.457200310105 0) (0.141049528098 0.457937954198 0) (0.141548044337 0.458675598291 0) (0.142046560576 0.459413242384 0))
    polyLine 41 45 ((-0.0131460185769 0.734136328583 -0.03) (-0.0114503113765 0.736611088857 -0.03) (-0.00974557254742 0.739090772828 -0.03) (-0.00803174875262 0.741575409818 -0.03) (-0.00630878619886 0.744065029337 -0.03) (-0.00457663063249 0.746559661085 -0.03) (-0.00283522733489 0.749059334951 -0.03) (-0.00108452111793 0.751564081017 -0.03) (0.000675543680632 0.75407392956 -0.03) (0.00244502320178 0.756588911053 -0.03) (0.00422397406996 0.759109056165 -0.03) (0.00601245339782 0.761634395766 -0.03) (0.00781051879107 0.764164960924 -0.03) (0.0096182283533 0.766700782913 -0.03) (0.0114356406909 0.769241893208 -0.03) (0.0132628149182 0.771788323493 -0.03) (0.0150998106621 0.774340105657 -0.03) (0.0169466880678 0.776897271802 -0.03) (0.0188035078035 0.779459854238 -0.03) (0.0206703310657 0.78202788549 -0.03) (0.0225472195844 0.784601398298 -0.03) (0.024434235629 0.787180425618 -0.03) (0.0263314420129 0.789765000626 -0.03))
    polyLine 43 47 ((-0.0131460185769 0.734136328583 0) (-0.0114503113765 0.736611088857 0) (-0.00974557254742 0.739090772828 0) (-0.00803174875262 0.741575409818 0) (-0.00630878619886 0.744065029337 0) (-0.00457663063249 0.746559661085 0) (-0.00283522733489 0.749059334951 0) (-0.00108452111793 0.751564081017 0) (0.000675543680632 0.75407392956 0) (0.00244502320178 0.756588911053 0) (0.00422397406996 0.759109056165 0) (0.00601245339782 0.761634395766 0) (0.00781051879107 0.764164960924 0) (0.0096182283533 0.766700782913 0) (0.0114356406909 0.769241893208 0) (0.0132628149182 0.771788323493 0) (0.0150998106621 0.774340105657 0) (0.0169466880678 0.776897271802 0) (0.0188035078035 0.779459854238 0) (0.0206703310657 0.78202788549 0) (0.0225472195844 0.784601398298 0) (0.024434235629 0.787180425618 0) (0.0263314420129 0.789765000626 0))
    polyLine 44 48 ((0.142545076815 0.460150886477 -0.03) (0.143043593054 0.46088853057 -0.03) (0.143542109293 0.461626174663 -0.03) (0.144040625532 0.462363818756 -0.03) (0.144539141771 0.463101462849 -0.03) (0.14503765801 0.463839106943 -0.03) (0.145536174249 0.464576751036 -0.03) (0.146034690488 0.465314395129 -0.03) (0.146533206728 0.466052039222 -0.03) (0.147031722967 0.466789683315 -0.03) (0.147530239206 0.467527327408 -0.03) (0.148028755445 0.468264971501 -0.03) (0.148527271684 0.469002615594 -0.03) (0.149025787923 0.469740259687 -0.03) (0.149524304162 0.47047790378 -0.03) (0.150022820401 0.471215547874 -0.03) (0.15052133664 0.471953191967 -0.03) (0.151019852879 0.47269083606 -0.03) (0.151518369118 0.473428480153 -0.03) (0.152016885357 0.474166124246 -0.03) (0.152515401596 0.474903768339 -0.03) (0.153013917835 0.475641412432 -0.03) (0.153512434074 0.476379056525 -0.03) (0.154010950313 0.477116700618 -0.03) (0.154509466552 0.477854344711 -0.03) (0.155007982791 0.478591988804 -0.03) (0.15550649903 0.479329632898 -0.03) (0.156005015269 0.480067276991 -0.03) (0.156503531508 0.480804921084 -0.03) (0.157002047747 0.481542565177 -0.03) (0.157500563986 0.48228020927 -0.03) (0.157999080225 0.483017853363 -0.03) (0.158497596464 0.483755497456 -0.03) (0.158996112703 0.484493141549 -0.03) (0.159494628942 0.485230785642 -0.03) (0.159993145181 0.485968429735 -0.03) (0.160491661421 0.486706073829 -0.03) (0.16099017766 0.487443717922 -0.03) (0.161488693899 0.488181362015 -0.03) (0.161987210138 0.488919006108 -0.03) (0.162485726377 0.489656650201 -0.03) (0.162984242616 0.490394294294 -0.03) (0.163482758855 0.491131938387 -0.03) (0.163981275094 0.49186958248 -0.03) (0.164479791333 0.492607226573 -0.03) (0.164978307572 0.493344870666 -0.03) (0.165476823811 0.49408251476 -0.03) (0.16597534005 0.494820158853 -0.03) (0.166473856289 0.495557802946 -0.03) (0.166972372528 0.496295447039 -0.03))
    polyLine 46 50 ((0.142545076815 0.460150886477 0) (0.143043593054 0.46088853057 0) (0.143542109293 0.461626174663 0) (0.144040625532 0.462363818756 0) (0.144539141771 0.463101462849 0) (0.14503765801 0.463839106943 0) (0.145536174249 0.464576751036 0) (0.146034690488 0.465314395129 0) (0.146533206728 0.466052039222 0) (0.147031722967 0.466789683315 0) (0.147530239206 0.467527327408 0) (0.148028755445 0.468264971501 0) (0.148527271684 0.469002615594 0) (0.149025787923 0.469740259687 0) (0.149524304162 0.47047790378 0) (0.150022820401 0.471215547874 0) (0.15052133664 0.471953191967 0) (0.151019852879 0.47269083606 0) (0.151518369118 0.473428480153 0) (0.152016885357 0.474166124246 0) (0.152515401596 0.474903768339 0) (0.153013917835 0.475641412432 0) (0.153512434074 0.476379056525 0) (0.154010950313 0.477116700618 0) (0.154509466552 0.477854344711 0) (0.155007982791 0.478591988804 0) (0.15550649903 0.479329632898 0) (0.156005015269 0.480067276991 0) (0.156503531508 0.480804921084 0) (0.157002047747 0.481542565177 0) (0.157500563986 0.48228020927 0) (0.157999080225 0.483017853363 0) (0.158497596464 0.483755497456 0) (0.158996112703 0.484493141549 0) (0.159494628942 0.485230785642 0) (0.159993145181 0.485968429735 0) (0.160491661421 0.486706073829 0) (0.16099017766 0.487443717922 0) (0.161488693899 0.488181362015 0) (0.161987210138 0.488919006108 0) (0.162485726377 0.489656650201 0) (0.162984242616 0.490394294294 0) (0.163482758855 0.491131938387 0) (0.163981275094 0.49186958248 0) (0.164479791333 0.492607226573 0) (0.164978307572 0.493344870666 0) (0.165476823811 0.49408251476 0) (0.16597534005 0.494820158853 0) (0.166473856289 0.495557802946 0) (0.166972372528 0.496295447039 0))
    polyLine 45 49 ((0.0299826987696 0.794715783908 -0.03) (0.0317350786007 0.797081081 -0.03) (0.0334960904713 0.7994510736 -0.03) (0.0352657836509 0.801825787475 -0.03) (0.0370442078038 0.804205248547 -0.03) (0.0388314129923 0.806589482895 -0.03) (0.0406274496806 0.808978516763 -0.03) (0.0424323687387 0.81137237655 -0.03) (0.0442462214459 0.813771088821 -0.03) (0.0460690594947 0.816174680306 -0.03) (0.0479009349948 0.818583177896 -0.03) (0.0497419004769 0.820996608651 -0.03) (0.0515920088963 0.823414999799 -0.03) (0.0534513136374 0.825838378737 -0.03) (0.0553198685176 0.82826677303 -0.03) (0.057197727791 0.830700210419 -0.03) (0.0590849461531 0.833138718814 -0.03) (0.0609815787444 0.835582326304 -0.03) (0.0628876811549 0.838031061149 -0.03) (0.0648033094284 0.840484951792 -0.03) (0.0667285200666 0.84294402685 -0.03) (0.0686633700336 0.845408315124 -0.03) (0.0706079167603 0.847877845596 -0.03))
    polyLine 47 51 ((0.0299826987696 0.794715783908 0) (0.0317350786007 0.797081081 0) (0.0334960904713 0.7994510736 0) (0.0352657836509 0.801825787475 0) (0.0370442078038 0.804205248547 0) (0.0388314129923 0.806589482895 0) (0.0406274496806 0.808978516763 0) (0.0424323687387 0.81137237655 0) (0.0442462214459 0.813771088821 0) (0.0460690594947 0.816174680306 0) (0.0479009349948 0.818583177896 0) (0.0497419004769 0.820996608651 0) (0.0515920088963 0.823414999799 0) (0.0534513136374 0.825838378737 0) (0.0553198685176 0.82826677303 0) (0.057197727791 0.830700210419 0) (0.0590849461531 0.833138718814 0) (0.0609815787444 0.835582326304 0) (0.0628876811549 0.838031061149 0) (0.0648033094284 0.840484951792 0) (0.0667285200666 0.84294402685 0) (0.0686633700336 0.845408315124 0) (0.0706079167603 0.847877845596 0))
    polyLine 48 52 ((0.167470888767 0.497033091132 -0.03) (0.167969405006 0.497770735225 -0.03) (0.168467921245 0.498508379318 -0.03) (0.168966437484 0.499246023411 -0.03) (0.169464953723 0.499983667504 -0.03) (0.169963469962 0.500721311597 -0.03) (0.170461986201 0.501458955691 -0.03) (0.17096050244 0.502196599784 -0.03) (0.171459018679 0.502934243877 -0.03) (0.171957534918 0.50367188797 -0.03) (0.172456051157 0.504409532063 -0.03) (0.172954567396 0.505147176156 -0.03) (0.173453083635 0.505884820249 -0.03) (0.173951599874 0.506622464342 -0.03) (0.174450116113 0.507360108435 -0.03) (0.174948632353 0.508097752528 -0.03) (0.175447148592 0.508835396622 -0.03) (0.175945664831 0.509573040715 -0.03) (0.17644418107 0.510310684808 -0.03) (0.176942697309 0.511048328901 -0.03) (0.177441213548 0.511785972994 -0.03) (0.177939729787 0.512523617087 -0.03) (0.178438246026 0.51326126118 -0.03) (0.178936762265 0.513998905273 -0.03) (0.179435278504 0.514736549366 -0.03) (0.179933794743 0.515474193459 -0.03) (0.180432310982 0.516211837553 -0.03) (0.180930827221 0.516949481646 -0.03) (0.18142934346 0.517687125739 -0.03) (0.181927859699 0.518424769832 -0.03) (0.182426375938 0.519162413925 -0.03) (0.182924892177 0.519900058018 -0.03) (0.183423408416 0.520637702111 -0.03) (0.183921924655 0.521375346204 -0.03) (0.184420440894 0.522112990297 -0.03) (0.184918957133 0.52285063439 -0.03) (0.185417473372 0.523588278484 -0.03) (0.185915989611 0.524325922577 -0.03) (0.18641450585 0.52506356667 -0.03) (0.186913022089 0.525801210763 -0.03) (0.187411538328 0.526538854856 -0.03) (0.187910054567 0.527276498949 -0.03) (0.188408570806 0.528014143042 -0.03) (0.188907087046 0.528751787135 -0.03) (0.189405603285 0.529489431228 -0.03) (0.189904119524 0.530227075321 -0.03) (0.190402635763 0.530964719415 -0.03) (0.190901152002 0.531702363508 -0.03) (0.191399668241 0.532440007601 -0.03) (0.19189818448 0.533177651694 -0.03))
    polyLine 50 54 ((0.167470888767 0.497033091132 0) (0.167969405006 0.497770735225 0) (0.168467921245 0.498508379318 0) (0.168966437484 0.499246023411 0) (0.169464953723 0.499983667504 0) (0.169963469962 0.500721311597 0) (0.170461986201 0.501458955691 0) (0.17096050244 0.502196599784 0) (0.171459018679 0.502934243877 0) (0.171957534918 0.50367188797 0) (0.172456051157 0.504409532063 0) (0.172954567396 0.505147176156 0) (0.173453083635 0.505884820249 0) (0.173951599874 0.506622464342 0) (0.174450116113 0.507360108435 0) (0.174948632353 0.508097752528 0) (0.175447148592 0.508835396622 0) (0.175945664831 0.509573040715 0) (0.17644418107 0.510310684808 0) (0.176942697309 0.511048328901 0) (0.177441213548 0.511785972994 0) (0.177939729787 0.512523617087 0) (0.178438246026 0.51326126118 0) (0.178936762265 0.513998905273 0) (0.179435278504 0.514736549366 0) (0.179933794743 0.515474193459 0) (0.180432310982 0.516211837553 0) (0.180930827221 0.516949481646 0) (0.18142934346 0.517687125739 0) (0.181927859699 0.518424769832 0) (0.182426375938 0.519162413925 0) (0.182924892177 0.519900058018 0) (0.183423408416 0.520637702111 0) (0.183921924655 0.521375346204 0) (0.184420440894 0.522112990297 0) (0.184918957133 0.52285063439 0) (0.185417473372 0.523588278484 0) (0.185915989611 0.524325922577 0) (0.18641450585 0.52506356667 0) (0.186913022089 0.525801210763 0) (0.187411538328 0.526538854856 0) (0.187910054567 0.527276498949 0) (0.188408570806 0.528014143042 0) (0.188907087046 0.528751787135 0) (0.189405603285 0.529489431228 0) (0.189904119524 0.530227075321 0) (0.190402635763 0.530964719415 0) (0.190901152002 0.531702363508 0) (0.191399668241 0.532440007601 0) (0.19189818448 0.533177651694 0))
    polyLine 49 53 ((0.0743160155657 0.852567520694 -0.03) (0.0760776830877 0.854786643552 -0.03) (0.0778472629413 0.857010037159 -0.03) (0.0796247976635 0.859237722793 -0.03) (0.081410330105 0.861469721853 -0.03) (0.0832039034327 0.86370605586 -0.03) (0.0850055611325 0.865946746458 -0.03) (0.086815347012 0.868191815415 -0.03) (0.0886333052031 0.870441284624 -0.03) (0.0904594801651 0.872695176104 -0.03) (0.0922939166874 0.874953512 -0.03) (0.0941366598922 0.877216314586 -0.03) (0.0959877552378 0.879483606263 -0.03) (0.0978472485211 0.881755409565 -0.03) (0.0997151858807 0.884031747152 -0.03) (0.1015916138 0.886312641818 -0.03) (0.10347657911 0.888598116491 -0.03) (0.105370128993 0.89088819423 -0.03) (0.107272310983 0.89318289823 -0.03) (0.109183172975 0.895482251822 -0.03) (0.111102763219 0.897786278471 -0.03) (0.113031130333 0.900095001784 -0.03) (0.114968323298 0.902408445503 -0.03))
    polyLine 51 55 ((0.0743160155657 0.852567520694 0) (0.0760776830877 0.854786643552 0) (0.0778472629413 0.857010037159 0) (0.0796247976635 0.859237722793 0) (0.081410330105 0.861469721853 0) (0.0832039034327 0.86370605586 0) (0.0850055611325 0.865946746458 0) (0.086815347012 0.868191815415 0) (0.0886333052031 0.870441284624 0) (0.0904594801651 0.872695176104 0) (0.0922939166874 0.874953512 0) (0.0941366598922 0.877216314586 0) (0.0959877552378 0.879483606263 0) (0.0978472485211 0.881755409565 0) (0.0997151858807 0.884031747152 0) (0.1015916138 0.886312641818 0) (0.10347657911 0.888598116491 0) (0.105370128993 0.89088819423 0) (0.107272310983 0.89318289823 0) (0.109183172975 0.895482251822 0) (0.111102763219 0.897786278471 0) (0.113031130333 0.900095001784 0) (0.114968323298 0.902408445503 0))
    polyLine 52 56 ((0.192396700719 0.533915295787 -0.03) (0.192895216958 0.53465293988 -0.03) (0.193393733197 0.535390583973 -0.03) (0.193892249436 0.536128228066 -0.03) (0.194390765675 0.536865872159 -0.03) (0.194889281914 0.537603516252 -0.03) (0.195387798153 0.538341160346 -0.03) (0.195886314392 0.539078804439 -0.03) (0.196384830631 0.539816448532 -0.03) (0.19688334687 0.540554092625 -0.03) (0.197381863109 0.541291736718 -0.03) (0.197880379348 0.542029380811 -0.03) (0.198378895587 0.542767024904 -0.03) (0.198877411826 0.543504668997 -0.03) (0.199375928065 0.54424231309 -0.03) (0.199874444304 0.544979957183 -0.03) (0.200372960543 0.545717601276 -0.03) (0.200871476782 0.54645524537 -0.03) (0.201369993021 0.547192889463 -0.03) (0.201873610443 0.547932127884 -0.03) (0.20238272415 0.548667591808 -0.03) (0.202897305856 0.549399240371 -0.03) (0.203417326969 0.550127032919 -0.03) (0.203942758596 0.550850929014 -0.03) (0.204473571541 0.551570888435 -0.03) (0.205009736311 0.552286871179 -0.03) (0.205551223116 0.552998837464 -0.03) (0.206098001869 0.553706747731 -0.03) (0.20665004219 0.554410562647 -0.03) (0.207207313405 0.555110243105 -0.03) (0.207769784551 0.55580575023 -0.03) (0.208337424376 0.556497045377 -0.03) (0.208910201339 0.557184090136 -0.03) (0.209488083617 0.557866846333 -0.03) (0.210071039099 0.558545276032 -0.03) (0.210659035397 0.559219341537 -0.03) (0.211252039838 0.559889005396 -0.03) (0.211850019473 0.5605542304 -0.03) (0.212452941078 0.561214979588 -0.03) (0.213060771153 0.561871216246 -0.03) (0.213673475924 0.562522903912 -0.03) (0.214291021349 0.563170006376 -0.03) (0.214913373114 0.563812487685 -0.03) (0.21554049664 0.564450312139 -0.03) (0.216172357082 0.565083444299 -0.03) (0.216808919332 0.565711848987 -0.03) (0.217450148022 0.566335491287 -0.03) (0.218096007523 0.566954336548 -0.03) (0.218746461948 0.567568350384 -0.03) (0.219401475157 0.56817749868 -0.03))
    polyLine 54 58 ((0.192396700719 0.533915295787 0) (0.192895216958 0.53465293988 0) (0.193393733197 0.535390583973 0) (0.193892249436 0.536128228066 0) (0.194390765675 0.536865872159 0) (0.194889281914 0.537603516252 0) (0.195387798153 0.538341160346 0) (0.195886314392 0.539078804439 0) (0.196384830631 0.539816448532 0) (0.19688334687 0.540554092625 0) (0.197381863109 0.541291736718 0) (0.197880379348 0.542029380811 0) (0.198378895587 0.542767024904 0) (0.198877411826 0.543504668997 0) (0.199375928065 0.54424231309 0) (0.199874444304 0.544979957183 0) (0.200372960543 0.545717601276 0) (0.200871476782 0.54645524537 0) (0.201369993021 0.547192889463 0) (0.201873610443 0.547932127884 0) (0.20238272415 0.548667591808 0) (0.202897305856 0.549399240371 0) (0.203417326969 0.550127032919 0) (0.203942758596 0.550850929014 0) (0.204473571541 0.551570888435 0) (0.205009736311 0.552286871179 0) (0.205551223116 0.552998837464 0) (0.206098001869 0.553706747731 0) (0.20665004219 0.554410562647 0) (0.207207313405 0.555110243105 0) (0.207769784551 0.55580575023 0) (0.208337424376 0.556497045377 0) (0.208910201339 0.557184090136 0) (0.209488083617 0.557866846333 0) (0.210071039099 0.558545276032 0) (0.210659035397 0.559219341537 0) (0.211252039838 0.559889005396 0) (0.211850019473 0.5605542304 0) (0.212452941078 0.561214979588 0) (0.213060771153 0.561871216246 0) (0.213673475924 0.562522903912 0) (0.214291021349 0.563170006376 0) (0.214913373114 0.563812487685 0) (0.21554049664 0.564450312139 0) (0.216172357082 0.565083444299 0) (0.216808919332 0.565711848987 0) (0.217450148022 0.566335491287 0) (0.218096007523 0.566954336548 0) (0.218746461948 0.567568350384 0) (0.219401475157 0.56817749868 0))
    polyLine 53 57 ((0.118783609124 0.90694779263 -0.03) (0.120661031158 0.909173332821 -0.03) (0.122546701685 0.91140327533 -0.03) (0.124440665138 0.913637641523 -0.03) (0.126342966275 0.915876452887 -0.03) (0.128253650179 0.918119731032 -0.03) (0.13017276226 0.920367497689 -0.03) (0.13210034826 0.922619774717 -0.03) (0.134036454256 0.924876584095 -0.03) (0.135981126659 0.927137947932 -0.03) (0.13793441222 0.92940388846 -0.03) (0.139896358035 0.931674428042 -0.03) (0.141867011543 0.933949589167 -0.03) (0.143846420532 0.936229394456 -0.03) (0.145834633141 0.938513866658 -0.03) (0.147831697865 0.940803028656 -0.03) (0.149837663554 0.943096903462 -0.03) (0.151852579421 0.945395514225 -0.03) (0.153876495041 0.947698884227 -0.03) (0.155909460358 0.950007036885 -0.03) (0.157951525683 0.952319995754 -0.03) (0.160002741702 0.954637784524 -0.03) (0.16206315948 0.956960427025 -0.03))
    polyLine 55 59 ((0.118783609124 0.90694779263 0) (0.120661031158 0.909173332821 0) (0.122546701685 0.91140327533 0) (0.124440665138 0.913637641523 0) (0.126342966275 0.915876452887 0) (0.128253650179 0.918119731032 0) (0.13017276226 0.920367497689 0) (0.13210034826 0.922619774717 0) (0.134036454256 0.924876584095 0) (0.135981126659 0.927137947932 0) (0.13793441222 0.92940388846 0) (0.139896358035 0.931674428042 0) (0.141867011543 0.933949589167 0) (0.143846420532 0.936229394456 0) (0.145834633141 0.938513866658 0) (0.147831697865 0.940803028656 0) (0.149837663554 0.943096903462 0) (0.151852579421 0.945395514225 0) (0.153876495041 0.947698884227 0) (0.155909460358 0.950007036885 0) (0.157951525683 0.952319995754 0) (0.160002741702 0.954637784524 0) (0.16206315948 0.956960427025 0))
    polyLine 56 60 ((0.220061010756 0.568781747589 -0.03) (0.220725032099 0.569381063539 -0.03) (0.221393502291 0.569975413228 -0.03) (0.222066384191 0.570564763634 -0.03) (0.222743640409 0.57114908201 -0.03) (0.223425233318 0.57172833589 -0.03) (0.224111125045 0.57230249309 -0.03) (0.22480127748 0.572871521707 -0.03) (0.225495652277 0.573435390125 -0.03) (0.226194210854 0.573994067013 -0.03) (0.226896914398 0.574547521329 -0.03) (0.227603723864 0.575095722324 -0.03) (0.228314599979 0.575638639536 -0.03) (0.229029503246 0.5761762428 -0.03) (0.229748393943 0.576708502245 -0.03) (0.230471232126 0.577235388297 -0.03) (0.231197977632 0.577756871682 -0.03) (0.231928590081 0.578272923423 -0.03) (0.232663028879 0.578783514849 -0.03) (0.233401253217 0.579288617588 -0.03) (0.234143222079 0.579788203576 -0.03) (0.234888894238 0.580282245054 -0.03) (0.235638228262 0.580770714573 -0.03) (0.236391182517 0.581253584991 -0.03) (0.237147715166 0.58173082948 -0.03) (0.237907784175 0.582202421521 -0.03) (0.238671347311 0.582668334912 -0.03) (0.239438362149 0.583128543765 -0.03) (0.240208786072 0.583583022511 -0.03) (0.240982576272 0.584031745896 -0.03) (0.241759689757 0.584474688989 -0.03) (0.242540083346 0.584911827179 -0.03) (0.24332371368 0.585343136176 -0.03) (0.244110537217 0.585768592016 -0.03) (0.24490051024 0.58618817106 -0.03) (0.245693588855 0.586601849994 -0.03) (0.246489728997 0.587009605834 -0.03) (0.24728888643 0.587411415924 -0.03) (0.248091016751 0.587807257937 -0.03) (0.248896075391 0.58819710988 -0.03) (0.249704017619 0.588580950091 -0.03) (0.250514798542 0.588958757243 -0.03) (0.251328373113 0.589330510345 -0.03) (0.252144696127 0.58969618874 -0.03) (0.252963722226 0.59005577211 -0.03) (0.253785405903 0.590409240476 -0.03) (0.254609701503 0.590756574199 -0.03) (0.255436563225 0.591097753979 -0.03) (0.256265945128 0.59143276086 -0.03) (0.257097801128 0.591761576227 -0.03))
    polyLine 58 62 ((0.220061010756 0.568781747589 0) (0.220725032099 0.569381063539 0) (0.221393502291 0.569975413228 0) (0.222066384191 0.570564763634 0) (0.222743640409 0.57114908201 0) (0.223425233318 0.57172833589 0) (0.224111125045 0.57230249309 0) (0.22480127748 0.572871521707 0) (0.225495652277 0.573435390125 0) (0.226194210854 0.573994067013 0) (0.226896914398 0.574547521329 0) (0.227603723864 0.575095722324 0) (0.228314599979 0.575638639536 0) (0.229029503246 0.5761762428 0) (0.229748393943 0.576708502245 0) (0.230471232126 0.577235388297 0) (0.231197977632 0.577756871682 0) (0.231928590081 0.578272923423 0) (0.232663028879 0.578783514849 0) (0.233401253217 0.579288617588 0) (0.234143222079 0.579788203576 0) (0.234888894238 0.580282245054 0) (0.235638228262 0.580770714573 0) (0.236391182517 0.581253584991 0) (0.237147715166 0.58173082948 0) (0.237907784175 0.582202421521 0) (0.238671347311 0.582668334912 0) (0.239438362149 0.583128543765 0) (0.240208786072 0.583583022511 0) (0.240982576272 0.584031745896 0) (0.241759689757 0.584474688989 0) (0.242540083346 0.584911827179 0) (0.24332371368 0.585343136176 0) (0.244110537217 0.585768592016 0) (0.24490051024 0.58618817106 0) (0.245693588855 0.586601849994 0) (0.246489728997 0.587009605834 0) (0.24728888643 0.587411415924 0) (0.248091016751 0.587807257937 0) (0.248896075391 0.58819710988 0) (0.249704017619 0.588580950091 0) (0.250514798542 0.588958757243 0) (0.251328373113 0.589330510345 0) (0.252144696127 0.58969618874 0) (0.252963722226 0.59005577211 0) (0.253785405903 0.590409240476 0) (0.254609701503 0.590756574199 0) (0.255436563225 0.591097753979 0) (0.256265945128 0.59143276086 0) (0.257097801128 0.591761576227 0))
    polyLine 57 61 ((0.166537976788 0.961985799392 -0.03) (0.16895564898 0.964690245035 -0.03) (0.171385928538 0.967401321942 -0.03) (0.173828897671 0.970119068154 -0.03) (0.176284639303 0.972843521975 -0.03) (0.178753237077 0.975574721968 -0.03) (0.181234775365 0.978312706965 -0.03) (0.183729339273 0.98105751606 -0.03) (0.186237014649 0.983809188622 -0.03) (0.188757888092 0.986567764287 -0.03) (0.19129204696 0.989333282969 -0.03) (0.193839579374 0.992105784857 -0.03) (0.196400574232 0.994885310418 -0.03) (0.198975121212 0.997671900404 -0.03) (0.201563310781 1.00046559585 -0.03) (0.204165234207 1.00326643807 -0.03) (0.206780983562 1.00607446868 -0.03) (0.209410651734 1.00888972959 -0.03) (0.212054332434 1.01171226298 -0.03) (0.214712120206 1.01454211136 -0.03) (0.217384110434 1.01737931751 -0.03) (0.220070399352 1.02022392454 -0.03) (0.222771084052 1.02307597584 -0.03))
    polyLine 59 63 ((0.166537976788 0.961985799392 0) (0.16895564898 0.964690245035 0) (0.171385928538 0.967401321942 0) (0.173828897671 0.970119068154 0) (0.176284639303 0.972843521975 0) (0.178753237077 0.975574721968 0) (0.181234775365 0.978312706965 0) (0.183729339273 0.98105751606 0) (0.186237014649 0.983809188622 0) (0.188757888092 0.986567764287 0) (0.19129204696 0.989333282969 0) (0.193839579374 0.992105784857 0) (0.196400574232 0.994885310418 0) (0.198975121212 0.997671900404 0) (0.201563310781 1.00046559585 0) (0.204165234207 1.00326643807 0) (0.206780983562 1.00607446868 0) (0.209410651734 1.00888972959 0) (0.212054332434 1.01171226298 0) (0.214712120206 1.01454211136 0) (0.217384110434 1.01737931751 0) (0.220070399352 1.02022392454 0) (0.222771084052 1.02307597584 0))
    polyLine 60 64 ((0.257932085006 0.592084181811 -0.03) (0.258768750405 0.592400559687 -0.03) (0.259607750839 0.592710692276 -0.03) (0.26044903969 0.593014562347 -0.03) (0.261292570215 0.593312153014 -0.03) (0.262138295543 0.593603447744 -0.03) (0.262986168685 0.593888430352 -0.03) (0.263836142529 0.594167085002 -0.03) (0.26468816985 0.594439396212 -0.03) (0.265542203307 0.594705348852 -0.03) (0.266398195446 0.594964928144 -0.03) (0.267256098706 0.595218119667 -0.03) (0.26811586542 0.59546490935 -0.03) (0.268977447817 0.595705283483 -0.03) (0.269840798025 0.59593922871 -0.03) (0.270705868074 0.596166732031 -0.03) (0.271572609899 0.596387780806 -0.03) (0.272440975339 0.596602362753 -0.03) (0.273310916148 0.59681046595 -0.03) (0.274182383988 0.597012078833 -0.03) (0.275055330439 0.5972071902 -0.03) (0.275929706996 0.597395789211 -0.03) (0.276805465078 0.597577865385 -0.03) (0.277682556024 0.597753408608 -0.03) (0.278560931101 0.597922409124 -0.03) (0.279440541505 0.598084857544 -0.03) (0.28032133836 0.598240744842 -0.03) (0.281203272729 0.598390062356 -0.03) (0.282086295608 0.59853280179 -0.03) (0.282970357934 0.598668955212 -0.03) (0.283855410587 0.598798515058 -0.03) (0.284741404389 0.598921474129 -0.03) (0.285628290113 0.599037825593 -0.03) (0.286516018481 0.599147562985 -0.03) (0.287404540169 0.599250680208 -0.03) (0.288293805807 0.599347171532 -0.03) (0.289183765986 0.599437031596 -0.03) (0.290074371257 0.599520255407 -0.03) (0.290965572135 0.599596838342 -0.03) (0.291857319102 0.599666776144 -0.03) (0.292749562612 0.599730064928 -0.03) (0.293642253088 0.599786701178 -0.03) (0.29453534093 0.599836681746 -0.03) (0.295428776516 0.599880003856 -0.03) (0.296322510204 0.5999166651 -0.03) (0.297216492334 0.599946663441 -0.03) (0.298110673237 0.599969997213 -0.03) (0.299005003227 0.599986665119 -0.03) (0.299899432614 0.599996666234 -0.03))
    polyLine 62 66 ((0.257932085006 0.592084181811 0) (0.258768750405 0.592400559687 0) (0.259607750839 0.592710692276 0) (0.26044903969 0.593014562347 0) (0.261292570215 0.593312153014 0) (0.262138295543 0.593603447744 0) (0.262986168685 0.593888430352 0) (0.263836142529 0.594167085002 0) (0.26468816985 0.594439396212 0) (0.265542203307 0.594705348852 0) (0.266398195446 0.594964928144 0) (0.267256098706 0.595218119667 0) (0.26811586542 0.59546490935 0) (0.268977447817 0.595705283483 0) (0.269840798025 0.59593922871 0) (0.270705868074 0.596166732031 0) (0.271572609899 0.596387780806 0) (0.272440975339 0.596602362753 0) (0.273310916148 0.59681046595 0) (0.274182383988 0.597012078833 0) (0.275055330439 0.5972071902 0) (0.275929706996 0.597395789211 0) (0.276805465078 0.597577865385 0) (0.277682556024 0.597753408608 0) (0.278560931101 0.597922409124 0) (0.279440541505 0.598084857544 0) (0.28032133836 0.598240744842 0) (0.281203272729 0.598390062356 0) (0.282086295608 0.59853280179 0) (0.282970357934 0.598668955212 0) (0.283855410587 0.598798515058 0) (0.284741404389 0.598921474129 0) (0.285628290113 0.599037825593 0) (0.286516018481 0.599147562985 0) (0.287404540169 0.599250680208 0) (0.288293805807 0.599347171532 0) (0.289183765986 0.599437031596 0) (0.290074371257 0.599520255407 0) (0.290965572135 0.599596838342 0) (0.291857319102 0.599666776144 0) (0.292749562612 0.599730064928 0) (0.293642253088 0.599786701178 0) (0.29453534093 0.599836681746 0) (0.295428776516 0.599880003856 0) (0.296322510204 0.5999166651 0) (0.297216492334 0.599946663441 0) (0.298110673237 0.599969997213 0) (0.299005003227 0.599986665119 0) (0.299899432614 0.599996666234 0))
    polyLine 61 65 ((0.228418084673 1.0290144897 -0.03) (0.231366856452 1.03210220402 -0.03) (0.234332702537 1.03519871341 -0.03) (0.23731574884 1.03830407363 -0.03) (0.240316122491 1.04141834086 -0.03) (0.243333951855 1.04454157172 -0.03) (0.246369366542 1.04767382327 -0.03) (0.249422497426 1.050815153 -0.03) (0.252493476657 1.05396561887 -0.03) (0.255582437675 1.05712527927 -0.03) (0.258689515227 1.06029419305 -0.03) (0.261814845382 1.06347241953 -0.03) (0.264958565545 1.06666001849 -0.03) (0.268120814472 1.06985705017 -0.03) (0.27130173229 1.07306357529 -0.03) (0.274501460509 1.07627965507 -0.03) (0.277720142037 1.07950535119 -0.03) (0.280957921203 1.08274072582 -0.03) (0.284214943767 1.08598584163 -0.03) (0.287491356941 1.0892407618 -0.03) (0.290787309404 1.09250554999 -0.03) (0.29410295132 1.09578027039 -0.03) (0.297438434356 1.09906498769 -0.03))
    polyLine 63 67 ((0.228418084673 1.0290144897 0) (0.231366856452 1.03210220402 0) (0.234332702537 1.03519871341 0) (0.23731574884 1.03830407363 0) (0.240316122491 1.04141834086 0) (0.243333951855 1.04454157172 0) (0.246369366542 1.04767382327 0) (0.249422497426 1.050815153 0) (0.252493476657 1.05396561887 0) (0.255582437675 1.05712527927 0) (0.258689515227 1.06029419305 0) (0.261814845382 1.06347241953 0) (0.264958565545 1.06666001849 0) (0.268120814472 1.06985705017 0) (0.27130173229 1.07306357529 0) (0.274501460509 1.07627965507 0) (0.277720142037 1.07950535119 0) (0.280957921203 1.08274072582 0) (0.284214943767 1.08598584163 0) (0.287491356941 1.0892407618 0) (0.290787309404 1.09250554999 0) (0.29410295132 1.09578027039 0) (0.297438434356 1.09906498769 0))
);

boundary
(
    body_fore
    {
        type wall;
        faces
        (
            (0 2 6 4)
            (4 6 10 8)
            (8 10 14 12)
            (12 14 18 16)
            (16 18 22 20)
            (20 22 26 24)
            (24 26 30 28)
            (28 30 34 32)
            (32 34 38 36)
            (36 38 42 40)
            (40 42 46 44)
            (44 46 50 48)
            (48 50 54 52)
            (52 54 58 56)
            (56 58 62 60)
            (60 62 66 64)
        );
    }
    freestream
    {
        type patch;
        faces
        (
            (1 5 7 3)
            (5 9 11 7)
            (9 13 15 11)
            (13 17 19 15)
            (17 21 23 19)
            (21 25 27 23)
            (25 29 31 27)
            (29 33 35 31)
            (33 37 39 35)
            (37 41 43 39)
            (41 45 47 43)
            (45 49 51 47)
            (49 53 55 51)
            (53 57 59 55)
            (57 61 63 59)
            (61 65 67 63)
        );
    }
    outlet
    {
        type patch;
        faces
        (
            (64 66 67 65)
        );
    }
    axis
    {
        type patch;
        faces
        (
            (0 1 3 2)
        );
    }
    front
    {
        type patch;
        faces
        (
            (2 6 7 3)
            (6 10 11 7)
            (10 14 15 11)
            (14 18 19 15)
            (18 22 23 19)
            (22 26 27 23)
            (26 30 31 27)
            (30 34 35 31)
            (34 38 39 35)
            (38 42 43 39)
            (42 46 47 43)
            (46 50 51 47)
            (50 54 55 51)
            (54 58 59 55)
            (58 62 63 59)
            (62 66 67 63)
        );
    }
    back
    {
        type patch;
        faces
        (
            (0 1 5 4)
            (4 5 9 8)
            (8 9 13 12)
            (12 13 17 16)
            (16 17 21 20)
            (20 21 25 24)
            (24 25 29 28)
            (28 29 33 32)
            (32 33 37 36)
            (36 37 41 40)
            (40 41 45 44)
            (44 45 49 48)
            (48 49 53 52)
            (52 53 57 56)
            (56 57 61 60)
            (60 61 65 64)
        );
    }
);
