FoamFile
{
    version     2.0;
    format      ascii;
    class       dictionary;
    object      blockMeshDict;
}
// Generated by aether.cfd - do not edit by hand. Regenerate from the run config.

scale 1;

vertices
(
    (0 0 -0.03)
    (-0.372775803567 7.42256337884e-17 -0.03)
    (0 0 0)
    (-0.372775803567 7.42256337884e-17 0)
    (0.000933088535943 0.0421657619299 -0.03)
    (-0.368613656549 0.109217958929 -0.03)
    (0.000933088535943 0.0421657619299 0)
    (-0.368613656549 0.109217958929 0)
    (0.00373051147529 0.0842489715239 -0.03)
    (-0.356441915487 0.216414548242 -0.03)
    (0.00373051147529 0.0842489715239 0)
    (-0.356441915487 0.216414548242 0)
    (0.00838679202687 0.126167238769 -0.03)
    (-0.337101828059 0.319953041503 -0.03)
    (0.00838679202687 0.126167238769 0)
    (-0.337101828059 0.319953041503 0)
    (0.0148928141511 0.167838496574 -0.03)
    (-0.311716568288 0.418800857571 -0.03)
    (0.0148928141511 0.167838496574 0)
    (-0.311716568288 0.418800857571 0)
    (0.0232358404072 0.209181161445 -0.03)
    (-0.281435405773 0.51253925007 -0.03)
    (0.0232358404072 0.209181161445 0)
    (-0.281435405773 0.51253925007 0)
    (0.0333995368905 0.250114293199 -0.03)
    (-0.24725940609 0.601233618358 -0.03)
    (0.0333995368905 0.250114293199 0)
    (-0.24725940609 0.601233618358 0)
    (0.045364005211 0.290557753437 -0.03)
    (-0.209966136301 0.685262741169 -0.03)
    (0.045364005211 0.290557753437 0)
    (-0.209966136301 0.685262741169 0)
    (0.0591058214497 0.330432362433 -0.03)
    (-0.170105018917 0.765170778393 -0.03)
    (0.0591058214497 0.330432362433 0)
    (-0.170105018917 0.765170778393 0)
    (0.0745980820183 0.36966005415 -0.03)
    (-0.128027596758 0.841563646681 -0.03)
    (0.0745980820183 0.36966005415 0)
    (-0.128027596758 0.841563646681 0)
    (0.091678055818 0.408224887265 -0.03)
    (-0.0840880335663 0.914789732697 -0.03)
    (0.091678055818 0.408224887265 0)
    (-0.0840880335663 0.914789732697 0)
    (0.109070453274 0.446651659323 -0.03)
    (-0.0400989627482 0.982874386613 -0.03)
    (0.109070453274 0.446651659323 0)
    (-0.0400989627482 0.982874386613 0)
    (0.126462850729 0.48507843138 -0.03)
    (0.00300491228256 1.04550313707 -0.03)
    (0.126462850729 0.48507843138 0)
    (0.00300491228256 1.04550313707 0)
    (0.143855248185 0.523505203437 -0.03)
    (0.0448123135917 1.10304123578 -0.03)
    (0.143855248185 0.523505203437 0)
    (0.0448123135917 1.10304123578 0)
    (0.162139316797 0.56147198352 -0.03)
    (0.0865380539752 1.15779254312 -0.03)
    (0.162139316797 0.56147198352 0)
    (0.0865380539752 1.15779254312 0)
    (0.192852222149 0.589749406448 -0.03)
    (0.148572415691 1.23501294288 -0.03)
    (0.192852222149 0.589749406448 0)
    (0.148572415691 1.23501294288 0)
    (0.233322492204 0.6 -0.03)
    (0.233322492204 1.33383847482 -0.03)
    (0.233322492204 0.6 0)
    (0.233322492204 1.33383847482 0)
);

blocks
(
    hex (0 4 5 1 2 6 7 3) (8 96 1) simpleGrading (1 4 1)
    hex (4 8 9 5 6 10 11 7) (8 96 1) simpleGrading (1 4 1)
    hex (8 12 13 9 10 14 15 11) (8 96 1) simpleGrading (1 4 1)
    hex (12 16 17 13 14 18 19 15) (8 96 1) simpleGrading (1 4 1)
    hex (16 20 21 17 18 22 23 19) (8 96 1) simpleGrading (1 4 1)
    hex (20 24 25 21 22 26 27 23) (8 96 1) simpleGrading (1 4 1)
    hex (24 28 29 25 26 30 31 27) (8 96 1) simpleGrading (1 4 1)
    hex (28 32 33 29 30 34 35 31) (8 96 1) simpleGrading (1 4 1)
    hex (32 36 37 33 34 38 39 35) (8 96 1) simpleGrading (1 4 1)
    hex (36 40 41 37 38 42 43 39) (8 96 1) simpleGrading (1 4 1)
    hex (40 44 45 41 42 46 47 43) (8 96 1) simpleGrading (1 4 1)
    hex (44 48 49 45 46 50 51 47) (8 96 1) simpleGrading (1 4 1)
    hex (48 52 53 49 50 54 55 51) (8 96 1) simpleGrading (1 4 1)
    hex (52 56 57 53 54 58 59 55) (8 96 1) simpleGrading (1 4 1)
    hex (56 60 61 57 58 62 63 59) (8 96 1) simpleGrading (1 4 1)
    hex (60 64 65 61 62 66 67 63) (8 96 1) simpleGrading (1 4 1)
);

edges
(
    polyLine 0 4 ((4.40691436203e-07 0.000916587443577 -0.03) (1.76276533728e-06 0.00183317403962 -0.03) (3.96622048082e-06 0.00274975894061 -0.03) (7.05105482936e-06 0.00366634129901 -0.03) (1.10172655305e-05 0.0045829202673 -0.03) (1.58648489168e-05 0.00549949499795 -0.03) (2.15938005059e-05 0.00641606464344 -0.03) (2.82041150006e-05 0.00733262835627 -0.03) (3.56957862884e-05 0.00824918528892 -0.03) (4.40688074423e-05 0.0091657345939 -0.03) (5.332317072e-05 0.0100822754237 -0.03) (6.34588675642e-05 0.0109988069308 -0.03) (7.44758886033e-05 0.0119153282678 -0.03) (8.63742236499e-05 0.0128318385872 -0.03) (9.91538617022e-05 0.0137483370416 -0.03) (0.000112814790943 0.0146648227834 -0.03) (0.000127356998742 0.0155812949652 -0.03) (0.000142780471651 0.0164977527397 -0.03) (0.00015908519541 0.0174141952594 -0.03) (0.000176271154941 0.0183306216769 -0.03) (0.000194338334354 0.0192470311449 -0.03) (0.000213286716943 0.0201634228159 -0.03) (0.000233116285187 0.0210797958427 -0.03) (0.000253827020751 0.0219961493778 -0.03) (0.000275418904484 0.022912482574 -0.03) (0.00029789191642 0.023828794584 -0.03) (0.000321246035781 0.0247450845605 -0.03) (0.000345481240971 0.0256613516563 -0.03) (0.000370597509582 0.026577595024 -0.03) (0.000396594818389 0.0274938138166 -0.03) (0.000423473143353 0.0284100071868 -0.03) (0.000451232459622 0.0293261742875 -0.03) (0.000479872741528 0.0302423142714 -0.03) (0.000509393962588 0.0311584262915 -0.03) (0.000539796095504 0.0320745095008 -0.03) (0.000571079112166 0.032990563052 -0.03) (0.000603242983647 0.0339065860983 -0.03) (0.000636287680207 0.0348225777926 -0.03) (0.000670213171291 0.0357385372879 -0.03) (0.000705019425529 0.0366544637372 -0.03) (0.000740706410737 0.0375703562937 -0.03) (0.000777274093917 0.0384862141104 -0.03) (0.000814722441257 0.0394020363406 -0.03) (0.000853051418129 0.0403178221373 -0.03) (0.000892260989092 0.0412335706538 -0.03) (0.000932351117891 0.0421492810433 -0.03))
    polyLine 2 6 ((4.40691436203e-07 0.000916587443577 0) (1.76276533728e-06 0.00183317403962 0) (3.96622048082e-06 0.00274975894061 0) (7.05105482936e-06 0.00366634129901 0) (1.10172655305e-05 0.0045829202673 0) (1.58648489168e-05 0.00549949499795 0) (2.15938005059e-05 0.00641606464344 0) (2.82041150006e-05 0.00733262835627 0) (3.56957862884e-05 0.00824918528892 0) (4.40688074423e-05 0.0091657345939 0) (5.332317072e-05 0.0100822754237 0) (6.34588675642e-05 0.0109988069308 0) (7.44758886033e-05 0.0119153282678 0) (8.63742236499e-05 0.0128318385872 0) (9.91538617022e-05 0.0137483370416 0) (0.000112814790943 0.0146648227834 0) (0.000127356998742 0.0155812949652 0) (0.000142780471651 0.0164977527397 0) (0.00015908519541 0.0174141952594 0) (0.000176271154941 0.0183306216769 0) (0.000194338334354 0.0192470311449 0) (0.000213286716943 0.0201634228159 0) (0.000233116285187 0.0210797958427 0) (0.000253827020751 0.0219961493778 0) (0.000275418904484 0.022912482574 0) (0.00029789191642 0.023828794584 0) (0.000321246035781 0.0247450845605 0) (0.000345481240971 0.0256613516563 0) (0.000370597509582 0.026577595024 0) (0.000396594818389 0.0274938138166 0) (0.000423473143353 0.0284100071868 0) (0.000451232459622 0.0293261742875 0) (0.000479872741528 0.0302423142714 0) (0.000509393962588 0.0311584262915 0) (0.000539796095504 0.0320745095008 0) (0.000571079112166 0.032990563052 0) (0.000603242983647 0.0339065860983 0) (0.000636287680207 0.0348225777926 0) (0.000670213171291 0.0357385372879 0) (0.000705019425529 0.0366544637372 0) (0.000740706410737 0.0375703562937 0) (0.000777274093917 0.0384862141104 0) (0.000814722441257 0.0394020363406 0) (0.000853051418129 0.0403178221373 0) (0.000892260989092 0.0412335706538 0) (0.000932351117891 0.0421492810433 0))
    polyLine 1 5 ((-0.372768632891 0.00453293094823 -0.03) (-0.372747119714 0.00906604721195 -0.03) (-0.372711260593 0.0135995341277 -0.03) (-0.372661049788 0.0181335770744 -0.03) (-0.372596479259 0.0226683614938 -0.03) (-0.372517538668 0.0272040729124 -0.03) (-0.372424215372 0.031740896962 -0.03) (-0.372316494424 0.0362790194011 -0.03) (-0.372194358563 0.0408186261359 -0.03) (-0.372057788216 0.0453599032419 -0.03) (-0.371906761491 0.0499030369844 -0.03) (-0.371741254167 0.0544482138406 -0.03) (-0.371561239693 0.0589956205203 -0.03) (-0.371366689178 0.0635454439877 -0.03) (-0.371157571387 0.0680978714825 -0.03) (-0.370933852727 0.0726530905416 -0.03) (-0.370695497244 0.0772112890205 -0.03) (-0.370442466608 0.0817726551149 -0.03) (-0.370174720109 0.0863373773828 -0.03) (-0.369892214641 0.0909056447654 -0.03) (-0.369594904695 0.0954776466099 -0.03) (-0.369282742343 0.100053572691 -0.03) (-0.368955677227 0.104633613232 -0.03))
    polyLine 3 7 ((-0.372768632891 0.00453293094823 0) (-0.372747119714 0.00906604721195 0) (-0.372711260593 0.0135995341277 0) (-0.372661049788 0.0181335770744 0) (-0.372596479259 0.0226683614938 0) (-0.372517538668 0.0272040729124 0) (-0.372424215372 0.031740896962 0) (-0.372316494424 0.0362790194011 0) (-0.372194358563 0.0408186261359 0) (-0.372057788216 0.0453599032419 0) (-0.371906761491 0.0499030369844 0) (-0.371741254167 0.0544482138406 0) (-0.371561239693 0.0589956205203 0) (-0.371366689178 0.0635454439877 0) (-0.371157571387 0.0680978714825 0) (-0.370933852727 0.0726530905416 0) (-0.370695497244 0.0772112890205 0) (-0.370442466608 0.0817726551149 0) (-0.370174720109 0.0863373773828 0) (-0.369892214641 0.0909056447654 0) (-0.369594904695 0.0954776466099 0) (-0.369282742343 0.100053572691 0) (-0.368955677227 0.104633613232 0))
    polyLine 4 8 ((0.000973321767457 0.0430649524592 -0.03) (0.0010151728999 0.0439805840546 -0.03) (0.00105790447654 0.0448961749831 -0.03) (0.00110151645784 0.0458117243979 -0.03) (0.00114600880349 0.0467272314526 -0.03) (0.00119138147235 0.0476426953005 -0.03) (0.00123763442245 0.0485581150952 -0.03) (0.00128476761104 0.0494734899903 -0.03) (0.00133278099453 0.0503888191392 -0.03) (0.00138167452853 0.0513041016957 -0.03) (0.00143144816782 0.0522193368135 -0.03) (0.00148210186639 0.0531345236462 -0.03) (0.00153363557739 0.0540496613476 -0.03) (0.00158604925317 0.0549647490716 -0.03) (0.00163934284527 0.0558797859719 -0.03) (0.00169351630441 0.0567947712025 -0.03) (0.0017485695805 0.0577097039174 -0.03) (0.00180450262264 0.0586245832705 -0.03) (0.00186131537909 0.0595394084159 -0.03) (0.00191900779734 0.0604541785076 -0.03) (0.00197757982403 0.0613688927 -0.03) (0.00203703140501 0.062283550147 -0.03) (0.00209736248531 0.0631981500031 -0.03) (0.00215857300913 0.0641126914224 -0.03) (0.00222066291989 0.0650271735594 -0.03) (0.00228363216016 0.0659415955685 -0.03) (0.00234748067172 0.0668559566042 -0.03) (0.00241220839554 0.0677702558209 -0.03) (0.00247781527176 0.0686844923733 -0.03) (0.00254430123972 0.069598665416 -0.03) (0.00261166623795 0.0705127741037 -0.03) (0.00267991020415 0.0714268175912 -0.03) (0.00274903307522 0.0723407950332 -0.03) (0.00281903478724 0.0732547055848 -0.03) (0.00288991527549 0.0741685484008 -0.03) (0.00296167447444 0.0750823226362 -0.03) (0.00303431231771 0.0759960274461 -0.03) (0.00310782873816 0.0769096619856 -0.03) (0.0031822236678 0.07782322541 -0.03) (0.00325749703784 0.0787367168745 -0.03) (0.00333364877868 0.0796501355344 -0.03) (0.00341067881991 0.0805634805452 -0.03) (0.0034885870903 0.0814767510623 -0.03) (0.00356737351781 0.0823899462412 -0.03) (0.00364703802959 0.0833030652375 -0.03) (0.00372758055198 0.084216107207 -0.03))
    polyLine 6 10 ((0.000973321767457 0.0430649524592 0) (0.0010151728999 0.0439805840546 0) (0.00105790447654 0.0448961749831 0) (0.00110151645784 0.0458117243979 0) (0.00114600880349 0.0467272314526 0) (0.00119138147235 0.0476426953005 0) (0.00123763442245 0.0485581150952 0) (0.00128476761104 0.0494734899903 0) (0.00133278099453 0.0503888191392 0) (0.00138167452853 0.0513041016957 0) (0.00143144816782 0.0522193368135 0) (0.00148210186639 0.0531345236462 0) (0.00153363557739 0.0540496613476 0) (0.00158604925317 0.0549647490716 0) (0.00163934284527 0.0558797859719 0) (0.00169351630441 0.0567947712025 0) (0.0017485695805 0.0577097039174 0) (0.00180450262264 0.0586245832705 0) (0.00186131537909 0.0595394084159 0) (0.00191900779734 0.0604541785076 0) (0.00197757982403 0.0613688927 0) (0.00203703140501 0.062283550147 0) (0.00209736248531 0.0631981500031 0) (0.00215857300913 0.0641126914224 0) (0.00222066291989 0.0650271735594 0) (0.00228363216016 0.0659415955685 0) (0.00234748067172 0.0668559566042 0) (0.00241220839554 0.0677702558209 0) (0.00247781527176 0.0686844923733 0) (0.00254430123972 0.069598665416 0) (0.00261166623795 0.0705127741037 0) (0.00267991020415 0.0714268175912 0) (0.00274903307522 0.0723407950332 0) (0.00281903478724 0.0732547055848 0) (0.00288991527549 0.0741685484008 0) (0.00296167447444 0.0750823226362 0) (0.00303431231771 0.0759960274461 0) (0.00310782873816 0.0769096619856 0) (0.0031822236678 0.07782322541 0) (0.00325749703784 0.0787367168745 0) (0.00333364877868 0.0796501355344 0) (0.00341067881991 0.0805634805452 0) (0.0034885870903 0.0814767510623 0) (0.00356737351781 0.0823899462412 0) (0.00364703802959 0.0833030652375 0) (0.00372758055198 0.084216107207 0))
    polyLine 5 9 ((-0.368271415076 0.113620385393 -0.03) (-0.367915306115 0.118027119753 -0.03) (-0.367545276627 0.122438331742 -0.03) (-0.367161271452 0.126854191569 -0.03) (-0.366763233298 0.131274869935 -0.03) (-0.366351102725 0.135700538051 -0.03) (-0.365924818133 0.140131367658 -0.03) (-0.365484315746 0.144567531046 -0.03) (-0.365029529595 0.14900920107 -0.03) (-0.364560391503 0.153456551172 -0.03) (-0.364076831067 0.157909755398 -0.03) (-0.363578775645 0.16236898842 -0.03) (-0.363066150331 0.166834425551 -0.03) (-0.362538877942 0.171306242769 -0.03) (-0.361996878998 0.175784616732 -0.03) (-0.361440071701 0.180269724804 -0.03) (-0.360868371916 0.184761745067 -0.03) (-0.360281693147 0.189260856346 -0.03) (-0.35967994652 0.193767238231 -0.03) (-0.35906304076 0.198281071092 -0.03) (-0.358430882165 0.202802536102 -0.03) (-0.357783374585 0.207331815258 -0.03) (-0.357120419399 0.211869091402 -0.03))
    polyLine 7 11 ((-0.368271415076 0.113620385393 0) (-0.367915306115 0.118027119753 0) (-0.367545276627 0.122438331742 0) (-0.367161271452 0.126854191569 0) (-0.366763233298 0.131274869935 0) (-0.366351102725 0.135700538051 0) (-0.365924818133 0.140131367658 0) (-0.365484315746 0.144567531046 0) (-0.365029529595 0.14900920107 0) (-0.364560391503 0.153456551172 0) (-0.364076831067 0.157909755398 0) (-0.363578775645 0.16236898842 0) (-0.363066150331 0.166834425551 0) (-0.362538877942 0.171306242769 0) (-0.361996878998 0.175784616732 0) (-0.361440071701 0.180269724804 0) (-0.360868371916 0.184761745067 0) (-0.360281693147 0.189260856346 0) (-0.35967994652 0.193767238231 0) (-0.35906304076 0.198281071092 0) (-0.358430882165 0.202802536102 0) (-0.357783374585 0.207331815258 0) (-0.357120419399 0.211869091402 0))
    polyLine 8 12 ((0.0038090010105 0.0851290713053 -0.03) (0.00389129932987 0.0860419566884 -0.03) (0.00397447543399 0.086954762512 -0.03) (0.00405852924595 0.0878674879322 -0.03) (0.00414346068803 0.0887801321049 -0.03) (0.0042292696817 0.0896926941864 -0.03) (0.00431595614761 0.0906051733328 -0.03) (0.0044035200056 0.0915175687003 -0.03) (0.00449196117472 0.0924298794453 -0.03) (0.00458127957318 0.0933421047243 -0.03) (0.0046714751184 0.0942542436938 -0.03) (0.00476254772696 0.0951662955102 -0.03) (0.00485449731467 0.0960782593304 -0.03) (0.00494732379651 0.0969901343109 -0.03) (0.00504102708662 0.0979019196088 -0.03) (0.00513560709839 0.0988136143808 -0.03) (0.00523106374434 0.099725217784 -0.03) (0.00532739693622 0.100636728975 -0.03) (0.00542460658495 0.101548147112 -0.03) (0.00552269260065 0.102459471352 -0.03) (0.00562165489261 0.103370700851 -0.03) (0.00572149336933 0.104281834768 -0.03) (0.00582220793851 0.10519287226 -0.03) (0.005923798507 0.106103812484 -0.03) (0.00602626498087 0.107014654599 -0.03) (0.00612960726538 0.107925397761 -0.03) (0.00623382526496 0.10883604113 -0.03) (0.00633891888327 0.109746583862 -0.03) (0.00644488802311 0.110657025116 -0.03) (0.0065517325865 0.11156736405 -0.03) (0.00665945247465 0.112477599823 -0.03) (0.00676804758795 0.113387731592 -0.03) (0.006877517826 0.114297758517 -0.03) (0.00698786308756 0.115207679754 -0.03) (0.00709908327061 0.116117494465 -0.03) (0.0072111782723 0.117027201806 -0.03) (0.007324147989 0.117936800937 -0.03) (0.00743799231622 0.118846291016 -0.03) (0.00755271114872 0.119755671204 -0.03) (0.00766830438042 0.120664940658 -0.03) (0.00778477190442 0.121574098539 -0.03) (0.00790211361304 0.122483144005 -0.03) (0.00802032939778 0.123392076216 -0.03) (0.00813941914933 0.124300894331 -0.03) (0.00825938275757 0.125209597511 -0.03) (0.00838022011157 0.126118184914 -0.03))
    polyLine 10 14 ((0.0038090010105 0.0851290713053 0) (0.00389129932987 0.0860419566884 0) (0.00397447543399 0.086954762512 0) (0.00405852924595 0.0878674879322 0) (0.00414346068803 0.0887801321049 0) (0.0042292696817 0.0896926941864 0) (0.00431595614761 0.0906051733328 0) (0.0044035200056 0.0915175687003 0) (0.00449196117472 0.0924298794453 0) (0.00458127957318 0.0933421047243 0) (0.0046714751184 0.0942542436938 0) (0.00476254772696 0.0951662955102 0) (0.00485449731467 0.0960782593304 0) (0.00494732379651 0.0969901343109 0) (0.00504102708662 0.0979019196088 0) (0.00513560709839 0.0988136143808 0) (0.00523106374434 0.099725217784 0) (0.00532739693622 0.100636728975 0) (0.00542460658495 0.101548147112 0) (0.00552269260065 0.102459471352 0) (0.00562165489261 0.103370700851 0) (0.00572149336933 0.104281834768 0) (0.00582220793851 0.10519287226 0) (0.005923798507 0.106103812484 0) (0.00602626498087 0.107014654599 0) (0.00612960726538 0.107925397761 0) (0.00623382526496 0.10883604113 0) (0.00633891888327 0.109746583862 0) (0.00644488802311 0.110657025116 0) (0.0065517325865 0.11156736405 0) (0.00665945247465 0.112477599823 0) (0.00676804758795 0.113387731592 0) (0.006877517826 0.114297758517 0) (0.00698786308756 0.115207679754 0) (0.00709908327061 0.116117494465 0) (0.0072111782723 0.117027201806 0) (0.007324147989 0.117936800937 0) (0.00743799231622 0.118846291016 0) (0.00755271114872 0.119755671204 0) (0.00766830438042 0.120664940658 0) (0.00778477190442 0.121574098539 0) (0.00790211361304 0.122483144005 0) (0.00802032939778 0.123392076216 0) (0.00813941914933 0.124300894331 0) (0.00825938275757 0.125209597511 0) (0.00838022011157 0.126118184914 0))
    polyLine 9 13 ((-0.355799583479 0.220631629397 -0.03) (-0.355143742306 0.22485603271 -0.03) (-0.354474305803 0.229087906186 -0.03) (-0.35379118589 0.233327398527 -0.03) (-0.353094292559 0.237574659147 -0.03) (-0.352383533851 0.241829838189 -0.03) (-0.351658815837 0.246093086539 -0.03) (-0.350920042594 0.25036455584 -0.03) (-0.350167116193 0.25464439851 -0.03) (-0.349399936666 0.258932767756 -0.03) (-0.348618401994 0.26322981759 -0.03) (-0.347822408078 0.267535702847 -0.03) (-0.347011848721 0.271850579197 -0.03) (-0.346186615598 0.276174603167 -0.03) (-0.345346598239 0.280507932152 -0.03) (-0.344491684002 0.284850724434 -0.03) (-0.343621758046 0.289203139199 -0.03) (-0.342736703308 0.293565336555 -0.03) (-0.341836400473 0.297937477548 -0.03) (-0.340920727955 0.302319724177 -0.03) (-0.33998956186 0.306712239416 -0.03) (-0.339042775965 0.31111518723 -0.03) (-0.338080241689 0.315528732592 -0.03))
    polyLine 11 15 ((-0.355799583479 0.220631629397 0) (-0.355143742306 0.22485603271 0) (-0.354474305803 0.229087906186 0) (-0.35379118589 0.233327398527 0) (-0.353094292559 0.237574659147 0) (-0.352383533851 0.241829838189 0) (-0.351658815837 0.246093086539 0) (-0.350920042594 0.25036455584 0) (-0.350167116193 0.25464439851 0) (-0.349399936666 0.258932767756 0) (-0.348618401994 0.26322981759 0) (-0.347822408078 0.267535702847 0) (-0.347011848721 0.271850579197 0) (-0.346186615598 0.276174603167 0) (-0.345346598239 0.280507932152 0) (-0.344491684002 0.284850724434 0) (-0.343621758046 0.289203139199 0) (-0.342736703308 0.293565336555 0) (-0.341836400473 0.297937477548 0) (-0.340920727955 0.302319724177 0) (-0.33998956186 0.306712239416 0) (-0.339042775965 0.31111518723 0) (-0.338080241689 0.315528732592 0))
    polyLine 12 16 ((0.0085019310996 0.127026655702 -0.03) (0.00862451560913 0.127935009033 -0.03) (0.00874797352679 0.128843244068 -0.03) (0.00887230473844 0.129751359966 -0.03) (0.00899750912912 0.13065935589 -0.03) (0.00912358658304 0.131567230997 -0.03) (0.00925053698364 0.132474984451 -0.03) (0.00937836021352 0.13338261541 -0.03) (0.00950705615449 0.134290123035 -0.03) (0.00963662468756 0.135197506489 -0.03) (0.00976706569291 0.13610476493 -0.03) (0.00989837904994 0.137011897522 -0.03) (0.0100305646372 0.137918903424 -0.03) (0.0101636223325 0.138825781798 -0.03) (0.0102975520128 0.139732531806 -0.03) (0.0104323535543 0.140639152609 -0.03) (0.0105680268323 0.141545643369 -0.03) (0.0107045717213 0.142452003247 -0.03) (0.0108419880951 0.143358231406 -0.03) (0.0109802758267 0.144264327008 -0.03) (0.0111194347881 0.145170289214 -0.03) (0.0112594648507 0.146076117187 -0.03) (0.0114003658851 0.14698181009 -0.03) (0.0115421377608 0.147887367085 -0.03) (0.0116847803469 0.148792787335 -0.03) (0.0118282935115 0.149698070002 -0.03) (0.0119726771218 0.15060321425 -0.03) (0.0121179310443 0.151508219241 -0.03) (0.0122640551447 0.152413084139 -0.03) (0.012411049288 0.153317808106 -0.03) (0.0125589133382 0.154222390308 -0.03) (0.0127076471585 0.155126829906 -0.03) (0.0128572506114 0.156031126064 -0.03) (0.0130077235587 0.156935277948 -0.03) (0.0131590658611 0.157839284719 -0.03) (0.0133112773788 0.158743145544 -0.03) (0.013464357971 0.159646859585 -0.03) (0.0136183074961 0.160550426007 -0.03) (0.0137731258118 0.161453843976 -0.03) (0.0139288127749 0.162357112654 -0.03) (0.0140853682415 0.163260231208 -0.03) (0.0142427920668 0.164163198801 -0.03) (0.0144010841053 0.1650660146 -0.03) (0.0145602442106 0.165968677769 -0.03) (0.0147202722355 0.166871187474 -0.03) (0.014881168032 0.16777354288 -0.03))
    polyLine 14 18 ((0.0085019310996 0.127026655702 0) (0.00862451560913 0.127935009033 0) (0.00874797352679 0.128843244068 0) (0.00887230473844 0.129751359966 0) (0.00899750912912 0.13065935589 0) (0.00912358658304 0.131567230997 0) (0.00925053698364 0.132474984451 0) (0.00937836021352 0.13338261541 0) (0.00950705615449 0.134290123035 0) (0.00963662468756 0.135197506489 0) (0.00976706569291 0.13610476493 0) (0.00989837904994 0.137011897522 0) (0.0100305646372 0.137918903424 0) (0.0101636223325 0.138825781798 0) (0.0102975520128 0.139732531806 0) (0.0104323535543 0.140639152609 0) (0.0105680268323 0.141545643369 0) (0.0107045717213 0.142452003247 0) (0.0108419880951 0.143358231406 0) (0.0109802758267 0.144264327008 0) (0.0111194347881 0.145170289214 0) (0.0112594648507 0.146076117187 0) (0.0114003658851 0.14698181009 0) (0.0115421377608 0.147887367085 0) (0.0116847803469 0.148792787335 0) (0.0118282935115 0.149698070002 0) (0.0119726771218 0.15060321425 0) (0.0121179310443 0.151508219241 0) (0.0122640551447 0.152413084139 0) (0.012411049288 0.153317808106 0) (0.0125589133382 0.154222390308 0) (0.0127076471585 0.155126829906 0) (0.0128572506114 0.156031126064 0) (0.0130077235587 0.156935277948 0) (0.0131590658611 0.157839284719 0) (0.0133112773788 0.158743145544 0) (0.013464357971 0.159646859585 0) (0.0136183074961 0.160550426007 0) (0.0137731258118 0.161453843976 0) (0.0139288127749 0.162357112654 0) (0.0140853682415 0.163260231208 0) (0.0142427920668 0.164163198801 0) (0.0144010841053 0.1650660146 0) (0.0145602442106 0.165968677769 0) (0.0147202722355 0.166871187474 0) (0.014881168032 0.16777354288 0))
    polyLine 13 17 ((-0.336204702386 0.323956974825 -0.03) (-0.33529442386 0.327969942038 -0.03) (-0.334370890951 0.331992067546 -0.03) (-0.333434000463 0.336023476486 -0.03) (-0.332483647516 0.340064294734 -0.03) (-0.331519725527 0.344114648919 -0.03) (-0.330542126189 0.348174666437 -0.03) (-0.329550739452 0.352244475459 -0.03) (-0.328545453502 0.356324204946 -0.03) (-0.327526154737 0.360413984659 -0.03) (-0.32649272775 0.364513945176 -0.03) (-0.325445055305 0.368624217898 -0.03) (-0.324383018313 0.372744935065 -0.03) (-0.323306495812 0.376876229772 -0.03) (-0.322215364942 0.381018235975 -0.03) (-0.321109500922 0.38517108851 -0.03) (-0.319988777027 0.389334923105 -0.03) (-0.318853064561 0.393509876393 -0.03) (-0.317702232834 0.397696085923 -0.03) (-0.316536149136 0.40189369018 -0.03) (-0.315354678713 0.406102828593 -0.03) (-0.314157684736 0.410323641554 -0.03) (-0.312945028279 0.414556270427 -0.03))
    polyLine 15 19 ((-0.336204702386 0.323956974825 0) (-0.33529442386 0.327969942038 0) (-0.334370890951 0.331992067546 0) (-0.333434000463 0.336023476486 0) (-0.332483647516 0.340064294734 0) (-0.331519725527 0.344114648919 0) (-0.330542126189 0.348174666437 0) (-0.329550739452 0.352244475459 0) (-0.328545453502 0.356324204946 0) (-0.327526154737 0.360413984659 0) (-0.32649272775 0.364513945176 0) (-0.325445055305 0.368624217898 0) (-0.324383018313 0.372744935065 0) (-0.323306495812 0.376876229772 0) (-0.322215364942 0.381018235975 0) (-0.321109500922 0.38517108851 0) (-0.319988777027 0.389334923105 0) (-0.318853064561 0.393509876393 0) (-0.317702232834 0.397696085923 0) (-0.316536149136 0.40189369018 0) (-0.315354678713 0.406102828593 0) (-0.314157684736 0.410323641554 0) (-0.312945028279 0.414556270427 0))
    polyLine 16 20 ((0.0150429314515 0.168675743152 -0.03) (0.0152055623442 0.169577787458 -0.03) (0.0153690605598 0.170479674961 -0.03) (0.0155334259472 0.17138140483 -0.03) (0.0156986583543 0.172282976229 -0.03) (0.0158647576285 0.173184388325 -0.03) (0.016031723616 0.174085640285 -0.03) (0.0161995561625 0.174986731275 -0.03) (0.0163682551128 0.175887660462 -0.03) (0.016537820311 0.176788427013 -0.03) (0.0167082516002 0.177689030095 -0.03) (0.0168795488228 0.178589468875 -0.03) (0.0170517118205 0.179489742522 -0.03) (0.0172247404341 0.180389850201 -0.03) (0.0173986345035 0.181289791082 -0.03) (0.0175733938681 0.182189564331 -0.03) (0.0177490183661 0.183089169118 -0.03) (0.0179255078352 0.183988604609 -0.03) (0.0181028621122 0.184887869974 -0.03) (0.0182810810331 0.185786964381 -0.03) (0.0184601644331 0.186685886998 -0.03) (0.0186401121466 0.187584636994 -0.03) (0.0188209240073 0.188483213539 -0.03) (0.019002599848 0.189381615801 -0.03) (0.0191851395006 0.19027984295 -0.03) (0.0193685427963 0.191177894156 -0.03) (0.0195528095657 0.192075768586 -0.03) (0.0197379396383 0.192973465413 -0.03) (0.0199239328428 0.193870983805 -0.03) (0.0201107890075 0.194768322932 -0.03) (0.0202985079594 0.195665481966 -0.03) (0.0204870895249 0.196562460075 -0.03) (0.0206765335298 0.197459256432 -0.03) (0.0208668397988 0.198355870206 -0.03) (0.0210580081561 0.199252300568 -0.03) (0.0212500384247 0.200148546691 -0.03) (0.0214429304271 0.201044607744 -0.03) (0.0216366839851 0.2019404829 -0.03) (0.0218312989193 0.20283617133 -0.03) (0.02202677505 0.203731672205 -0.03) (0.0222231121963 0.204626984699 -0.03) (0.0224203101767 0.205522107982 -0.03) (0.0226183688088 0.206417041228 -0.03) (0.0228172879095 0.207311783608 -0.03) (0.0230170672949 0.208206334296 -0.03) (0.0232177067803 0.209100692464 -0.03))
    polyLine 18 22 ((0.0150429314515 0.168675743152 0) (0.0152055623442 0.169577787458 0) (0.0153690605598 0.170479674961 0) (0.0155334259472 0.17138140483 0) (0.0156986583543 0.172282976229 0) (0.0158647576285 0.173184388325 0) (0.016031723616 0.174085640285 0) (0.0161995561625 0.174986731275 0) (0.0163682551128 0.175887660462 0) (0.016537820311 0.176788427013 0) (0.0167082516002 0.177689030095 0) (0.0168795488228 0.178589468875 0) (0.0170517118205 0.179489742522 0) (0.0172247404341 0.180389850201 0) (0.0173986345035 0.181289791082 0) (0.0175733938681 0.182189564331 0) (0.0177490183661 0.183089169118 0) (0.0179255078352 0.183988604609 0) (0.0181028621122 0.184887869974 0) (0.0182810810331 0.185786964381 0) (0.0184601644331 0.186685886998 0) (0.0186401121466 0.187584636994 0) (0.0188209240073 0.188483213539 0) (0.019002599848 0.189381615801 0) (0.0191851395006 0.19027984295 0) (0.0193685427963 0.191177894156 0) (0.0195528095657 0.192075768586 0) (0.0197379396383 0.192973465413 0) (0.0199239328428 0.193870983805 0) (0.0201107890075 0.194768322932 0) (0.0202985079594 0.195665481966 0) (0.0204870895249 0.196562460075 0) (0.0206765335298 0.197459256432 0) (0.0208668397988 0.198355870206 0) (0.0210580081561 0.199252300568 0) (0.0212500384247 0.200148546691 0) (0.0214429304271 0.201044607744 0) (0.0216366839851 0.2019404829 0) (0.0218312989193 0.20283617133 0) (0.02202677505 0.203731672205 0) (0.0222231121963 0.204626984699 0) (0.0224203101767 0.205522107982 0) (0.0226183688088 0.206417041228 0) (0.0228172879095 0.207311783608 0) (0.0230170672949 0.208206334296 0) (0.0232177067803 0.209100692464 0))
    polyLine 17 21 ((-0.310610502238 0.42258642782 -0.03) (-0.309491717803 0.426381673765 -0.03) (-0.308360111376 0.430186697611 -0.03) (-0.307215577954 0.434001602222 -0.03) (-0.306058011117 0.437826491121 -0.03) (-0.304887303012 0.44166146851 -0.03) (-0.30370334434 0.445506639267 -0.03) (-0.302506024332 0.449362108964 -0.03) (-0.301295230738 0.453227983873 -0.03) (-0.300070849804 0.457104370973 -0.03) (-0.298832766256 0.460991377963 -0.03) (-0.297580863279 0.464889113271 -0.03) (-0.296315022502 0.468797686062 -0.03) (-0.295035123977 0.472717206247 -0.03) (-0.293741046157 0.476647784495 -0.03) (-0.292432665879 0.480589532245 -0.03) (-0.291109858344 0.484542561709 -0.03) (-0.289772497094 0.48850698589 -0.03) (-0.288420453994 0.492482918588 -0.03) (-0.287053599207 0.496470474413 -0.03) (-0.285671801177 0.500469768793 -0.03) (-0.284274926603 0.504480917987 -0.03) (-0.28286284042 0.508504039095 -0.03))
    polyLine 19 23 ((-0.310610502238 0.42258642782 0) (-0.309491717803 0.426381673765 0) (-0.308360111376 0.430186697611 0) (-0.307215577954 0.434001602222 0) (-0.306058011117 0.437826491121 0) (-0.304887303012 0.44166146851 0) (-0.30370334434 0.445506639267 0) (-0.302506024332 0.449362108964 0) (-0.301295230738 0.453227983873 0) (-0.300070849804 0.457104370973 0) (-0.298832766256 0.460991377963 0) (-0.297580863279 0.464889113271 0) (-0.296315022502 0.468797686062 0) (-0.295035123977 0.472717206247 0) (-0.293741046157 0.476647784495 0) (-0.292432665879 0.480589532245 0) (-0.291109858344 0.484542561709 0) (-0.289772497094 0.48850698589 0) (-0.288420453994 0.492482918588 0) (-0.287053599207 0.496470474413 0) (-0.285671801177 0.500469768793 0) (-0.284274926603 0.504480917987 0) (-0.28286284042 0.508504039095 0))
    polyLine 20 24 ((0.02341920618 0.209994857285 -0.03) (0.0236215653079 0.210888827933 -0.03) (0.0238247839768 0.211782603581 -0.03) (0.0240288619988 0.212676183402 -0.03) (0.0242337991851 0.213569566571 -0.03) (0.0244395953463 0.21446275226 -0.03) (0.0246462502922 0.215355739645 -0.03) (0.0248537638315 0.216248527899 -0.03) (0.0250621357725 0.217141116197 -0.03) (0.0252713659224 0.218033503714 -0.03) (0.0254814540879 0.218925689625 -0.03) (0.0256924000745 0.219817673104 -0.03) (0.0259042036873 0.220709453326 -0.03) (0.0261168647305 0.221601029468 -0.03) (0.0263303830074 0.222492400705 -0.03) (0.0265447583205 0.223383566212 -0.03) (0.0267599904717 0.224274525165 -0.03) (0.0269760792619 0.225165276742 -0.03) (0.0271930244913 0.226055820117 -0.03) (0.0274108259593 0.226946154468 -0.03) (0.0276294834645 0.227836278971 -0.03) (0.0278489968048 0.228726192804 -0.03) (0.0280693657772 0.229615895143 -0.03) (0.0282905901778 0.230505385166 -0.03) (0.0285126698022 0.231394662049 -0.03) (0.028735604445 0.232283724972 -0.03) (0.0289593939 0.233172573112 -0.03) (0.0291840379604 0.234061205647 -0.03) (0.0294095364183 0.234949621755 -0.03) (0.0296358890654 0.235837820616 -0.03) (0.0298630956923 0.236725801406 -0.03) (0.0300911560889 0.237613563306 -0.03) (0.0303200700443 0.238501105495 -0.03) (0.0305498373468 0.239388427152 -0.03) (0.0307804577841 0.240275527456 -0.03) (0.0310119311429 0.241162405588 -0.03) (0.0312442572091 0.242049060726 -0.03) (0.0314774357678 0.242935492052 -0.03) (0.0317114666036 0.243821698746 -0.03) (0.0319463495 0.244707679988 -0.03) (0.0321820842398 0.245593434959 -0.03) (0.0324186706051 0.24647896284 -0.03) (0.032656108377 0.247364262812 -0.03) (0.032894397336 0.248249334056 -0.03) (0.0331335372619 0.249134175755 -0.03) (0.0333735279334 0.25001878709 -0.03))
    polyLine 22 26 ((0.02341920618 0.209994857285 0) (0.0236215653079 0.210888827933 0) (0.0238247839768 0.211782603581 0) (0.0240288619988 0.212676183402 0) (0.0242337991851 0.213569566571 0) (0.0244395953463 0.21446275226 0) (0.0246462502922 0.215355739645 0) (0.0248537638315 0.216248527899 0) (0.0250621357725 0.217141116197 0) (0.0252713659224 0.218033503714 0) (0.0254814540879 0.218925689625 0) (0.0256924000745 0.219817673104 0) (0.0259042036873 0.220709453326 0) (0.0261168647305 0.221601029468 0) (0.0263303830074 0.222492400705 0) (0.0265447583205 0.223383566212 0) (0.0267599904717 0.224274525165 0) (0.0269760792619 0.225165276742 0) (0.0271930244913 0.226055820117 0) (0.0274108259593 0.226946154468 0) (0.0276294834645 0.227836278971 0) (0.0278489968048 0.228726192804 0) (0.0280693657772 0.229615895143 0) (0.0282905901778 0.230505385166 0) (0.0285126698022 0.231394662049 0) (0.028735604445 0.232283724972 0) (0.0289593939 0.233172573112 0) (0.0291840379604 0.234061205647 0) (0.0294095364183 0.234949621755 0) (0.0296358890654 0.235837820616 0) (0.0298630956923 0.236725801406 0) (0.0300911560889 0.237613563306 0) (0.0303200700443 0.238501105495 0) (0.0305498373468 0.239388427152 0) (0.0307804577841 0.240275527456 0) (0.0310119311429 0.241162405588 0) (0.0312442572091 0.242049060726 0) (0.0314774357678 0.242935492052 0) (0.0317114666036 0.243821698746 0) (0.0319463495 0.244707679988 0) (0.0321820842398 0.245593434959 0) (0.0324186706051 0.24647896284 0) (0.032656108377 0.247364262812 0) (0.032894397336 0.248249334056 0) (0.0331335372619 0.249134175755 0) (0.0333735279334 0.25001878709 0))
    polyLine 21 25 ((-0.280160536633 0.516116888416 -0.03) (-0.278873465637 0.519704151833 -0.03) (-0.277574094637 0.523301123533 -0.03) (-0.276262324342 0.526907887279 -0.03) (-0.274938054296 0.530524527386 -0.03) (-0.273601182872 0.53415112873 -0.03) (-0.272251607256 0.537787776755 -0.03) (-0.270889223432 0.541434557475 -0.03) (-0.269513926168 0.54509155749 -0.03) (-0.268125609004 0.548758863984 -0.03) (-0.266724164235 0.552436564736 -0.03) (-0.265309482897 0.556124748126 -0.03) (-0.263881454752 0.559823503145 -0.03) (-0.262439968274 0.563532919397 -0.03) (-0.260984910631 0.567253087112 -0.03) (-0.259516167674 0.570984097148 -0.03) (-0.258033623914 0.574726041003 -0.03) (-0.256537162512 0.578479010821 -0.03) (-0.255026665262 0.5822430994 -0.03) (-0.253502012569 0.586018400197 -0.03) (-0.25196308344 0.589805007341 -0.03) (-0.250409755459 0.59360301564 -0.03) (-0.248841904778 0.597412520583 -0.03))
    polyLine 23 27 ((-0.280160536633 0.516116888416 0) (-0.278873465637 0.519704151833 0) (-0.277574094637 0.523301123533 0) (-0.276262324342 0.526907887279 0) (-0.274938054296 0.530524527386 0) (-0.273601182872 0.53415112873 0) (-0.272251607256 0.537787776755 0) (-0.270889223432 0.541434557475 0) (-0.269513926168 0.54509155749 0) (-0.268125609004 0.548758863984 0) (-0.266724164235 0.552436564736 0) (-0.265309482897 0.556124748126 0) (-0.263881454752 0.559823503145 0) (-0.262439968274 0.563532919397 0) (-0.260984910631 0.567253087112 0) (-0.259516167674 0.570984097148 0) (-0.258033623914 0.574726041003 0) (-0.256537162512 0.578479010821 0) (-0.255026665262 0.5822430994 0) (-0.253502012569 0.586018400197 0) (-0.25196308344 0.589805007341 0) (-0.250409755459 0.59360301564 0) (-0.248841904778 0.597412520583 0))
    polyLine 24 28 ((0.0336143691286 0.250903167242 -0.03) (0.033856060625 0.251787315395 -0.03) (0.0340986021989 0.252671230731 -0.03) (0.0343419936261 0.253554912432 -0.03) (0.0345862346816 0.254438359682 -0.03) (0.0348313251395 0.255321571663 -0.03) (0.0350772647732 0.256204547559 -0.03) (0.0353240533553 0.257087286553 -0.03) (0.0355716906576 0.257969787829 -0.03) (0.0358201764511 0.258852050571 -0.03) (0.036069510506 0.259734073964 -0.03) (0.0363196925918 0.260615857191 -0.03) (0.0365707224772 0.261497399438 -0.03) (0.0368225999301 0.262378699888 -0.03) (0.0370753247175 0.263259757729 -0.03) (0.0373288966058 0.264140572144 -0.03) (0.0375833153604 0.265021142319 -0.03) (0.0378385807462 0.26590146744 -0.03) (0.0380946925271 0.266781546693 -0.03) (0.0383516504663 0.267661379264 -0.03) (0.0386094543262 0.26854096434 -0.03) (0.0388681038685 0.269420301107 -0.03) (0.0391275988538 0.270299388753 -0.03) (0.0393879390424 0.271178226463 -0.03) (0.0396491241935 0.272056813427 -0.03) (0.0399111540655 0.272935148831 -0.03) (0.0401740284163 0.273813231864 -0.03) (0.0404377470026 0.274691061712 -0.03) (0.0407023095808 0.275568637565 -0.03) (0.0409677159061 0.276445958612 -0.03) (0.0412339657331 0.27732302404 -0.03) (0.0415010588156 0.278199833039 -0.03) (0.0417689949067 0.279076384799 -0.03) (0.0420377737587 0.279952678508 -0.03) (0.0423073951229 0.280828713357 -0.03) (0.0425778587501 0.281704488535 -0.03) (0.0428491643902 0.282580003232 -0.03) (0.0431213117924 0.28345525664 -0.03) (0.0433943007049 0.284330247948 -0.03) (0.0436681308754 0.285204976348 -0.03) (0.0439428020507 0.286079441031 -0.03) (0.0442183139768 0.286953641188 -0.03) (0.0444946663989 0.287827576011 -0.03) (0.0447718590615 0.288701244691 -0.03) (0.0450498917083 0.289574646422 -0.03) (0.0453287640822 0.290447780395 -0.03))
    polyLine 26 30 ((0.0336143691286 0.250903167242 0) (0.033856060625 0.251787315395 0) (0.0340986021989 0.252671230731 0) (0.0343419936261 0.253554912432 0) (0.0345862346816 0.254438359682 0) (0.0348313251395 0.255321571663 0) (0.0350772647732 0.256204547559 0) (0.0353240533553 0.257087286553 0) (0.0355716906576 0.257969787829 0) (0.0358201764511 0.258852050571 0) (0.036069510506 0.259734073964 0) (0.0363196925918 0.260615857191 0) (0.0365707224772 0.261497399438 0) (0.0368225999301 0.262378699888 0) (0.0370753247175 0.263259757729 0) (0.0373288966058 0.264140572144 0) (0.0375833153604 0.265021142319 0) (0.0378385807462 0.26590146744 0) (0.0380946925271 0.266781546693 0) (0.0383516504663 0.267661379264 0) (0.0386094543262 0.26854096434 0) (0.0388681038685 0.269420301107 0) (0.0391275988538 0.270299388753 0) (0.0393879390424 0.271178226463 0) (0.0396491241935 0.272056813427 0) (0.0399111540655 0.272935148831 0) (0.0401740284163 0.273813231864 0) (0.0404377470026 0.274691061712 0) (0.0407023095808 0.275568637565 0) (0.0409677159061 0.276445958612 0) (0.0412339657331 0.27732302404 0) (0.0415010588156 0.278199833039 0) (0.0417689949067 0.279076384799 0) (0.0420377737587 0.279952678508 0) (0.0423073951229 0.280828713357 0) (0.0425778587501 0.281704488535 0) (0.0428491643902 0.282580003232 0) (0.0431213117924 0.28345525664 0) (0.0433943007049 0.284330247948 0) (0.0436681308754 0.285204976348 0) (0.0439428020507 0.286079441031 0) (0.0442183139768 0.286953641188 0) (0.0444946663989 0.287827576011 0) (0.0447718590615 0.288701244691 0) (0.0450498917083 0.289574646422 0) (0.0453287640822 0.290447780395 0))
    polyLine 25 29 ((-0.245847443206 0.60462295898 -0.03) (-0.244423833838 0.608021511569 -0.03) (-0.242988488377 0.611429344063 -0.03) (-0.241541316283 0.614846524845 -0.03) (-0.240082226073 0.61827312275 -0.03) (-0.238611125311 0.621709207062 -0.03) (-0.237127920599 0.62515484753 -0.03) (-0.235632517561 0.628610114362 -0.03) (-0.234124820839 0.632075078238 -0.03) (-0.232604734078 0.635549810314 -0.03) (-0.231072159915 0.639034382221 -0.03) (-0.229526999968 0.642528866079 -0.03) (-0.227969154826 0.646033334496 -0.03) (-0.226398524035 0.649547860576 -0.03) (-0.224815006086 0.653072517924 -0.03) (-0.223218498406 0.656607380652 -0.03) (-0.221608897345 0.660152523382 -0.03) (-0.219986098159 0.663708021257 -0.03) (-0.218349995003 0.667273949942 -0.03) (-0.216700480919 0.67085038563 -0.03) (-0.215037447815 0.674437405052 -0.03) (-0.213360786463 0.678035085478 -0.03) (-0.211670386476 0.681643504726 -0.03))
    polyLine 27 31 ((-0.245847443206 0.60462295898 0) (-0.244423833838 0.608021511569 0) (-0.242988488377 0.611429344063 0) (-0.241541316283 0.614846524845 0) (-0.240082226073 0.61827312275 0) (-0.238611125311 0.621709207062 0) (-0.237127920599 0.62515484753 0) (-0.235632517561 0.628610114362 0) (-0.234124820839 0.632075078238 0) (-0.232604734078 0.635549810314 0) (-0.231072159915 0.639034382221 0) (-0.229526999968 0.642528866079 0) (-0.227969154826 0.646033334496 0) (-0.226398524035 0.649547860576 0) (-0.224815006086 0.653072517924 0) (-0.223218498406 0.656607380652 0) (-0.221608897345 0.660152523382 0) (-0.219986098159 0.663708021257 0) (-0.218349995003 0.667273949942 0) (-0.216700480919 0.67085038563 0) (-0.215037447815 0.674437405052 0) (-0.213360786463 0.678035085478 0) (-0.211670386476 0.681643504726 0))
    polyLine 28 32 ((0.0456084759254 0.291320645803 -0.03) (0.0458890269792 0.292193241839 -0.03) (0.0461704169842 0.293065567696 -0.03) (0.0464526456802 0.293937622568 -0.03) (0.0467357128062 0.294809405648 -0.03) (0.0470196181006 0.29568091613 -0.03) (0.0473043613007 0.296552153207 -0.03) (0.0475899421433 0.297423116076 -0.03) (0.0478763603644 0.29829380393 -0.03) (0.0481636156991 0.299164215963 -0.03) (0.0484517078817 0.300034351373 -0.03) (0.048740636646 0.300904209352 -0.03) (0.0490304017246 0.301773789099 -0.03) (0.0493210028498 0.302643089807 -0.03) (0.0496124397528 0.303512110674 -0.03) (0.0499047121641 0.304380850897 -0.03) (0.0501978198134 0.30524930967 -0.03) (0.0504917624298 0.306117486193 -0.03) (0.0507865397414 0.306985379661 -0.03) (0.0510821514757 0.307852989273 -0.03) (0.0513785973594 0.308720314226 -0.03) (0.0516758771182 0.309587353718 -0.03) (0.0519739904774 0.310454106948 -0.03) (0.0522729371613 0.311320573113 -0.03) (0.0525727168935 0.312186751414 -0.03) (0.0528733293967 0.313052641048 -0.03) (0.053174774393 0.313918241216 -0.03) (0.0534770516037 0.314783551116 -0.03) (0.0537801607493 0.315648569949 -0.03) (0.0540841015494 0.316513296915 -0.03) (0.0543888737231 0.317377731215 -0.03) (0.0546944769886 0.318241872048 -0.03) (0.0550009110632 0.319105718617 -0.03) (0.0553081756637 0.319969270121 -0.03) (0.0556162705058 0.320832525764 -0.03) (0.0559251953048 0.321695484746 -0.03) (0.0562349497749 0.322558146269 -0.03) (0.0565455336298 0.323420509537 -0.03) (0.0568569465823 0.324282573751 -0.03) (0.0571691883444 0.325144338114 -0.03) (0.0574822586274 0.32600580183 -0.03) (0.0577961571418 0.326866964102 -0.03) (0.0581108835974 0.327727824134 -0.03) (0.0584264377032 0.328588381129 -0.03) (0.0587428191673 0.329448634292 -0.03) (0.0590600276972 0.330308582828 -0.03))
    polyLine 30 34 ((0.0456084759254 0.291320645803 0) (0.0458890269792 0.292193241839 0) (0.0461704169842 0.293065567696 0) (0.0464526456802 0.293937622568 0) (0.0467357128062 0.294809405648 0) (0.0470196181006 0.29568091613 0) (0.0473043613007 0.296552153207 0) (0.0475899421433 0.297423116076 0) (0.0478763603644 0.29829380393 0) (0.0481636156991 0.299164215963 0) (0.0484517078817 0.300034351373 0) (0.048740636646 0.300904209352 0) (0.0490304017246 0.301773789099 0) (0.0493210028498 0.302643089807 0) (0.0496124397528 0.303512110674 0) (0.0499047121641 0.304380850897 0) (0.0501978198134 0.30524930967 0) (0.0504917624298 0.306117486193 0) (0.0507865397414 0.306985379661 0) (0.0510821514757 0.307852989273 0) (0.0513785973594 0.308720314226 0) (0.0516758771182 0.309587353718 0) (0.0519739904774 0.310454106948 0) (0.0522729371613 0.311320573113 0) (0.0525727168935 0.312186751414 0) (0.0528733293967 0.313052641048 0) (0.053174774393 0.313918241216 0) (0.0534770516037 0.314783551116 0) (0.0537801607493 0.315648569949 0) (0.0540841015494 0.316513296915 0) (0.0543888737231 0.317377731215 0) (0.0546944769886 0.318241872048 0) (0.0550009110632 0.319105718617 0) (0.0553081756637 0.319969270121 0) (0.0556162705058 0.320832525764 0) (0.0559251953048 0.321695484746 0) (0.0562349497749 0.322558146269 0) (0.0565455336298 0.323420509537 0) (0.0568569465823 0.324282573751 0) (0.0571691883444 0.325144338114 0) (0.0574822586274 0.32600580183 0) (0.0577961571418 0.326866964102 0) (0.0581108835974 0.327727824134 0) (0.0584264377032 0.328588381129 0) (0.0587428191673 0.329448634292 0) (0.0590600276972 0.330308582828 0))
    polyLine 29 33 ((-0.208440104288 0.68848777176 -0.03) (-0.206902968263 0.691721460909 -0.03) (-0.205354647593 0.694963864723 -0.03) (-0.203795060885 0.698215039664 -0.03) (-0.202224125974 0.701475042561 -0.03) (-0.200641759921 0.70474393061 -0.03) (-0.199047879 0.708021761377 -0.03) (-0.19744239869 0.711308592803 -0.03) (-0.195825233672 0.714604483207 -0.03) (-0.194196297814 0.717909491292 -0.03) (-0.192555504164 0.721223676145 -0.03) (-0.190902764945 0.724547097246 -0.03) (-0.18923799154 0.727879814466 -0.03) (-0.18756109449 0.731221888077 -0.03) (-0.185871983478 0.734573378753 -0.03) (-0.184170567326 0.737934347572 -0.03) (-0.18245675398 0.741304856025 -0.03) (-0.180730450506 0.744684966018 -0.03) (-0.178991563075 0.748074739875 -0.03) (-0.177239996958 0.751474240345 -0.03) (-0.175475656514 0.754883530604 -0.03) (-0.173698445179 0.758302674261 -0.03) (-0.171908265459 0.761731735362 -0.03))
    polyLine 31 35 ((-0.208440104288 0.68848777176 0) (-0.206902968263 0.691721460909 0) (-0.205354647593 0.694963864723 0) (-0.203795060885 0.698215039664 0) (-0.202224125974 0.701475042561 0) (-0.200641759921 0.70474393061 0) (-0.199047879 0.708021761377 0) (-0.19744239869 0.711308592803 0) (-0.195825233672 0.714604483207 0) (-0.194196297814 0.717909491292 0) (-0.192555504164 0.721223676145 0) (-0.190902764945 0.724547097246 0) (-0.18923799154 0.727879814466 0) (-0.18756109449 0.731221888077 0) (-0.185871983478 0.734573378753 0) (-0.184170567326 0.737934347572 0) (-0.18245675398 0.741304856025 0) (-0.180730450506 0.744684966018 0) (-0.178991563075 0.748074739875 0) (-0.177239996958 0.751474240345 0) (-0.175475656514 0.754883530604 0) (-0.173698445179 0.758302674261 0) (-0.171908265459 0.761731735362 0))
    polyLine 32 36 ((0.0593780629997 0.331168225942 -0.03) (0.0596969247807 0.332027562837 -0.03) (0.0600166127452 0.332886592721 -0.03) (0.0603371265977 0.333745314799 -0.03) (0.0606584660419 0.334603728276 -0.03) (0.0609806307806 0.335461832359 -0.03) (0.061303620516 0.336319626254 -0.03) (0.0616274349493 0.337177109168 -0.03) (0.0619520737811 0.338034280309 -0.03) (0.0622775367113 0.338891138884 -0.03) (0.062603823439 0.3397476841 -0.03) (0.0629309336623 0.340603915166 -0.03) (0.0632588670789 0.341459831289 -0.03) (0.0635876233856 0.342315431679 -0.03) (0.0639172022783 0.343170715543 -0.03) (0.0642476034523 0.344025682093 -0.03) (0.0645788266021 0.344880330536 -0.03) (0.0649108714214 0.345734660082 -0.03) (0.0652437376032 0.346588669942 -0.03) (0.0655774248397 0.347442359326 -0.03) (0.0659119328223 0.348295727444 -0.03) (0.0662472612418 0.349148773508 -0.03) (0.0665834097881 0.350001496729 -0.03) (0.0669203781504 0.350853896317 -0.03) (0.067258166017 0.351705971486 -0.03) (0.0675967730757 0.352557721447 -0.03) (0.0679361990133 0.353409145412 -0.03) (0.0682764435161 0.354260242595 -0.03) (0.0686175062693 0.355111012208 -0.03) (0.0689593869576 0.355961453464 -0.03) (0.069302085265 0.356811565578 -0.03) (0.0696456008744 0.357661347763 -0.03) (0.0699899334684 0.358510799234 -0.03) (0.0703350827284 0.359359919204 -0.03) (0.0706810483354 0.360208706889 -0.03) (0.0710278299694 0.361057161505 -0.03) (0.0713754273099 0.361905282265 -0.03) (0.0717238400353 0.362753068387 -0.03) (0.0720730678235 0.363600519087 -0.03) (0.0724231103517 0.36444763358 -0.03) (0.0727739672961 0.365294411083 -0.03) (0.0731256383323 0.366140850814 -0.03) (0.0734781231351 0.36698695199 -0.03) (0.0738314213787 0.367832713828 -0.03) (0.0741855327363 0.368678135547 -0.03) (0.0745404568804 0.369523216364 -0.03))
    polyLine 34 38 ((0.0593780629997 0.331168225942 0) (0.0596969247807 0.332027562837 0) (0.0600166127452 0.332886592721 0) (0.0603371265977 0.333745314799 0) (0.0606584660419 0.334603728276 0) (0.0609806307806 0.335461832359 0) (0.061303620516 0.336319626254 0) (0.0616274349493 0.337177109168 0) (0.0619520737811 0.338034280309 0) (0.0622775367113 0.338891138884 0) (0.062603823439 0.3397476841 0) (0.0629309336623 0.340603915166 0) (0.0632588670789 0.341459831289 0) (0.0635876233856 0.342315431679 0) (0.0639172022783 0.343170715543 0) (0.0642476034523 0.344025682093 0) (0.0645788266021 0.344880330536 0) (0.0649108714214 0.345734660082 0) (0.0652437376032 0.346588669942 0) (0.0655774248397 0.347442359326 0) (0.0659119328223 0.348295727444 0) (0.0662472612418 0.349148773508 0) (0.0665834097881 0.350001496729 0) (0.0669203781504 0.350853896317 0) (0.067258166017 0.351705971486 0) (0.0675967730757 0.352557721447 0) (0.0679361990133 0.353409145412 0) (0.0682764435161 0.354260242595 0) (0.0686175062693 0.355111012208 0) (0.0689593869576 0.355961453464 0) (0.069302085265 0.356811565578 0) (0.0696456008744 0.357661347763 0) (0.0699899334684 0.358510799234 0) (0.0703350827284 0.359359919204 0) (0.0706810483354 0.360208706889 0) (0.0710278299694 0.361057161505 0) (0.0713754273099 0.361905282265 0) (0.0717238400353 0.362753068387 0) (0.0720730678235 0.363600519087 0) (0.0724231103517 0.36444763358 0) (0.0727739672961 0.365294411083 0) (0.0731256383323 0.366140850814 0) (0.0734781231351 0.36698695199 0) (0.0738314213787 0.367832713828 0) (0.0741855327363 0.368678135547 0) (0.0745404568804 0.369523216364 0))
    polyLine 33 37 ((-0.168480261195 0.768256652061 -0.03) (-0.166844889166 0.771350617283 -0.03) (-0.16519883034 0.774452721183 -0.03) (-0.163542011595 0.777563011179 -0.03) (-0.161874359178 0.780681534986 -0.03) (-0.160195798688 0.783808340619 -0.03) (-0.15850625508 0.786943476397 -0.03) (-0.156805652652 0.790086990945 -0.03) (-0.155093915039 0.793238933197 -0.03) (-0.15337096521 0.796399352397 -0.03) (-0.151636725456 0.799568298106 -0.03) (-0.14989111739 0.802745820201 -0.03) (-0.148134061932 0.805931968883 -0.03) (-0.146365479309 0.809126794673 -0.03) (-0.144585289043 0.812330348423 -0.03) (-0.142793409949 0.815542681311 -0.03) (-0.14098976012 0.818763844853 -0.03) (-0.13917425693 0.8219938909 -0.03) (-0.137346817016 0.825232871641 -0.03) (-0.135507356278 0.828480839612 -0.03) (-0.133655789868 0.831737847693 -0.03) (-0.131792032184 0.835003949116 -0.03) (-0.129915996859 0.838279197465 -0.03))
    polyLine 35 39 ((-0.168480261195 0.768256652061 0) (-0.166844889166 0.771350617283 0) (-0.16519883034 0.774452721183 0) (-0.163542011595 0.777563011179 0) (-0.161874359178 0.780681534986 0) (-0.160195798688 0.783808340619 0) (-0.15850625508 0.786943476397 0) (-0.156805652652 0.790086990945 0) (-0.155093915039 0.793238933197 0) (-0.15337096521 0.796399352397 0) (-0.151636725456 0.799568298106 0) (-0.14989111739 0.802745820201 0) (-0.148134061932 0.805931968883 0) (-0.146365479309 0.809126794673 0) (-0.144585289043 0.812330348423 0) (-0.142793409949 0.815542681311 0) (-0.14098976012 0.818763844853 0) (-0.13917425693 0.8219938909 0) (-0.137346817016 0.825232871641 0) (-0.135507356278 0.828480839612 0) (-0.133655789868 0.831737847693 0) (-0.131792032184 0.835003949116 0) (-0.129915996859 0.838279197465 0))
    polyLine 36 40 ((0.074896193483 0.370367955499 -0.03) (0.0752527422151 0.37121235217 -0.03) (0.075610102747 0.372056405596 -0.03) (0.0759682747482 0.372900114997 -0.03) (0.0763272578876 0.373743479593 -0.03) (0.0766870518332 0.374586498604 -0.03) (0.0770476562524 0.37542917125 -0.03) (0.0774090708117 0.376271496753 -0.03) (0.0777712951769 0.377113474332 -0.03) (0.0781343290131 0.377955103211 -0.03) (0.0784981719846 0.378796382611 -0.03) (0.078862823755 0.379637311753 -0.03) (0.0792282839872 0.38047788986 -0.03) (0.079594552343 0.381318116156 -0.03) (0.079961628484 0.382157989862 -0.03) (0.0803295120707 0.382997510203 -0.03) (0.0806982027629 0.383836676402 -0.03) (0.0810677002197 0.384675487683 -0.03) (0.0814380040994 0.385513943271 -0.03) (0.0818091140597 0.38635204239 -0.03) (0.0821810297573 0.387189784265 -0.03) (0.0825537508485 0.388027168122 -0.03) (0.0829272769885 0.388864193187 -0.03) (0.083301607832 0.389700858685 -0.03) (0.0836767430328 0.390537163843 -0.03) (0.0840526822441 0.391373107887 -0.03) (0.0844294251183 0.392208690045 -0.03) (0.0848069713069 0.393043909544 -0.03) (0.0851849280331 0.393878967333 -0.03) (0.0855628847593 0.394714025122 -0.03) (0.0859408414854 0.395549082911 -0.03) (0.0863187982116 0.3963841407 -0.03) (0.0866967549378 0.397219198489 -0.03) (0.087074711664 0.398054256278 -0.03) (0.0874526683901 0.398889314067 -0.03) (0.0878306251163 0.399724371856 -0.03) (0.0882085818425 0.400559429645 -0.03) (0.0885865385687 0.401394487434 -0.03) (0.0889644952948 0.402229545223 -0.03) (0.089342452021 0.403064603012 -0.03) (0.0897204087472 0.4038996608 -0.03) (0.0900983654733 0.404734718589 -0.03) (0.0904763221995 0.405569776378 -0.03) (0.0908542789257 0.406404834167 -0.03) (0.0912322356519 0.407239891956 -0.03) (0.091610192378 0.408074949745 -0.03))
    polyLine 38 42 ((0.074896193483 0.370367955499 0) (0.0752527422151 0.37121235217 0) (0.075610102747 0.372056405596 0) (0.0759682747482 0.372900114997 0) (0.0763272578876 0.373743479593 0) (0.0766870518332 0.374586498604 0) (0.0770476562524 0.37542917125 0) (0.0774090708117 0.376271496753 0) (0.0777712951769 0.377113474332 0) (0.0781343290131 0.377955103211 0) (0.0784981719846 0.378796382611 0) (0.078862823755 0.379637311753 0) (0.0792282839872 0.38047788986 0) (0.079594552343 0.381318116156 0) (0.079961628484 0.382157989862 0) (0.0803295120707 0.382997510203 0) (0.0806982027629 0.383836676402 0) (0.0810677002197 0.384675487683 0) (0.0814380040994 0.385513943271 0) (0.0818091140597 0.38635204239 0) (0.0821810297573 0.387189784265 0) (0.0825537508485 0.388027168122 0) (0.0829272769885 0.388864193187 0) (0.083301607832 0.389700858685 0) (0.0836767430328 0.390537163843 0) (0.0840526822441 0.391373107887 0) (0.0844294251183 0.392208690045 0) (0.0848069713069 0.393043909544 0) (0.0851849280331 0.393878967333 0) (0.0855628847593 0.394714025122 0) (0.0859408414854 0.395549082911 0) (0.0863187982116 0.3963841407 0) (0.0866967549378 0.397219198489 0) (0.087074711664 0.398054256278 0) (0.0874526683901 0.398889314067 0) (0.0878306251163 0.399724371856 0) (0.0882085818425 0.400559429645 0) (0.0885865385687 0.401394487434 0) (0.0889644952948 0.402229545223 0) (0.089342452021 0.403064603012 0) (0.0897204087472 0.4038996608 0) (0.0900983654733 0.404734718589 0) (0.0904763221995 0.405569776378 0) (0.0908542789257 0.406404834167 0) (0.0912322356519 0.407239891956 0) (0.091610192378 0.408074949745 0))
    polyLine 37 41 ((-0.126319019631 0.844524746777 -0.03) (-0.124600310516 0.847493369061 -0.03) (-0.122871404444 0.850469553499 -0.03) (-0.12113223592 0.8534533403 -0.03) (-0.119382738922 0.856444769914 -0.03) (-0.117622846895 0.85944388304 -0.03) (-0.115852492743 0.862450720627 -0.03) (-0.114071608828 0.865465323871 -0.03) (-0.112280126959 0.868487734227 -0.03) (-0.110477978396 0.8715179934 -0.03) (-0.108665093835 0.874556143357 -0.03) (-0.106841403408 0.877602226324 -0.03) (-0.105006836678 0.880656284788 -0.03) (-0.103161322632 0.883718361504 -0.03) (-0.101304789672 0.886788499492 -0.03) (-0.0994371656172 0.889866742044 -0.03) (-0.097558377692 0.892953132722 -0.03) (-0.0956683525226 0.896047715365 -0.03) (-0.0937670161311 0.899150534088 -0.03) (-0.0918542939293 0.902261633288 -0.03) (-0.0899301107129 0.905381057641 -0.03) (-0.0879943906557 0.908508852111 -0.03) (-0.0860470573031 0.911645061949 -0.03))
    polyLine 39 43 ((-0.126319019631 0.844524746777 0) (-0.124600310516 0.847493369061 0) (-0.122871404444 0.850469553499 0) (-0.12113223592 0.8534533403 0) (-0.119382738922 0.856444769914 0) (-0.117622846895 0.85944388304 0) (-0.115852492743 0.862450720627 0) (-0.114071608828 0.865465323871 0) (-0.112280126959 0.868487734227 0) (-0.110477978396 0.8715179934 0) (-0.108665093835 0.874556143357 0) (-0.106841403408 0.877602226324 0) (-0.105006836678 0.880656284788 0) (-0.103161322632 0.883718361504 0) (-0.101304789672 0.886788499492 0) (-0.0994371656172 0.889866742044 0) (-0.097558377692 0.892953132722 0) (-0.0956683525226 0.896047715365 0) (-0.0937670161311 0.899150534088 0) (-0.0918542939293 0.902261633288 0) (-0.0899301107129 0.905381057641 0) (-0.0879943906557 0.908508852111 0) (-0.0860470573031 0.911645061949 0))
    polyLine 40 44 ((0.0919881491042 0.408910007534 -0.03) (0.0923661058304 0.409745065323 -0.03) (0.0927440625565 0.410580123112 -0.03) (0.0931220192827 0.411415180901 -0.03) (0.0934999760089 0.41225023869 -0.03) (0.0938779327351 0.413085296479 -0.03) (0.0942558894612 0.413920354268 -0.03) (0.0946338461874 0.414755412057 -0.03) (0.0950118029136 0.415590469846 -0.03) (0.0953897596398 0.416425527635 -0.03) (0.0957677163659 0.417260585424 -0.03) (0.0961456730921 0.418095643213 -0.03) (0.0965236298183 0.418930701002 -0.03) (0.0969015865444 0.419765758791 -0.03) (0.0972795432706 0.42060081658 -0.03) (0.0976574999968 0.421435874369 -0.03) (0.098035456723 0.422270932158 -0.03) (0.0984134134491 0.423105989947 -0.03) (0.0987913701753 0.423941047736 -0.03) (0.0991693269015 0.424776105525 -0.03) (0.0995472836277 0.425611163314 -0.03) (0.0999252403538 0.426446221103 -0.03) (0.10030319708 0.427281278892 -0.03) (0.100681153806 0.428116336681 -0.03) (0.101059110532 0.428951394469 -0.03) (0.101437067259 0.429786452258 -0.03) (0.101815023985 0.430621510047 -0.03) (0.102192980711 0.431456567836 -0.03) (0.102570937437 0.432291625625 -0.03) (0.102948894163 0.433126683414 -0.03) (0.103326850889 0.433961741203 -0.03) (0.103704807616 0.434796798992 -0.03) (0.104082764342 0.435631856781 -0.03) (0.104460721068 0.43646691457 -0.03) (0.104838677794 0.437301972359 -0.03) (0.10521663452 0.438137030148 -0.03) (0.105594591246 0.438972087937 -0.03) (0.105972547973 0.439807145726 -0.03) (0.106350504699 0.440642203515 -0.03) (0.106728461425 0.441477261304 -0.03) (0.107106418151 0.442312319093 -0.03) (0.107484374877 0.443147376882 -0.03) (0.107862331603 0.443982434671 -0.03) (0.10824028833 0.44481749246 -0.03) (0.108618245056 0.445652550249 -0.03) (0.108996201782 0.446487608038 -0.03))
    polyLine 42 46 ((0.0919881491042 0.408910007534 0) (0.0923661058304 0.409745065323 0) (0.0927440625565 0.410580123112 0) (0.0931220192827 0.411415180901 0) (0.0934999760089 0.41225023869 0) (0.0938779327351 0.413085296479 0) (0.0942558894612 0.413920354268 0) (0.0946338461874 0.414755412057 0) (0.0950118029136 0.415590469846 0) (0.0953897596398 0.416425527635 0) (0.0957677163659 0.417260585424 0) (0.0961456730921 0.418095643213 0) (0.0965236298183 0.418930701002 0) (0.0969015865444 0.419765758791 0) (0.0972795432706 0.42060081658 0) (0.0976574999968 0.421435874369 0) (0.098035456723 0.422270932158 0) (0.0984134134491 0.423105989947 0) (0.0987913701753 0.423941047736 0) (0.0991693269015 0.424776105525 0) (0.0995472836277 0.425611163314 0) (0.0999252403538 0.426446221103 0) (0.10030319708 0.427281278892 0) (0.100681153806 0.428116336681 0) (0.101059110532 0.428951394469 0) (0.101437067259 0.429786452258 0) (0.101815023985 0.430621510047 0) (0.102192980711 0.431456567836 0) (0.102570937437 0.432291625625 0) (0.102948894163 0.433126683414 0) (0.103326850889 0.433961741203 0) (0.103704807616 0.434796798992 0) (0.104082764342 0.435631856781 0) (0.104460721068 0.43646691457 0) (0.104838677794 0.437301972359 0) (0.10521663452 0.438137030148 0) (0.105594591246 0.438972087937 0) (0.105972547973 0.439807145726 0) (0.106350504699 0.440642203515 0) (0.106728461425 0.441477261304 0) (0.107106418151 0.442312319093 0) (0.107484374877 0.443147376882 0) (0.107862331603 0.443982434671 0) (0.10824028833 0.44481749246 0) (0.108618245056 0.445652550249 0) (0.108996201782 0.446487608038 0))
    polyLine 41 45 ((-0.0823640345492 0.917548619631 -0.03) (-0.0806309709725 0.920314051964 -0.03) (-0.0788887899564 0.923086060773 -0.03) (-0.0771374382355 0.925864677311 -0.03) (-0.0753768621548 0.92864993301 -0.03) (-0.0736070076668 0.931441859481 -0.03) (-0.071827820328 0.934240488514 -0.03) (-0.0700392452954 0.937045852082 -0.03) (-0.0682412273232 0.939857982345 -0.03) (-0.0664337107587 0.942676911642 -0.03) (-0.0646166395397 0.945502672505 -0.03) (-0.0627899571899 0.94833529765 -0.03) (-0.0609536068162 0.951174819984 -0.03) (-0.0591075311041 0.954021272608 -0.03) (-0.057251672315 0.956874688812 -0.03) (-0.0553859722814 0.959735102083 -0.03) (-0.0535103724042 0.962602546104 -0.03) (-0.0516248136477 0.965477054757 -0.03) (-0.0497292365369 0.968358662121 -0.03) (-0.0478235811527 0.971247402478 -0.03) (-0.0459077871284 0.974143310313 -0.03) (-0.0439817936457 0.977046420315 -0.03) (-0.0420455394302 0.97995676738 -0.03))
    polyLine 43 47 ((-0.0823640345492 0.917548619631 0) (-0.0806309709725 0.920314051964 0) (-0.0788887899564 0.923086060773 0) (-0.0771374382355 0.925864677311 0) (-0.0753768621548 0.92864993301 0) (-0.0736070076668 0.931441859481 0) (-0.071827820328 0.934240488514 0) (-0.0700392452954 0.937045852082 0) (-0.0682412273232 0.939857982345 0) (-0.0664337107587 0.942676911642 0) (-0.0646166395397 0.945502672505 0) (-0.0627899571899 0.94833529765 0) (-0.0609536068162 0.951174819984 0) (-0.0591075311041 0.954021272608 0) (-0.057251672315 0.956874688812 0) (-0.0553859722814 0.959735102083 0) (-0.0535103724042 0.962602546104 0) (-0.0516248136477 0.965477054757 0) (-0.0497292365369 0.968358662121 0) (-0.0478235811527 0.971247402478 0) (-0.0459077871284 0.974143310313 0) (-0.0439817936457 0.977046420315 0) (-0.0420455394302 0.97995676738 0))
    polyLine 44 48 ((0.109374158508 0.447322665827 -0.03) (0.109752115234 0.448157723616 -0.03) (0.11013007196 0.448992781405 -0.03) (0.110508028687 0.449827839194 -0.03) (0.110885985413 0.450662896983 -0.03) (0.111263942139 0.451497954772 -0.03) (0.111641898865 0.452333012561 -0.03) (0.112019855591 0.45316807035 -0.03) (0.112397812318 0.454003128138 -0.03) (0.112775769044 0.454838185927 -0.03) (0.11315372577 0.455673243716 -0.03) (0.113531682496 0.456508301505 -0.03) (0.113909639222 0.457343359294 -0.03) (0.114287595948 0.458178417083 -0.03) (0.114665552675 0.459013474872 -0.03) (0.115043509401 0.459848532661 -0.03) (0.115421466127 0.46068359045 -0.03) (0.115799422853 0.461518648239 -0.03) (0.116177379579 0.462353706028 -0.03) (0.116555336305 0.463188763817 -0.03) (0.116933293032 0.464023821606 -0.03) (0.117311249758 0.464858879395 -0.03) (0.117689206484 0.465693937184 -0.03) (0.11806716321 0.466528994973 -0.03) (0.118445119936 0.467364052762 -0.03) (0.118823076662 0.468199110551 -0.03) (0.119201033389 0.46903416834 -0.03) (0.119578990115 0.469869226129 -0.03) (0.119956946841 0.470704283918 -0.03) (0.120334903567 0.471539341707 -0.03) (0.120712860293 0.472374399496 -0.03) (0.121090817019 0.473209457285 -0.03) (0.121468773746 0.474044515074 -0.03) (0.121846730472 0.474879572863 -0.03) (0.122224687198 0.475714630652 -0.03) (0.122602643924 0.476549688441 -0.03) (0.12298060065 0.47738474623 -0.03) (0.123358557377 0.478219804018 -0.03) (0.123736514103 0.479054861807 -0.03) (0.124114470829 0.479889919596 -0.03) (0.124492427555 0.480724977385 -0.03) (0.124870384281 0.481560035174 -0.03) (0.125248341007 0.482395092963 -0.03) (0.125626297734 0.483230150752 -0.03) (0.12600425446 0.484065208541 -0.03) (0.126382211186 0.48490026633 -0.03))
    polyLine 46 50 ((0.109374158508 0.447322665827 0) (0.109752115234 0.448157723616 0) (0.11013007196 0.448992781405 0) (0.110508028687 0.449827839194 0) (0.110885985413 0.450662896983 0) (0.111263942139 0.451497954772 0) (0.111641898865 0.452333012561 0) (0.112019855591 0.45316807035 0) (0.112397812318 0.454003128138 0) (0.112775769044 0.454838185927 0) (0.11315372577 0.455673243716 0) (0.113531682496 0.456508301505 0) (0.113909639222 0.457343359294 0) (0.114287595948 0.458178417083 0) (0.114665552675 0.459013474872 0) (0.115043509401 0.459848532661 0) (0.115421466127 0.46068359045 0) (0.115799422853 0.461518648239 0) (0.116177379579 0.462353706028 0) (0.116555336305 0.463188763817 0) (0.116933293032 0.464023821606 0) (0.117311249758 0.464858879395 0) (0.117689206484 0.465693937184 0) (0.11806716321 0.466528994973 0) (0.118445119936 0.467364052762 0) (0.118823076662 0.468199110551 0) (0.119201033389 0.46903416834 0) (0.119578990115 0.469869226129 0) (0.119956946841 0.470704283918 0) (0.120334903567 0.471539341707 0) (0.120712860293 0.472374399496 0) (0.121090817019 0.473209457285 0) (0.121468773746 0.474044515074 0) (0.121846730472 0.474879572863 0) (0.122224687198 0.475714630652 0) (0.122602643924 0.476549688441 0) (0.12298060065 0.47738474623 0) (0.123358557377 0.478219804018 0) (0.123736514103 0.479054861807 0) (0.124114470829 0.479889919596 0) (0.124492427555 0.480724977385 0) (0.124870384281 0.481560035174 0) (0.125248341007 0.482395092963 0) (0.125626297734 0.483230150752 0) (0.12600425446 0.484065208541 0) (0.126382211186 0.48490026633 0))
    polyLine 45 49 ((-0.0383974124442 0.985418036336 -0.03) (-0.036687964618 0.987967237755 -0.03) (-0.0349705777845 0.990522014359 -0.03) (-0.0332452101861 0.993082389759 -0.03) (-0.031511819791 0.995648387693 -0.03) (-0.0297703642911 0.998220032022 -0.03) (-0.0280208010996 1.00079734673 -0.03) (-0.0262630873489 1.00338035594 -0.03) (-0.0244971798884 1.00596908388 -0.03) (-0.0227230352822 1.00856355493 -0.03) (-0.020940609807 1.01116379358 -0.03) (-0.0191498594496 1.01376982446 -0.03) (-0.0173507399046 1.01638167235 -0.03) (-0.0155432065724 1.01899936212 -0.03) (-0.0137272145564 1.02162291881 -0.03) (-0.011902718661 1.02425236757 -0.03) (-0.0100696733889 1.02688773371 -0.03) (-0.00822803293889 1.02952904266 -0.03) (-0.00637775120347 1.03217631999 -0.03) (-0.00451878176613 1.03482959141 -0.03) (-0.00265107789902 1.03748888276 -0.03) (-0.000774592560441 1.04015422005 -0.03) (0.00111072160772 1.04282562939 -0.03))
    polyLine 47 51 ((-0.0383974124442 0.985418036336 0) (-0.036687964618 0.987967237755 0) (-0.0349705777845 0.990522014359 0) (-0.0332452101861 0.993082389759 0) (-0.031511819791 0.995648387693 0) (-0.0297703642911 0.998220032022 0) (-0.0280208010996 1.00079734673 0) (-0.0262630873489 1.00338035594 0) (-0.0244971798884 1.00596908388 0) (-0.0227230352822 1.00856355493 0) (-0.020940609807 1.01116379358 0) (-0.0191498594496 1.01376982446 0) (-0.0173507399046 1.01638167235 0) (-0.0155432065724 1.01899936212 0) (-0.0137272145564 1.02162291881 0) (-0.011902718661 1.02425236757 0) (-0.0100696733889 1.02688773371 0) (-0.00822803293889 1.02952904266 0) (-0.00637775120347 1.03217631999 0) (-0.00451878176613 1.03482959141 0) (-0.00265107789902 1.03748888276 0) (-0.000774592560441 1.04015422005 0) (0.00111072160772 1.04282562939 0))
    polyLine 48 52 ((0.126760167912 0.485735324119 -0.03) (0.127138124638 0.486570381908 -0.03) (0.127516081364 0.487405439697 -0.03) (0.127894038091 0.488240497486 -0.03) (0.128271994817 0.489075555275 -0.03) (0.128649951543 0.489910613064 -0.03) (0.129027908269 0.490745670853 -0.03) (0.129405864995 0.491580728642 -0.03) (0.129783821721 0.492415786431 -0.03) (0.130161778448 0.49325084422 -0.03) (0.130539735174 0.494085902009 -0.03) (0.1309176919 0.494920959798 -0.03) (0.131295648626 0.495756017587 -0.03) (0.131673605352 0.496591075376 -0.03) (0.132051562078 0.497426133165 -0.03) (0.132429518805 0.498261190954 -0.03) (0.132807475531 0.499096248743 -0.03) (0.133185432257 0.499931306532 -0.03) (0.133563388983 0.500766364321 -0.03) (0.133941345709 0.50160142211 -0.03) (0.134319302436 0.502436479899 -0.03) (0.134697259162 0.503271537687 -0.03) (0.135075215888 0.504106595476 -0.03) (0.135453172614 0.504941653265 -0.03) (0.13583112934 0.505776711054 -0.03) (0.136209086066 0.506611768843 -0.03) (0.136587042793 0.507446826632 -0.03) (0.136964999519 0.508281884421 -0.03) (0.137342956245 0.50911694221 -0.03) (0.137720912971 0.509951999999 -0.03) (0.138098869697 0.510787057788 -0.03) (0.138476826423 0.511622115577 -0.03) (0.13885478315 0.512457173366 -0.03) (0.139232739876 0.513292231155 -0.03) (0.139610696602 0.514127288944 -0.03) (0.139988653328 0.514962346733 -0.03) (0.140366610054 0.515797404522 -0.03) (0.14074456678 0.516632462311 -0.03) (0.141122523507 0.5174675201 -0.03) (0.141500480233 0.518302577889 -0.03) (0.141878436959 0.519137635678 -0.03) (0.142256393685 0.519972693467 -0.03) (0.142634350411 0.520807751256 -0.03) (0.143012307137 0.521642809045 -0.03) (0.143390263864 0.522477866834 -0.03) (0.14376822059 0.523312924623 -0.03))
    polyLine 50 54 ((0.126760167912 0.485735324119 0) (0.127138124638 0.486570381908 0) (0.127516081364 0.487405439697 0) (0.127894038091 0.488240497486 0) (0.128271994817 0.489075555275 0) (0.128649951543 0.489910613064 0) (0.129027908269 0.490745670853 0) (0.129405864995 0.491580728642 0) (0.129783821721 0.492415786431 0) (0.130161778448 0.49325084422 0) (0.130539735174 0.494085902009 0) (0.1309176919 0.494920959798 0) (0.131295648626 0.495756017587 0) (0.131673605352 0.496591075376 0) (0.132051562078 0.497426133165 0) (0.132429518805 0.498261190954 0) (0.132807475531 0.499096248743 0) (0.133185432257 0.499931306532 0) (0.133563388983 0.500766364321 0) (0.133941345709 0.50160142211 0) (0.134319302436 0.502436479899 0) (0.134697259162 0.503271537687 0) (0.135075215888 0.504106595476 0) (0.135453172614 0.504941653265 0) (0.13583112934 0.505776711054 0) (0.136209086066 0.506611768843 0) (0.136587042793 0.507446826632 0) (0.136964999519 0.508281884421 0) (0.137342956245 0.50911694221 0) (0.137720912971 0.509951999999 0) (0.138098869697 0.510787057788 0) (0.138476826423 0.511622115577 0) (0.13885478315 0.512457173366 0) (0.139232739876 0.513292231155 0) (0.139610696602 0.514127288944 0) (0.139988653328 0.514962346733 0) (0.140366610054 0.515797404522 0) (0.14074456678 0.516632462311 0) (0.141122523507 0.5174675201 0) (0.141500480233 0.518302577889 0) (0.141878436959 0.519137635678 0) (0.142256393685 0.519972693467 0) (0.142634350411 0.520807751256 0) (0.143012307137 0.521642809045 0) (0.143390263864 0.522477866834 0) (0.14376822059 0.523312924623 0))
    polyLine 49 53 ((0.00466551759213 1.04784515995 -0.03) (0.00633295404236 1.05019186655 -0.03) (0.00800725394153 1.05254327461 -0.03) (0.00968844978877 1.05489940197 -0.03) (0.0113765742754 1.05726026654 -0.03) (0.0130716602863 1.05962588632 -0.03) (0.0147737409012 1.06199627939 -0.03) (0.0164828493963 1.06437146393 -0.03) (0.0181990192454 1.0667514582 -0.03) (0.0199222841216 1.06913628056 -0.03) (0.0216526778985 1.07152594943 -0.03) (0.0233902346517 1.07392048337 -0.03) (0.0251349886604 1.07631990098 -0.03) (0.0268869744085 1.07872422098 -0.03) (0.0286462265866 1.08113346218 -0.03) (0.0304127800931 1.08354764347 -0.03) (0.0321866700357 1.08596678384 -0.03) (0.0339679317333 1.08839090237 -0.03) (0.0357566007172 1.09082001825 -0.03) (0.0375527127324 1.09325415076 -0.03) (0.03935630374 1.09569331924 -0.03) (0.0411674099179 1.09813754319 -0.03) (0.0429860676628 1.10058684215 -0.03))
    polyLine 51 55 ((0.00466551759213 1.04784515995 0) (0.00633295404236 1.05019186655 0) (0.00800725394153 1.05254327461 0) (0.00968844978877 1.05489940197 0) (0.0113765742754 1.05726026654 0) (0.0130716602863 1.05962588632 0) (0.0147737409012 1.06199627939 0) (0.0164828493963 1.06437146393 0) (0.0181990192454 1.0667514582 0) (0.0199222841216 1.06913628056 0) (0.0216526778985 1.07152594943 0) (0.0233902346517 1.07392048337 0) (0.0251349886604 1.07631990098 0) (0.0268869744085 1.07872422098 0) (0.0286462265866 1.08113346218 0) (0.0304127800931 1.08354764347 0) (0.0321866700357 1.08596678384 0) (0.0339679317333 1.08839090237 0) (0.0357566007172 1.09082001825 0) (0.0375527127324 1.09325415076 0) (0.03935630374 1.09569331924 0) (0.0411674099179 1.09813754319 0) (0.0429860676628 1.10058684215 0))
    polyLine 52 56 ((0.144146177316 0.524147982412 -0.03) (0.144524134042 0.524983040201 -0.03) (0.144902090768 0.52581809799 -0.03) (0.145280047495 0.526653155779 -0.03) (0.145658004221 0.527488213568 -0.03) (0.146035960947 0.528323271356 -0.03) (0.146413917673 0.529158329145 -0.03) (0.146791874399 0.529993386934 -0.03) (0.147169831125 0.530828444723 -0.03) (0.147547787852 0.531663502512 -0.03) (0.147925744578 0.532498560301 -0.03) (0.148303701304 0.53333361809 -0.03) (0.14868165803 0.534168675879 -0.03) (0.149059614756 0.535003733668 -0.03) (0.149437571482 0.535838791457 -0.03) (0.149815528209 0.536673849246 -0.03) (0.150193484935 0.537508907035 -0.03) (0.150571441661 0.538343964824 -0.03) (0.150949398387 0.539179022613 -0.03) (0.151327355113 0.540014080402 -0.03) (0.151705311839 0.540849138191 -0.03) (0.152083268566 0.54168419598 -0.03) (0.152461225292 0.542519253769 -0.03) (0.152839182018 0.543354311558 -0.03) (0.153217138744 0.544189369347 -0.03) (0.15359509547 0.545024427136 -0.03) (0.153973052196 0.545859484925 -0.03) (0.154351008923 0.546694542714 -0.03) (0.154728965649 0.547529600503 -0.03) (0.155106922375 0.548364658292 -0.03) (0.155484879101 0.549199716081 -0.03) (0.155862835827 0.55003477387 -0.03) (0.156242688212 0.550862198201 -0.03) (0.15663137884 0.551685507654 -0.03) (0.157028863142 0.552504607824 -0.03) (0.157435095541 0.55331940479 -0.03) (0.157850029458 0.554129805125 -0.03) (0.158273617315 0.554935715906 -0.03) (0.15870581054 0.555737044724 -0.03) (0.159146559579 0.556533699695 -0.03) (0.159595813892 0.557325589474 -0.03) (0.160053521967 0.558112623257 -0.03) (0.160519631321 0.558894710803 -0.03) (0.160994088509 0.559671762433 -0.03) (0.161476839127 0.560443689048 -0.03) (0.161967827822 0.561210402136 -0.03))
    polyLine 54 58 ((0.144146177316 0.524147982412 0) (0.144524134042 0.524983040201 0) (0.144902090768 0.52581809799 0) (0.145280047495 0.526653155779 0) (0.145658004221 0.527488213568 0) (0.146035960947 0.528323271356 0) (0.146413917673 0.529158329145 0) (0.146791874399 0.529993386934 0) (0.147169831125 0.530828444723 0) (0.147547787852 0.531663502512 0) (0.147925744578 0.532498560301 0) (0.148303701304 0.53333361809 0) (0.14868165803 0.534168675879 0) (0.149059614756 0.535003733668 0) (0.149437571482 0.535838791457 0) (0.149815528209 0.536673849246 0) (0.150193484935 0.537508907035 0) (0.150571441661 0.538343964824 0) (0.150949398387 0.539179022613 0) (0.151327355113 0.540014080402 0) (0.151705311839 0.540849138191 0) (0.152083268566 0.54168419598 0) (0.152461225292 0.542519253769 0) (0.152839182018 0.543354311558 0) (0.153217138744 0.544189369347 0) (0.15359509547 0.545024427136 0) (0.153973052196 0.545859484925 0) (0.154351008923 0.546694542714 0) (0.154728965649 0.547529600503 0) (0.155106922375 0.548364658292 0) (0.155484879101 0.549199716081 0) (0.155862835827 0.55003477387 0) (0.156242688212 0.550862198201 0) (0.15663137884 0.551685507654 0) (0.157028863142 0.552504607824 0) (0.157435095541 0.55331940479 0) (0.157850029458 0.554129805125 0) (0.158273617315 0.554935715906 0) (0.15870581054 0.555737044724 0) (0.159146559579 0.556533699695 0) (0.159595813892 0.557325589474 0) (0.160053521967 0.558112623257 0) (0.160519631321 0.558894710803 0) (0.160994088509 0.559671762433 0) (0.161476839127 0.560443689048 0) (0.161967827822 0.561210402136 0))
    polyLine 53 57 ((0.0464759586454 1.10527265993 -0.03) (0.0481459089627 1.10750830957 -0.03) (0.0498221923743 1.10974819958 -0.03) (0.0515048368649 1.11199234494 -0.03) (0.0531938705735 1.11424076068 -0.03) (0.054889321795 1.1164934619 -0.03) (0.0565912189806 1.11875046378 -0.03) (0.0582995907395 1.12101178156 -0.03) (0.0600144658396 1.12327743055 -0.03) (0.0617358732086 1.12554742613 -0.03) (0.0634638419353 1.12782178376 -0.03) (0.0651984012702 1.13010051897 -0.03) (0.0669395806273 1.13238364735 -0.03) (0.0686874095844 1.13467118456 -0.03) (0.0704419178849 1.13696314637 -0.03) (0.0722031354385 1.13925954857 -0.03) (0.0739710923225 1.14156040706 -0.03) (0.075745818783 1.14386573781 -0.03) (0.0775273452357 1.14617555685 -0.03) (0.0793157022676 1.1484898803 -0.03) (0.0811109206377 1.15080872435 -0.03) (0.0829130312784 1.15313210526 -0.03) (0.0847220652967 1.15546003938 -0.03))
    polyLine 55 59 ((0.0464759586454 1.10527265993 0) (0.0481459089627 1.10750830957 0) (0.0498221923743 1.10974819958 0) (0.0515048368649 1.11199234494 0) (0.0531938705735 1.11424076068 0) (0.054889321795 1.1164934619 0) (0.0565912189806 1.11875046378 0) (0.0582995907395 1.12101178156 0) (0.0600144658396 1.12327743055 0) (0.0617358732086 1.12554742613 0) (0.0634638419353 1.12782178376 0) (0.0651984012702 1.13010051897 0) (0.0669395806273 1.13238364735 0) (0.0686874095844 1.13467118456 0) (0.0704419178849 1.13696314637 0) (0.0722031354385 1.13925954857 0) (0.0739710923225 1.14156040706 0) (0.075745818783 1.14386573781 0) (0.0775273452357 1.14617555685 0) (0.0793157022676 1.1484898803 0) (0.0811109206377 1.15080872435 0) (0.0829130312784 1.15313210526 0) (0.0847220652967 1.15546003938 0))
    polyLine 56 60 ((0.162466998295 0.561971813784 -0.03) (0.16297429331 0.562727836685 -0.03) (0.163489654698 0.563478384151 -0.03) (0.164013023366 0.564223370121 -0.03) (0.164544339303 0.564962709173 -0.03) (0.165083541587 0.565696316531 -0.03) (0.16563056839 0.566424108078 -0.03) (0.166185356988 0.567146000362 -0.03) (0.166747843768 0.567861910609 -0.03) (0.167317964232 0.56857175673 -0.03) (0.167895653009 0.569275457331 -0.03) (0.168480843858 0.569972931723 -0.03) (0.169073469681 0.570664099932 -0.03) (0.169673462524 0.571348882706 -0.03) (0.170280753589 0.572027201525 -0.03) (0.170895273243 0.572698978611 -0.03) (0.171516951023 0.573364136936 -0.03) (0.172145715645 0.574022600229 -0.03) (0.172781495013 0.57467429299 -0.03) (0.173424216225 0.575319140493 -0.03) (0.174073805586 0.575957068797 -0.03) (0.17473018861 0.576588004755 -0.03) (0.175393290036 0.577211876023 -0.03) (0.176063033828 0.577828611064 -0.03) (0.176739343193 0.578438139162 -0.03) (0.177422140582 0.579040390426 -0.03) (0.178111347702 0.579635295799 -0.03) (0.178806885528 0.580222787069 -0.03) (0.179508674306 0.58080279687 -0.03) (0.180216633567 0.581375258698 -0.03) (0.180930682133 0.58194010691 -0.03) (0.18165073813 0.582497276741 -0.03) (0.182376718992 0.583046704303 -0.03) (0.183108541478 0.583588326597 -0.03) (0.183846121672 0.584122081518 -0.03) (0.184589375002 0.584647907863 -0.03) (0.185338216244 0.585165745341 -0.03) (0.186092559532 0.585675534574 -0.03) (0.186852318372 0.586177217107 -0.03) (0.187617405646 0.586670735417 -0.03) (0.188387733627 0.587156032914 -0.03) (0.189163213986 0.587633053952 -0.03) (0.189943757805 0.588101743835 -0.03) (0.190729275582 0.588562048821 -0.03) (0.191519677249 0.589013916129 -0.03) (0.192314872174 0.589457293948 -0.03))
    polyLine 58 62 ((0.162466998295 0.561971813784 0) (0.16297429331 0.562727836685 0) (0.163489654698 0.563478384151 0) (0.164013023366 0.564223370121 0) (0.164544339303 0.564962709173 0) (0.165083541587 0.565696316531 0) (0.16563056839 0.566424108078 0) (0.166185356988 0.567146000362 0) (0.166747843768 0.567861910609 0) (0.167317964232 0.56857175673 0) (0.167895653009 0.569275457331 0) (0.168480843858 0.569972931723 0) (0.169073469681 0.570664099932 0) (0.169673462524 0.571348882706 0) (0.170280753589 0.572027201525 0) (0.170895273243 0.572698978611 0) (0.171516951023 0.573364136936 0) (0.172145715645 0.574022600229 0) (0.172781495013 0.57467429299 0) (0.173424216225 0.575319140493 0) (0.174073805586 0.575957068797 0) (0.17473018861 0.576588004755 0) (0.175393290036 0.577211876023 0) (0.176063033828 0.577828611064 0) (0.176739343193 0.578438139162 0) (0.177422140582 0.579040390426 0) (0.178111347702 0.579635295799 0) (0.178806885528 0.580222787069 0) (0.179508674306 0.58080279687 0) (0.180216633567 0.581375258698 0) (0.180930682133 0.58194010691 0) (0.18165073813 0.582497276741 0) (0.182376718992 0.583046704303 0) (0.183108541478 0.583588326597 0) (0.183846121672 0.584122081518 0) (0.184589375002 0.584647907863 0) (0.185338216244 0.585165745341 0) (0.186092559532 0.585675534574 0) (0.186852318372 0.586177217107 0) (0.187617405646 0.586670735417 0) (0.188387733627 0.587156032914 0) (0.189163213986 0.587633053952 0) (0.189943757805 0.588101743835 0) (0.190729275582 0.588562048821 0) (0.191519677249 0.589013916129 0) (0.192314872174 0.589457293948 0))
    polyLine 57 61 ((0.0889722344686 1.16091223154 -0.03) (0.0914189302742 1.16404012579 -0.03) (0.0938782172104 1.16717626557 -0.03) (0.0963501716709 1.17032069078 -0.03) (0.09883487063 1.17347344159 -0.03) (0.101332391648 1.17663455845 -0.03) (0.103842812877 1.17980408204 -0.03) (0.106366213066 1.18298205331 -0.03) (0.108902671566 1.18616851348 -0.03) (0.111452268336 1.18936350403 -0.03) (0.114015083949 1.1925670667 -0.03) (0.116591199598 1.19577924351 -0.03) (0.1191806971 1.19900007676 -0.03) (0.121783658905 1.20222960902 -0.03) (0.124400168099 1.20546788311 -0.03) (0.12703030841 1.20871494218 -0.03) (0.129674164217 1.21197082963 -0.03) (0.132331820553 1.21523558914 -0.03) (0.135003363113 1.21850926469 -0.03) (0.13768887826 1.22179190057 -0.03) (0.14038845303 1.22508354131 -0.03) (0.14310217514 1.2283842318 -0.03) (0.145830132995 1.23169401717 -0.03))
    polyLine 59 63 ((0.0889722344686 1.16091223154 0) (0.0914189302742 1.16404012579 0) (0.0938782172104 1.16717626557 0) (0.0963501716709 1.17032069078 0) (0.09883487063 1.17347344159 0) (0.101332391648 1.17663455845 0) (0.103842812877 1.17980408204 0) (0.106366213066 1.18298205331 0) (0.108902671566 1.18616851348 0) (0.111452268336 1.18936350403 0) (0.114015083949 1.1925670667 0) (0.116591199598 1.19577924351 0) (0.1191806971 1.19900007676 0) (0.121783658905 1.20222960902 0) (0.124400168099 1.20546788311 0) (0.12703030841 1.20871494218 0) (0.129674164217 1.21197082963 0) (0.132331820553 1.21523558914 0) (0.135003363113 1.21850926469 0) (0.13768887826 1.22179190057 0) (0.14038845303 1.22508354131 0) (0.14310217514 1.2283842318 0) (0.145830132995 1.23169401717 0))
    polyLine 60 64 ((0.193114769177 0.589892131437 -0.03) (0.193919276541 0.590318378737 -0.03) (0.194728302016 0.590735986973 -0.03) (0.195541752838 0.59114490826 -0.03) (0.196359535733 0.59154509571 -0.03) (0.197181556932 0.591936503436 -0.03) (0.198007722178 0.592319086557 -0.03) (0.19883793674 0.592692801207 -0.03) (0.199672105424 0.593057604532 -0.03) (0.20051013258 0.593413454704 -0.03) (0.201351922117 0.593760310919 -0.03) (0.202197377512 0.594098133406 -0.03) (0.203046401824 0.594426883428 -0.03) (0.203898897699 0.594746523291 -0.03) (0.204754767387 0.595057016342 -0.03) (0.205613912752 0.59535832698 -0.03) (0.206476235281 0.595650420656 -0.03) (0.207341636096 0.595933263877 -0.03) (0.208210015968 0.596206824211 -0.03) (0.209081275326 0.59647107029 -0.03) (0.209955314267 0.596725971816 -0.03) (0.210832032572 0.59697149956 -0.03) (0.211711329712 0.59720762537 -0.03) (0.212593104864 0.59743432217 -0.03) (0.213477256922 0.597651563966 -0.03) (0.214363684504 0.59785932585 -0.03) (0.21525228597 0.598057583997 -0.03) (0.21614295943 0.598246315675 -0.03) (0.217035602756 0.598425499244 -0.03) (0.217930113594 0.598595114158 -0.03) (0.218826389377 0.598755140967 -0.03) (0.219724327334 0.598905561323 -0.03) (0.220623824505 0.599046357978 -0.03) (0.221524777751 0.599177514788 -0.03) (0.222427083763 0.599299016714 -0.03) (0.223330639082 0.599410849824 -0.03) (0.224235340102 0.599513001295 -0.03) (0.225141083087 0.599605459413 -0.03) (0.226047764182 0.599688213578 -0.03) (0.226955279422 0.599761254299 -0.03) (0.22786352475 0.599824573204 -0.03) (0.228772396022 0.59987816303 -0.03) (0.229681789024 0.599922017633 -0.03) (0.230591599482 0.599956131984 -0.03) (0.231501723074 0.599980502173 -0.03) (0.232412055442 0.599995125403 -0.03))
    polyLine 62 66 ((0.193114769177 0.589892131437 0) (0.193919276541 0.590318378737 0) (0.194728302016 0.590735986973 0) (0.195541752838 0.59114490826 0) (0.196359535733 0.59154509571 0) (0.197181556932 0.591936503436 0) (0.198007722178 0.592319086557 0) (0.19883793674 0.592692801207 0) (0.199672105424 0.593057604532 0) (0.20051013258 0.593413454704 0) (0.201351922117 0.593760310919 0) (0.202197377512 0.594098133406 0) (0.203046401824 0.594426883428 0) (0.203898897699 0.594746523291 0) (0.204754767387 0.595057016342 0) (0.205613912752 0.59535832698 0) (0.206476235281 0.595650420656 0) (0.207341636096 0.595933263877 0) (0.208210015968 0.596206824211 0) (0.209081275326 0.59647107029 0) (0.209955314267 0.596725971816 0) (0.210832032572 0.59697149956 0) (0.211711329712 0.59720762537 0) (0.212593104864 0.59743432217 0) (0.213477256922 0.597651563966 0) (0.214363684504 0.59785932585 0) (0.21525228597 0.598057583997 0) (0.21614295943 0.598246315675 0) (0.217035602756 0.598425499244 0) (0.217930113594 0.598595114158 0) (0.218826389377 0.598755140967 0) (0.219724327334 0.598905561323 0) (0.220623824505 0.599046357978 0) (0.221524777751 0.599177514788 0) (0.222427083763 0.599299016714 0) (0.223330639082 0.599410849824 0) (0.224235340102 0.599513001295 0) (0.225141083087 0.599605459413 0) (0.226047764182 0.599688213578 0) (0.226955279422 0.599761254299 0) (0.22786352475 0.599824573204 0) (0.228772396022 0.59987816303 0) (0.229681789024 0.599922017633 0) (0.230591599482 0.599956131984 0) (0.231501723074 0.599980502173 0) (0.232412055442 0.599995125403 0))
    polyLine 61 65 ((0.151853641453 1.2389733763 -0.03) (0.155155421402 1.24294688884 -0.03) (0.158477909477 1.2469335587 -0.03) (0.161821261065 1.25093346477 -0.03) (0.165185633018 1.25494668652 -0.03) (0.168571183671 1.2589733041 -0.03) (0.171978072855 1.26301339828 -0.03) (0.175406461922 1.26706705049 -0.03) (0.178856513755 1.27113434282 -0.03) (0.182328392789 1.27521535804 -0.03) (0.185822265031 1.27931017958 -0.03) (0.189338298072 1.28341889157 -0.03) (0.192876661115 1.2875415788 -0.03) (0.196437524985 1.2916783268 -0.03) (0.200021062152 1.29582922177 -0.03) (0.203627446752 1.29999435064 -0.03) (0.207256854603 1.30417380105 -0.03) (0.210909463226 1.30836766139 -0.03) (0.214585451868 1.31257602076 -0.03) (0.218285001517 1.31679896903 -0.03) (0.222008294929 1.32103659681 -0.03) (0.225755516644 1.32528899547 -0.03) (0.22952685301 1.32955625717 -0.03))
    polyLine 63 67 ((0.151853641453 1.2389733763 0) (0.155155421402 1.24294688884 0) (0.158477909477 1.2469335587 0) (0.161821261065 1.25093346477 0) (0.165185633018 1.25494668652 0) (0.168571183671 1.2589733041 0) (0.171978072855 1.26301339828 0) (0.175406461922 1.26706705049 0) (0.178856513755 1.27113434282 0) (0.182328392789 1.27521535804 0) (0.185822265031 1.27931017958 0) (0.189338298072 1.28341889157 0) (0.192876661115 1.2875415788 0) (0.196437524985 1.2916783268 0) (0.200021062152 1.29582922177 0) (0.203627446752 1.29999435064 0) (0.207256854603 1.30417380105 0) (0.210909463226 1.30836766139 0) (0.214585451868 1.31257602076 0) (0.218285001517 1.31679896903 0) (0.222008294929 1.32103659681 0) (0.225755516644 1.32528899547 0) (0.22952685301 1.32955625717 0))
);

boundary
(
    body_fore
    {
        type wall;
        faces
        (
            (0 2 6 4)
            (4 6 10 8)
            (8 10 14 12)
            (12 14 18 16)
            (16 18 22 20)
            (20 22 26 24)
            (24 26 30 28)
            (28 30 34 32)
            (32 34 38 36)
            (36 38 42 40)
            (40 42 46 44)
            (44 46 50 48)
            (48 50 54 52)
            (52 54 58 56)
            (56 58 62 60)
            (60 62 66 64)
        );
    }
    freestream
    {
        type patch;
        faces
        (
            (1 5 7 3)
            (5 9 11 7)
            (9 13 15 11)
            (13 17 19 15)
            (17 21 23 19)
            (21 25 27 23)
            (25 29 31 27)
            (29 33 35 31)
            (33 37 39 35)
            (37 41 43 39)
            (41 45 47 43)
            (45 49 51 47)
            (49 53 55 51)
            (53 57 59 55)
            (57 61 63 59)
            (61 65 67 63)
        );
    }
    outlet
    {
        type patch;
        faces
        (
            (64 66 67 65)
        );
    }
    axis
    {
        type patch;
        faces
        (
            (0 1 3 2)
        );
    }
    front
    {
        type patch;
        faces
        (
            (2 6 7 3)
            (6 10 11 7)
            (10 14 15 11)
            (14 18 19 15)
            (18 22 23 19)
            (22 26 27 23)
            (26 30 31 27)
            (30 34 35 31)
            (34 38 39 35)
            (38 42 43 39)
            (42 46 47 43)
            (46 50 51 47)
            (50 54 55 51)
            (54 58 59 55)
            (58 62 63 59)
            (62 66 67 63)
        );
    }
    back
    {
        type patch;
        faces
        (
            (0 1 5 4)
            (4 5 9 8)
            (8 9 13 12)
            (12 13 17 16)
            (16 17 21 20)
            (20 21 25 24)
            (24 25 29 28)
            (28 29 33 32)
            (32 33 37 36)
            (36 37 41 40)
            (40 41 45 44)
            (44 45 49 48)
            (48 49 53 52)
            (52 53 57 56)
            (56 57 61 60)
            (60 61 65 64)
        );
    }
);
