FoamFile
{
    version     2.0;
    format      ascii;
    class       dictionary;
    object      blockMeshDict;
}
// Generated by aether.cfd - do not edit by hand. Regenerate from the run config.

scale 1;

vertices
(
    (0 0 -0.03)
    (-0.218082219576 6.95410407741e-17 -0.03)
    (0 0 0)
    (-0.218082219576 6.95410407741e-17 0)
    (0.00149029119554 0.0460136686122 -0.03)
    (-0.214929770832 0.0746069729033 -0.03)
    (0.00149029119554 0.0460136686122 0)
    (-0.214929770832 0.0746069729033 0)
    (0.00595471137737 0.09183448526 -0.03)
    (-0.205787258079 0.148392714833 -0.03)
    (0.00595471137737 0.09183448526 0)
    (-0.205787258079 0.148392714833 0)
    (0.0133745502449 0.137270419591 -0.03)
    (-0.191440640755 0.220849471836 -0.03)
    (0.0133745502449 0.137270419591 0)
    (-0.191440640755 0.220849471836 0)
    (0.0237187119629 0.182131054228 -0.03)
    (-0.17281284205 0.2919150581 -0.03)
    (0.0237187119629 0.182131054228 0)
    (-0.17281284205 0.2919150581 0)
    (0.036943845474 0.226228382744 -0.03)
    (-0.15069034659 0.361923768563 -0.03)
    (0.036943845474 0.226228382744 0)
    (-0.15069034659 0.361923768563 0)
    (0.0529946652515 0.269377540643 -0.03)
    (-0.125601516224 0.431489592696 -0.03)
    (0.0529946652515 0.269377540643 0)
    (-0.125601516224 0.431489592696 0)
    (0.0718038098424 0.311397707794 -0.03)
    (-0.0978038644942 0.501408879688 -0.03)
    (0.0718038098424 0.311397707794 0)
    (-0.0978038644942 0.501408879688 0)
    (0.0932923973758 0.352112800339 -0.03)
    (-0.0673131453459 0.572610443727 -0.03)
    (0.0932923973758 0.352112800339 0)
    (-0.0673131453459 0.572610443727 0)
    (0.117370371245 0.391352185522 -0.03)
    (-0.0339333038051 0.646149009929 -0.03)
    (0.117370371245 0.391352185522 0)
    (-0.0339333038051 0.646149009929 0)
    (0.14393682327 0.428951414966 -0.03)
    (0.00272972155259 0.723232970171 -0.03)
    (0.14393682327 0.428951414966 0)
    (0.00272972155259 0.723232970171 0)
    (0.172880487017 0.46475285301 -0.03)
    (0.0432763479949 0.805282461419 -0.03)
    (0.172880487017 0.46475285301 0)
    (0.0432763479949 0.805282461419 0)
    (0.203825636794 0.498846369196 -0.03)
    (0.0883364749598 0.893612738432 -0.03)
    (0.203825636794 0.498846369196 0)
    (0.0883364749598 0.893612738432 0)
    (0.235065059087 0.532674135832 -0.03)
    (0.137240075905 0.986985903305 -0.03)
    (0.235065059087 0.532674135832 0)
    (0.137240075905 0.986985903305 0)
    (0.266448909752 0.566363289732 -0.03)
    (0.190056741499 1.08566890591 -0.03)
    (0.266448909752 0.566363289732 0)
    (0.190056741499 1.08566890591 0)
    (0.304839489797 0.5912728433 -0.03)
    (0.257838436501 1.20988333797 -0.03)
    (0.304839489797 0.5912728433 0)
    (0.257838436501 1.20988333797 0)
    (0.3497634713 0.6 -0.03)
    (0.3497634713 1.37521124924 -0.03)
    (0.3497634713 0.6 0)
    (0.3497634713 1.37521124924 0)
);

blocks
(
    hex (0 4 5 1 2 6 7 3) (4 48 1) simpleGrading (1 4 1)
    hex (4 8 9 5 6 10 11 7) (4 48 1) simpleGrading (1 4 1)
    hex (8 12 13 9 10 14 15 11) (4 48 1) simpleGrading (1 4 1)
    hex (12 16 17 13 14 18 19 15) (4 48 1) simpleGrading (1 4 1)
    hex (16 20 21 17 18 22 23 19) (4 48 1) simpleGrading (1 4 1)
    hex (20 24 25 21 22 26 27 23) (4 48 1) simpleGrading (1 4 1)
    hex (24 28 29 25 26 30 31 27) (4 48 1) simpleGrading (1 4 1)
    hex (28 32 33 29 30 34 35 31) (4 48 1) simpleGrading (1 4 1)
    hex (32 36 37 33 34 38 39 35) (4 48 1) simpleGrading (1 4 1)
    hex (36 40 41 37 38 42 43 39) (4 48 1) simpleGrading (1 4 1)
    hex (40 44 45 41 42 46 47 43) (4 48 1) simpleGrading (1 4 1)
    hex (44 48 49 45 46 50 51 47) (4 48 1) simpleGrading (1 4 1)
    hex (48 52 53 49 50 54 55 51) (4 48 1) simpleGrading (1 4 1)
    hex (52 56 57 53 54 58 59 55) (4 48 1) simpleGrading (1 4 1)
    hex (56 60 61 57 58 62 63 59) (4 48 1) simpleGrading (1 4 1)
    hex (60 64 65 61 62 66 67 63) (4 48 1) simpleGrading (1 4 1)
);

edges
(
    polyLine 0 4 ((5.47307389043e-07 0.000882280702184 -0.03) (2.18922871376e-06 0.00176456004632 -0.03) (4.92576144681e-06 0.00264683667436 -0.03) (8.75690137596e-06 0.00352910922825 -0.03) (1.36826426041e-05 0.00441137634997 -0.03) (1.97029775495e-05 0.00529363668148 -0.03) (2.68178969451e-05 0.00617588886477 -0.03) (3.50273898394e-05 0.00705813154182 -0.03) (4.43314435959e-05 0.00794036335466 -0.03) (5.47300438934e-05 0.0088225829453 -0.03) (6.62231747258e-05 0.00970478895578 -0.03) (7.88108184024e-05 0.0105869800282 -0.03) (9.24929555476e-05 0.0114691548046 -0.03) (0.000107269565101 0.0123513119271 -0.03) (0.000123140624318 0.0132334500379 -0.03) (0.000140106108769 0.0141155677791 -0.03) (0.00015816599234 0.0149976637929 -0.03) (0.000177320247233 0.0158797367216 -0.03) (0.000197568843963 0.0167617852074 -0.03) (0.000218911751364 0.0176438078926 -0.03) (0.000241348936583 0.0185258034197 -0.03) (0.000264880365084 0.0194077704309 -0.03) (0.000289506000647 0.0202897075687 -0.03) (0.000315225805366 0.0211716134756 -0.03) (0.000342039739651 0.0220534867941 -0.03) (0.000369947762231 0.0229353261668 -0.03) (0.000398949830147 0.0238171302364 -0.03) (0.000429045898758 0.0246988976454 -0.03) (0.000460235921738 0.0255806270367 -0.03) (0.000492519851079 0.026462317053 -0.03) (0.000525897637088 0.0273439663373 -0.03) (0.000560369228387 0.0282255735323 -0.03) (0.000595934571916 0.0291071372812 -0.03) (0.000632593612932 0.0299886562269 -0.03) (0.000670346295006 0.0308701290127 -0.03) (0.000709192560029 0.0317515542816 -0.03) (0.000749132348206 0.032632930677 -0.03) (0.00079016559806 0.0335142568421 -0.03) (0.000832292246431 0.0343955314205 -0.03) (0.000875512228474 0.0352767530556 -0.03) (0.000919825477664 0.036157920391 -0.03) (0.000965231925792 0.0370390320703 -0.03) (0.00101173150297 0.0379200867373 -0.03) (0.00105932413761 0.0388010830359 -0.03) (0.00110800975647 0.03968201961 -0.03) (0.0011577882846 0.0405628951035 -0.03) (0.00120865964539 0.0414437081607 -0.03) (0.00126062376053 0.0423244574256 -0.03) (0.00131368055003 0.0432051415427 -0.03) (0.00136782993223 0.0440857591563 -0.03) (0.00142307182378 0.044966308911 -0.03) (0.00147940613964 0.0458467894513 -0.03))
    polyLine 2 6 ((5.47307389043e-07 0.000882280702184 0) (2.18922871376e-06 0.00176456004632 0) (4.92576144681e-06 0.00264683667436 0) (8.75690137596e-06 0.00352910922825 0) (1.36826426041e-05 0.00441137634997 0) (1.97029775495e-05 0.00529363668148 0) (2.68178969451e-05 0.00617588886477 0) (3.50273898394e-05 0.00705813154182 0) (4.43314435959e-05 0.00794036335466 0) (5.47300438934e-05 0.0088225829453 0) (6.62231747258e-05 0.00970478895578 0) (7.88108184024e-05 0.0105869800282 0) (9.24929555476e-05 0.0114691548046 0) (0.000107269565101 0.0123513119271 0) (0.000123140624318 0.0132334500379 0) (0.000140106108769 0.0141155677791 0) (0.00015816599234 0.0149976637929 0) (0.000177320247233 0.0158797367216 0) (0.000197568843963 0.0167617852074 0) (0.000218911751364 0.0176438078926 0) (0.000241348936583 0.0185258034197 0) (0.000264880365084 0.0194077704309 0) (0.000289506000647 0.0202897075687 0) (0.000315225805366 0.0211716134756 0) (0.000342039739651 0.0220534867941 0) (0.000369947762231 0.0229353261668 0) (0.000398949830147 0.0238171302364 0) (0.000429045898758 0.0246988976454 0) (0.000460235921738 0.0255806270367 0) (0.000492519851079 0.026462317053 0) (0.000525897637088 0.0273439663373 0) (0.000560369228387 0.0282255735323 0) (0.000595934571916 0.0291071372812 0) (0.000632593612932 0.0299886562269 0) (0.000670346295006 0.0308701290127 0) (0.000709192560029 0.0317515542816 0) (0.000749132348206 0.032632930677 0) (0.00079016559806 0.0335142568421 0) (0.000832292246431 0.0343955314205 0) (0.000875512228474 0.0352767530556 0) (0.000919825477664 0.036157920391 0) (0.000965231925792 0.0370390320703 0) (0.00101173150297 0.0379200867373 0) (0.00105932413761 0.0388010830359 0) (0.00110800975647 0.03968201961 0) (0.0011577882846 0.0405628951035 0) (0.00120865964539 0.0414437081607 0) (0.00126062376053 0.0423244574256 0) (0.00131368055003 0.0432051415427 0) (0.00136782993223 0.0440857591563 0) (0.00142307182378 0.044966308911 0) (0.00147940613964 0.0458467894513 0))
    polyLine 1 5 ((-0.218076721693 0.00310797856674 -0.03) (-0.218060228576 0.00621596280277 -0.03) (-0.218032741821 0.00932395841506 -0.03) (-0.217994264084 0.0124319711859 -0.03) (-0.217944799079 0.0155400070105 -0.03) (-0.217884351573 0.0186480719343 -0.03) (-0.21781292738 0.0217561721906 -0.03) (-0.217730533355 0.0248643142375 -0.03) (-0.217637177381 0.0279725047948 -0.03) (-0.217532868366 0.0310807508809 -0.03) (-0.217417616223 0.034189059849 -0.03) (-0.217291431867 0.0372974394236 -0.03) (-0.217154327193 0.0404058977357 -0.03) (-0.217006315066 0.043514443359 -0.03) (-0.216847409302 0.0466230853442 -0.03) (-0.216677624655 0.0497318332541 -0.03) (-0.216496976791 0.0528406971976 -0.03) (-0.216305482277 0.0559496878635 -0.03) (-0.216103158555 0.0590588165533 -0.03) (-0.215890023922 0.0621680952146 -0.03) (-0.215666097506 0.0652775364725 -0.03) (-0.215431399245 0.0683871536615 -0.03) (-0.21518594986 0.0714969608565 -0.03))
    polyLine 3 7 ((-0.218076721693 0.00310797856674 0) (-0.218060228576 0.00621596280277 0) (-0.218032741821 0.00932395841506 0) (-0.217994264084 0.0124319711859 0) (-0.217944799079 0.0155400070105 0) (-0.217884351573 0.0186480719343 0) (-0.21781292738 0.0217561721906 0) (-0.217730533355 0.0248643142375 0) (-0.217637177381 0.0279725047948 0) (-0.217532868366 0.0310807508809 0) (-0.217417616223 0.034189059849 0) (-0.217291431867 0.0372974394236 0) (-0.217154327193 0.0404058977357 0) (-0.217006315066 0.043514443359 0) (-0.216847409302 0.0466230853442 0) (-0.216677624655 0.0497318332541 0) (-0.216496976791 0.0528406971976 0) (-0.216305482277 0.0559496878635 0) (-0.216103158555 0.0590588165533 0) (-0.215890023922 0.0621680952146 0) (-0.215666097506 0.0652775364725 0) (-0.215431399245 0.0683871536615 0) (-0.21518594986 0.0714969608565 0))
    polyLine 4 8 ((0.00153683279311 0.0467271994219 -0.03) (0.00159535169578 0.0476075374678 -0.03) (0.00165496275759 0.0484878022338 -0.03) (0.00171566588678 0.0493679923651 -0.03) (0.00177746098991 0.0502481065067 -0.03) (0.00184034797186 0.0511281433039 -0.03) (0.00190432673584 0.0520081014022 -0.03) (0.00196939718336 0.0528879794471 -0.03) (0.00203555921427 0.0537677760842 -0.03) (0.00210281272672 0.0546474899593 -0.03) (0.0021711576172 0.0555271197183 -0.03) (0.00224059378051 0.0564066640072 -0.03) (0.00231112110976 0.0572861214723 -0.03) (0.00238273949639 0.0581654907597 -0.03) (0.00245544883018 0.059044770516 -0.03) (0.0025292489992 0.0599239593876 -0.03) (0.00260413988985 0.0608030560214 -0.03) (0.00268012138686 0.0616820590641 -0.03) (0.00275719337327 0.0625609671628 -0.03) (0.00283535573046 0.0634397789645 -0.03) (0.0029146083381 0.0643184931167 -0.03) (0.00299495107422 0.0651971082666 -0.03) (0.00307638381513 0.066075623062 -0.03) (0.00315890643551 0.0669540361506 -0.03) (0.00324251880832 0.0678323461802 -0.03) (0.00332722080486 0.0687105517989 -0.03) (0.00341301229476 0.069588651655 -0.03) (0.00349989314596 0.0704666443968 -0.03) (0.00358786322473 0.0713445286729 -0.03) (0.00367692239567 0.072222303132 -0.03) (0.00376707052168 0.073099966423 -0.03) (0.00385830746402 0.073977517195 -0.03) (0.00395063308223 0.0748549540971 -0.03) (0.00404404723422 0.0757322757788 -0.03) (0.00413854977619 0.0766094808897 -0.03) (0.00423414056267 0.0774865680795 -0.03) (0.00433081944654 0.0783635359982 -0.03) (0.00442858627898 0.0792403832959 -0.03) (0.0045274409095 0.0801171086229 -0.03) (0.00462738318593 0.0809937106297 -0.03) (0.00472841295445 0.081870187967 -0.03) (0.00483053005955 0.0827465392858 -0.03) (0.00493373434403 0.083622763237 -0.03) (0.00503802564904 0.0844988584719 -0.03) (0.00514340381406 0.0853748236421 -0.03) (0.00524986867688 0.0862506573991 -0.03) (0.00535742007361 0.0871263583949 -0.03) (0.00546605783873 0.0880019252815 -0.03) (0.00557578180499 0.0888773567113 -0.03) (0.00568659180352 0.0897526513367 -0.03) (0.00579848766375 0.0906278078104 -0.03) (0.00591146921343 0.0915028247853 -0.03))
    polyLine 6 10 ((0.00153683279311 0.0467271994219 0) (0.00159535169578 0.0476075374678 0) (0.00165496275759 0.0484878022338 0) (0.00171566588678 0.0493679923651 0) (0.00177746098991 0.0502481065067 0) (0.00184034797186 0.0511281433039 0) (0.00190432673584 0.0520081014022 0) (0.00196939718336 0.0528879794471 0) (0.00203555921427 0.0537677760842 0) (0.00210281272672 0.0546474899593 0) (0.0021711576172 0.0555271197183 0) (0.00224059378051 0.0564066640072 0) (0.00231112110976 0.0572861214723 0) (0.00238273949639 0.0581654907597 0) (0.00245544883018 0.059044770516 0) (0.0025292489992 0.0599239593876 0) (0.00260413988985 0.0608030560214 0) (0.00268012138686 0.0616820590641 0) (0.00275719337327 0.0625609671628 0) (0.00283535573046 0.0634397789645 0) (0.0029146083381 0.0643184931167 0) (0.00299495107422 0.0651971082666 0) (0.00307638381513 0.066075623062 0) (0.00315890643551 0.0669540361506 0) (0.00324251880832 0.0678323461802 0) (0.00332722080486 0.0687105517989 0) (0.00341301229476 0.069588651655 0) (0.00349989314596 0.0704666443968 0) (0.00358786322473 0.0713445286729 0) (0.00367692239567 0.072222303132 0) (0.00376707052168 0.073099966423 0) (0.00385830746402 0.073977517195 0) (0.00395063308223 0.0748549540971 0) (0.00404404723422 0.0757322757788 0) (0.00413854977619 0.0766094808897 0) (0.00423414056267 0.0774865680795 0) (0.00433081944654 0.0783635359982 0) (0.00442858627898 0.0792403832959 0) (0.0045274409095 0.0801171086229 0) (0.00462738318593 0.0809937106297 0) (0.00472841295445 0.081870187967 0) (0.00483053005955 0.0827465392858 0) (0.00493373434403 0.083622763237 0) (0.00503802564904 0.0844988584719 0) (0.00514340381406 0.0853748236421 0) (0.00524986867688 0.0862506573991 0) (0.00535742007361 0.0871263583949 0) (0.00546605783873 0.0880019252815 0) (0.00557578180499 0.0888773567113 0) (0.00568659180352 0.0897526513367 0) (0.00579848766375 0.0906278078104 0) (0.00591146921343 0.0915028247853 0))
    polyLine 5 9 ((-0.214666410479 0.0776769082813 -0.03) (-0.214392640378 0.0807470743173 -0.03) (-0.214108483208 0.0838174876638 -0.03) (-0.213813962263 0.0868881658136 -0.03) (-0.213509101427 0.0899591271252 -0.03) (-0.213193925146 0.0930303908477 -0.03) (-0.212868458398 0.0961019771451 -0.03) (-0.212532726667 0.0991739071197 -0.03) (-0.212186755908 0.102246202835 -0.03) (-0.211830572525 0.105318887339 -0.03) (-0.211464203333 0.108391984684 -0.03) (-0.211087675533 0.111465519949 -0.03) (-0.210701016677 0.114539519261 -0.03) (-0.21030425464 0.117614009811 -0.03) (-0.209897417587 0.120689019878 -0.03) (-0.209480533939 0.123764578844 -0.03) (-0.209053632348 0.126840717214 -0.03) (-0.208616741657 0.129917466632 -0.03) (-0.208169890871 0.132994859897 -0.03) (-0.207713109129 0.136072930981 -0.03) (-0.207246425664 0.139151715045 -0.03) (-0.206769869778 0.14223124845 -0.03) (-0.206283470804 0.145311568776 -0.03))
    polyLine 7 11 ((-0.214666410479 0.0776769082813 0) (-0.214392640378 0.0807470743173 0) (-0.214108483208 0.0838174876638 0) (-0.213813962263 0.0868881658136 0) (-0.213509101427 0.0899591271252 0) (-0.213193925146 0.0930303908477 0) (-0.212868458398 0.0961019771451 0) (-0.212532726667 0.0991739071197 0) (-0.212186755908 0.102246202835 0) (-0.211830572525 0.105318887339 0) (-0.211464203333 0.108391984684 0) (-0.211087675533 0.111465519949 0) (-0.210701016677 0.114539519261 0) (-0.21030425464 0.117614009811 0) (-0.209897417587 0.120689019878 0) (-0.209480533939 0.123764578844 0) (-0.209053632348 0.126840717214 0) (-0.208616741657 0.129917466632 0) (-0.208169890871 0.132994859897 0) (-0.207713109129 0.136072930981 0) (-0.207246425664 0.139151715045 0) (-0.206769869778 0.14223124845 0) (-0.206283470804 0.145311568776 0))
    polyLine 8 12 ((0.00602553627868 0.0923777009146 -0.03) (0.0061406886839 0.0932524348516 -0.03) (0.00625692625184 0.0941270252499 -0.03) (0.0063742488036 0.0950014707633 -0.03) (0.00649265615858 0.0958757700457 -0.03) (0.00661214813453 0.0967499217515 -0.03) (0.00673272454751 0.097623924535 -0.03) (0.00685438521193 0.098497777051 -0.03) (0.00697712994052 0.0993714779544 -0.03) (0.00710095854434 0.1002450259 -0.03) (0.00722587083281 0.101118419544 -0.03) (0.00735186661363 0.101991657542 -0.03) (0.00747894569288 0.102864738549 -0.03) (0.00760710787495 0.103737661221 -0.03) (0.00773635296257 0.104610424215 -0.03) (0.00786668075678 0.105483026188 -0.03) (0.007998091057 0.106355465797 -0.03) (0.00813058366094 0.107227741697 -0.03) (0.00826415836467 0.108099852548 -0.03) (0.00839881496257 0.108971797006 -0.03) (0.00853455324739 0.109843573729 -0.03) (0.00867137301018 0.110715181375 -0.03) (0.00880927404034 0.111586618604 -0.03) (0.00894825612562 0.112457884072 -0.03) (0.00908831905208 0.11332897644 -0.03) (0.00922946260414 0.114199894367 -0.03) (0.00937168656453 0.115070636511 -0.03) (0.00951499071434 0.115941201533 -0.03) (0.00965937483298 0.116811588093 -0.03) (0.00980483869823 0.11768179485 -0.03) (0.00995138208616 0.118551820466 -0.03) (0.0100990047712 0.119421663602 -0.03) (0.0102477065262 0.120291322917 -0.03) (0.0103974871221 0.121160797074 -0.03) (0.0105483463285 0.122030084735 -0.03) (0.0107002839132 0.122899184561 -0.03) (0.0108532996422 0.123768095214 -0.03) (0.0110073932801 0.124636815358 -0.03) (0.0111625645896 0.125505343654 -0.03) (0.011318813332 0.126373678767 -0.03) (0.0114761392667 0.127241819359 -0.03) (0.0116345421515 0.128109764094 -0.03) (0.0117940217426 0.128977511636 -0.03) (0.0119545777945 0.12984506065 -0.03) (0.0121162100602 0.130712409799 -0.03) (0.0122789182908 0.13157955775 -0.03) (0.0124427022358 0.132446503167 -0.03) (0.0126075616432 0.133313244716 -0.03) (0.0127734962592 0.134179781063 -0.03) (0.0129405058284 0.135046110874 -0.03) (0.0131085900937 0.135912232815 -0.03) (0.0132777487965 0.136778145553 -0.03))
    polyLine 10 14 ((0.00602553627868 0.0923777009146 0) (0.0061406886839 0.0932524348516 0) (0.00625692625184 0.0941270252499 0) (0.0063742488036 0.0950014707633 0) (0.00649265615858 0.0958757700457 0) (0.00661214813453 0.0967499217515 0) (0.00673272454751 0.097623924535 0) (0.00685438521193 0.098497777051 0) (0.00697712994052 0.0993714779544 0) (0.00710095854434 0.1002450259 0) (0.00722587083281 0.101118419544 0) (0.00735186661363 0.101991657542 0) (0.00747894569288 0.102864738549 0) (0.00760710787495 0.103737661221 0) (0.00773635296257 0.104610424215 0) (0.00786668075678 0.105483026188 0) (0.007998091057 0.106355465797 0) (0.00813058366094 0.107227741697 0) (0.00826415836467 0.108099852548 0) (0.00839881496257 0.108971797006 0) (0.00853455324739 0.109843573729 0) (0.00867137301018 0.110715181375 0) (0.00880927404034 0.111586618604 0) (0.00894825612562 0.112457884072 0) (0.00908831905208 0.11332897644 0) (0.00922946260414 0.114199894367 0) (0.00937168656453 0.115070636511 0) (0.00951499071434 0.115941201533 0) (0.00965937483298 0.116811588093 0) (0.00980483869823 0.11768179485 0) (0.00995138208616 0.118551820466 0) (0.0100990047712 0.119421663602 0) (0.0102477065262 0.120291322917 0) (0.0103974871221 0.121160797074 0) (0.0105483463285 0.122030084735 0) (0.0107002839132 0.122899184561 0) (0.0108532996422 0.123768095214 0) (0.0110073932801 0.124636815358 0) (0.0111625645896 0.125505343654 0) (0.011318813332 0.126373678767 0) (0.0114761392667 0.127241819359 0) (0.0116345421515 0.128109764094 0) (0.0117940217426 0.128977511636 0) (0.0119545777945 0.12984506065 0) (0.0121162100602 0.130712409799 0) (0.0122789182908 0.13157955775 0) (0.0124427022358 0.132446503167 0) (0.0126075616432 0.133313244716 0) (0.0127734962592 0.134179781063 0) (0.0129405058284 0.135046110874 0) (0.0131085900937 0.135912232815 0) (0.0132777487965 0.136778145553 0))
    polyLine 9 13 ((-0.20529397692 0.151397985013 -0.03) (-0.204791419558 0.154404116688 -0.03) (-0.204279613022 0.157411149292 -0.03) (-0.20375858423 0.160419123417 -0.03) (-0.203228359959 0.163428080823 -0.03) (-0.202688966817 0.166438064449 -0.03) (-0.202140431218 0.169449118418 -0.03) (-0.201582779355 0.17246128805 -0.03) (-0.201016037171 0.175474619871 -0.03) (-0.20044023033 0.178489161618 -0.03) (-0.199855384199 0.181504962249 -0.03) (-0.199261523812 0.18452207195 -0.03) (-0.198658673851 0.187540542145 -0.03) (-0.198046858616 0.190560425499 -0.03) (-0.197426102003 0.193581775929 -0.03) (-0.196796427477 0.196604648609 -0.03) (-0.196157858047 0.199629099975 -0.03) (-0.195510416243 0.202655187737 -0.03) (-0.19485412409 0.205682970877 -0.03) (-0.194189003087 0.208712509663 -0.03) (-0.19351507418 0.21174386565 -0.03) (-0.192832357742 0.214777101689 -0.03) (-0.192140873548 0.217812281932 -0.03))
    polyLine 11 15 ((-0.20529397692 0.151397985013 0) (-0.204791419558 0.154404116688 0) (-0.204279613022 0.157411149292 0) (-0.20375858423 0.160419123417 0) (-0.203228359959 0.163428080823 0) (-0.202688966817 0.166438064449 0) (-0.202140431218 0.169449118418 0) (-0.201582779355 0.17246128805 0) (-0.201016037171 0.175474619871 0) (-0.20044023033 0.178489161618 0) (-0.199855384199 0.181504962249 0) (-0.199261523812 0.18452207195 0) (-0.198658673851 0.187540542145 0) (-0.198046858616 0.190560425499 0) (-0.197426102003 0.193581775929 0) (-0.196796427477 0.196604648609 0) (-0.196157858047 0.199629099975 0) (-0.195510416243 0.202655187737 0) (-0.19485412409 0.205682970877 0) (-0.194189003087 0.208712509663 0) (-0.19351507418 0.21174386565 0) (-0.192832357742 0.214777101689 0) (-0.192140873548 0.217812281932 0))
    polyLine 12 16 ((0.0134479816762 0.137643847756 -0.03) (0.0136192884709 0.13850933809 -0.03) (0.0137916689169 0.139374615224 -0.03) (0.0139651227489 0.140239677826 -0.03) (0.0141396496998 0.141104524564 -0.03) (0.0143152495011 0.141969154107 -0.03) (0.0144919218824 0.142833565125 -0.03) (0.0146696665719 0.143697756285 -0.03) (0.0148484832958 0.144561726259 -0.03) (0.015028371779 0.145425473717 -0.03) (0.0152093317446 0.146288997329 -0.03) (0.015391362914 0.147152295765 -0.03) (0.015574465007 0.148015367698 -0.03) (0.0157586377419 0.148878211798 -0.03) (0.015943880835 0.149740826737 -0.03) (0.0161301940014 0.150603211188 -0.03) (0.0163175769541 0.151465363823 -0.03) (0.0165060294048 0.152327283315 -0.03) (0.0166955510633 0.153188968337 -0.03) (0.0168861416381 0.154050417564 -0.03) (0.0170778008356 0.154911629668 -0.03) (0.0172705283609 0.155772603325 -0.03) (0.0174643239174 0.156633337209 -0.03) (0.0176591872067 0.157493829996 -0.03) (0.0178551179289 0.15835408036 -0.03) (0.0180521157824 0.159214086978 -0.03) (0.018250180464 0.160073848525 -0.03) (0.0184493116687 0.16093336368 -0.03) (0.0186495090902 0.161792631117 -0.03) (0.0188507724202 0.162651649516 -0.03) (0.019053101349 0.163510417553 -0.03) (0.019256495565 0.164368933907 -0.03) (0.0194609547553 0.165227197256 -0.03) (0.0196664786052 0.166085206279 -0.03) (0.0198730667982 0.166942959656 -0.03) (0.0200807190163 0.167800456066 -0.03) (0.0202894349401 0.16865769419 -0.03) (0.0204992142481 0.169514672707 -0.03) (0.0207100566175 0.170371390299 -0.03) (0.0209219617237 0.171227845647 -0.03) (0.0211349292406 0.172084037432 -0.03) (0.0213489588404 0.172939964338 -0.03) (0.0215640501935 0.173795625045 -0.03) (0.0217802029691 0.174651018238 -0.03) (0.0219974168342 0.1755061426 -0.03) (0.0222156914546 0.176360996814 -0.03) (0.0224350264943 0.177215579564 -0.03) (0.0226554216157 0.178069889536 -0.03) (0.0228768764795 0.178923925413 -0.03) (0.0230993907449 0.179777685883 -0.03) (0.0233229640694 0.180631169629 -0.03) (0.0235475961088 0.181484375339 -0.03))
    polyLine 14 18 ((0.0134479816762 0.137643847756 0) (0.0136192884709 0.13850933809 0) (0.0137916689169 0.139374615224 0) (0.0139651227489 0.140239677826 0) (0.0141396496998 0.141104524564 0) (0.0143152495011 0.141969154107 0) (0.0144919218824 0.142833565125 0) (0.0146696665719 0.143697756285 0) (0.0148484832958 0.144561726259 0) (0.015028371779 0.145425473717 0) (0.0152093317446 0.146288997329 0) (0.015391362914 0.147152295765 0) (0.015574465007 0.148015367698 0) (0.0157586377419 0.148878211798 0) (0.015943880835 0.149740826737 0) (0.0161301940014 0.150603211188 0) (0.0163175769541 0.151465363823 0) (0.0165060294048 0.152327283315 0) (0.0166955510633 0.153188968337 0) (0.0168861416381 0.154050417564 0) (0.0170778008356 0.154911629668 0) (0.0172705283609 0.155772603325 0) (0.0174643239174 0.156633337209 0) (0.0176591872067 0.157493829996 0) (0.0178551179289 0.15835408036 0) (0.0180521157824 0.159214086978 0) (0.018250180464 0.160073848525 0) (0.0184493116687 0.16093336368 0) (0.0186495090902 0.161792631117 0) (0.0188507724202 0.162651649516 0) (0.019053101349 0.163510417553 0) (0.019256495565 0.164368933907 0) (0.0194609547553 0.165227197256 0) (0.0196664786052 0.166085206279 0) (0.0198730667982 0.166942959656 0) (0.0200807190163 0.167800456066 0) (0.0202894349401 0.16865769419 0) (0.0204992142481 0.169514672707 0) (0.0207100566175 0.170371390299 0) (0.0209219617237 0.171227845647 0) (0.0211349292406 0.172084037432 0) (0.0213489588404 0.172939964338 0) (0.0215640501935 0.173795625045 0) (0.0217802029691 0.174651018238 0) (0.0219974168342 0.1755061426 0) (0.0222156914546 0.176360996814 0) (0.0224350264943 0.177215579564 0) (0.0226554216157 0.178069889536 0) (0.0228768764795 0.178923925413 0) (0.0230993907449 0.179777685883 0) (0.0233229640694 0.180631169629 0) (0.0235475961088 0.181484375339 0))
    polyLine 13 17 ((-0.190756754622 0.22378183421 -0.03) (-0.190064757599 0.226716190686 -0.03) (-0.189364665137 0.229652603545 -0.03) (-0.188656492076 0.232591136221 -0.03) (-0.187940252629 0.235531853305 -0.03) (-0.187215960361 0.238474820548 -0.03) (-0.186483628177 0.24142010487 -0.03) (-0.185743268303 0.244367774363 -0.03) (-0.184994892267 0.247317898293 -0.03) (-0.184238510888 0.250270547112 -0.03) (-0.183474134257 0.253225792457 -0.03) (-0.182701771721 0.256183707158 -0.03) (-0.181921431867 0.259144365245 -0.03) (-0.18113312251 0.262107841953 -0.03) (-0.180336850674 0.265074213723 -0.03) (-0.179532622579 0.268043558219 -0.03) (-0.178720443626 0.271015954321 -0.03) (-0.177900318384 0.273991482143 -0.03) (-0.177072250573 0.276970223033 -0.03) (-0.176236243049 0.279952259582 -0.03) (-0.175392297796 0.282937675631 -0.03) (-0.174540415906 0.285926556279 -0.03) (-0.173680597567 0.28891898789 -0.03))
    polyLine 15 19 ((-0.190756754622 0.22378183421 0) (-0.190064757599 0.226716190686 0) (-0.189364665137 0.229652603545 0) (-0.188656492076 0.232591136221 0) (-0.187940252629 0.235531853305 0) (-0.187215960361 0.238474820548 0) (-0.186483628177 0.24142010487 0) (-0.185743268303 0.244367774363 0) (-0.184994892267 0.247317898293 0) (-0.184238510888 0.250270547112 0) (-0.183474134257 0.253225792457 0) (-0.182701771721 0.256183707158 0) (-0.181921431867 0.259144365245 0) (-0.18113312251 0.262107841953 0) (-0.180336850674 0.265074213723 0) (-0.179532622579 0.268043558219 0) (-0.178720443626 0.271015954321 0) (-0.177900318384 0.273991482143 0) (-0.177072250573 0.276970223033 0) (-0.176236243049 0.279952259582 0) (-0.175392297796 0.282937675631 0) (-0.174540415906 0.285926556279 0) (-0.173680597567 0.28891898789 0))
    polyLine 16 20 ((0.0237732865174 0.1823373017 -0.03) (0.0240000349477 0.183189947398 -0.03) (0.0242278410508 0.184042311121 -0.03) (0.0244567044759 0.184894391557 -0.03) (0.0246866248709 0.185746187395 -0.03) (0.0249176018818 0.186597697323 -0.03) (0.0251496351531 0.18744892003 -0.03) (0.0253827243277 0.188299854207 -0.03) (0.0256168690466 0.189150498544 -0.03) (0.0258520689496 0.190000851731 -0.03) (0.0260883236746 0.190850912459 -0.03) (0.026325632858 0.191700679421 -0.03) (0.0265639961344 0.192550151307 -0.03) (0.026803413137 0.19339932681 -0.03) (0.0270438834973 0.194248204624 -0.03) (0.027285406845 0.195096783442 -0.03) (0.0275279828085 0.195945061957 -0.03) (0.0277716110144 0.196793038863 -0.03) (0.0280162910876 0.197640712857 -0.03) (0.0282620226516 0.198488082631 -0.03) (0.028508805328 0.199335146884 -0.03) (0.0287566387371 0.20018190431 -0.03) (0.0290055224973 0.201028353606 -0.03) (0.0292554562255 0.201874493469 -0.03) (0.0295064395371 0.202720322598 -0.03) (0.0297584720458 0.203565839689 -0.03) (0.0300115533635 0.204411043442 -0.03) (0.0302656831007 0.205255932555 -0.03) (0.0305208608663 0.206100505728 -0.03) (0.0307770862675 0.206944761661 -0.03) (0.0310343589098 0.207788699055 -0.03) (0.0312926783973 0.20863231661 -0.03) (0.0315520443324 0.209475613028 -0.03) (0.0318124563158 0.210318587011 -0.03) (0.0320739139466 0.211161237261 -0.03) (0.0323364168226 0.212003562482 -0.03) (0.0325999645394 0.212845561376 -0.03) (0.0328645566917 0.213687232648 -0.03) (0.0331301928719 0.214528575002 -0.03) (0.0333968726713 0.215369587143 -0.03) (0.0336645956794 0.216210267777 -0.03) (0.0339333614841 0.217050615609 -0.03) (0.0342031696716 0.217890629347 -0.03) (0.0344740198267 0.218730307696 -0.03) (0.0347459115325 0.219569649365 -0.03) (0.0350188443705 0.220408653062 -0.03) (0.0352928179206 0.221247317494 -0.03) (0.0355678317609 0.222085641373 -0.03) (0.0358438854683 0.222923623406 -0.03) (0.0361209786179 0.223761262304 -0.03) (0.036399110783 0.224598556777 -0.03) (0.0366782815356 0.225435505538 -0.03))
    polyLine 18 22 ((0.0237732865174 0.1823373017 0) (0.0240000349477 0.183189947398 0) (0.0242278410508 0.184042311121 0) (0.0244567044759 0.184894391557 0) (0.0246866248709 0.185746187395 0) (0.0249176018818 0.186597697323 0) (0.0251496351531 0.18744892003 0) (0.0253827243277 0.188299854207 0) (0.0256168690466 0.189150498544 0) (0.0258520689496 0.190000851731 0) (0.0260883236746 0.190850912459 0) (0.026325632858 0.191700679421 0) (0.0265639961344 0.192550151307 0) (0.026803413137 0.19339932681 0) (0.0270438834973 0.194248204624 0) (0.027285406845 0.195096783442 0) (0.0275279828085 0.195945061957 0) (0.0277716110144 0.196793038863 0) (0.0280162910876 0.197640712857 0) (0.0282620226516 0.198488082631 0) (0.028508805328 0.199335146884 0) (0.0287566387371 0.20018190431 0) (0.0290055224973 0.201028353606 0) (0.0292554562255 0.201874493469 0) (0.0295064395371 0.202720322598 0) (0.0297584720458 0.203565839689 0) (0.0300115533635 0.204411043442 0) (0.0302656831007 0.205255932555 0) (0.0305208608663 0.206100505728 0) (0.0307770862675 0.206944761661 0) (0.0310343589098 0.207788699055 0) (0.0312926783973 0.20863231661 0) (0.0315520443324 0.209475613028 0) (0.0318124563158 0.210318587011 0) (0.0320739139466 0.211161237261 0) (0.0323364168226 0.212003562482 0) (0.0325999645394 0.212845561376 0) (0.0328645566917 0.213687232648 0) (0.0331301928719 0.214528575002 0) (0.0333968726713 0.215369587143 0) (0.0336645956794 0.216210267777 0) (0.0339333614841 0.217050615609 0) (0.0342031696716 0.217890629347 0) (0.0344740198267 0.218730307696 0) (0.0347459115325 0.219569649365 0) (0.0350188443705 0.220408653062 0) (0.0352928179206 0.221247317494 0) (0.0355678317609 0.222085641373 0) (0.0358438854683 0.222923623406 0) (0.0361209786179 0.223761262304 0) (0.036399110783 0.224598556777 0) (0.0366782815356 0.225435505538 0))
    polyLine 17 21 ((-0.171975284078 0.294784700639 -0.03) (-0.171130458572 0.297657833383 -0.03) (-0.170278362469 0.30053453637 -0.03) (-0.169418991896 0.303414890731 -0.03) (-0.168552342156 0.306298978703 -0.03) (-0.167678407721 0.30918688363 -0.03) (-0.166797182218 0.312078689977 -0.03) (-0.165908658422 0.314974483335 -0.03) (-0.165012828243 0.31787435043 -0.03) (-0.164109682719 0.320778379133 -0.03) (-0.163199212002 0.323686658471 -0.03) (-0.16228140535 0.326599278632 -0.03) (-0.161356251117 0.329516330979 -0.03) (-0.16042373674 0.33243790806 -0.03) (-0.159483848734 0.335364103615 -0.03) (-0.158536572675 0.338295012593 -0.03) (-0.157581893194 0.341230731157 -0.03) (-0.156619793967 0.344171356702 -0.03) (-0.155650257702 0.347116987862 -0.03) (-0.15467326613 0.350067724524 -0.03) (-0.153688799994 0.353023667843 -0.03) (-0.152696839038 0.355984920253 -0.03) (-0.151697361998 0.358951585481 -0.03))
    polyLine 19 23 ((-0.171975284078 0.294784700639 0) (-0.171130458572 0.297657833383 0) (-0.170278362469 0.30053453637 0) (-0.169418991896 0.303414890731 0) (-0.168552342156 0.306298978703 0) (-0.167678407721 0.30918688363 0) (-0.166797182218 0.312078689977 0) (-0.165908658422 0.314974483335 0) (-0.165012828243 0.31787435043 0) (-0.164109682719 0.320778379133 0) (-0.163199212002 0.323686658471 0) (-0.16228140535 0.326599278632 0) (-0.161356251117 0.329516330979 0) (-0.16042373674 0.33243790806 0) (-0.159483848734 0.335364103615 0) (-0.158536572675 0.338295012593 0) (-0.157581893194 0.341230731157 0) (-0.156619793967 0.344171356702 0) (-0.155650257702 0.347116987862 0) (-0.15467326613 0.350067724524 0) (-0.153688799994 0.353023667843 0) (-0.152696839038 0.355984920253 0) (-0.151697361998 0.358951585481 0))
    polyLine 20 24 ((0.0369584904459 0.226272107297 -0.03) (0.0372397370827 0.227108360767 -0.03) (0.0375220210131 0.227944264661 -0.03) (0.0378053418025 0.228779817692 -0.03) (0.0380896990149 0.229615018573 -0.03) (0.0383750922125 0.23044986602 -0.03) (0.0386615209561 0.231284358748 -0.03) (0.0389489848047 0.232118495471 -0.03) (0.0392374833159 0.232952274906 -0.03) (0.0395270160456 0.233785695769 -0.03) (0.0398175825482 0.234618756778 -0.03) (0.0401091823764 0.23545145665 -0.03) (0.0404018150814 0.236283794104 -0.03) (0.0406954802127 0.237115767858 -0.03) (0.0409901773183 0.237947376632 -0.03) (0.0412859059445 0.238778619146 -0.03) (0.0415826656363 0.23960949412 -0.03) (0.0418804559367 0.240440000275 -0.03) (0.0421792763875 0.241270136333 -0.03) (0.0424791265287 0.242099901017 -0.03) (0.0427800058987 0.242929293048 -0.03) (0.0430819140343 0.243758311151 -0.03) (0.043384850471 0.244586954049 -0.03) (0.0436888147423 0.245415220466 -0.03) (0.0439938063805 0.246243109129 -0.03) (0.044299824916 0.247070618762 -0.03) (0.0446068698778 0.247897748092 -0.03) (0.0449149407934 0.248724495846 -0.03) (0.0452240371884 0.24955086075 -0.03) (0.0455341585871 0.250376841534 -0.03) (0.0458453045123 0.251202436925 -0.03) (0.0461574744848 0.252027645654 -0.03) (0.0464706680243 0.252852466449 -0.03) (0.0467848846486 0.253676898041 -0.03) (0.0471001238742 0.254500939161 -0.03) (0.0474163852156 0.255324588541 -0.03) (0.0477336681863 0.256147844912 -0.03) (0.0480519722977 0.256970707009 -0.03) (0.0483712970599 0.257793173563 -0.03) (0.0486916419815 0.25861524331 -0.03) (0.0490130065692 0.259436914983 -0.03) (0.0493353903285 0.260258187318 -0.03) (0.0496587927632 0.261079059051 -0.03) (0.0499832133754 0.261899528919 -0.03) (0.0503086516657 0.262719595658 -0.03) (0.0506351071333 0.263539258006 -0.03) (0.0509625792756 0.264358514701 -0.03) (0.0512910675886 0.265177364483 -0.03) (0.0516205715666 0.265995806091 -0.03) (0.0519510907025 0.266813838265 -0.03) (0.0522826244875 0.267631459746 -0.03) (0.0526151724114 0.268448669276 -0.03) (0.0529487339621 0.269265465596 -0.03))
    polyLine 22 26 ((0.0369584904459 0.226272107297 0) (0.0372397370827 0.227108360767 0) (0.0375220210131 0.227944264661 0) (0.0378053418025 0.228779817692 0) (0.0380896990149 0.229615018573 0) (0.0383750922125 0.23044986602 0) (0.0386615209561 0.231284358748 0) (0.0389489848047 0.232118495471 0) (0.0392374833159 0.232952274906 0) (0.0395270160456 0.233785695769 0) (0.0398175825482 0.234618756778 0) (0.0401091823764 0.23545145665 0) (0.0404018150814 0.236283794104 0) (0.0406954802127 0.237115767858 0) (0.0409901773183 0.237947376632 0) (0.0412859059445 0.238778619146 0) (0.0415826656363 0.23960949412 0) (0.0418804559367 0.240440000275 0) (0.0421792763875 0.241270136333 0) (0.0424791265287 0.242099901017 0) (0.0427800058987 0.242929293048 0) (0.0430819140343 0.243758311151 0) (0.043384850471 0.244586954049 0) (0.0436888147423 0.245415220466 0) (0.0439938063805 0.246243109129 0) (0.044299824916 0.247070618762 0) (0.0446068698778 0.247897748092 0) (0.0449149407934 0.248724495846 0) (0.0452240371884 0.24955086075 0) (0.0455341585871 0.250376841534 0) (0.0458453045123 0.251202436925 0) (0.0461574744848 0.252027645654 0) (0.0464706680243 0.252852466449 0) (0.0467848846486 0.253676898041 0) (0.0471001238742 0.254500939161 0) (0.0474163852156 0.255324588541 0) (0.0477336681863 0.256147844912 0) (0.0480519722977 0.256970707009 0) (0.0483712970599 0.257793173563 0) (0.0486916419815 0.25861524331 0) (0.0490130065692 0.259436914983 0) (0.0493353903285 0.260258187318 0) (0.0496587927632 0.261079059051 0) (0.0499832133754 0.261899528919 0) (0.0503086516657 0.262719595658 0) (0.0506351071333 0.263539258006 0) (0.0509625792756 0.264358514701 0) (0.0512910675886 0.265177364483 0) (0.0516205715666 0.265995806091 0) (0.0519510907025 0.266813838265 0) (0.0522826244875 0.267631459746 0) (0.0526151724114 0.268448669276 0) (0.0529487339621 0.269265465596 0))
    polyLine 21 25 ((-0.149726039738 0.364754419819 -0.03) (-0.148754878555 0.367590246109 -0.03) (-0.147776841278 0.370431341027 -0.03) (-0.146791905278 0.373277799282 -0.03) (-0.145800047044 0.376129716712 -0.03) (-0.144801242182 0.378987190299 -0.03) (-0.143795465403 0.381850318177 -0.03) (-0.142782690512 0.384719199653 -0.03) (-0.141762890399 0.387593935214 -0.03) (-0.140736037032 0.390474626549 -0.03) (-0.139702101445 0.393361376556 -0.03) (-0.138661053731 0.396254289363 -0.03) (-0.137612863027 0.399153470343 -0.03) (-0.136557497508 0.402059026127 -0.03) (-0.135494924376 0.404971064623 -0.03) (-0.134425109849 0.407889695035 -0.03) (-0.133348019151 0.410815027876 -0.03) (-0.132263616499 0.413747174987 -0.03) (-0.131171865094 0.41668624956 -0.03) (-0.13007272711 0.419632366148 -0.03) (-0.128966163681 0.422585640695 -0.03) (-0.12785213489 0.425546190546 -0.03) (-0.126730599756 0.428514134474 -0.03))
    polyLine 23 27 ((-0.149726039738 0.364754419819 0) (-0.148754878555 0.367590246109 0) (-0.147776841278 0.370431341027 0) (-0.146791905278 0.373277799282 0) (-0.145800047044 0.376129716712 0) (-0.144801242182 0.378987190299 0) (-0.143795465403 0.381850318177 0) (-0.142782690512 0.384719199653 0) (-0.141762890399 0.387593935214 0) (-0.140736037032 0.390474626549 0) (-0.139702101445 0.393361376556 0) (-0.138661053731 0.396254289363 0) (-0.137612863027 0.399153470343 0) (-0.136557497508 0.402059026127 0) (-0.135494924376 0.404971064623 0) (-0.134425109849 0.407889695035 0) (-0.133348019151 0.410815027876 0) (-0.132263616499 0.413747174987 0) (-0.131171865094 0.41668624956 0) (-0.13007272711 0.419632366148 0) (-0.128966163681 0.422585640695 0) (-0.12785213489 0.425546190546 0) (-0.126730599756 0.428514134474 0))
    polyLine 24 28 ((0.0532833086263 0.27008184745 -0.03) (0.0536188958891 0.27089781358 -0.03) (0.0539554952337 0.271713362731 -0.03) (0.0542931061423 0.272528493648 -0.03) (0.0546317280949 0.273343205076 -0.03) (0.0549713605706 0.27415749576 -0.03) (0.0553120030463 0.274971364448 -0.03) (0.055653654998 0.275784809886 -0.03) (0.0559963158995 0.276597830822 -0.03) (0.0563399852236 0.277410426006 -0.03) (0.0566846624412 0.278222594186 -0.03) (0.0570303470217 0.279034334112 -0.03) (0.0573770384331 0.279845644535 -0.03) (0.0577247361418 0.280656524206 -0.03) (0.0580734396125 0.281466971876 -0.03) (0.0584231483084 0.282276986299 -0.03) (0.0587738616914 0.283086566227 -0.03) (0.0591255792215 0.283895710415 -0.03) (0.0594783003575 0.284704417616 -0.03) (0.0598320245563 0.285512686586 -0.03) (0.0601867512735 0.286320516081 -0.03) (0.060542479963 0.287127904858 -0.03) (0.0608992100774 0.287934851673 -0.03) (0.0612569410675 0.288741355284 -0.03) (0.0616156723828 0.289547414451 -0.03) (0.0619754034709 0.290353027933 -0.03) (0.0623361337782 0.291158194488 -0.03) (0.0626978627495 0.291962912879 -0.03) (0.0630605898279 0.292767181866 -0.03) (0.0634243144552 0.293571000212 -0.03) (0.0637890360714 0.294374366678 -0.03) (0.0641547541151 0.295177280029 -0.03) (0.0645214680236 0.295979739029 -0.03) (0.0648891772322 0.296781742442 -0.03) (0.0652578811749 0.297583289035 -0.03) (0.0656275792843 0.298384377572 -0.03) (0.0659982709913 0.299185006822 -0.03) (0.0663699557253 0.299985175551 -0.03) (0.0667426329142 0.300784882529 -0.03) (0.0671163019844 0.301584126523 -0.03) (0.0674909623606 0.302382906305 -0.03) (0.0678666134662 0.303181220644 -0.03) (0.0682432547229 0.303979068312 -0.03) (0.0686208855511 0.30477644808 -0.03) (0.0689995053694 0.305573358721 -0.03) (0.0693791135951 0.306369799009 -0.03) (0.0697597096438 0.307165767717 -0.03) (0.0701412929298 0.307961263621 -0.03) (0.0705238628656 0.308756285495 -0.03) (0.0709074188623 0.309550832117 -0.03) (0.0712919603297 0.310344902263 -0.03) (0.0716774866758 0.311138494711 -0.03))
    polyLine 26 30 ((0.0532833086263 0.27008184745 0) (0.0536188958891 0.27089781358 0) (0.0539554952337 0.271713362731 0) (0.0542931061423 0.272528493648 0) (0.0546317280949 0.273343205076 0) (0.0549713605706 0.27415749576 0) (0.0553120030463 0.274971364448 0) (0.055653654998 0.275784809886 0) (0.0559963158995 0.276597830822 0) (0.0563399852236 0.277410426006 0) (0.0566846624412 0.278222594186 0) (0.0570303470217 0.279034334112 0) (0.0573770384331 0.279845644535 0) (0.0577247361418 0.280656524206 0) (0.0580734396125 0.281466971876 0) (0.0584231483084 0.282276986299 0) (0.0587738616914 0.283086566227 0) (0.0591255792215 0.283895710415 0) (0.0594783003575 0.284704417616 0) (0.0598320245563 0.285512686586 0) (0.0601867512735 0.286320516081 0) (0.060542479963 0.287127904858 0) (0.0608992100774 0.287934851673 0) (0.0612569410675 0.288741355284 0) (0.0616156723828 0.289547414451 0) (0.0619754034709 0.290353027933 0) (0.0623361337782 0.291158194488 0) (0.0626978627495 0.291962912879 0) (0.0630605898279 0.292767181866 0) (0.0634243144552 0.293571000212 0) (0.0637890360714 0.294374366678 0) (0.0641547541151 0.295177280029 0) (0.0645214680236 0.295979739029 0) (0.0648891772322 0.296781742442 0) (0.0652578811749 0.297583289035 0) (0.0656275792843 0.298384377572 0) (0.0659982709913 0.299185006822 0) (0.0663699557253 0.299985175551 0) (0.0667426329142 0.300784882529 0) (0.0671163019844 0.301584126523 0) (0.0674909623606 0.302382906305 0) (0.0678666134662 0.303181220644 0) (0.0682432547229 0.303979068312 0) (0.0686208855511 0.30477644808 0) (0.0689995053694 0.305573358721 0) (0.0693791135951 0.306369799009 0) (0.0697597096438 0.307165767717 0) (0.0701412929298 0.307961263621 0) (0.0705238628656 0.308756285495 0) (0.0709074188623 0.309550832117 0) (0.0712919603297 0.310344902263 0) (0.0716774866758 0.311138494711 0))
    polyLine 25 29 ((-0.124525615565 0.434313500172 -0.03) (-0.123442873518 0.437144355826 -0.03) (-0.122353251673 0.439982265347 -0.03) (-0.121256710718 0.442827335657 -0.03) (-0.120153210427 0.445679674925 -0.03) (-0.119042709647 0.448539392589 -0.03) (-0.117925166291 0.451406599371 -0.03) (-0.116800537327 0.454281407296 -0.03) (-0.115668778763 0.457163929716 -0.03) (-0.114529845639 0.460054281325 -0.03) (-0.113383692015 0.462952578181 -0.03) (-0.112230270957 0.465858937729 -0.03) (-0.111069534526 0.468773478817 -0.03) (-0.109901433769 0.471696321725 -0.03) (-0.108725918699 0.474627588183 -0.03) (-0.10754293829 0.477567401392 -0.03) (-0.106352440456 0.480515886053 -0.03) (-0.105154372044 0.483473168385 -0.03) (-0.103948678818 0.486439376154 -0.03) (-0.102735305441 0.489414638695 -0.03) (-0.101514195467 0.492399086939 -0.03) (-0.100285291322 0.495392853439 -0.03) (-0.099048534289 0.498396072397 -0.03))
    polyLine 27 31 ((-0.124525615565 0.434313500172 0) (-0.123442873518 0.437144355826 0) (-0.122353251673 0.439982265347 0) (-0.121256710718 0.442827335657 0) (-0.120153210427 0.445679674925 0) (-0.119042709647 0.448539392589 0) (-0.117925166291 0.451406599371 0) (-0.116800537327 0.454281407296 0) (-0.115668778763 0.457163929716 0) (-0.114529845639 0.460054281325 0) (-0.113383692015 0.462952578181 0) (-0.112230270957 0.465858937729 0) (-0.111069534526 0.468773478817 0) (-0.109901433769 0.471696321725 0) (-0.108725918699 0.474627588183 0) (-0.10754293829 0.477567401392 0) (-0.106352440456 0.480515886053 0) (-0.105154372044 0.483473168385 0) (-0.103948678818 0.486439376154 0) (-0.102735305441 0.489414638695 0) (-0.101514195467 0.492399086939 0) (-0.100285291322 0.495392853439 0) (-0.099048534289 0.498396072397 0))
    polyLine 28 32 ((0.0720639973072 0.31193160824 -0.03) (0.0724514916289 0.312724241628 -0.03) (0.0728399690445 0.313516393655 -0.03) (0.073229428956 0.314308063103 -0.03) (0.073619870764 0.315099248752 -0.03) (0.0740112938674 0.315889949385 -0.03) (0.0744036976638 0.316680163785 -0.03) (0.0747970815492 0.317469890735 -0.03) (0.075191444918 0.31825912902 -0.03) (0.0755867871632 0.319047877425 -0.03) (0.0759831076763 0.319836134735 -0.03) (0.0763804058473 0.320623899738 -0.03) (0.0767786810646 0.321411171222 -0.03) (0.0771779327151 0.322197947973 -0.03) (0.0775781601844 0.322984228782 -0.03) (0.0779793628563 0.323770012437 -0.03) (0.0783815401134 0.32455529773 -0.03) (0.0787846913365 0.325340083451 -0.03) (0.0791888159052 0.326124368393 -0.03) (0.0795939131973 0.326908151348 -0.03) (0.0799999825893 0.32769143111 -0.03) (0.0804070234563 0.328474206474 -0.03) (0.0808150351715 0.329256476233 -0.03) (0.0812240171071 0.330038239186 -0.03) (0.0816339686335 0.330819494127 -0.03) (0.0820448891196 0.331600239854 -0.03) (0.082456777933 0.332380475166 -0.03) (0.0828696344397 0.333160198862 -0.03) (0.0832834580042 0.333939409742 -0.03) (0.0836982479894 0.334718106605 -0.03) (0.084114003757 0.335496288254 -0.03) (0.0845307246669 0.336273953491 -0.03) (0.0849484100778 0.337051101118 -0.03) (0.0853670593468 0.337827729939 -0.03) (0.0857866718293 0.33860383876 -0.03) (0.0862072468796 0.339379426385 -0.03) (0.0866287838502 0.340154491621 -0.03) (0.0870512820923 0.340929033274 -0.03) (0.0874747409556 0.341703050152 -0.03) (0.0878991597883 0.342476541065 -0.03) (0.088324537937 0.34324950482 -0.03) (0.0887508747471 0.344021940229 -0.03) (0.0891781695623 0.344793846103 -0.03) (0.0896064217248 0.345565221253 -0.03) (0.0900356305755 0.346336064493 -0.03) (0.0904657954537 0.347106374634 -0.03) (0.0908969156973 0.347876150493 -0.03) (0.0913289906427 0.348645390884 -0.03) (0.0917620196248 0.349414094622 -0.03) (0.0921960019771 0.350182260525 -0.03) (0.0926309370316 0.350949887411 -0.03) (0.0930668241188 0.351716974097 -0.03))
    polyLine 30 34 ((0.0720639973072 0.31193160824 0) (0.0724514916289 0.312724241628 0) (0.0728399690445 0.313516393655 0) (0.073229428956 0.314308063103 0) (0.073619870764 0.315099248752 0) (0.0740112938674 0.315889949385 0) (0.0744036976638 0.316680163785 0) (0.0747970815492 0.317469890735 0) (0.075191444918 0.31825912902 0) (0.0755867871632 0.319047877425 0) (0.0759831076763 0.319836134735 0) (0.0763804058473 0.320623899738 0) (0.0767786810646 0.321411171222 0) (0.0771779327151 0.322197947973 0) (0.0775781601844 0.322984228782 0) (0.0779793628563 0.323770012437 0) (0.0783815401134 0.32455529773 0) (0.0787846913365 0.325340083451 0) (0.0791888159052 0.326124368393 0) (0.0795939131973 0.326908151348 0) (0.0799999825893 0.32769143111 0) (0.0804070234563 0.328474206474 0) (0.0808150351715 0.329256476233 0) (0.0812240171071 0.330038239186 0) (0.0816339686335 0.330819494127 0) (0.0820448891196 0.331600239854 0) (0.082456777933 0.332380475166 0) (0.0828696344397 0.333160198862 0) (0.0832834580042 0.333939409742 0) (0.0836982479894 0.334718106605 0) (0.084114003757 0.335496288254 0) (0.0845307246669 0.336273953491 0) (0.0849484100778 0.337051101118 0) (0.0853670593468 0.337827729939 0) (0.0857866718293 0.33860383876 0) (0.0862072468796 0.339379426385 0) (0.0866287838502 0.340154491621 0) (0.0870512820923 0.340929033274 0) (0.0874747409556 0.341703050152 0) (0.0878991597883 0.342476541065 0) (0.088324537937 0.34324950482 0) (0.0887508747471 0.344021940229 0) (0.0891781695623 0.344793846103 0) (0.0896064217248 0.345565221253 0) (0.0900356305755 0.346336064493 0) (0.0904657954537 0.347106374634 0) (0.0908969156973 0.347876150493 0) (0.0913289906427 0.348645390884 0) (0.0917620196248 0.349414094622 0) (0.0921960019771 0.350182260525 0) (0.0926309370316 0.350949887411 0) (0.0930668241188 0.351716974097 0))
    polyLine 29 33 ((-0.0966208021084 0.504263767776 -0.03) (-0.0954305722178 0.507127451733 -0.03) (-0.0942331214315 0.510000050343 -0.03) (-0.0930283953862 0.512881683816 -0.03) (-0.0918163387331 0.515772473808 -0.03) (-0.0905968951243 0.518672543442 -0.03) (-0.0893700072 0.521582017338 -0.03) (-0.0881356165737 0.524501021633 -0.03) (-0.0868936638187 0.527429684005 -0.03) (-0.0856440884533 0.530368133704 -0.03) (-0.0843868289259 0.533316501572 -0.03) (-0.0831218226002 0.536274920071 -0.03) (-0.0818490057392 0.539243523314 -0.03) (-0.0805683134899 0.542222447086 -0.03) (-0.0792796798667 0.54521182888 -0.03) (-0.0779830377353 0.548211807919 -0.03) (-0.0766783187952 0.551222525188 -0.03) (-0.0753654535631 0.554244123468 -0.03) (-0.0740443713546 0.557276747359 -0.03) (-0.0727150002665 0.560320543319 -0.03) (-0.0713772671583 0.563375659692 -0.03) (-0.0700310976329 0.566442246742 -0.03) (-0.0686764160181 0.569520456685 -0.03))
    polyLine 31 35 ((-0.0966208021084 0.504263767776 0) (-0.0954305722178 0.507127451733 0) (-0.0942331214315 0.510000050343 0) (-0.0930283953862 0.512881683816 0) (-0.0918163387331 0.515772473808 0) (-0.0905968951243 0.518672543442 0) (-0.0893700072 0.521582017338 0) (-0.0881356165737 0.524501021633 0) (-0.0868936638187 0.527429684005 0) (-0.0856440884533 0.530368133704 0) (-0.0843868289259 0.533316501572 0) (-0.0831218226002 0.536274920071 0) (-0.0818490057392 0.539243523314 0) (-0.0805683134899 0.542222447086 0) (-0.0792796798667 0.54521182888 0) (-0.0779830377353 0.548211807919 0) (-0.0766783187952 0.551222525188 0) (-0.0753654535631 0.554244123468 0) (-0.0740443713546 0.557276747359 0) (-0.0727150002665 0.560320543319 0) (-0.0713772671583 0.563375659692 0) (-0.0700310976329 0.566442246742 0) (-0.0686764160181 0.569520456685 0))
    polyLine 32 36 ((0.0935036625677 0.352483519403 -0.03) (0.093941451706 0.35324952215 -0.03) (0.0943801908598 0.354014981157 -0.03) (0.0948198793537 0.354779895247 -0.03) (0.095260516511 0.355544263243 -0.03) (0.0957021016535 0.356308083967 -0.03) (0.0961446341013 0.357071356245 -0.03) (0.0965881131734 0.3578340789 -0.03) (0.0970325381871 0.35859625076 -0.03) (0.0974779084584 0.359357870651 -0.03) (0.0979242233016 0.360118937401 -0.03) (0.0983714820299 0.360879449838 -0.03) (0.0988196839547 0.361639406792 -0.03) (0.0992688283862 0.362398807093 -0.03) (0.0997189146331 0.363157649571 -0.03) (0.100169942002 0.36391593306 -0.03) (0.1006219098 0.364673656391 -0.03) (0.10107481733 0.365430818399 -0.03) (0.101528663896 0.366187417918 -0.03) (0.101983448799 0.366943453783 -0.03) (0.102439171338 0.367698924831 -0.03) (0.102895830813 0.368453829898 -0.03) (0.10335342652 0.369208167824 -0.03) (0.103811957756 0.369961937446 -0.03) (0.104271423814 0.370715137604 -0.03) (0.104731823986 0.37146776714 -0.03) (0.105193157566 0.372219824894 -0.03) (0.105655423841 0.372971309709 -0.03) (0.106118622102 0.373722220429 -0.03) (0.106582751634 0.374472555897 -0.03) (0.107047811723 0.375222314958 -0.03) (0.107513801654 0.375971496459 -0.03) (0.10798072071 0.376720099246 -0.03) (0.108448568171 0.377468122167 -0.03) (0.108917343317 0.37821556407 -0.03) (0.109387045427 0.378962423806 -0.03) (0.109857673778 0.379708700224 -0.03) (0.110329227646 0.380454392176 -0.03) (0.110801706304 0.381199498514 -0.03) (0.111275109025 0.38194401809 -0.03) (0.111749435082 0.38268794976 -0.03) (0.112224683742 0.383431292378 -0.03) (0.112700854276 0.3841740448 -0.03) (0.11317794595 0.384916205882 -0.03) (0.11365595803 0.385657774482 -0.03) (0.114134889779 0.386398749459 -0.03) (0.114614740462 0.387139129672 -0.03) (0.115095509338 0.387878913981 -0.03) (0.115577195669 0.388618101248 -0.03) (0.116059798712 0.389356690335 -0.03) (0.116543317725 0.390094680105 -0.03) (0.117027751964 0.390832069423 -0.03))
    polyLine 34 38 ((0.0935036625677 0.352483519403 0) (0.093941451706 0.35324952215 0) (0.0943801908598 0.354014981157 0) (0.0948198793537 0.354779895247 0) (0.095260516511 0.355544263243 0) (0.0957021016535 0.356308083967 0) (0.0961446341013 0.357071356245 0) (0.0965881131734 0.3578340789 0) (0.0970325381871 0.35859625076 0) (0.0974779084584 0.359357870651 0) (0.0979242233016 0.360118937401 0) (0.0983714820299 0.360879449838 0) (0.0988196839547 0.361639406792 0) (0.0992688283862 0.362398807093 0) (0.0997189146331 0.363157649571 0) (0.100169942002 0.36391593306 0) (0.1006219098 0.364673656391 0) (0.10107481733 0.365430818399 0) (0.101528663896 0.366187417918 0) (0.101983448799 0.366943453783 0) (0.102439171338 0.367698924831 0) (0.102895830813 0.368453829898 0) (0.10335342652 0.369208167824 0) (0.103811957756 0.369961937446 0) (0.104271423814 0.370715137604 0) (0.104731823986 0.37146776714 0) (0.105193157566 0.372219824894 0) (0.105655423841 0.372971309709 0) (0.106118622102 0.373722220429 0) (0.106582751634 0.374472555897 0) (0.107047811723 0.375222314958 0) (0.107513801654 0.375971496459 0) (0.10798072071 0.376720099246 0) (0.108448568171 0.377468122167 0) (0.108917343317 0.37821556407 0) (0.109387045427 0.378962423806 0) (0.109857673778 0.379708700224 0) (0.110329227646 0.380454392176 0) (0.110801706304 0.381199498514 0) (0.111275109025 0.38194401809 0) (0.111749435082 0.38268794976 0) (0.112224683742 0.383431292378 0) (0.112700854276 0.3841740448 0) (0.11317794595 0.384916205882 0) (0.11365595803 0.385657774482 0) (0.114134889779 0.386398749459 0) (0.114614740462 0.387139129672 0) (0.115095509338 0.387878913981 0) (0.115577195669 0.388618101248 0) (0.116059798712 0.389356690335 0) (0.116543317725 0.390094680105 0) (0.117027751964 0.390832069423 0))
    polyLine 33 37 ((-0.066018177538 0.575538538934 -0.03) (-0.0647154179451 0.578477402929 -0.03) (-0.0634047985296 0.581427170509 -0.03) (-0.0620862501603 0.584387978161 -0.03) (-0.0607597025961 0.587359964092 -0.03) (-0.0594250844688 0.590343268256 -0.03) (-0.0580823232665 0.593338032388 -0.03) (-0.056731345315 0.59634440003 -0.03) (-0.0553720757607 0.599362516564 -0.03) (-0.0540044385515 0.602392529245 -0.03) (-0.0526283564185 0.60543458723 -0.03) (-0.0512437508565 0.608488841615 -0.03) (-0.0498505421041 0.611555445465 -0.03) (-0.0484486491244 0.614634553853 -0.03) (-0.0470379895835 0.617726323891 -0.03) (-0.0456184798304 0.620830914768 -0.03) (-0.0441900348748 0.623948487786 -0.03) (-0.0427525683658 0.627079206401 -0.03) (-0.0413059925689 0.630223236255 -0.03) (-0.0398502183437 0.633380745221 -0.03) (-0.0383851551201 0.636551903441 -0.03) (-0.0369107108742 0.639736883364 -0.03) (-0.0354267921042 0.642935859794 -0.03))
    polyLine 35 39 ((-0.066018177538 0.575538538934 0) (-0.0647154179451 0.578477402929 0) (-0.0634047985296 0.581427170509 0) (-0.0620862501603 0.584387978161 0) (-0.0607597025961 0.587359964092 0) (-0.0594250844688 0.590343268256 0) (-0.0580823232665 0.593338032388 0) (-0.056731345315 0.59634440003 0) (-0.0553720757607 0.599362516564 0) (-0.0540044385515 0.602392529245 0) (-0.0526283564185 0.60543458723 0) (-0.0512437508565 0.608488841615 0) (-0.0498505421041 0.611555445465 0) (-0.0484486491244 0.614634553853 0) (-0.0470379895835 0.617726323891 0) (-0.0456184798304 0.620830914768 0) (-0.0441900348748 0.623948487786 0) (-0.0427525683658 0.627079206401 0) (-0.0413059925689 0.630223236255 0) (-0.0398502183437 0.633380745221 0) (-0.0383851551201 0.636551903441 0) (-0.0369107108742 0.639736883364 0) (-0.0354267921042 0.642935859794 0))
    polyLine 36 40 ((0.117513100682 0.391568857152 -0.03) (0.117999363134 0.39230504216 -0.03) (0.11848653857 0.393040623312 -0.03) (0.11897462624 0.393775599477 -0.03) (0.119463625394 0.394509969523 -0.03) (0.119953535278 0.39524373232 -0.03) (0.120444355138 0.395976886739 -0.03) (0.12093608422 0.39670943165 -0.03) (0.121428721765 0.397441365927 -0.03) (0.121922267017 0.398172688443 -0.03) (0.122416719214 0.398903398072 -0.03) (0.122912077596 0.399633493689 -0.03) (0.123408341401 0.400362974171 -0.03) (0.123905509864 0.401091838394 -0.03) (0.124403582221 0.401820085237 -0.03) (0.124902557704 0.402547713579 -0.03) (0.125402435546 0.4032747223 -0.03) (0.125903214977 0.40400111028 -0.03) (0.126404895227 0.404726876403 -0.03) (0.126907475522 0.40545201955 -0.03) (0.127410955091 0.406176538605 -0.03) (0.127915333157 0.406900432453 -0.03) (0.128420608944 0.40762369998 -0.03) (0.128926781674 0.408346340073 -0.03) (0.129433850569 0.409068351619 -0.03) (0.129941814848 0.409789733507 -0.03) (0.130450673729 0.410510484627 -0.03) (0.130960426428 0.411230603869 -0.03) (0.131471072162 0.411950090124 -0.03) (0.131982610143 0.412668942286 -0.03) (0.132495039586 0.413387159247 -0.03) (0.1330083597 0.414104739903 -0.03) (0.133522569696 0.414821683148 -0.03) (0.134037668782 0.41553798788 -0.03) (0.134553656166 0.416253652995 -0.03) (0.135070531053 0.416968677392 -0.03) (0.135588292647 0.41768305997 -0.03) (0.136106940152 0.41839679963 -0.03) (0.13662647277 0.419109895274 -0.03) (0.1371468897 0.419822345802 -0.03) (0.137668190141 0.42053415012 -0.03) (0.138190373292 0.421245307131 -0.03) (0.138713438348 0.42195581574 -0.03) (0.139237384504 0.422665674855 -0.03) (0.139762210955 0.423374883381 -0.03) (0.140287916891 0.424083440228 -0.03) (0.140814501503 0.424791344306 -0.03) (0.141341963982 0.425498594523 -0.03) (0.141870303516 0.426205189793 -0.03) (0.14239951929 0.426911129026 -0.03) (0.142929610491 0.427616411137 -0.03) (0.143460576302 0.428321035039 -0.03))
    polyLine 38 42 ((0.117513100682 0.391568857152 0) (0.117999363134 0.39230504216 0) (0.11848653857 0.393040623312 0) (0.11897462624 0.393775599477 0) (0.119463625394 0.394509969523 0) (0.119953535278 0.39524373232 0) (0.120444355138 0.395976886739 0) (0.12093608422 0.39670943165 0) (0.121428721765 0.397441365927 0) (0.121922267017 0.398172688443 0) (0.122416719214 0.398903398072 0) (0.122912077596 0.399633493689 0) (0.123408341401 0.400362974171 0) (0.123905509864 0.401091838394 0) (0.124403582221 0.401820085237 0) (0.124902557704 0.402547713579 0) (0.125402435546 0.4032747223 0) (0.125903214977 0.40400111028 0) (0.126404895227 0.404726876403 0) (0.126907475522 0.40545201955 0) (0.127410955091 0.406176538605 0) (0.127915333157 0.406900432453 0) (0.128420608944 0.40762369998 0) (0.128926781674 0.408346340073 0) (0.129433850569 0.409068351619 0) (0.129941814848 0.409789733507 0) (0.130450673729 0.410510484627 0) (0.130960426428 0.411230603869 0) (0.131471072162 0.411950090124 0) (0.131982610143 0.412668942286 0) (0.132495039586 0.413387159247 0) (0.1330083597 0.414104739903 0) (0.133522569696 0.414821683148 0) (0.134037668782 0.41553798788 0) (0.134553656166 0.416253652995 0) (0.135070531053 0.416968677392 0) (0.135588292647 0.41768305997 0) (0.136106940152 0.41839679963 0) (0.13662647277 0.419109895274 0) (0.1371468897 0.419822345802 0) (0.137668190141 0.42053415012 0) (0.138190373292 0.421245307131 0) (0.138713438348 0.42195581574 0) (0.139237384504 0.422665674855 0) (0.139762210955 0.423374883381 0) (0.140287916891 0.424083440228 0) (0.140814501503 0.424791344306 0) (0.141341963982 0.425498594523 0) (0.141870303516 0.426205189793 0) (0.14239951929 0.426911129026 0) (0.142929610491 0.427616411137 0) (0.143460576302 0.428321035039 0))
    polyLine 37 41 ((-0.0325135187353 0.649197674385 -0.03) (-0.0310850243458 0.652259302231 -0.03) (-0.0296477367138 0.655334048969 -0.03) (-0.0282015706378 0.658422072147 -0.03) (-0.0267464396156 0.661523531396 -0.03) (-0.0252822558236 0.664638588468 -0.03) (-0.0238089300943 0.667767407269 -0.03) (-0.0223263718941 0.670910153901 -0.03) (-0.0208344893005 0.674066996701 -0.03) (-0.0193331889783 0.67723810628 -0.03) (-0.0178223761562 0.68042365556 -0.03) (-0.0163019546018 0.683623819822 -0.03) (-0.014771826597 0.686838776745 -0.03) (-0.0132318929124 0.690068706449 -0.03) (-0.0116820527808 0.693313791539 -0.03) (-0.0101222038711 0.696574217152 -0.03) (-0.00855224226057 0.699850171003 -0.03) (-0.00697206240699 0.70314184343 -0.03) (-0.00538155712028 0.706449427446 -0.03) (-0.00378061753322 0.709773118783 -0.03) (-0.00216913307162 0.71311311595 -0.03) (-0.000546991423786 0.716469620276 -0.03) (0.00108592149063 0.719842835971 -0.03))
    polyLine 39 43 ((-0.0325135187353 0.649197674385 0) (-0.0310850243458 0.652259302231 0) (-0.0296477367138 0.655334048969 0) (-0.0282015706378 0.658422072147 0) (-0.0267464396156 0.661523531396 0) (-0.0252822558236 0.664638588468 0) (-0.0238089300943 0.667767407269 0) (-0.0223263718941 0.670910153901 0) (-0.0208344893005 0.674066996701 0) (-0.0193331889783 0.67723810628 0) (-0.0178223761562 0.68042365556 0) (-0.0163019546018 0.683623819822 0) (-0.014771826597 0.686838776745 0) (-0.0132318929124 0.690068706449 0) (-0.0116820527808 0.693313791539 0) (-0.0101222038711 0.696574217152 0) (-0.00855224226057 0.699850171003 0) (-0.00697206240699 0.70314184343 0) (-0.00538155712028 0.706449427446 0) (-0.00378061753322 0.709773118783 0) (-0.00216913307162 0.71311311595 0) (-0.000546991423786 0.716469620276 0) (0.00108592149063 0.719842835971 0))
    polyLine 40 44 ((0.143992415907 0.429024999649 -0.03) (0.144525128486 0.429728303883 -0.03) (0.14505871322 0.430430946658 -0.03) (0.145593169287 0.431132926892 -0.03) (0.146128495864 0.431834243505 -0.03) (0.146664692129 0.432534895418 -0.03) (0.147201757254 0.433234881552 -0.03) (0.147739690415 0.43393420083 -0.03) (0.148278490782 0.434632852175 -0.03) (0.148818157526 0.435330834511 -0.03) (0.149358689816 0.436028146766 -0.03) (0.149900086822 0.436724787864 -0.03) (0.150442347708 0.437420756734 -0.03) (0.150985471641 0.438116052304 -0.03) (0.151529457784 0.438810673505 -0.03) (0.152074305301 0.439504619267 -0.03) (0.152620013353 0.440197888522 -0.03) (0.153166581098 0.440890480203 -0.03) (0.153714007697 0.441582393243 -0.03) (0.154262292307 0.442273626578 -0.03) (0.154811434084 0.442964179144 -0.03) (0.155361432182 0.443654049878 -0.03) (0.155912285754 0.444343237718 -0.03) (0.156463993954 0.445031741603 -0.03) (0.157016555931 0.445719560473 -0.03) (0.157569970836 0.446406693269 -0.03) (0.158124237816 0.447093138935 -0.03) (0.158679356018 0.447778896413 -0.03) (0.159235324588 0.448463964648 -0.03) (0.15979214267 0.449148342585 -0.03) (0.160349809407 0.449832029171 -0.03) (0.16090832394 0.450515023353 -0.03) (0.16146768541 0.451197324081 -0.03) (0.162027892956 0.451878930303 -0.03) (0.162588945715 0.452559840972 -0.03) (0.163150842824 0.453240055038 -0.03) (0.163713583419 0.453919571454 -0.03) (0.164277166632 0.454598389176 -0.03) (0.164841591596 0.455276507157 -0.03) (0.165406857443 0.455953924355 -0.03) (0.165972963302 0.456630639725 -0.03) (0.166539908302 0.457306652228 -0.03) (0.167107691571 0.457981960822 -0.03) (0.167676312234 0.458656564467 -0.03) (0.168245769417 0.459330462126 -0.03) (0.168816062242 0.46000365276 -0.03) (0.169387189832 0.460676135335 -0.03) (0.169959151307 0.461347908814 -0.03) (0.170531945788 0.462018972164 -0.03) (0.171105572392 0.462689324352 -0.03) (0.171680030238 0.463358964346 -0.03) (0.172255318439 0.464027891115 -0.03) (0.172831436112 0.464696103629 -0.03))
    polyLine 42 46 ((0.143992415907 0.429024999649 0) (0.144525128486 0.429728303883 0) (0.14505871322 0.430430946658 0) (0.145593169287 0.431132926892 0) (0.146128495864 0.431834243505 0) (0.146664692129 0.432534895418 0) (0.147201757254 0.433234881552 0) (0.147739690415 0.43393420083 0) (0.148278490782 0.434632852175 0) (0.148818157526 0.435330834511 0) (0.149358689816 0.436028146766 0) (0.149900086822 0.436724787864 0) (0.150442347708 0.437420756734 0) (0.150985471641 0.438116052304 0) (0.151529457784 0.438810673505 0) (0.152074305301 0.439504619267 0) (0.152620013353 0.440197888522 0) (0.153166581098 0.440890480203 0) (0.153714007697 0.441582393243 0) (0.154262292307 0.442273626578 0) (0.154811434084 0.442964179144 0) (0.155361432182 0.443654049878 0) (0.155912285754 0.444343237718 0) (0.156463993954 0.445031741603 0) (0.157016555931 0.445719560473 0) (0.157569970836 0.446406693269 0) (0.158124237816 0.447093138935 0) (0.158679356018 0.447778896413 0) (0.159235324588 0.448463964648 0) (0.15979214267 0.449148342585 0) (0.160349809407 0.449832029171 0) (0.16090832394 0.450515023353 0) (0.16146768541 0.451197324081 0) (0.162027892956 0.451878930303 0) (0.162588945715 0.452559840972 0) (0.163150842824 0.453240055038 0) (0.163713583419 0.453919571454 0) (0.164277166632 0.454598389176 0) (0.164841591596 0.455276507157 0) (0.165406857443 0.455953924355 0) (0.165972963302 0.456630639725 0) (0.166539908302 0.457306652228 0) (0.167107691571 0.457981960822 0) (0.167676312234 0.458656564467 0) (0.168245769417 0.459330462126 0) (0.168816062242 0.46000365276 0) (0.169387189832 0.460676135335 0) (0.169959151307 0.461347908814 0) (0.170531945788 0.462018972164 0) (0.171105572392 0.462689324352 0) (0.171680030238 0.463358964346 0) (0.172255318439 0.464027891115 0) (0.172831436112 0.464696103629 0))
    polyLine 41 45 ((0.00429527986629 0.726456614396 -0.03) (0.00587079282899 0.729695775547 -0.03) (0.00745636323243 0.732950636638 -0.03) (0.0090520954172 0.73622138321 -0.03) (0.0106580952998 0.739508203379 -0.03) (0.0122744704001 0.742811287879 -0.03) (0.01390132987 0.746130830111 -0.03) (0.015538784522 0.749467026193 -0.03) (0.0171869468586 0.752820075008 -0.03) (0.018845931103 0.756190178257 -0.03) (0.0205158532293 0.759577540505 -0.03) (0.0221968309945 0.762982369244 -0.03) (0.0238889839707 0.766404874938 -0.03) (0.0255924335779 0.769845271085 -0.03) (0.027307303118 0.773303774267 -0.03) (0.0290337178089 0.776780604215 -0.03) (0.0307718048203 0.780275983866 -0.03) (0.0325216933091 0.78379013942 -0.03) (0.0342835144572 0.787323300406 -0.03) (0.0360574015086 0.790875699746 -0.03) (0.037843489808 0.794447573815 -0.03) (0.0396419168409 0.798039162514 -0.03) (0.0414528222737 0.801650709332 -0.03))
    polyLine 43 47 ((0.00429527986629 0.726456614396 0) (0.00587079282899 0.729695775547 0) (0.00745636323243 0.732950636638 0) (0.0090520954172 0.73622138321 0) (0.0106580952998 0.739508203379 0) (0.0122744704001 0.742811287879 0) (0.01390132987 0.746130830111 0) (0.015538784522 0.749467026193 0) (0.0171869468586 0.752820075008 0) (0.018845931103 0.756190178257 0) (0.0205158532293 0.759577540505 0) (0.0221968309945 0.762982369244 0) (0.0238889839707 0.766404874938 0) (0.0255924335779 0.769845271085 0) (0.027307303118 0.773303774267 0) (0.0290337178089 0.776780604215 0) (0.0307718048203 0.780275983866 0) (0.0325216933091 0.78379013942 0) (0.0342835144572 0.787323300406 0) (0.0360574015086 0.790875699746 0) (0.037843489808 0.794447573815 0) (0.0396419168409 0.798039162514 0) (0.0414528222737 0.801650709332 0))
    polyLine 44 48 ((0.173408382369 0.46536360086 -0.03) (0.173986156321 0.466030381781 -0.03) (0.174564757081 0.466696445365 -0.03) (0.175144183757 0.467361790587 -0.03) (0.175724435457 0.468026416423 -0.03) (0.176305511288 0.46869032185 -0.03) (0.176887410356 0.469353505845 -0.03) (0.177470131764 0.470015967389 -0.03) (0.178053674617 0.470677705461 -0.03) (0.178638038016 0.471338719042 -0.03) (0.179223221061 0.471999007116 -0.03) (0.179809222852 0.472658568666 -0.03) (0.180396042486 0.473317402677 -0.03) (0.180983679061 0.473975508135 -0.03) (0.181572131671 0.474632884026 -0.03) (0.182161399412 0.475289529339 -0.03) (0.182751481375 0.475945443063 -0.03) (0.183342376653 0.476600624188 -0.03) (0.183934084337 0.477255071707 -0.03) (0.184526603515 0.477908784611 -0.03) (0.185119933275 0.478561761894 -0.03) (0.185714072704 0.479214002552 -0.03) (0.186309020888 0.47986550558 -0.03) (0.186904776911 0.480516269975 -0.03) (0.187501339855 0.481166294736 -0.03) (0.188098708804 0.481815578863 -0.03) (0.188696882836 0.482464121355 -0.03) (0.189294490138 0.483111243449 -0.03) (0.189892097441 0.483758365543 -0.03) (0.190489704743 0.484405487637 -0.03) (0.191087312045 0.485052609731 -0.03) (0.191684919348 0.485699731825 -0.03) (0.19228252665 0.486346853919 -0.03) (0.192880133953 0.486993976013 -0.03) (0.193477741255 0.487641098107 -0.03) (0.194075348558 0.488288220201 -0.03) (0.19467295586 0.488935342295 -0.03) (0.195270563163 0.489582464389 -0.03) (0.195868170465 0.490229586483 -0.03) (0.196465777768 0.490876708577 -0.03) (0.19706338507 0.491523830671 -0.03) (0.197660992373 0.492170952764 -0.03) (0.198258599675 0.492818074858 -0.03) (0.198856206978 0.493465196952 -0.03) (0.19945381428 0.494112319046 -0.03) (0.200051421583 0.49475944114 -0.03) (0.200649028885 0.495406563234 -0.03) (0.201246636187 0.496053685328 -0.03) (0.20184424349 0.496700807422 -0.03) (0.202441850792 0.497347929516 -0.03) (0.203039458095 0.49799505161 -0.03) (0.203637065397 0.498642173704 -0.03))
    polyLine 46 50 ((0.173408382369 0.46536360086 0) (0.173986156321 0.466030381781 0) (0.174564757081 0.466696445365 0) (0.175144183757 0.467361790587 0) (0.175724435457 0.468026416423 0) (0.176305511288 0.46869032185 0) (0.176887410356 0.469353505845 0) (0.177470131764 0.470015967389 0) (0.178053674617 0.470677705461 0) (0.178638038016 0.471338719042 0) (0.179223221061 0.471999007116 0) (0.179809222852 0.472658568666 0) (0.180396042486 0.473317402677 0) (0.180983679061 0.473975508135 0) (0.181572131671 0.474632884026 0) (0.182161399412 0.475289529339 0) (0.182751481375 0.475945443063 0) (0.183342376653 0.476600624188 0) (0.183934084337 0.477255071707 0) (0.184526603515 0.477908784611 0) (0.185119933275 0.478561761894 0) (0.185714072704 0.479214002552 0) (0.186309020888 0.47986550558 0) (0.186904776911 0.480516269975 0) (0.187501339855 0.481166294736 0) (0.188098708804 0.481815578863 0) (0.188696882836 0.482464121355 0) (0.189294490138 0.483111243449 0) (0.189892097441 0.483758365543 0) (0.190489704743 0.484405487637 0) (0.191087312045 0.485052609731 0) (0.191684919348 0.485699731825 0) (0.19228252665 0.486346853919 0) (0.192880133953 0.486993976013 0) (0.193477741255 0.487641098107 0) (0.194075348558 0.488288220201 0) (0.19467295586 0.488935342295 0) (0.195270563163 0.489582464389 0) (0.195868170465 0.490229586483 0) (0.196465777768 0.490876708577 0) (0.19706338507 0.491523830671 0) (0.197660992373 0.492170952764 0) (0.198258599675 0.492818074858 0) (0.198856206978 0.493465196952 0) (0.19945381428 0.494112319046 0) (0.200051421583 0.49475944114 0) (0.200649028885 0.495406563234 0) (0.201246636187 0.496053685328 0) (0.20184424349 0.496700807422 0) (0.202441850792 0.497347929516 0) (0.203039458095 0.49799505161 0) (0.203637065397 0.498642173704 0))
    polyLine 45 49 ((0.0450100707388 0.808730802957 -0.03) (0.0467552995124 0.812197600739 -0.03) (0.048512159466 0.815683072227 -0.03) (0.0502807776527 0.819187438023 -0.03) (0.0520612830635 0.822710921922 -0.03) (0.0538538066624 0.826253750977 -0.03) (0.0556584814229 0.829816155557 -0.03) (0.0574754423658 0.833398369413 -0.03) (0.0593048265967 0.837000629734 -0.03) (0.0611467733451 0.840623177223 -0.03) (0.0630014240043 0.844266256154 -0.03) (0.0648689221722 0.847930114447 -0.03) (0.0667494136931 0.851615003734 -0.03) (0.0686430467001 0.855321179432 -0.03) (0.0705499716588 0.859048900816 -0.03) (0.0724703414123 0.862798431094 -0.03) (0.0744043112266 0.866570037482 -0.03) (0.0763520388377 0.870363991283 -0.03) (0.0783136844992 0.874180567971 -0.03) (0.0802894110314 0.878020047265 -0.03) (0.0822793838718 0.881882713221 -0.03) (0.0842837711263 0.885768854313 -0.03) (0.0863027436217 0.889678763523 -0.03))
    polyLine 47 51 ((0.0450100707388 0.808730802957 0) (0.0467552995124 0.812197600739 0) (0.048512159466 0.815683072227 0) (0.0502807776527 0.819187438023 0) (0.0520612830635 0.822710921922 0) (0.0538538066624 0.826253750977 0) (0.0556584814229 0.829816155557 0) (0.0574754423658 0.833398369413 0) (0.0593048265967 0.837000629734 0) (0.0611467733451 0.840623177223 0) (0.0630014240043 0.844266256154 0) (0.0648689221722 0.847930114447 0) (0.0667494136931 0.851615003734 0) (0.0686430467001 0.855321179432 0) (0.0705499716588 0.859048900816 0) (0.0724703414123 0.862798431094 0) (0.0744043112266 0.866570037482 0) (0.0763520388377 0.870363991283 0) (0.0783136844992 0.874180567971 0) (0.0802894110314 0.878020047265 0) (0.0822793838718 0.881882713221 0) (0.0842837711263 0.885768854313 0) (0.0863027436217 0.889678763523 0))
    polyLine 48 52 ((0.2042346727 0.499289295798 -0.03) (0.204832280002 0.499936417892 -0.03) (0.205429887305 0.500583539986 -0.03) (0.206027494607 0.50123066208 -0.03) (0.20662510191 0.501877784174 -0.03) (0.207222709212 0.502524906268 -0.03) (0.207820316515 0.503172028362 -0.03) (0.208417923817 0.503819150456 -0.03) (0.20901553112 0.50446627255 -0.03) (0.209613138422 0.505113394644 -0.03) (0.210210745725 0.505760516738 -0.03) (0.210808353027 0.506407638832 -0.03) (0.211405960329 0.507054760925 -0.03) (0.212003567632 0.507701883019 -0.03) (0.212601174934 0.508349005113 -0.03) (0.213198782237 0.508996127207 -0.03) (0.213796389539 0.509643249301 -0.03) (0.214393996842 0.510290371395 -0.03) (0.214991604144 0.510937493489 -0.03) (0.215589211447 0.511584615583 -0.03) (0.216186818749 0.512231737677 -0.03) (0.216784426052 0.512878859771 -0.03) (0.217382033354 0.513525981865 -0.03) (0.217979640657 0.514173103959 -0.03) (0.218577247959 0.514820226053 -0.03) (0.219174855262 0.515467348147 -0.03) (0.219772462564 0.516114470241 -0.03) (0.220370069867 0.516761592335 -0.03) (0.220967677169 0.517408714429 -0.03) (0.221565284471 0.518055836523 -0.03) (0.222162891774 0.518702958617 -0.03) (0.222760499076 0.519350080711 -0.03) (0.223358106379 0.519997202805 -0.03) (0.223955713681 0.520644324899 -0.03) (0.224553320984 0.521291446993 -0.03) (0.225150928286 0.521938569087 -0.03) (0.225748535589 0.52258569118 -0.03) (0.226346142891 0.523232813274 -0.03) (0.226943750194 0.523879935368 -0.03) (0.227541357496 0.524527057462 -0.03) (0.228138964799 0.525174179556 -0.03) (0.228736572101 0.52582130165 -0.03) (0.229334179404 0.526468423744 -0.03) (0.229931786706 0.527115545838 -0.03) (0.230529394008 0.527762667932 -0.03) (0.231127001311 0.528409790026 -0.03) (0.231724608613 0.52905691212 -0.03) (0.232322215916 0.529704034214 -0.03) (0.232919823218 0.530351156308 -0.03) (0.233517430521 0.530998278402 -0.03) (0.234115037823 0.531645400496 -0.03) (0.234712645126 0.53229252259 -0.03))
    polyLine 50 54 ((0.2042346727 0.499289295798 0) (0.204832280002 0.499936417892 0) (0.205429887305 0.500583539986 0) (0.206027494607 0.50123066208 0) (0.20662510191 0.501877784174 0) (0.207222709212 0.502524906268 0) (0.207820316515 0.503172028362 0) (0.208417923817 0.503819150456 0) (0.20901553112 0.50446627255 0) (0.209613138422 0.505113394644 0) (0.210210745725 0.505760516738 0) (0.210808353027 0.506407638832 0) (0.211405960329 0.507054760925 0) (0.212003567632 0.507701883019 0) (0.212601174934 0.508349005113 0) (0.213198782237 0.508996127207 0) (0.213796389539 0.509643249301 0) (0.214393996842 0.510290371395 0) (0.214991604144 0.510937493489 0) (0.215589211447 0.511584615583 0) (0.216186818749 0.512231737677 0) (0.216784426052 0.512878859771 0) (0.217382033354 0.513525981865 0) (0.217979640657 0.514173103959 0) (0.218577247959 0.514820226053 0) (0.219174855262 0.515467348147 0) (0.219772462564 0.516114470241 0) (0.220370069867 0.516761592335 0) (0.220967677169 0.517408714429 0) (0.221565284471 0.518055836523 0) (0.222162891774 0.518702958617 0) (0.222760499076 0.519350080711 0) (0.223358106379 0.519997202805 0) (0.223955713681 0.520644324899 0) (0.224553320984 0.521291446993 0) (0.225150928286 0.521938569087 0) (0.225748535589 0.52258569118 0) (0.226346142891 0.523232813274 0) (0.226943750194 0.523879935368 0) (0.227541357496 0.524527057462 0) (0.228138964799 0.525174179556 0) (0.228736572101 0.52582130165 0) (0.229334179404 0.526468423744 0) (0.229931786706 0.527115545838 0) (0.230529394008 0.527762667932 0) (0.231127001311 0.528409790026 0) (0.231724608613 0.52905691212 0) (0.232322215916 0.529704034214 0) (0.232919823218 0.530351156308 0) (0.233517430521 0.530998278402 0) (0.234115037823 0.531645400496 0) (0.234712645126 0.53229252259 0))
    polyLine 49 53 ((0.0902151573447 0.897242816534 -0.03) (0.0921065452918 0.900893635844 -0.03) (0.0940107791988 0.904565436663 -0.03) (0.0959280015832 0.908258462804 -0.03) (0.0978583571218 0.911972961663 -0.03) (0.0998019926907 0.915709184281 -0.03) (0.101759057406 0.919467385417 -0.03) (0.103729702668 0.923247823616 -0.03) (0.105714082199 0.92705076128 -0.03) (0.107712352095 0.930876464744 -0.03) (0.109724670863 0.934725204347 -0.03) (0.111751199471 0.938597254515 -0.03) (0.113792101396 0.942492893834 -0.03) (0.115847542668 0.946412405132 -0.03) (0.117917691925 0.950356075562 -0.03) (0.120002720457 0.954324196688 -0.03) (0.122102802264 0.958317064566 -0.03) (0.124218114103 0.962334979837 -0.03) (0.126348835546 0.966378247816 -0.03) (0.128495149035 0.970447178582 -0.03) (0.130657239936 0.974542087077 -0.03) (0.132835296602 0.978663293199 -0.03) (0.135029510425 0.982811121904 -0.03))
    polyLine 51 55 ((0.0902151573447 0.897242816534 0) (0.0921065452918 0.900893635844 0) (0.0940107791988 0.904565436663 0) (0.0959280015832 0.908258462804 0) (0.0978583571218 0.911972961663 0) (0.0998019926907 0.915709184281 0) (0.101759057406 0.919467385417 0) (0.103729702668 0.923247823616 0) (0.105714082199 0.92705076128 0) (0.107712352095 0.930876464744 0) (0.109724670863 0.934725204347 0) (0.111751199471 0.938597254515 0) (0.113792101396 0.942492893834 0) (0.115847542668 0.946412405132 0) (0.117917691925 0.950356075562 0) (0.120002720457 0.954324196688 0) (0.122102802264 0.958317064566 0) (0.124218114103 0.962334979837 0) (0.126348835546 0.966378247816 0) (0.128495149035 0.970447178582 0) (0.130657239936 0.974542087077 0) (0.132835296602 0.978663293199 0) (0.135029510425 0.982811121904 0))
    polyLine 52 56 ((0.235310252428 0.532939644684 -0.03) (0.235907859731 0.533586766778 -0.03) (0.236505467033 0.534233888872 -0.03) (0.237103074336 0.534881010966 -0.03) (0.237700681638 0.53552813306 -0.03) (0.238298288941 0.536175255154 -0.03) (0.238895896243 0.536822377248 -0.03) (0.239493503546 0.537469499341 -0.03) (0.240091110848 0.538116621435 -0.03) (0.24068871815 0.538763743529 -0.03) (0.241286325453 0.539410865623 -0.03) (0.241883932755 0.540057987717 -0.03) (0.242481540058 0.540705109811 -0.03) (0.24307914736 0.541352231905 -0.03) (0.243676754663 0.541999353999 -0.03) (0.244274361965 0.542646476093 -0.03) (0.244871969268 0.543293598187 -0.03) (0.24546957657 0.543940720281 -0.03) (0.246067183873 0.544587842375 -0.03) (0.246664791175 0.545234964469 -0.03) (0.247262398478 0.545882086563 -0.03) (0.24786000578 0.546529208657 -0.03) (0.248457613083 0.547176330751 -0.03) (0.249055220385 0.547823452845 -0.03) (0.249652827688 0.548470574939 -0.03) (0.25025043499 0.549117697033 -0.03) (0.250848042292 0.549764819127 -0.03) (0.251445649595 0.550411941221 -0.03) (0.252043256897 0.551059063315 -0.03) (0.2526408642 0.551706185409 -0.03) (0.253238471502 0.552353307503 -0.03) (0.253836078805 0.553000429596 -0.03) (0.254433686107 0.55364755169 -0.03) (0.25503129341 0.554294673784 -0.03) (0.255628900712 0.554941795878 -0.03) (0.256226508015 0.555588917972 -0.03) (0.256824115317 0.556236040066 -0.03) (0.25742172262 0.55688316216 -0.03) (0.258019329922 0.557530284254 -0.03) (0.258616937225 0.558177406348 -0.03) (0.259214544527 0.558824528442 -0.03) (0.25981215183 0.559471650536 -0.03) (0.260409759132 0.56011877263 -0.03) (0.261007366434 0.560765894724 -0.03) (0.261604973737 0.561413016818 -0.03) (0.262201818902 0.562054597856 -0.03) (0.262803333112 0.562691803501 -0.03) (0.263409484292 0.563324599776 -0.03) (0.264020240122 0.563952952938 -0.03) (0.264635568032 0.564576829482 -0.03) (0.265255435213 0.56519619614 -0.03) (0.265879808611 0.565811019886 -0.03))
    polyLine 54 58 ((0.235310252428 0.532939644684 0) (0.235907859731 0.533586766778 0) (0.236505467033 0.534233888872 0) (0.237103074336 0.534881010966 0) (0.237700681638 0.53552813306 0) (0.238298288941 0.536175255154 0) (0.238895896243 0.536822377248 0) (0.239493503546 0.537469499341 0) (0.240091110848 0.538116621435 0) (0.24068871815 0.538763743529 0) (0.241286325453 0.539410865623 0) (0.241883932755 0.540057987717 0) (0.242481540058 0.540705109811 0) (0.24307914736 0.541352231905 0) (0.243676754663 0.541999353999 0) (0.244274361965 0.542646476093 0) (0.244871969268 0.543293598187 0) (0.24546957657 0.543940720281 0) (0.246067183873 0.544587842375 0) (0.246664791175 0.545234964469 0) (0.247262398478 0.545882086563 0) (0.24786000578 0.546529208657 0) (0.248457613083 0.547176330751 0) (0.249055220385 0.547823452845 0) (0.249652827688 0.548470574939 0) (0.25025043499 0.549117697033 0) (0.250848042292 0.549764819127 0) (0.251445649595 0.550411941221 0) (0.252043256897 0.551059063315 0) (0.2526408642 0.551706185409 0) (0.253238471502 0.552353307503 0) (0.253836078805 0.553000429596 0) (0.254433686107 0.55364755169 0) (0.25503129341 0.554294673784 0) (0.255628900712 0.554941795878 0) (0.256226508015 0.555588917972 0) (0.256824115317 0.556236040066 0) (0.25742172262 0.55688316216 0) (0.258019329922 0.557530284254 0) (0.258616937225 0.558177406348 0) (0.259214544527 0.558824528442 0) (0.25981215183 0.559471650536 0) (0.260409759132 0.56011877263 0) (0.261007366434 0.560765894724 0) (0.261604973737 0.561413016818 0) (0.262201818902 0.562054597856 0) (0.262803333112 0.562691803501 0) (0.263409484292 0.563324599776 0) (0.264020240122 0.563952952938 0) (0.264635568032 0.564576829482 0) (0.265255435213 0.56519619614 0) (0.265879808611 0.565811019886 0))
    polyLine 53 57 ((0.139267182969 0.990810764128 -0.03) (0.141308161059 0.99465850396 -0.03) (0.143363163964 0.998529383571 -0.03) (0.145432347776 1.00242366756 -0.03) (0.14751587093 1.00634162443 -0.03) (0.149613894253 1.01028352664 -0.03) (0.151726581005 1.01424965072 -0.03) (0.153854096925 1.01824027731 -0.03) (0.15599661028 1.02225569123 -0.03) (0.15815429191 1.02629618163 -0.03) (0.160327315277 1.03036204196 -0.03) (0.162515856519 1.03445357018 -0.03) (0.164720094497 1.03857106873 -0.03) (0.166940210846 1.04271484468 -0.03) (0.169176390037 1.04688520984 -0.03) (0.17142881942 1.05108248076 -0.03) (0.17369768929 1.05530697895 -0.03) (0.175983192939 1.05955903085 -0.03) (0.178285526717 1.06383896801 -0.03) (0.180604890091 1.06814712717 -0.03) (0.182941485708 1.07248385036 -0.03) (0.185295519456 1.076849485 -0.03) (0.18766720053 1.081244384 -0.03))
    polyLine 55 59 ((0.139267182969 0.990810764128 0) (0.141308161059 0.99465850396 0) (0.143363163964 0.998529383571 0) (0.145432347776 1.00242366756 0) (0.14751587093 1.00634162443 0) (0.149613894253 1.01028352664 0) (0.151726581005 1.01424965072 0) (0.153854096925 1.01824027731 0) (0.15599661028 1.02225569123 0) (0.15815429191 1.02629618163 0) (0.160327315277 1.03036204196 0) (0.162515856519 1.03445357018 0) (0.164720094497 1.03857106873 0) (0.166940210846 1.04271484468 0) (0.169176390037 1.04688520984 0) (0.17142881942 1.05108248076 0) (0.17369768929 1.05530697895 0) (0.175983192939 1.05955903085 0) (0.178285526717 1.06383896801 0) (0.180604890091 1.06814712717 0) (0.182941485708 1.07248385036 0) (0.185295519456 1.076849485 0) (0.18766720053 1.081244384 0))
    polyLine 56 60 ((0.266508654933 0.566421267936 -0.03) (0.267141940647 0.56702690775 -0.03) (0.267779631984 0.567627907033 -0.03) (0.268421694941 0.568224233738 -0.03) (0.26906809528 0.568815856067 -0.03) (0.269718798534 0.569402742474 -0.03) (0.270373770006 0.569984861663 -0.03) (0.271032974771 0.570562182594 -0.03) (0.271696377677 0.571134674483 -0.03) (0.27236394335 0.571702306804 -0.03) (0.273035636194 0.572265049287 -0.03) (0.273711420392 0.572822871926 -0.03) (0.274391259909 0.573375744977 -0.03) (0.275075118494 0.573923638958 -0.03) (0.275762959682 0.574466524655 -0.03) (0.276454746796 0.575004373118 -0.03) (0.277150442946 0.575537155668 -0.03) (0.277850011036 0.576064843896 -0.03) (0.278553413764 0.576587409664 -0.03) (0.279260613621 0.577104825107 -0.03) (0.279971572899 0.577617062635 -0.03) (0.280686253686 0.578124094934 -0.03) (0.281404617873 0.578625894968 -0.03) (0.282126627156 0.579122435978 -0.03) (0.282852243034 0.579613691488 -0.03) (0.283581426816 0.580099635303 -0.03) (0.284314139619 0.580580241512 -0.03) (0.285050342373 0.581055484485 -0.03) (0.285789995822 0.581525338883 -0.03) (0.286533060525 0.581989779651 -0.03) (0.287279496859 0.582448782023 -0.03) (0.288029265023 0.582902321525 -0.03) (0.288782325036 0.583350373973 -0.03) (0.289538636744 0.583792915474 -0.03) (0.290298159816 0.584229922432 -0.03) (0.291060853755 0.584661371543 -0.03) (0.291826677889 0.585087239802 -0.03) (0.292595591384 0.5855075045 -0.03) (0.293367553239 0.585922143228 -0.03) (0.29414252229 0.586331133875 -0.03) (0.294920457213 0.586734454633 -0.03) (0.295701316528 0.587132083996 -0.03) (0.296485058595 0.587524000761 -0.03) (0.297271641625 0.58791018403 -0.03) (0.298061023673 0.58829061321 -0.03) (0.298853162648 0.588665268016 -0.03) (0.299648016311 0.58903412847 -0.03) (0.300445542277 0.589397174903 -0.03) (0.30124569802 0.589754387957 -0.03) (0.302048440873 0.590105748584 -0.03) (0.302853728033 0.590451238049 -0.03) (0.303661516558 0.590790837929 -0.03) (0.304471763374 0.591124530115 -0.03))
    polyLine 58 62 ((0.266508654933 0.566421267936 0) (0.267141940647 0.56702690775 0) (0.267779631984 0.567627907033 0) (0.268421694941 0.568224233738 0) (0.26906809528 0.568815856067 0) (0.269718798534 0.569402742474 0) (0.270373770006 0.569984861663 0) (0.271032974771 0.570562182594 0) (0.271696377677 0.571134674483 0) (0.27236394335 0.571702306804 0) (0.273035636194 0.572265049287 0) (0.273711420392 0.572822871926 0) (0.274391259909 0.573375744977 0) (0.275075118494 0.573923638958 0) (0.275762959682 0.574466524655 0) (0.276454746796 0.575004373118 0) (0.277150442946 0.575537155668 0) (0.277850011036 0.576064843896 0) (0.278553413764 0.576587409664 0) (0.279260613621 0.577104825107 0) (0.279971572899 0.577617062635 0) (0.280686253686 0.578124094934 0) (0.281404617873 0.578625894968 0) (0.282126627156 0.579122435978 0) (0.282852243034 0.579613691488 0) (0.283581426816 0.580099635303 0) (0.284314139619 0.580580241512 0) (0.285050342373 0.581055484485 0) (0.285789995822 0.581525338883 0) (0.286533060525 0.581989779651 0) (0.287279496859 0.582448782023 0) (0.288029265023 0.582902321525 0) (0.288782325036 0.583350373973 0) (0.289538636744 0.583792915474 0) (0.290298159816 0.584229922432 0) (0.291060853755 0.584661371543 0) (0.291826677889 0.585087239802 0) (0.292595591384 0.5855075045 0) (0.293367553239 0.585922143228 0) (0.29414252229 0.586331133875 0) (0.294920457213 0.586734454633 0) (0.295701316528 0.587132083996 0) (0.296485058595 0.587524000761 0) (0.297271641625 0.58791018403 0) (0.298061023673 0.58829061321 0) (0.298853162648 0.588665268016 0) (0.299648016311 0.58903412847 0) (0.300445542277 0.589397174903 0) (0.30124569802 0.589754387957 0) (0.302048440873 0.590105748584 0) (0.302853728033 0.590451238049 0) (0.303661516558 0.590790837929 0) (0.304471763374 0.591124530115 0))
    polyLine 57 61 ((0.192617885203 1.09040734868 -0.03) (0.195199738015 1.09518015413 -0.03) (0.197802568718 1.09998777528 -0.03) (0.200426650778 1.10483067299 -0.03) (0.203072262452 1.10970931609 -0.03) (0.205739686888 1.11462418152 -0.03) (0.208429212237 1.11957575458 -0.03) (0.211141131757 1.12456452904 -0.03) (0.213875743932 1.12959100739 -0.03) (0.216633352582 1.134655701 -0.03) (0.21941426699 1.13975913032 -0.03) (0.222218802017 1.14490182509 -0.03) (0.225047278232 1.15008432456 -0.03) (0.22790002204 1.15530717769 -0.03) (0.230777365814 1.16057094336 -0.03) (0.233679648032 1.16587619064 -0.03) (0.236607213419 1.17122349897 -0.03) (0.239560413087 1.17661345844 -0.03) (0.242539604686 1.18204667003 -0.03) (0.245545152554 1.18752374583 -0.03) (0.248577427876 1.19304530937 -0.03) (0.251636808842 1.19861199579 -0.03) (0.254723680816 1.20422445222 -0.03))
    polyLine 59 63 ((0.192617885203 1.09040734868 0) (0.195199738015 1.09518015413 0) (0.197802568718 1.09998777528 0) (0.200426650778 1.10483067299 0) (0.203072262452 1.10970931609 0) (0.205739686888 1.11462418152 0) (0.208429212237 1.11957575458 0) (0.211141131757 1.12456452904 0) (0.213875743932 1.12959100739 0) (0.216633352582 1.134655701 0) (0.21941426699 1.13975913032 0) (0.222218802017 1.14490182509 0) (0.225047278232 1.15008432456 0) (0.22790002204 1.15530717769 0) (0.230777365814 1.16057094336 0) (0.233679648032 1.16587619064 0) (0.236607213419 1.17122349897 0) (0.239560413087 1.17661345844 0) (0.242539604686 1.18204667003 0) (0.245545152554 1.18752374583 0) (0.248577427876 1.19304530937 0) (0.251636808842 1.19861199579 0) (0.254723680816 1.20422445222 0))
    polyLine 60 64 ((0.305284425279 0.591452296813 -0.03) (0.306099458936 0.591774120548 -0.03) (0.306916820888 0.592089984157 -0.03) (0.307736467548 0.592399870799 -0.03) (0.308558355213 0.592703763949 -0.03) (0.309382440055 0.593001647402 -0.03) (0.310208678133 0.593293505275 -0.03) (0.311037025389 0.593579322005 -0.03) (0.311867437653 0.593859082351 -0.03) (0.312699870645 0.594132771396 -0.03) (0.313534279977 0.594400374545 -0.03) (0.314370621156 0.59466187753 -0.03) (0.315208849586 0.594917266406 -0.03) (0.316048920571 0.595166527555 -0.03) (0.316890789314 0.595409647686 -0.03) (0.317734410926 0.595646613835 -0.03) (0.318579740421 0.595877413366 -0.03) (0.319426732725 0.596102033973 -0.03) (0.320275342672 0.596320463677 -0.03) (0.321125525014 0.596532690832 -0.03) (0.321977234415 0.596738704121 -0.03) (0.32283042546 0.596938492558 -0.03) (0.323685052655 0.597132045491 -0.03) (0.324541070427 0.597319352599 -0.03) (0.325398433132 0.597500403893 -0.03) (0.326257095053 0.59767518972 -0.03) (0.327117010403 0.59784370076 -0.03) (0.327978133328 0.598005928027 -0.03) (0.328840417912 0.59816186287 -0.03) (0.329703818175 0.598311496975 -0.03) (0.330568288078 0.598454822363 -0.03) (0.331433781524 0.598591831391 -0.03) (0.332300252363 0.598722516754 -0.03) (0.333167654393 0.598846871482 -0.03) (0.33403594136 0.598964888946 -0.03) (0.334905066965 0.599076562852 -0.03) (0.335774984865 0.599181887245 -0.03) (0.336645648671 0.599280856509 -0.03) (0.337517011959 0.599373465366 -0.03) (0.338389028263 0.59945970888 -0.03) (0.339261651087 0.59953958245 -0.03) (0.340134833898 0.599613081817 -0.03) (0.341008530137 0.599680203063 -0.03) (0.341882693215 0.599740942608 -0.03) (0.342757276519 0.599795297214 -0.03) (0.343632233414 0.599843263983 -0.03) (0.344507517245 0.599884840355 -0.03) (0.345383081339 0.599920024115 -0.03) (0.346258879008 0.599948813387 -0.03) (0.347134863552 0.599971206634 -0.03) (0.348010988261 0.599987202664 -0.03) (0.348887206418 0.599996800623 -0.03))
    polyLine 62 66 ((0.305284425279 0.591452296813 0) (0.306099458936 0.591774120548 0) (0.306916820888 0.592089984157 0) (0.307736467548 0.592399870799 0) (0.308558355213 0.592703763949 0) (0.309382440055 0.593001647402 0) (0.310208678133 0.593293505275 0) (0.311037025389 0.593579322005 0) (0.311867437653 0.593859082351 0) (0.312699870645 0.594132771396 0) (0.313534279977 0.594400374545 0) (0.314370621156 0.59466187753 0) (0.315208849586 0.594917266406 0) (0.316048920571 0.595166527555 0) (0.316890789314 0.595409647686 0) (0.317734410926 0.595646613835 0) (0.318579740421 0.595877413366 0) (0.319426732725 0.596102033973 0) (0.320275342672 0.596320463677 0) (0.321125525014 0.596532690832 0) (0.321977234415 0.596738704121 0) (0.32283042546 0.596938492558 0) (0.323685052655 0.597132045491 0) (0.324541070427 0.597319352599 0) (0.325398433132 0.597500403893 0) (0.326257095053 0.59767518972 0) (0.327117010403 0.59784370076 0) (0.327978133328 0.598005928027 0) (0.328840417912 0.59816186287 0) (0.329703818175 0.598311496975 0) (0.330568288078 0.598454822363 0) (0.331433781524 0.598591831391 0) (0.332300252363 0.598722516754 0) (0.333167654393 0.598846871482 0) (0.33403594136 0.598964888946 0) (0.334905066965 0.599076562852 0) (0.335774984865 0.599181887245 0) (0.336645648671 0.599280856509 0) (0.337517011959 0.599373465366 0) (0.338389028263 0.59945970888 0) (0.339261651087 0.59953958245 0) (0.340134833898 0.599613081817 0) (0.341008530137 0.599680203063 0) (0.341882693215 0.599740942608 0) (0.342757276519 0.599795297214 0) (0.343632233414 0.599843263983 0) (0.344507517245 0.599884840355 0) (0.345383081339 0.599920024115 0) (0.346258879008 0.599948813387 0) (0.347134863552 0.599971206634 0) (0.348010988261 0.599987202664 0) (0.348887206418 0.599996800623 0))
    polyLine 61 65 ((0.26123373078 1.21604709229 -0.03) (0.264662521457 1.22226663484 -0.03) (0.268125333334 1.22854284631 -0.03) (0.271622702232 1.23487662574 -0.03) (0.275155175282 1.24126889101 -0.03) (0.278723311223 1.24772057931 -0.03) (0.282327680708 1.25423264767 -0.03) (0.285968866626 1.26080607351 -0.03) (0.289647464426 1.26744185514 -0.03) (0.293364082463 1.27414101238 -0.03) (0.297119342339 1.2809045871 -0.03) (0.300913879272 1.28773364383 -0.03) (0.304748342468 1.29462927042 -0.03) (0.308623395504 1.30159257862 -0.03) (0.312539716731 1.3086247048 -0.03) (0.316497999681 1.3157268106 -0.03) (0.320498953499 1.32290008366 -0.03) (0.324543303378 1.33014573834 -0.03) (0.328631791019 1.3374650165 -0.03) (0.332765175098 1.34485918825 -0.03) (0.336944231757 1.35232955279 -0.03) (0.341169755106 1.35987743925 -0.03) (0.345442557743 1.36750420753 -0.03))
    polyLine 63 67 ((0.26123373078 1.21604709229 0) (0.264662521457 1.22226663484 0) (0.268125333334 1.22854284631 0) (0.271622702232 1.23487662574 0) (0.275155175282 1.24126889101 0) (0.278723311223 1.24772057931 0) (0.282327680708 1.25423264767 0) (0.285968866626 1.26080607351 0) (0.289647464426 1.26744185514 0) (0.293364082463 1.27414101238 0) (0.297119342339 1.2809045871 0) (0.300913879272 1.28773364383 0) (0.304748342468 1.29462927042 0) (0.308623395504 1.30159257862 0) (0.312539716731 1.3086247048 0) (0.316497999681 1.3157268106 0) (0.320498953499 1.32290008366 0) (0.324543303378 1.33014573834 0) (0.328631791019 1.3374650165 0) (0.332765175098 1.34485918825 0) (0.336944231757 1.35232955279 0) (0.341169755106 1.35987743925 0) (0.345442557743 1.36750420753 0))
);

boundary
(
    body_fore
    {
        type wall;
        faces
        (
            (0 2 6 4)
            (4 6 10 8)
            (8 10 14 12)
            (12 14 18 16)
            (16 18 22 20)
            (20 22 26 24)
            (24 26 30 28)
            (28 30 34 32)
            (32 34 38 36)
            (36 38 42 40)
            (40 42 46 44)
            (44 46 50 48)
            (48 50 54 52)
            (52 54 58 56)
            (56 58 62 60)
            (60 62 66 64)
        );
    }
    freestream
    {
        type patch;
        faces
        (
            (1 5 7 3)
            (5 9 11 7)
            (9 13 15 11)
            (13 17 19 15)
            (17 21 23 19)
            (21 25 27 23)
            (25 29 31 27)
            (29 33 35 31)
            (33 37 39 35)
            (37 41 43 39)
            (41 45 47 43)
            (45 49 51 47)
            (49 53 55 51)
            (53 57 59 55)
            (57 61 63 59)
            (61 65 67 63)
        );
    }
    outlet
    {
        type patch;
        faces
        (
            (64 66 67 65)
        );
    }
    axis
    {
        type patch;
        faces
        (
            (0 1 3 2)
        );
    }
    front
    {
        type patch;
        faces
        (
            (2 6 7 3)
            (6 10 11 7)
            (10 14 15 11)
            (14 18 19 15)
            (18 22 23 19)
            (22 26 27 23)
            (26 30 31 27)
            (30 34 35 31)
            (34 38 39 35)
            (38 42 43 39)
            (42 46 47 43)
            (46 50 51 47)
            (50 54 55 51)
            (54 58 59 55)
            (58 62 63 59)
            (62 66 67 63)
        );
    }
    back
    {
        type patch;
        faces
        (
            (0 1 5 4)
            (4 5 9 8)
            (8 9 13 12)
            (12 13 17 16)
            (16 17 21 20)
            (20 21 25 24)
            (24 25 29 28)
            (28 29 33 32)
            (32 33 37 36)
            (36 37 41 40)
            (40 41 45 44)
            (44 45 49 48)
            (48 49 53 52)
            (52 53 57 56)
            (56 57 61 60)
            (60 61 65 64)
        );
    }
);
