FoamFile
{
    version     2.0;
    format      ascii;
    class       dictionary;
    object      blockMeshDict;
}
// Generated by aether.cfd - do not edit by hand. Regenerate from the run config.

scale 1;

vertices
(
    (0 0 -0.03)
    (-0.455704650635 8.46036709784e-17 -0.03)
    (0 0 0)
    (-0.455704650635 8.46036709784e-17 0)
    (0.0010339354073 0.0413058704263 -0.03)
    (-0.449344778402 0.12077217177 -0.03)
    (0.0010339354073 0.0413058704263 0)
    (-0.449344778402 0.12077217177 0)
    (0.00413279618324 0.0825083073101 -0.03)
    (-0.431029297305 0.237936329966 -0.03)
    (0.00413279618324 0.0825083073101 0)
    (-0.431029297305 0.237936329966 0)
    (0.00928890035224 0.123504142467 -0.03)
    (-0.402709305531 0.34880398586 -0.03)
    (0.00928890035224 0.123504142467 0)
    (-0.402709305531 0.34880398586 0)
    (0.0164895357401 0.164190684624 -0.03)
    (-0.36678060879 0.452003121164 -0.03)
    (0.0164895357401 0.164190684624 0)
    (-0.36678060879 0.452003121164 0)
    (0.0257163960046 0.204466096704 -0.03)
    (-0.325440907303 0.547316072024 -0.03)
    (0.0257163960046 0.204466096704 0)
    (-0.325440907303 0.547316072024 0)
    (0.0369465281641 0.244229497244 -0.03)
    (-0.280380550443 0.63527115522 -0.03)
    (0.0369465281641 0.244229497244 0)
    (-0.280380550443 0.63527115522 0)
    (0.0501518542035 0.283381293638 -0.03)
    (-0.232747222466 0.716758873192 -0.03)
    (0.0501518542035 0.283381293638 0)
    (-0.232747222466 0.716758873192 0)
    (0.0652991164593 0.321823513465 -0.03)
    (-0.183238989267 0.792775709588 -0.03)
    (0.0652991164593 0.321823513465 0)
    (-0.183238989267 0.792775709588 0)
    (0.0823506005083 0.359459809606 -0.03)
    (-0.1322232718 0.86428752884 -0.03)
    (0.0823506005083 0.359459809606 0)
    (-0.1322232718 0.86428752884 0)
    (0.101263506804 0.396195973413 -0.03)
    (-0.0798399329146 0.932169047438 -0.03)
    (0.101263506804 0.396195973413 0)
    (-0.0798399329146 0.932169047438 0)
    (0.121880620932 0.432005682649 -0.03)
    (-0.0262393619698 0.996996513224 -0.03)
    (0.121880620932 0.432005682649 0)
    (-0.0262393619698 0.996996513224 0)
    (0.142874629045 0.467598547422 -0.03)
    (0.0265586669673 1.05710564366 -0.03)
    (0.142874629045 0.467598547422 0)
    (0.0265586669673 1.05710564366 0)
    (0.163868637159 0.503191412195 -0.03)
    (0.0776055808323 1.11225523491 -0.03)
    (0.163868637159 0.503191412195 0)
    (0.0776055808323 1.11225523491 0)
    (0.184862645273 0.538784276968 -0.03)
    (0.126629536036 1.16286468456 -0.03)
    (0.184862645273 0.538784276968 0)
    (0.126629536036 1.16286468456 0)
    (0.205856653387 0.574377141741 -0.03)
    (0.173487437778 1.20935242556 -0.03)
    (0.205856653387 0.574377141741 0)
    (0.173487437778 1.20935242556 0)
    (0.235136749818 0.6 -0.03)
    (0.235136749818 1.26805238742 -0.03)
    (0.235136749818 0.6 0)
    (0.235136749818 1.26805238742 0)
);

blocks
(
    hex (0 4 5 1 2 6 7 3) (4 48 1) simpleGrading (1 4 1)
    hex (4 8 9 5 6 10 11 7) (4 48 1) simpleGrading (1 4 1)
    hex (8 12 13 9 10 14 15 11) (4 48 1) simpleGrading (1 4 1)
    hex (12 16 17 13 14 18 19 15) (4 48 1) simpleGrading (1 4 1)
    hex (16 20 21 17 18 22 23 19) (4 48 1) simpleGrading (1 4 1)
    hex (20 24 25 21 22 26 27 23) (4 48 1) simpleGrading (1 4 1)
    hex (24 28 29 25 26 30 31 27) (4 48 1) simpleGrading (1 4 1)
    hex (28 32 33 29 30 34 35 31) (4 48 1) simpleGrading (1 4 1)
    hex (32 36 37 33 34 38 39 35) (4 48 1) simpleGrading (1 4 1)
    hex (36 40 41 37 38 42 43 39) (4 48 1) simpleGrading (1 4 1)
    hex (40 44 45 41 42 46 47 43) (4 48 1) simpleGrading (1 4 1)
    hex (44 48 49 45 46 50 51 47) (4 48 1) simpleGrading (1 4 1)
    hex (48 52 53 49 50 54 55 51) (4 48 1) simpleGrading (1 4 1)
    hex (52 56 57 53 54 58 59 55) (4 48 1) simpleGrading (1 4 1)
    hex (56 60 61 57 58 62 63 59) (4 48 1) simpleGrading (1 4 1)
    hex (60 64 65 61 62 66 67 63) (4 48 1) simpleGrading (1 4 1)
);

edges
(
    polyLine 0 4 ((4.96399352841e-07 0.00090540028371 -0.03) (1.98559681468e-06 0.00181079947879 -0.03) (4.46759059482e-06 0.0027161964966 -0.03) (7.94237770893e-06 0.00362159024851 -0.03) (1.24099539791e-05 0.00452697964591 -0.03) (1.78703140336e-05 0.00543236360017 -0.03) (2.43234513069e-05 0.00633774102267 -0.03) (3.176935804e-05 0.00724311082481 -0.03) (4.02080252803e-05 0.00814847191799 -0.03) (4.96394428809e-05 0.00905382321363 -0.03) (6.0063599502e-05 0.00995916362315 -0.03) (7.14804826096e-05 0.010864492058 -0.03) (8.38900784765e-05 0.0117698074296 -0.03) (9.72923721815e-05 0.0126751086495 -0.03) (0.00011168734761 0.0135803946291 -0.03) (0.000127074987454 0.0144856642799 -0.03) (0.000143455273212 0.0153909165135 -0.03) (0.000160828185187 0.0162961502413 -0.03) (0.000179193702493 0.0172013643751 -0.03) (0.000198551803045 0.0181065578263 -0.03) (0.000218902463569 0.0190117295065 -0.03) (0.000240245659596 0.0199168783275 -0.03) (0.000262581365461 0.0208220032009 -0.03) (0.000285909554311 0.0217271030384 -0.03) (0.000310230198095 0.0226321767516 -0.03) (0.000335543267571 0.0235372232525 -0.03) (0.000361848732303 0.0244422414527 -0.03) (0.000389146560661 0.025347230264 -0.03) (0.000417436719824 0.0262521885985 -0.03) (0.000446719175776 0.0271571153678 -0.03) (0.000476993893309 0.0280620094841 -0.03) (0.00050826083602 0.0289668698592 -0.03) (0.000540519966316 0.0298716954052 -0.03) (0.000573771245408 0.0307764850341 -0.03) (0.000608014633315 0.031681237658 -0.03) (0.000643250088865 0.0325859521892 -0.03) (0.000679477569692 0.0334906275397 -0.03) (0.000716697032235 0.0343952626218 -0.03) (0.000754908431743 0.0352998563478 -0.03) (0.000794111722271 0.03620440763 -0.03) (0.000834306856683 0.0371089153808 -0.03) (0.000875493786648 0.0380133785127 -0.03) (0.000917672462645 0.0389177959381 -0.03) (0.000960842833958 0.0398221665697 -0.03) (0.00100500484868 0.0407264893199 -0.03))
    polyLine 2 6 ((4.96399352841e-07 0.00090540028371 0) (1.98559681468e-06 0.00181079947879 0) (4.46759059482e-06 0.0027161964966 0) (7.94237770893e-06 0.00362159024851 0) (1.24099539791e-05 0.00452697964591 0) (1.78703140336e-05 0.00543236360017 0) (2.43234513069e-05 0.00633774102267 0) (3.176935804e-05 0.00724311082481 0) (4.02080252803e-05 0.00814847191799 0) (4.96394428809e-05 0.00905382321363 0) (6.0063599502e-05 0.00995916362315 0) (7.14804826096e-05 0.010864492058 0) (8.38900784765e-05 0.0117698074296 0) (9.72923721815e-05 0.0126751086495 0) (0.00011168734761 0.0135803946291 0) (0.000127074987454 0.0144856642799 0) (0.000143455273212 0.0153909165135 0) (0.000160828185187 0.0162961502413 0) (0.000179193702493 0.0172013643751 0) (0.000198551803045 0.0181065578263 0) (0.000218902463569 0.0190117295065 0) (0.000240245659596 0.0199168783275 0) (0.000262581365461 0.0208220032009 0) (0.000285909554311 0.0217271030384 0) (0.000310230198095 0.0226321767516 0) (0.000335543267571 0.0235372232525 0) (0.000361848732303 0.0244422414527 0) (0.000389146560661 0.025347230264 0) (0.000417436719824 0.0262521885985 0) (0.000446719175776 0.0271571153678 0) (0.000476993893309 0.0280620094841 0) (0.00050826083602 0.0289668698592 0) (0.000540519966316 0.0298716954052 0) (0.000573771245408 0.0307764850341 0) (0.000608014633315 0.031681237658 0) (0.000643250088865 0.0325859521892 0) (0.000679477569692 0.0334906275397 0) (0.000716697032235 0.0343952626218 0) (0.000754908431743 0.0352998563478 0) (0.000794111722271 0.03620440763 0) (0.000834306856683 0.0371089153808 0) (0.000875493786648 0.0380133785127 0) (0.000917672462645 0.0389177959381 0) (0.000960842833958 0.0398221665697 0) (0.00100500484868 0.0407264893199 0))
    polyLine 1 5 ((-0.455693629504 0.00502719588264 -0.03) (-0.455660565694 0.0100544429876 -0.03) (-0.455605457952 0.0150817925624 -0.03) (-0.455528304188 0.0201092959053 -0.03) (-0.455429101475 0.0251370043904 -0.03) (-0.455307846046 0.0301649694927 -0.03) (-0.45516453329 0.0351932428137 -0.03) (-0.454999157747 0.0402218761066 -0.03) (-0.454811713108 0.0452509213011 -0.03) (-0.454602192207 0.0502804305291 -0.03) (-0.454370587015 0.0553104561493 -0.03) (-0.454116888633 0.0603410507726 -0.03) (-0.453841087288 0.0653722672869 -0.03) (-0.453543172324 0.0704041588824 -0.03) (-0.45322313219 0.0754367790761 -0.03) (-0.452880954437 0.0804701817368 -0.03) (-0.452516625704 0.0855044211102 -0.03) (-0.452130131708 0.090539551843 -0.03) (-0.451721457234 0.095575629008 -0.03) (-0.451290586125 0.100612708129 -0.03) (-0.450837501264 0.105650845203 -0.03) (-0.450362184568 0.110690096729 -0.03) (-0.449864616969 0.115730519728 -0.03))
    polyLine 3 7 ((-0.455693629504 0.00502719588264 0) (-0.455660565694 0.0100544429876 0) (-0.455605457952 0.0150817925624 0) (-0.455528304188 0.0201092959053 0) (-0.455429101475 0.0251370043904 0) (-0.455307846046 0.0301649694927 0) (-0.45516453329 0.0351932428137 0) (-0.454999157747 0.0402218761066 0) (-0.454811713108 0.0452509213011 0) (-0.454602192207 0.0502804305291 0) (-0.454370587015 0.0553104561493 0) (-0.454116888633 0.0603410507726 0) (-0.453841087288 0.0653722672869 0) (-0.453543172324 0.0704041588824 0) (-0.45322313219 0.0754367790761 0) (-0.452880954437 0.0804701817368 0) (-0.452516625704 0.0855044211102 0) (-0.452130131708 0.090539551843 0) (-0.451721457234 0.095575629008 0) (-0.451290586125 0.100612708129 0) (-0.450837501264 0.105650845203 0) (-0.450362184568 0.110690096729 0) (-0.449864616969 0.115730519728 0))
    polyLine 4 8 ((0.00105015845371 0.0416307631015 -0.03) (0.00109630359476 0.0425349868272 -0.03) (0.00114344021635 0.0434391594098 -0.03) (0.00119156826179 0.0443432797621 -0.03) (0.00124068767323 0.045247346797 -0.03) (0.00129079839159 0.0461513594274 -0.03) (0.00134190035664 0.0470553165665 -0.03) (0.00139399350691 0.0479592171274 -0.03) (0.00144707777979 0.0488630600231 -0.03) (0.00150115311143 0.0497668441669 -0.03) (0.00155621943683 0.0506705684722 -0.03) (0.00161227668977 0.0515742318523 -0.03) (0.00166932480285 0.0524778332207 -0.03) (0.00172736370748 0.0533813714909 -0.03) (0.00178639333387 0.0542848455765 -0.03) (0.00184641361104 0.0551882543912 -0.03) (0.00190742446684 0.0560915968488 -0.03) (0.00196942582789 0.056994871863 -0.03) (0.00203241761966 0.0578980783479 -0.03) (0.00209639976639 0.0588012152174 -0.03) (0.00216137219117 0.0597042813856 -0.03) (0.00222733481587 0.0606072757667 -0.03) (0.00229428756117 0.0615101972749 -0.03) (0.00236223034658 0.0624130448247 -0.03) (0.0024311630904 0.0633158173303 -0.03) (0.00250108570975 0.0642185137065 -0.03) (0.00257199812055 0.0651211328677 -0.03) (0.00264390023755 0.0660236737286 -0.03) (0.00271679197429 0.0669261352042 -0.03) (0.00279067324312 0.0678285162092 -0.03) (0.00286554395521 0.0687308156588 -0.03) (0.00294140402054 0.0696330324679 -0.03) (0.0030182533479 0.0705351655518 -0.03) (0.00309609184488 0.0714372138257 -0.03) (0.00317491941789 0.0723391762051 -0.03) (0.00325473597216 0.0732410516055 -0.03) (0.00333554141171 0.0741428389425 -0.03) (0.00341733563938 0.0750445371317 -0.03) (0.00350011855683 0.0759461450891 -0.03) (0.00358389006452 0.0768476617304 -0.03) (0.00366865006173 0.0777490859718 -0.03) (0.00375439844653 0.0786504167295 -0.03) (0.00384113511584 0.0795516529196 -0.03) (0.00392885996536 0.0804527934585 -0.03) (0.0040175728896 0.0813538372628 -0.03) (0.00410727378191 0.082254783249 -0.03))
    polyLine 6 10 ((0.00105015845371 0.0416307631015 0) (0.00109630359476 0.0425349868272 0) (0.00114344021635 0.0434391594098 0) (0.00119156826179 0.0443432797621 0) (0.00124068767323 0.045247346797 0) (0.00129079839159 0.0461513594274 0) (0.00134190035664 0.0470553165665 0) (0.00139399350691 0.0479592171274 0) (0.00144707777979 0.0488630600231 0) (0.00150115311143 0.0497668441669 0) (0.00155621943683 0.0506705684722 0) (0.00161227668977 0.0515742318523 0) (0.00166932480285 0.0524778332207 0) (0.00172736370748 0.0533813714909 0) (0.00178639333387 0.0542848455765 0) (0.00184641361104 0.0551882543912 0) (0.00190742446684 0.0560915968488 0) (0.00196942582789 0.056994871863 0) (0.00203241761966 0.0578980783479 0) (0.00209639976639 0.0588012152174 0) (0.00216137219117 0.0597042813856 0) (0.00222733481587 0.0606072757667 0) (0.00229428756117 0.0615101972749 0) (0.00236223034658 0.0624130448247 0) (0.0024311630904 0.0633158173303 0) (0.00250108570975 0.0642185137065 0) (0.00257199812055 0.0651211328677 0) (0.00264390023755 0.0660236737286 0) (0.00271679197429 0.0669261352042 0) (0.00279067324312 0.0678285162092 0) (0.00286554395521 0.0687308156588 0) (0.00294140402054 0.0696330324679 0) (0.0030182533479 0.0705351655518 0) (0.00309609184488 0.0714372138257 0) (0.00317491941789 0.0723391762051 0) (0.00325473597216 0.0732410516055 0) (0.00333554141171 0.0741428389425 0) (0.00341733563938 0.0750445371317 0) (0.00350011855683 0.0759461450891 0) (0.00358389006452 0.0768476617304 0) (0.00366865006173 0.0777490859718 0) (0.00375439844653 0.0786504167295 0) (0.00384113511584 0.0795516529196 0) (0.00392885996536 0.0804527934585 0) (0.0040175728896 0.0813538372628 0) (0.00410727378191 0.082254783249 0))
    polyLine 5 9 ((-0.448822405363 0.125634876716 -0.03) (-0.448279285244 0.130498831143 -0.03) (-0.447715397341 0.13536408824 -0.03) (-0.447130720031 0.140230701751 -0.03) (-0.446525230763 0.145098725992 -0.03) (-0.445898906037 0.149968215879 -0.03) (-0.445251721394 0.154839226937 -0.03) (-0.444583651394 0.159711815329 -0.03) (-0.443894669606 0.164586037869 -0.03) (-0.443184748583 0.169461952045 -0.03) (-0.442453859853 0.174339616035 -0.03) (-0.441701973894 0.179219088731 -0.03) (-0.440929060119 0.184100429754 -0.03) (-0.440135086853 0.188983699473 -0.03) (-0.43932002132 0.193868959028 -0.03) (-0.438483829616 0.198756270344 -0.03) (-0.437626476692 0.203645696154 -0.03) (-0.436747926332 0.208537300013 -0.03) (-0.435848141132 0.213431146321 -0.03) (-0.434927082475 0.218327300341 -0.03) (-0.433984710512 0.223225828214 -0.03) (-0.433020984138 0.228126796982 -0.03) (-0.432035860966 0.233030274601 -0.03))
    polyLine 7 11 ((-0.448822405363 0.125634876716 0) (-0.448279285244 0.130498831143 0) (-0.447715397341 0.13536408824 0) (-0.447130720031 0.140230701751 0) (-0.446525230763 0.145098725992 0) (-0.445898906037 0.149968215879 0) (-0.445251721394 0.154839226937 0) (-0.444583651394 0.159711815329 0) (-0.443894669606 0.164586037869 0) (-0.443184748583 0.169461952045 0) (-0.442453859853 0.174339616035 0) (-0.441701973894 0.179219088731 0) (-0.440929060119 0.184100429754 0) (-0.440135086853 0.188983699473 0) (-0.43932002132 0.193868959028 0) (-0.438483829616 0.198756270344 0) (-0.437626476692 0.203645696154 0) (-0.436747926332 0.208537300013 0) (-0.435848141132 0.213431146321 0) (-0.434927082475 0.218327300341 0) (-0.433984710512 0.223225828214 0) (-0.433020984138 0.228126796982 0) (-0.432035860966 0.233030274601 0))
    polyLine 8 12 ((0.00419796253444 0.0831556303339 -0.03) (0.00428963903813 0.0840563774343 -0.03) (0.00438230318275 0.0849570234671 -0.03) (0.0044759548569 0.0858575673495 -0.03) (0.00457059394797 0.0867580079986 -0.03) (0.00466622034216 0.0876583443318 -0.03) (0.00476283392449 0.0885585752665 -0.03) (0.0048604345788 0.0894586997204 -0.03) (0.00495902218774 0.0903587166111 -0.03) (0.00505859663277 0.0912586248564 -0.03) (0.00515915779415 0.0921584233744 -0.03) (0.00526070555099 0.0930581110831 -0.03) (0.00536323978117 0.0939576869009 -0.03) (0.00546676036142 0.0948571497459 -0.03) (0.00557126716726 0.0957564985368 -0.03) (0.00567676007304 0.0966557321922 -0.03) (0.00578323895191 0.0975548496308 -0.03) (0.00589070367585 0.0984538497717 -0.03) (0.00599915411564 0.0993527315338 -0.03) (0.00610859014089 0.100251493836 -0.03) (0.00621901162 0.101150135599 -0.03) (0.00633041842023 0.10204865574 -0.03) (0.0064428104076 0.102947053181 -0.03) (0.00655618744698 0.10384532684 -0.03) (0.00667054940205 0.104743475638 -0.03) (0.00678589613531 0.105641498495 -0.03) (0.00690222750806 0.106539394331 -0.03) (0.00701954338043 0.107437162066 -0.03) (0.00713784361136 0.108334800621 -0.03) (0.00725712805861 0.109232308917 -0.03) (0.00737739657876 0.110129685874 -0.03) (0.00749864902719 0.111026930414 -0.03) (0.00762088525812 0.111924041457 -0.03) (0.00774410512456 0.112821017925 -0.03) (0.00786830847838 0.11371785874 -0.03) (0.00799349517021 0.114614562823 -0.03) (0.00811966504955 0.115511129096 -0.03) (0.00824681796469 0.116407556481 -0.03) (0.00837495376274 0.1173038439 -0.03) (0.00850407228964 0.118199990275 -0.03) (0.00863417339014 0.119095994529 -0.03) (0.0087652569078 0.119991855585 -0.03) (0.00889732268501 0.120887572366 -0.03) (0.00903037056298 0.121783143794 -0.03) (0.00916440038175 0.122678568792 -0.03))
    polyLine 10 14 ((0.00419796253444 0.0831556303339 0) (0.00428963903813 0.0840563774343 0) (0.00438230318275 0.0849570234671 0) (0.0044759548569 0.0858575673495 0) (0.00457059394797 0.0867580079986 0) (0.00466622034216 0.0876583443318 0) (0.00476283392449 0.0885585752665 0) (0.0048604345788 0.0894586997204 0) (0.00495902218774 0.0903587166111 0) (0.00505859663277 0.0912586248564 0) (0.00515915779415 0.0921584233744 0) (0.00526070555099 0.0930581110831 0) (0.00536323978117 0.0939576869009 0) (0.00546676036142 0.0948571497459 0) (0.00557126716726 0.0957564985368 0) (0.00567676007304 0.0966557321922 0) (0.00578323895191 0.0975548496308 0) (0.00589070367585 0.0984538497717 0) (0.00599915411564 0.0993527315338 0) (0.00610859014089 0.100251493836 0) (0.00621901162 0.101150135599 0) (0.00633041842023 0.10204865574 0) (0.0064428104076 0.102947053181 0) (0.00655618744698 0.10384532684 0) (0.00667054940205 0.104743475638 0) (0.00678589613531 0.105641498495 0) (0.00690222750806 0.106539394331 0) (0.00701954338043 0.107437162066 0) (0.00713784361136 0.108334800621 0) (0.00725712805861 0.109232308917 0) (0.00737739657876 0.110129685874 0) (0.00749864902719 0.111026930414 0) (0.00762088525812 0.111924041457 0) (0.00774410512456 0.112821017925 0) (0.00786830847838 0.11371785874 0) (0.00799349517021 0.114614562823 0) (0.00811966504955 0.115511129096 0) (0.00824681796469 0.116407556481 0) (0.00837495376274 0.1173038439 0) (0.00850407228964 0.118199990275 0) (0.00863417339014 0.119095994529 0) (0.0087652569078 0.119991855585 0) (0.00889732268501 0.120887572366 0) (0.00903037056298 0.121783143794 0) (0.00916440038175 0.122678568792 0))
    polyLine 9 13 ((-0.4300692783 0.242523267292 -0.03) (-0.429090459752 0.247112574323 -0.03) (-0.428092802804 0.251704309573 -0.03) (-0.427076267532 0.256298532326 -0.03) (-0.426040812922 0.260895302641 -0.03) (-0.42498639685 0.265494681373 -0.03) (-0.423912976068 0.27009673018 -0.03) (-0.422820506179 0.274701511538 -0.03) (-0.421708941618 0.279309088754 -0.03) (-0.420578235632 0.283919525977 -0.03) (-0.419428340257 0.288532888212 -0.03) (-0.418259206302 0.293149241333 -0.03) (-0.417070783319 0.297768652092 -0.03) (-0.415863019589 0.302391188139 -0.03) (-0.414635862093 0.307016918026 -0.03) (-0.413389256497 0.311645911226 -0.03) (-0.412123147119 0.316278238142 -0.03) (-0.410837476914 0.320913970121 -0.03) (-0.409532187447 0.325553179467 -0.03) (-0.408207218866 0.330195939452 -0.03) (-0.406862509884 0.33484232433 -0.03) (-0.405497997748 0.339492409351 -0.03) (-0.404113618215 0.344146270769 -0.03))
    polyLine 11 15 ((-0.4300692783 0.242523267292 0) (-0.429090459752 0.247112574323 0) (-0.428092802804 0.251704309573 0) (-0.427076267532 0.256298532326 0) (-0.426040812922 0.260895302641 0) (-0.42498639685 0.265494681373 0) (-0.423912976068 0.27009673018 0) (-0.422820506179 0.274701511538 0) (-0.421708941618 0.279309088754 0) (-0.420578235632 0.283919525977 0) (-0.419428340257 0.288532888212 0) (-0.418259206302 0.293149241333 0) (-0.417070783319 0.297768652092 0) (-0.415863019589 0.302391188139 0) (-0.414635862093 0.307016918026 0) (-0.413389256497 0.311645911226 0) (-0.412123147119 0.316278238142 0) (-0.410837476914 0.320913970121 0) (-0.409532187447 0.325553179467 0) (-0.408207218866 0.330195939452 0) (-0.406862509884 0.33484232433 0) (-0.405497997748 0.339492409351 0) (-0.404113618215 0.344146270769 0))
    polyLine 12 16 ((0.00929941198014 0.123573846284 -0.03) (0.00943540519583 0.124468975194 -0.03) (0.0095723798653 0.125363954446 -0.03) (0.00971033582386 0.126258782962 -0.03) (0.00984927290563 0.127153459667 -0.03) (0.00998919094356 0.128047983487 -0.03) (0.0101300897694 0.128942353343 -0.03) (0.0102719692138 0.129836568163 -0.03) (0.010414829106 0.13073062687 -0.03) (0.0105586692745 0.131624528389 -0.03) (0.0107034895461 0.132518271646 -0.03) (0.0108492897468 0.133411855566 -0.03) (0.0109960697012 0.134305279074 -0.03) (0.0111438292329 0.135198541096 -0.03) (0.0112925681642 0.136091640559 -0.03) (0.0114422863163 0.136984576388 -0.03) (0.0115929835092 0.13787734751 -0.03) (0.0117446595616 0.138769952852 -0.03) (0.0118973142912 0.139662391339 -0.03) (0.0120509475144 0.140554661899 -0.03) (0.0122055590465 0.14144676346 -0.03) (0.0123611487017 0.142338694948 -0.03) (0.0125177162927 0.143230455291 -0.03) (0.0126752616315 0.144122043417 -0.03) (0.0128337845285 0.145013458254 -0.03) (0.0129932847932 0.14590469873 -0.03) (0.0131537622337 0.146795763773 -0.03) (0.0133152166571 0.147686652312 -0.03) (0.0134776478693 0.148577363276 -0.03) (0.013641055675 0.149467895594 -0.03) (0.0138054398777 0.150358248195 -0.03) (0.0139708002797 0.151248420009 -0.03) (0.0141371366823 0.152138409964 -0.03) (0.0143044488854 0.153028216992 -0.03) (0.0144727366878 0.153917840022 -0.03) (0.0146419998873 0.154807277985 -0.03) (0.0148122382802 0.155696529811 -0.03) (0.0149834516619 0.156585594431 -0.03) (0.0151556398266 0.157474470775 -0.03) (0.0153288025671 0.158363157776 -0.03) (0.0155029396754 0.159251654365 -0.03) (0.0156780509419 0.160139959472 -0.03) (0.0158541361563 0.161028072031 -0.03) (0.0160311951066 0.161915990974 -0.03) (0.0162092275801 0.162803715232 -0.03) (0.0163882333627 0.163691243738 -0.03))
    polyLine 14 18 ((0.00929941198014 0.123573846284 0) (0.00943540519583 0.124468975194 0) (0.0095723798653 0.125363954446 0) (0.00971033582386 0.126258782962 0) (0.00984927290563 0.127153459667 0) (0.00998919094356 0.128047983487 0) (0.0101300897694 0.128942353343 0) (0.0102719692138 0.129836568163 0) (0.010414829106 0.13073062687 0) (0.0105586692745 0.131624528389 0) (0.0107034895461 0.132518271646 0) (0.0108492897468 0.133411855566 0) (0.0109960697012 0.134305279074 0) (0.0111438292329 0.135198541096 0) (0.0112925681642 0.136091640559 0) (0.0114422863163 0.136984576388 0) (0.0115929835092 0.13787734751 0) (0.0117446595616 0.138769952852 0) (0.0118973142912 0.139662391339 0) (0.0120509475144 0.140554661899 0) (0.0122055590465 0.14144676346 0) (0.0123611487017 0.142338694948 0) (0.0125177162927 0.143230455291 0) (0.0126752616315 0.144122043417 0) (0.0128337845285 0.145013458254 0) (0.0129932847932 0.14590469873 0) (0.0131537622337 0.146795763773 0) (0.0133152166571 0.147686652312 0) (0.0134776478693 0.148577363276 0) (0.013641055675 0.149467895594 0) (0.0138054398777 0.150358248195 0) (0.0139708002797 0.151248420009 0) (0.0141371366823 0.152138409964 0) (0.0143044488854 0.153028216992 0) (0.0144727366878 0.153917840022 0) (0.0146419998873 0.154807277985 0) (0.0148122382802 0.155696529811 0) (0.0149834516619 0.156585594431 0) (0.0151556398266 0.157474470775 0) (0.0153288025671 0.158363157776 0) (0.0155029396754 0.159251654365 0) (0.0156780509419 0.160139959472 0) (0.0158541361563 0.161028072031 0) (0.0160311951066 0.161915990974 0) (0.0162092275801 0.162803715232 0) (0.0163882333627 0.163691243738 0))
    polyLine 13 17 ((-0.401409656575 0.353060064871 -0.03) (-0.400093282318 0.357319482046 -0.03) (-0.398760129292 0.361582298482 -0.03) (-0.397410142905 0.365848576019 -0.03) (-0.396043267422 0.370118377248 -0.03) (-0.394659445952 0.374391765518 -0.03) (-0.393258620425 0.378668804946 -0.03) (-0.391840731577 0.382949560426 -0.03) (-0.390405718929 0.387234097634 -0.03) (-0.388953520772 0.391522483039 -0.03) (-0.387484074143 0.39581478391 -0.03) (-0.385997314809 0.400111068328 -0.03) (-0.384493177246 0.404411405188 -0.03) (-0.382971594623 0.408715864214 -0.03) (-0.381432498774 0.413024515965 -0.03) (-0.379875820186 0.417337431842 -0.03) (-0.378301487973 0.421654684101 -0.03) (-0.376709429857 0.425976345858 -0.03) (-0.375099572147 0.430302491098 -0.03) (-0.373471839716 0.434633194689 -0.03) (-0.37182615598 0.438968532385 -0.03) (-0.370162442878 0.443308580837 -0.03) (-0.368480620844 0.447653417605 -0.03))
    polyLine 15 19 ((-0.401409656575 0.353060064871 0) (-0.400093282318 0.357319482046 0) (-0.398760129292 0.361582298482 0) (-0.397410142905 0.365848576019 0) (-0.396043267422 0.370118377248 0) (-0.394659445952 0.374391765518 0) (-0.393258620425 0.378668804946 0) (-0.391840731577 0.382949560426 0) (-0.390405718929 0.387234097634 0) (-0.388953520772 0.391522483039 0) (-0.387484074143 0.39581478391 0) (-0.385997314809 0.400111068328 0) (-0.384493177246 0.404411405188 0) (-0.382971594623 0.408715864214 0) (-0.381432498774 0.413024515965 0) (-0.379875820186 0.417337431842 0) (-0.378301487973 0.421654684101 0) (-0.376709429857 0.425976345858 0) (-0.375099572147 0.430302491098 0) (-0.373471839716 0.434633194689 0) (-0.37182615598 0.438968532385 0) (-0.370162442878 0.443308580837 0) (-0.368480620844 0.447653417605 0))
    polyLine 16 20 ((0.0165682122392 0.164578575426 -0.03) (0.0167491639931 0.165465709228 -0.03) (0.0169310884069 0.166352644078 -0.03) (0.0171139852618 0.167239378909 -0.03) (0.017297854338 0.168125912655 -0.03) (0.0174826954143 0.169012244251 -0.03) (0.0176685082685 0.169898372629 -0.03) (0.0178552926771 0.170784296726 -0.03) (0.0180430484157 0.171670015475 -0.03) (0.0182317752584 0.172555527812 -0.03) (0.0184214729783 0.173440832672 -0.03) (0.0186121413474 0.174325928991 -0.03) (0.0188037801363 0.175210815704 -0.03) (0.0189963891147 0.176095491747 -0.03) (0.019189968051 0.176979956057 -0.03) (0.0193845167124 0.17786420757 -0.03) (0.0195800348649 0.178748245223 -0.03) (0.0197765222736 0.179632067953 -0.03) (0.0199739787021 0.180515674698 -0.03) (0.020172403913 0.181399064394 -0.03) (0.0203717976678 0.18228223598 -0.03) (0.0205721597267 0.183165188395 -0.03) (0.0207734898488 0.184047920575 -0.03) (0.020975787792 0.18493043146 -0.03) (0.0211790533131 0.185812719989 -0.03) (0.0213832861677 0.1866947851 -0.03) (0.0215884861102 0.187576625734 -0.03) (0.0217946528938 0.18845824083 -0.03) (0.0220017862708 0.189339629328 -0.03) (0.022209885992 0.190220790169 -0.03) (0.0224189518072 0.191101722291 -0.03) (0.0226289834651 0.191982424638 -0.03) (0.0228399807131 0.192862896149 -0.03) (0.0230519432975 0.193743135765 -0.03) (0.0232648709635 0.19462314243 -0.03) (0.023478763455 0.195502915083 -0.03) (0.0236936205149 0.196382452669 -0.03) (0.0239094418847 0.197261754128 -0.03) (0.0241262273051 0.198140818404 -0.03) (0.0243439765154 0.19901964444 -0.03) (0.0245626892537 0.199898231179 -0.03) (0.0247823652571 0.200776577565 -0.03) (0.0250030042614 0.201654682542 -0.03) (0.0252246060013 0.202532545053 -0.03) (0.0254471702105 0.203410164044 -0.03) (0.0256706966212 0.204287538459 -0.03))
    polyLine 18 22 ((0.0165682122392 0.164578575426 0) (0.0167491639931 0.165465709228 0) (0.0169310884069 0.166352644078 0) (0.0171139852618 0.167239378909 0) (0.017297854338 0.168125912655 0) (0.0174826954143 0.169012244251 0) (0.0176685082685 0.169898372629 0) (0.0178552926771 0.170784296726 0) (0.0180430484157 0.171670015475 0) (0.0182317752584 0.172555527812 0) (0.0184214729783 0.173440832672 0) (0.0186121413474 0.174325928991 0) (0.0188037801363 0.175210815704 0) (0.0189963891147 0.176095491747 0) (0.019189968051 0.176979956057 0) (0.0193845167124 0.17786420757 0) (0.0195800348649 0.178748245223 0) (0.0197765222736 0.179632067953 0) (0.0199739787021 0.180515674698 0) (0.020172403913 0.181399064394 0) (0.0203717976678 0.18228223598 0) (0.0205721597267 0.183165188395 0) (0.0207734898488 0.184047920575 0) (0.020975787792 0.18493043146 0) (0.0211790533131 0.185812719989 0) (0.0213832861677 0.1866947851 0) (0.0215884861102 0.187576625734 0) (0.0217946528938 0.18845824083 0) (0.0220017862708 0.189339629328 0) (0.022209885992 0.190220790169 0) (0.0224189518072 0.191101722291 0) (0.0226289834651 0.191982424638 0) (0.0228399807131 0.192862896149 0) (0.0230519432975 0.193743135765 0) (0.0232648709635 0.19462314243 0) (0.023478763455 0.195502915083 0) (0.0236936205149 0.196382452669 0) (0.0239094418847 0.197261754128 0) (0.0241262273051 0.198140818404 0) (0.0243439765154 0.19901964444 0) (0.0245626892537 0.199898231179 0) (0.0247823652571 0.200776577565 0) (0.0250030042614 0.201654682542 0) (0.0252246060013 0.202532545053 0) (0.0254471702105 0.203410164044 0) (0.0256706966212 0.204287538459 0))
    polyLine 17 21 ((-0.365234826749 0.455922460943 -0.03) (-0.363674179662 0.459845866449 -0.03) (-0.362098605137 0.463773396851 -0.03) (-0.360508039722 0.46770511194 -0.03) (-0.358902418892 0.471641072141 -0.03) (-0.357281677033 0.475581338514 -0.03) (-0.355645747428 0.479525972763 -0.03) (-0.353994562241 0.483475037241 -0.03) (-0.352328052504 0.487428594955 -0.03) (-0.350646148097 0.491386709575 -0.03) (-0.348948777738 0.495349445436 -0.03) (-0.347235868964 0.499316867549 -0.03) (-0.345507348116 0.503289041603 -0.03) (-0.343763140319 0.507266033975 -0.03) (-0.342003169473 0.511247911734 -0.03) (-0.34022735823 0.515234742648 -0.03) (-0.338435627977 0.519226595193 -0.03) (-0.336627898824 0.523223538557 -0.03) (-0.334804089582 0.527225642647 -0.03) (-0.332964117745 0.531232978097 -0.03) (-0.331107899475 0.535245616276 -0.03) (-0.329235349583 0.539263629293 -0.03) (-0.327346381509 0.543287090004 -0.03))
    polyLine 19 23 ((-0.365234826749 0.455922460943 0) (-0.363674179662 0.459845866449 0) (-0.362098605137 0.463773396851 0) (-0.360508039722 0.46770511194 0) (-0.358902418892 0.471641072141 0) (-0.357281677033 0.475581338514 0) (-0.355645747428 0.479525972763 0) (-0.353994562241 0.483475037241 0) (-0.352328052504 0.487428594955 0) (-0.350646148097 0.491386709575 0) (-0.348948777738 0.495349445436 0) (-0.347235868964 0.499316867549 0) (-0.345507348116 0.503289041603 0) (-0.343763140319 0.507266033975 0) (-0.342003169473 0.511247911734 0) (-0.34022735823 0.515234742648 0) (-0.338435627977 0.519226595193 0) (-0.336627898824 0.523223538557 0) (-0.334804089582 0.527225642647 0) (-0.332964117745 0.531232978097 0) (-0.331107899475 0.535245616276 0) (-0.329235349583 0.539263629293 0) (-0.327346381509 0.543287090004 0))
    polyLine 20 24 ((0.0258951849648 0.205164667243 -0.03) (0.0261206349712 0.206041549342 -0.03) (0.0263470463695 0.2069181837 -0.03) (0.0265744188874 0.207794569265 -0.03) (0.0268027522515 0.208670704982 -0.03) (0.0270320461873 0.209546589799 -0.03) (0.027262300419 0.210422222661 -0.03) (0.0274935146698 0.211297602515 -0.03) (0.0277256886618 0.212172728311 -0.03) (0.0279588221157 0.213047598994 -0.03) (0.0281929147512 0.213922213514 -0.03) (0.0284279662869 0.214796570818 -0.03) (0.0286639764402 0.215670669856 -0.03) (0.0289009449272 0.216544509576 -0.03) (0.0291388714631 0.217418088928 -0.03) (0.0293777557617 0.218291406861 -0.03) (0.0296175975359 0.219164462325 -0.03) (0.0298583964972 0.220037254271 -0.03) (0.0301001523562 0.220909781648 -0.03) (0.0303428648221 0.221782043409 -0.03) (0.0305865336031 0.222654038504 -0.03) (0.0308311584062 0.223525765884 -0.03) (0.0310767389373 0.224397224502 -0.03) (0.0313232749012 0.22526841331 -0.03) (0.0315707660014 0.22613933126 -0.03) (0.0318192119402 0.227009977305 -0.03) (0.0320686124191 0.227880350398 -0.03) (0.032318967138 0.228750449493 -0.03) (0.0325702757961 0.229620273543 -0.03) (0.032822538091 0.230489821503 -0.03) (0.0330757537196 0.231359092327 -0.03) (0.0333299223773 0.23222808497 -0.03) (0.0335850437586 0.233096798387 -0.03) (0.0338411175567 0.233965231534 -0.03) (0.0340981434636 0.234833383366 -0.03) (0.0343561211704 0.235701252839 -0.03) (0.0346150503668 0.236568838911 -0.03) (0.0348749307416 0.237436140537 -0.03) (0.0351357619823 0.238303156675 -0.03) (0.0353975437752 0.239169886283 -0.03) (0.0356602758055 0.240036328318 -0.03) (0.0359239577574 0.240902481739 -0.03) (0.0361885893139 0.241768345504 -0.03) (0.0364541701567 0.242633918572 -0.03) (0.0367206999665 0.243499199902 -0.03))
    polyLine 22 26 ((0.0258951849648 0.205164667243 0) (0.0261206349712 0.206041549342 0) (0.0263470463695 0.2069181837 0) (0.0265744188874 0.207794569265 0) (0.0268027522515 0.208670704982 0) (0.0270320461873 0.209546589799 0) (0.027262300419 0.210422222661 0) (0.0274935146698 0.211297602515 0) (0.0277256886618 0.212172728311 0) (0.0279588221157 0.213047598994 0) (0.0281929147512 0.213922213514 0) (0.0284279662869 0.214796570818 0) (0.0286639764402 0.215670669856 0) (0.0289009449272 0.216544509576 0) (0.0291388714631 0.217418088928 0) (0.0293777557617 0.218291406861 0) (0.0296175975359 0.219164462325 0) (0.0298583964972 0.220037254271 0) (0.0301001523562 0.220909781648 0) (0.0303428648221 0.221782043409 0) (0.0305865336031 0.222654038504 0) (0.0308311584062 0.223525765884 0) (0.0310767389373 0.224397224502 0) (0.0313232749012 0.22526841331 0) (0.0315707660014 0.22613933126 0) (0.0318192119402 0.227009977305 0) (0.0320686124191 0.227880350398 0) (0.032318967138 0.228750449493 0) (0.0325702757961 0.229620273543 0) (0.032822538091 0.230489821503 0) (0.0330757537196 0.231359092327 0) (0.0333299223773 0.23222808497 0) (0.0335850437586 0.233096798387 0) (0.0338411175567 0.233965231534 0) (0.0340981434636 0.234833383366 0) (0.0343561211704 0.235701252839 0) (0.0346150503668 0.236568838911 0) (0.0348749307416 0.237436140537 0) (0.0351357619823 0.238303156675 0) (0.0353975437752 0.239169886283 0) (0.0356602758055 0.240036328318 0) (0.0359239577574 0.240902481739 0) (0.0361885893139 0.241768345504 0) (0.0364541701567 0.242633918572 0) (0.0367206999665 0.243499199902 0))
    polyLine 21 25 ((-0.323722762784 0.550923979754 -0.03) (-0.32199128041 0.554536416596 -0.03) (-0.320246394375 0.558153436765 -0.03) (-0.31848803794 0.56177509498 -0.03) (-0.316716143417 0.565401446467 -0.03) (-0.314930642161 0.569032546959 -0.03) (-0.313131464555 0.572668452708 -0.03) (-0.31131854 0.576309220483 -0.03) (-0.309491796903 0.579954907578 -0.03) (-0.307651162663 0.583605571819 -0.03) (-0.305796563661 0.587261271563 -0.03) (-0.303927925245 0.590922065707 -0.03) (-0.302045171718 0.594588013691 -0.03) (-0.300148226325 0.598259175507 -0.03) (-0.29823701124 0.601935611698 -0.03) (-0.296311447555 0.605617383368 -0.03) (-0.29437145526 0.609304552185 -0.03) (-0.292416953235 0.612997180388 -0.03) (-0.290447859236 0.616695330789 -0.03) (-0.288464089878 0.620399066784 -0.03) (-0.28646556062 0.624108452352 -0.03) (-0.284452185756 0.627823552067 -0.03) (-0.282423878393 0.631544431098 -0.03))
    polyLine 23 27 ((-0.323722762784 0.550923979754 0) (-0.32199128041 0.554536416596 0) (-0.320246394375 0.558153436765 0) (-0.31848803794 0.56177509498 0) (-0.316716143417 0.565401446467 0) (-0.314930642161 0.569032546959 0) (-0.313131464555 0.572668452708 0) (-0.31131854 0.576309220483 0) (-0.309491796903 0.579954907578 0) (-0.307651162663 0.583605571819 0) (-0.305796563661 0.587261271563 0) (-0.303927925245 0.590922065707 0) (-0.302045171718 0.594588013691 0) (-0.300148226325 0.598259175507 0) (-0.29823701124 0.601935611698 0) (-0.296311447555 0.605617383368 0) (-0.29437145526 0.609304552185 0) (-0.292416953235 0.612997180388 0) (-0.290447859236 0.616695330789 0) (-0.288464089878 0.620399066784 0) (-0.28646556062 0.624108452352 0) (-0.284452185756 0.627823552067 0) (-0.282423878393 0.631544431098 0))
    polyLine 24 28 ((0.0369881784229 0.244364188455 -0.03) (0.0372566052042 0.245228883189 -0.03) (0.0375259799877 0.246093283065 -0.03) (0.0377963024494 0.246957387044 -0.03) (0.0380675722645 0.247821194087 -0.03) (0.0383397891066 0.248684703156 -0.03) (0.0386129526485 0.249547913211 -0.03) (0.0388870625618 0.250410823215 -0.03) (0.0391621185168 0.251273432131 -0.03) (0.0394381201828 0.252135738921 -0.03) (0.039715067228 0.252997742549 -0.03) (0.0399929593195 0.253859441978 -0.03) (0.0402717961229 0.254720836172 -0.03) (0.0405515773032 0.255581924095 -0.03) (0.0408323025238 0.256442704712 -0.03) (0.0411139714473 0.257303176988 -0.03) (0.0413965837349 0.258163339888 -0.03) (0.0416801390469 0.259023192379 -0.03) (0.0419646370423 0.259882733425 -0.03) (0.0422500773791 0.260741961994 -0.03) (0.042536459714 0.261600877053 -0.03) (0.0428237837027 0.262459477569 -0.03) (0.0431120489998 0.263317762509 -0.03) (0.0434012552586 0.264175730842 -0.03) (0.0436914021314 0.265033381536 -0.03) (0.0439824892692 0.265890713559 -0.03) (0.0442745163223 0.266747725881 -0.03) (0.0445674829393 0.267604417472 -0.03) (0.0448613887681 0.268460787301 -0.03) (0.0451562334552 0.269316834339 -0.03) (0.0454520166462 0.270172557556 -0.03) (0.0457487379853 0.271027955923 -0.03) (0.0460463971159 0.271883028412 -0.03) (0.0463449936801 0.272737773996 -0.03) (0.0466445273187 0.273592191645 -0.03) (0.0469449976717 0.274446280333 -0.03) (0.0472464043778 0.275300039033 -0.03) (0.0475487470745 0.276153466718 -0.03) (0.0478520253984 0.277006562363 -0.03) (0.0481562389847 0.27785932494 -0.03) (0.0484613874678 0.278711753426 -0.03) (0.0487674704806 0.279563846795 -0.03) (0.0490744876553 0.280415604023 -0.03) (0.0493824386225 0.281267024085 -0.03) (0.0496913230121 0.282118105957 -0.03) (0.0500011404527 0.282968848617 -0.03))
    polyLine 26 30 ((0.0369881784229 0.244364188455 0) (0.0372566052042 0.245228883189 0) (0.0375259799877 0.246093283065 0) (0.0377963024494 0.246957387044 0) (0.0380675722645 0.247821194087 0) (0.0383397891066 0.248684703156 0) (0.0386129526485 0.249547913211 0) (0.0388870625618 0.250410823215 0) (0.0391621185168 0.251273432131 0) (0.0394381201828 0.252135738921 0) (0.039715067228 0.252997742549 0) (0.0399929593195 0.253859441978 0) (0.0402717961229 0.254720836172 0) (0.0405515773032 0.255581924095 0) (0.0408323025238 0.256442704712 0) (0.0411139714473 0.257303176988 0) (0.0413965837349 0.258163339888 0) (0.0416801390469 0.259023192379 0) (0.0419646370423 0.259882733425 0) (0.0422500773791 0.260741961994 0) (0.042536459714 0.261600877053 0) (0.0428237837027 0.262459477569 0) (0.0431120489998 0.263317762509 0) (0.0434012552586 0.264175730842 0) (0.0436914021314 0.265033381536 0) (0.0439824892692 0.265890713559 0) (0.0442745163223 0.266747725881 0) (0.0445674829393 0.267604417472 0) (0.0448613887681 0.268460787301 0) (0.0451562334552 0.269316834339 0) (0.0454520166462 0.270172557556 0) (0.0457487379853 0.271027955923 0) (0.0460463971159 0.271883028412 0) (0.0463449936801 0.272737773996 0) (0.0466445273187 0.273592191645 0) (0.0469449976717 0.274446280333 0) (0.0472464043778 0.275300039033 0) (0.0475487470745 0.276153466718 0) (0.0478520253984 0.277006562363 0) (0.0481562389847 0.27785932494 0) (0.0484613874678 0.278711753426 0) (0.0487674704806 0.279563846795 0) (0.0490744876553 0.280415604023 0) (0.0493824386225 0.281267024085 0) (0.0496913230121 0.282118105957 0) (0.0500011404527 0.282968848617 0))
    polyLine 25 29 ((-0.278541296765 0.638607358833 -0.03) (-0.276689905671 0.641948333539 -0.03) (-0.274826311757 0.645294127563 -0.03) (-0.272950448814 0.648644789526 -0.03) (-0.271062249825 0.652000368455 -0.03) (-0.269161646949 0.655360913785 -0.03) (-0.267248571516 0.658726475358 -0.03) (-0.265322954016 0.662097103433 -0.03) (-0.263384724089 0.665472848686 -0.03) (-0.261433810517 0.668853762215 -0.03) (-0.259470141211 0.672239895545 -0.03) (-0.257493643203 0.675631300627 -0.03) (-0.255504242638 0.679028029849 -0.03) (-0.253501864757 0.682430136034 -0.03) (-0.251486433895 0.685837672448 -0.03) (-0.249457873464 0.689250692803 -0.03) (-0.247416105945 0.692669251258 -0.03) (-0.245361052875 0.696093402429 -0.03) (-0.243292634839 0.699523201389 -0.03) (-0.241210771457 0.702958703672 -0.03) (-0.239115381374 0.706399965282 -0.03) (-0.237006382245 0.709847042692 -0.03) (-0.234883690727 0.713299992852 -0.03))
    polyLine 27 31 ((-0.278541296765 0.638607358833 0) (-0.276689905671 0.641948333539 0) (-0.274826311757 0.645294127563 0) (-0.272950448814 0.648644789526 0) (-0.271062249825 0.652000368455 0) (-0.269161646949 0.655360913785 0) (-0.267248571516 0.658726475358 0) (-0.265322954016 0.662097103433 0) (-0.263384724089 0.665472848686 0) (-0.261433810517 0.668853762215 0) (-0.259470141211 0.672239895545 0) (-0.257493643203 0.675631300627 0) (-0.255504242638 0.679028029849 0) (-0.253501864757 0.682430136034 0) (-0.251486433895 0.685837672448 0) (-0.249457873464 0.689250692803 0) (-0.247416105945 0.692669251258 0) (-0.245361052875 0.696093402429 0) (-0.243292634839 0.699523201389 0) (-0.241210771457 0.702958703672 0) (-0.239115381374 0.706399965282 0) (-0.237006382245 0.709847042692 0) (-0.234883690727 0.713299992852 0))
    polyLine 28 32 ((0.0503118905717 0.283819251042 -0.03) (0.0506235729954 0.284669312208 -0.03) (0.0509361873493 0.285519031095 -0.03) (0.0512497332572 0.28636840668 -0.03) (0.0515642103423 0.287217437941 -0.03) (0.0518796182265 0.288066123859 -0.03) (0.0521959565305 0.288914463412 -0.03) (0.0525132248738 0.289762455581 -0.03) (0.0528314228752 0.290610099346 -0.03) (0.0531505501519 0.291457393687 -0.03) (0.0534706063203 0.292304337587 -0.03) (0.0537915909955 0.293150930026 -0.03) (0.0541135037915 0.293997169988 -0.03) (0.0544363443214 0.294843056453 -0.03) (0.054760112197 0.295688588406 -0.03) (0.0550848070288 0.296533764829 -0.03) (0.0554104284267 0.297378584706 -0.03) (0.0557369759989 0.298223047022 -0.03) (0.056064449353 0.299067150762 -0.03) (0.0563928480951 0.299910894909 -0.03) (0.0567221718304 0.30075427845 -0.03) (0.0570524201628 0.301597300371 -0.03) (0.0573835926955 0.302439959658 -0.03) (0.05771568903 0.303282255298 -0.03) (0.0580487087672 0.304124186278 -0.03) (0.0583826515066 0.304965751585 -0.03) (0.0587175168467 0.305806950209 -0.03) (0.0590533043849 0.306647781137 -0.03) (0.0593900137173 0.307488243358 -0.03) (0.0597276444393 0.308328335862 -0.03) (0.0600661961447 0.309168057639 -0.03) (0.0604056684265 0.31000740768 -0.03) (0.0607460608767 0.310846384974 -0.03) (0.0610873730858 0.311684988513 -0.03) (0.0614296046434 0.312523217289 -0.03) (0.0617727551382 0.313361070294 -0.03) (0.0621168241575 0.314198546521 -0.03) (0.0624618112876 0.315035644962 -0.03) (0.0628077161137 0.315872364611 -0.03) (0.0631545382199 0.316708704462 -0.03) (0.0635022771891 0.31754466351 -0.03) (0.0638509326034 0.318380240749 -0.03) (0.0642005040433 0.319215435175 -0.03) (0.0645509910887 0.320050245783 -0.03) (0.0649023933182 0.320884671569 -0.03) (0.0652547103091 0.321718711531 -0.03))
    polyLine 30 34 ((0.0503118905717 0.283819251042 0) (0.0506235729954 0.284669312208 0) (0.0509361873493 0.285519031095 0) (0.0512497332572 0.28636840668 0) (0.0515642103423 0.287217437941 0) (0.0518796182265 0.288066123859 0) (0.0521959565305 0.288914463412 0) (0.0525132248738 0.289762455581 0) (0.0528314228752 0.290610099346 0) (0.0531505501519 0.291457393687 0) (0.0534706063203 0.292304337587 0) (0.0537915909955 0.293150930026 0) (0.0541135037915 0.293997169988 0) (0.0544363443214 0.294843056453 0) (0.054760112197 0.295688588406 0) (0.0550848070288 0.296533764829 0) (0.0554104284267 0.297378584706 0) (0.0557369759989 0.298223047022 0) (0.056064449353 0.299067150762 0) (0.0563928480951 0.299910894909 0) (0.0567221718304 0.30075427845 0) (0.0570524201628 0.301597300371 0) (0.0573835926955 0.302439959658 0) (0.05771568903 0.303282255298 0) (0.0580487087672 0.304124186278 0) (0.0583826515066 0.304965751585 0) (0.0587175168467 0.305806950209 0) (0.0590533043849 0.306647781137 0) (0.0593900137173 0.307488243358 0) (0.0597276444393 0.308328335862 0) (0.0600661961447 0.309168057639 0) (0.0604056684265 0.31000740768 0) (0.0607460608767 0.310846384974 0) (0.0610873730858 0.311684988513 0) (0.0614296046434 0.312523217289 0) (0.0617727551382 0.313361070294 0) (0.0621168241575 0.314198546521 0) (0.0624618112876 0.315035644962 0) (0.0628077161137 0.315872364611 0) (0.0631545382199 0.316708704462 0) (0.0635022771891 0.31754466351 0) (0.0638509326034 0.318380240749 0) (0.0642005040433 0.319215435175 0) (0.0645509910887 0.320050245783 0) (0.0649023933182 0.320884671569 0) (0.0652547103091 0.321718711531 0))
    polyLine 29 33 ((-0.230818995803 0.719866619158 -0.03) (-0.228879552967 0.722979225445 -0.03) (-0.226928830953 0.726096734508 -0.03) (-0.224966766066 0.729219189127 -0.03) (-0.222993293924 0.732346632404 -0.03) (-0.22100834944 0.735479107773 -0.03) (-0.219011866824 0.738616658997 -0.03) (-0.21700377957 0.741759330174 -0.03) (-0.214984020448 0.74490716574 -0.03) (-0.212952521501 0.748060210469 -0.03) (-0.21090921403 0.75121850948 -0.03) (-0.208854028593 0.754382108238 -0.03) (-0.206786894991 0.757551052558 -0.03) (-0.204707742264 0.760725388605 -0.03) (-0.202616498679 0.763905162905 -0.03) (-0.200513091726 0.767090422337 -0.03) (-0.198397448103 0.770281214147 -0.03) (-0.196269493716 0.773477585945 -0.03) (-0.194129153662 0.77667958571 -0.03) (-0.191976352223 0.779887261794 -0.03) (-0.18981101286 0.783100662925 -0.03) (-0.187633058199 0.786319838209 -0.03) (-0.185442410023 0.789544837138 -0.03))
    polyLine 31 35 ((-0.230818995803 0.719866619158 0) (-0.228879552967 0.722979225445 0) (-0.226928830953 0.726096734508 0) (-0.224966766066 0.729219189127 0) (-0.222993293924 0.732346632404 0) (-0.22100834944 0.735479107773 0) (-0.219011866824 0.738616658997 0) (-0.21700377957 0.741759330174 0) (-0.214984020448 0.74490716574 0) (-0.212952521501 0.748060210469 0) (-0.21090921403 0.75121850948 0) (-0.208854028593 0.754382108238 0) (-0.206786894991 0.757551052558 0) (-0.204707742264 0.760725388605 0) (-0.202616498679 0.763905162905 0) (-0.200513091726 0.767090422337 0) (-0.198397448103 0.770281214147 0) (-0.196269493716 0.773477585945 0) (-0.194129153662 0.77667958571 0) (-0.191976352223 0.779887261794 0) (-0.18981101286 0.783100662925 0) (-0.187633058199 0.786319838209 0) (-0.185442410023 0.789544837138 0))
    polyLine 32 36 ((0.0656079416379 0.322552364665 -0.03) (0.0659620868798 0.32338562997 -0.03) (0.0663171456091 0.324218506443 -0.03) (0.0666731173989 0.325050993082 -0.03) (0.067030001821 0.325883088888 -0.03) (0.0673877984464 0.326714792859 -0.03) (0.067746506845 0.327546103995 -0.03) (0.0681061265853 0.328377021296 -0.03) (0.0684666572351 0.329207543765 -0.03) (0.0688280983607 0.330037670402 -0.03) (0.0691904495277 0.330867400208 -0.03) (0.0695537103003 0.331696732187 -0.03) (0.0699178802417 0.332525665341 -0.03) (0.0702829589141 0.333354198674 -0.03) (0.0706489458786 0.334182331189 -0.03) (0.071015840695 0.33501006189 -0.03) (0.0713836429223 0.335837389782 -0.03) (0.0717523521181 0.336664313871 -0.03) (0.0721219678392 0.337490833163 -0.03) (0.0724924896411 0.338316946662 -0.03) (0.0728639170783 0.339142653377 -0.03) (0.0732362497043 0.339967952315 -0.03) (0.0736094870713 0.340792842482 -0.03) (0.0739836287307 0.341617322887 -0.03) (0.0743586742324 0.342441392539 -0.03) (0.0747346231256 0.343265050448 -0.03) (0.0751114749582 0.344088295622 -0.03) (0.0754892292772 0.344911127071 -0.03) (0.0758678856283 0.345733543808 -0.03) (0.0762474435562 0.346555544841 -0.03) (0.0766279026045 0.347377129184 -0.03) (0.0770092623159 0.348198295849 -0.03) (0.0773915222317 0.349019043847 -0.03) (0.0777746818924 0.349839372193 -0.03) (0.0781587408372 0.350659279899 -0.03) (0.0785436986044 0.351478765981 -0.03) (0.078929554731 0.352297829452 -0.03) (0.0793163087533 0.353116469328 -0.03) (0.079703960206 0.353934684624 -0.03) (0.0800925086231 0.354752474357 -0.03) (0.0804819535375 0.355569837544 -0.03) (0.0808722944808 0.356386773201 -0.03) (0.0812635309838 0.357203280347 -0.03) (0.081655662576 0.358019357999 -0.03) (0.082048688786 0.358835005177 -0.03))
    polyLine 34 38 ((0.0656079416379 0.322552364665 0) (0.0659620868798 0.32338562997 0) (0.0663171456091 0.324218506443 0) (0.0666731173989 0.325050993082 0) (0.067030001821 0.325883088888 0) (0.0673877984464 0.326714792859 0) (0.067746506845 0.327546103995 0) (0.0681061265853 0.328377021296 0) (0.0684666572351 0.329207543765 0) (0.0688280983607 0.330037670402 0) (0.0691904495277 0.330867400208 0) (0.0695537103003 0.331696732187 0) (0.0699178802417 0.332525665341 0) (0.0702829589141 0.333354198674 0) (0.0706489458786 0.334182331189 0) (0.071015840695 0.33501006189 0) (0.0713836429223 0.335837389782 0) (0.0717523521181 0.336664313871 0) (0.0721219678392 0.337490833163 0) (0.0724924896411 0.338316946662 0) (0.0728639170783 0.339142653377 0) (0.0732362497043 0.339967952315 0) (0.0736094870713 0.340792842482 0) (0.0739836287307 0.341617322887 0) (0.0743586742324 0.342441392539 0) (0.0747346231256 0.343265050448 0) (0.0751114749582 0.344088295622 0) (0.0754892292772 0.344911127071 0) (0.0758678856283 0.345733543808 0) (0.0762474435562 0.346555544841 0) (0.0766279026045 0.347377129184 0) (0.0770092623159 0.348198295849 0) (0.0773915222317 0.349019043847 0) (0.0777746818924 0.349839372193 0) (0.0781587408372 0.350659279899 0) (0.0785436986044 0.351478765981 0) (0.078929554731 0.352297829452 0) (0.0793163087533 0.353116469328 0) (0.079703960206 0.353934684624 0) (0.0800925086231 0.354752474357 0) (0.0804819535375 0.355569837544 0) (0.0808722944808 0.356386773201 0) (0.0812635309838 0.357203280347 0) (0.081655662576 0.358019357999 0) (0.082048688786 0.358835005177 0))
    polyLine 33 37 ((-0.18123969038 0.795696189525 -0.03) (-0.179229867062 0.798621530088 -0.03) (-0.177209459394 0.801551768749 -0.03) (-0.175178406869 0.804486943246 -0.03) (-0.173136648384 0.807427091586 -0.03) (-0.171084122235 0.810372252043 -0.03) (-0.169020766111 0.813322463167 -0.03) (-0.166946517087 0.816277763782 -0.03) (-0.164861311618 0.819238192988 -0.03) (-0.162765085532 0.822203790168 -0.03) (-0.160657774026 0.825174594983 -0.03) (-0.158539311656 0.828150647383 -0.03) (-0.156409632332 0.831131987603 -0.03) (-0.154268669311 0.834118656167 -0.03) (-0.152116355191 0.837110693895 -0.03) (-0.149952621904 0.840108141898 -0.03) (-0.147777400707 0.843111041587 -0.03) (-0.145590622178 0.846119434673 -0.03) (-0.143392216207 0.849133363169 -0.03) (-0.141182111988 0.852152869394 -0.03) (-0.138960238015 0.855177995978 -0.03) (-0.13672652207 0.858208785858 -0.03) (-0.134480891218 0.861245282289 -0.03))
    polyLine 35 39 ((-0.18123969038 0.795696189525 0) (-0.179229867062 0.798621530088 0) (-0.177209459394 0.801551768749 0) (-0.175178406869 0.804486943246 0) (-0.173136648384 0.807427091586 0) (-0.171084122235 0.810372252043 0) (-0.169020766111 0.813322463167 0) (-0.166946517087 0.816277763782 0) (-0.164861311618 0.819238192988 0) (-0.162765085532 0.822203790168 0) (-0.160657774026 0.825174594983 0) (-0.158539311656 0.828150647383 0) (-0.156409632332 0.831131987603 0) (-0.154268669311 0.834118656167 0) (-0.152116355191 0.837110693895 0) (-0.149952621904 0.840108141898 0) (-0.147777400707 0.843111041587 0) (-0.145590622178 0.846119434673 0) (-0.143392216207 0.849133363169 0) (-0.141182111988 0.852152869394 0) (-0.138960238015 0.855177995978 0) (-0.13672652207 0.858208785858 0) (-0.134480891218 0.861245282289 0))
    polyLine 36 40 ((0.0824426091411 0.359650220899 -0.03) (0.0828374231677 0.360465004186 -0.03) (0.0832331303912 0.361279354058 -0.03) (0.0836297303357 0.362093269535 -0.03) (0.0840272225243 0.362906749639 -0.03) (0.0844256064791 0.363719793392 -0.03) (0.0848248817212 0.364532399817 -0.03) (0.0852250477704 0.365344567936 -0.03) (0.0856261041456 0.366156296772 -0.03) (0.0860280503645 0.366967585351 -0.03) (0.086430885944 0.367778432695 -0.03) (0.0868346103995 0.368588837831 -0.03) (0.0872392232457 0.369398799784 -0.03) (0.0876447239961 0.370208317579 -0.03) (0.0880511121631 0.371017390245 -0.03) (0.0884583872581 0.371826016807 -0.03) (0.0888665487913 0.372634196294 -0.03) (0.0892755962721 0.373441927733 -0.03) (0.0896855292086 0.374249210155 -0.03) (0.0900963471079 0.375056042587 -0.03) (0.0905080494761 0.37586242406 -0.03) (0.090920635818 0.376668353605 -0.03) (0.0913341056377 0.377473830251 -0.03) (0.091748458438 0.378278853032 -0.03) (0.0921636937206 0.379083420978 -0.03) (0.0925798109864 0.379887533123 -0.03) (0.0929968097349 0.380691188499 -0.03) (0.0934146894648 0.381494386141 -0.03) (0.0938334496737 0.382297125082 -0.03) (0.094253089858 0.383099404357 -0.03) (0.0946736095131 0.383901223003 -0.03) (0.0950950081335 0.384702580053 -0.03) (0.0955172852125 0.385503474546 -0.03) (0.0959404402423 0.386303905518 -0.03) (0.0963644727141 0.387103872007 -0.03) (0.0967893821181 0.38790337305 -0.03) (0.0972151679433 0.388702407687 -0.03) (0.0976418296779 0.389500974957 -0.03) (0.0980693668088 0.3902990739 -0.03) (0.098497778822 0.391096703555 -0.03) (0.0989270652023 0.391893862964 -0.03) (0.0993572254336 0.392690551169 -0.03) (0.0997882589987 0.393486767211 -0.03) (0.100220165379 0.394282510134 -0.03) (0.100652944056 0.39507777898 -0.03) (0.101086594509 0.395872572792 -0.03))
    polyLine 38 42 ((0.0824426091411 0.359650220899 0) (0.0828374231677 0.360465004186 0) (0.0832331303912 0.361279354058 0) (0.0836297303357 0.362093269535 0) (0.0840272225243 0.362906749639 0) (0.0844256064791 0.363719793392 0) (0.0848248817212 0.364532399817 0) (0.0852250477704 0.365344567936 0) (0.0856261041456 0.366156296772 0) (0.0860280503645 0.366967585351 0) (0.086430885944 0.367778432695 0) (0.0868346103995 0.368588837831 0) (0.0872392232457 0.369398799784 0) (0.0876447239961 0.370208317579 0) (0.0880511121631 0.371017390245 0) (0.0884583872581 0.371826016807 0) (0.0888665487913 0.372634196294 0) (0.0892755962721 0.373441927733 0) (0.0896855292086 0.374249210155 0) (0.0900963471079 0.375056042587 0) (0.0905080494761 0.37586242406 0) (0.090920635818 0.376668353605 0) (0.0913341056377 0.377473830251 0) (0.091748458438 0.378278853032 0) (0.0921636937206 0.379083420978 0) (0.0925798109864 0.379887533123 0) (0.0929968097349 0.380691188499 0) (0.0934146894648 0.381494386141 0) (0.0938334496737 0.382297125082 0) (0.094253089858 0.383099404357 0) (0.0946736095131 0.383901223003 0) (0.0950950081335 0.384702580053 0) (0.0955172852125 0.385503474546 0) (0.0959404402423 0.386303905518 0) (0.0963644727141 0.387103872007 0) (0.0967893821181 0.38790337305 0) (0.0972151679433 0.388702407687 0) (0.0976418296779 0.389500974957 0) (0.0980693668088 0.3902990739 0) (0.098497778822 0.391096703555 0) (0.0989270652023 0.391893862964 0) (0.0993572254336 0.392690551169 0) (0.0997882589987 0.393486767211 0) (0.100220165379 0.394282510134 0) (0.100652944056 0.39507777898 0) (0.101086594509 0.395872572792 0))
    polyLine 37 41 ((-0.130160910302 0.867057582903 -0.03) (-0.128088527727 0.869832456336 -0.03) (-0.126006067182 0.872612182543 -0.03) (-0.123913471259 0.875396795154 -0.03) (-0.121810682031 0.878186328024 -0.03) (-0.119697641044 0.880980815236 -0.03) (-0.117574289316 0.883780291104 -0.03) (-0.115440567328 0.88658479017 -0.03) (-0.113296415019 0.889394347214 -0.03) (-0.111141771785 0.892208997247 -0.03) (-0.108976576468 0.895028775523 -0.03) (-0.106800767354 0.89785371753 -0.03) (-0.104614282165 0.900683859001 -0.03) (-0.102417058058 0.903519235913 -0.03) (-0.100209031614 0.906359884486 -0.03) (-0.0979901388349 0.90920584119 -0.03) (-0.0957603151373 0.912057142745 -0.03) (-0.093519495347 0.914913826123 -0.03) (-0.0912676136928 0.917775928551 -0.03) (-0.0890046038004 0.92064348751 -0.03) (-0.0867303986864 0.923516540744 -0.03) (-0.0844449307522 0.926395126254 -0.03) (-0.0821481317775 0.929279282309 -0.03))
    polyLine 39 43 ((-0.130160910302 0.867057582903 0) (-0.128088527727 0.869832456336 0) (-0.126006067182 0.872612182543 0) (-0.123913471259 0.875396795154 0) (-0.121810682031 0.878186328024 0) (-0.119697641044 0.880980815236 0) (-0.117574289316 0.883780291104 0) (-0.115440567328 0.88658479017 0) (-0.113296415019 0.889394347214 0) (-0.111141771785 0.892208997247 0) (-0.108976576468 0.895028775523 0) (-0.106800767354 0.89785371753 0) (-0.104614282165 0.900683859001 0) (-0.102417058058 0.903519235913 0) (-0.100209031614 0.906359884486 0) (-0.0979901388349 0.90920584119 0) (-0.0957603151373 0.912057142745 0) (-0.093519495347 0.914913826123 0) (-0.0912676136928 0.917775928551 0) (-0.0890046038004 0.92064348751 0) (-0.0867303986864 0.923516540744 0) (-0.0844449307522 0.926395126254 0) (-0.0821481317775 0.929279282309 0))
    polyLine 40 44 ((0.101521116216 0.396666890617 -0.03) (0.101956508654 0.397460731498 -0.03) (0.102392771302 0.398254094481 -0.03) (0.102829903633 0.399046978612 -0.03) (0.103267905123 0.399839382937 -0.03) (0.103706775244 0.400631306505 -0.03) (0.104146513469 0.401422748362 -0.03) (0.104587119269 0.402213707558 -0.03) (0.105028592115 0.40300418314 -0.03) (0.105470931476 0.403794174159 -0.03) (0.105914136819 0.404583679665 -0.03) (0.106358207612 0.405372698709 -0.03) (0.106803143321 0.406161230341 -0.03) (0.107248943411 0.406949273614 -0.03) (0.107695607346 0.40773682758 -0.03) (0.108143134589 0.408523891292 -0.03) (0.108591524602 0.409310463804 -0.03) (0.109040776845 0.41009654417 -0.03) (0.109490890779 0.410882131445 -0.03) (0.109941865862 0.411667224685 -0.03) (0.110393701552 0.412451822945 -0.03) (0.110846397305 0.413235925282 -0.03) (0.111299952579 0.414019530753 -0.03) (0.111754366826 0.414802638416 -0.03) (0.112209639501 0.415585247329 -0.03) (0.112665770056 0.416367356552 -0.03) (0.113122757943 0.417148965144 -0.03) (0.113580602613 0.417930072166 -0.03) (0.114039303514 0.418710676677 -0.03) (0.114498860096 0.41949077774 -0.03) (0.114958460829 0.420269976578 -0.03) (0.115418061562 0.421049175417 -0.03) (0.115877662295 0.421828374256 -0.03) (0.116337263028 0.422607573094 -0.03) (0.116796863761 0.423386771933 -0.03) (0.117256464494 0.424165970772 -0.03) (0.117716065228 0.42494516961 -0.03) (0.118175665961 0.425724368449 -0.03) (0.118635266694 0.426503567288 -0.03) (0.119094867427 0.427282766126 -0.03) (0.11955446816 0.428061964965 -0.03) (0.120014068893 0.428841163804 -0.03) (0.120473669626 0.429620362642 -0.03) (0.120933270359 0.430399561481 -0.03) (0.121392871092 0.43117876032 -0.03) (0.121852471825 0.431957959158 -0.03))
    polyLine 42 46 ((0.101521116216 0.396666890617 0) (0.101956508654 0.397460731498 0) (0.102392771302 0.398254094481 0) (0.102829903633 0.399046978612 0) (0.103267905123 0.399839382937 0) (0.103706775244 0.400631306505 0) (0.104146513469 0.401422748362 0) (0.104587119269 0.402213707558 0) (0.105028592115 0.40300418314 0) (0.105470931476 0.403794174159 0) (0.105914136819 0.404583679665 0) (0.106358207612 0.405372698709 0) (0.106803143321 0.406161230341 0) (0.107248943411 0.406949273614 0) (0.107695607346 0.40773682758 0) (0.108143134589 0.408523891292 0) (0.108591524602 0.409310463804 0) (0.109040776845 0.41009654417 0) (0.109490890779 0.410882131445 0) (0.109941865862 0.411667224685 0) (0.110393701552 0.412451822945 0) (0.110846397305 0.413235925282 0) (0.111299952579 0.414019530753 0) (0.111754366826 0.414802638416 0) (0.112209639501 0.415585247329 0) (0.112665770056 0.416367356552 0) (0.113122757943 0.417148965144 0) (0.113580602613 0.417930072166 0) (0.114039303514 0.418710676677 0) (0.114498860096 0.41949077774 0) (0.114958460829 0.420269976578 0) (0.115418061562 0.421049175417 0) (0.115877662295 0.421828374256 0) (0.116337263028 0.422607573094 0) (0.116796863761 0.423386771933 0) (0.117256464494 0.424165970772 0) (0.117716065228 0.42494516961 0) (0.118175665961 0.425724368449 0) (0.118635266694 0.426503567288 0) (0.119094867427 0.427282766126 0) (0.11955446816 0.428061964965 0) (0.120014068893 0.428841163804 0) (0.120473669626 0.429620362642 0) (0.120933270359 0.430399561481 0) (0.121392871092 0.43117876032 0) (0.121852471825 0.431957959158 0))
    polyLine 41 45 ((-0.0777219456611 0.934813066552 -0.03) (-0.0755943392202 0.937461825914 -0.03) (-0.0734570597526 0.940115355464 -0.03) (-0.0713100529651 0.942773685334 -0.03) (-0.0691532641061 0.945436845848 -0.03) (-0.0669866379617 0.948104867523 -0.03) (-0.0648101188512 0.950777781075 -0.03) (-0.0626236506227 0.953455617415 -0.03) (-0.0604271766486 0.956138407653 -0.03) (-0.0582206398215 0.958826183102 -0.03) (-0.056003982549 0.961518975275 -0.03) (-0.0537771467498 0.96421681589 -0.03) (-0.0515400738485 0.966919736872 -0.03) (-0.0492927047713 0.969627770351 -0.03) (-0.0470349799411 0.972340948668 -0.03) (-0.0447668392728 0.975059304374 -0.03) (-0.0424882221683 0.977782870234 -0.03) (-0.0401990675115 0.980511679226 -0.03) (-0.0378993136637 0.983245764545 -0.03) (-0.0355888984584 0.985985159603 -0.03) (-0.033267759196 0.988729898033 -0.03) (-0.0309358326391 0.991480013691 -0.03) (-0.0285930550067 0.994235540653 -0.03))
    polyLine 43 47 ((-0.0777219456611 0.934813066552 0) (-0.0755943392202 0.937461825914 0) (-0.0734570597526 0.940115355464 0) (-0.0713100529651 0.942773685334 0) (-0.0691532641061 0.945436845848 0) (-0.0669866379617 0.948104867523 0) (-0.0648101188512 0.950777781075 0) (-0.0626236506227 0.953455617415 0) (-0.0604271766486 0.956138407653 0) (-0.0582206398215 0.958826183102 0) (-0.056003982549 0.961518975275 0) (-0.0537771467498 0.96421681589 0) (-0.0515400738485 0.966919736872 0) (-0.0492927047713 0.969627770351 0) (-0.0470349799411 0.972340948668 0) (-0.0447668392728 0.975059304374 0) (-0.0424882221683 0.977782870234 0) (-0.0401990675115 0.980511679226 0) (-0.0378993136637 0.983245764545 0) (-0.0355888984584 0.985985159603 0) (-0.033267759196 0.988729898033 0) (-0.0309358326391 0.991480013691 0) (-0.0285930550067 0.994235540653 0))
    polyLine 44 48 ((0.122312072558 0.432737157997 -0.03) (0.122771673291 0.433516356835 -0.03) (0.123231274024 0.434295555674 -0.03) (0.123690874757 0.435074754513 -0.03) (0.12415047549 0.435853953351 -0.03) (0.124610076223 0.43663315219 -0.03) (0.125069676956 0.437412351029 -0.03) (0.125529277689 0.438191549867 -0.03) (0.125988878422 0.438970748706 -0.03) (0.126448479155 0.439749947545 -0.03) (0.126908079888 0.440529146383 -0.03) (0.127367680622 0.441308345222 -0.03) (0.127827281355 0.442087544061 -0.03) (0.128286882088 0.442866742899 -0.03) (0.128746482821 0.443645941738 -0.03) (0.129206083554 0.444425140577 -0.03) (0.129665684287 0.445204339415 -0.03) (0.13012528502 0.445983538254 -0.03) (0.130584885753 0.446762737093 -0.03) (0.131044486486 0.447541935931 -0.03) (0.131504087219 0.44832113477 -0.03) (0.131963687952 0.449100333608 -0.03) (0.132423288685 0.449879532447 -0.03) (0.132882889418 0.450658731286 -0.03) (0.133342490151 0.451437930124 -0.03) (0.133802090884 0.452217128963 -0.03) (0.134261691617 0.452996327802 -0.03) (0.13472129235 0.45377552664 -0.03) (0.135180893083 0.454554725479 -0.03) (0.135640493816 0.455333924318 -0.03) (0.136100094549 0.456113123156 -0.03) (0.136559695282 0.456892321995 -0.03) (0.137019296015 0.457671520834 -0.03) (0.137478896749 0.458450719672 -0.03) (0.137938497482 0.459229918511 -0.03) (0.138398098215 0.46000911735 -0.03) (0.138857698948 0.460788316188 -0.03) (0.139317299681 0.461567515027 -0.03) (0.139776900414 0.462346713866 -0.03) (0.140236501147 0.463125912704 -0.03) (0.14069610188 0.463905111543 -0.03) (0.141155702613 0.464684310382 -0.03) (0.141615303346 0.46546350922 -0.03) (0.142074904079 0.466242708059 -0.03) (0.142534504812 0.467021906897 -0.03))
    polyLine 46 50 ((0.122312072558 0.432737157997 0) (0.122771673291 0.433516356835 0) (0.123231274024 0.434295555674 0) (0.123690874757 0.435074754513 0) (0.12415047549 0.435853953351 0) (0.124610076223 0.43663315219 0) (0.125069676956 0.437412351029 0) (0.125529277689 0.438191549867 0) (0.125988878422 0.438970748706 0) (0.126448479155 0.439749947545 0) (0.126908079888 0.440529146383 0) (0.127367680622 0.441308345222 0) (0.127827281355 0.442087544061 0) (0.128286882088 0.442866742899 0) (0.128746482821 0.443645941738 0) (0.129206083554 0.444425140577 0) (0.129665684287 0.445204339415 0) (0.13012528502 0.445983538254 0) (0.130584885753 0.446762737093 0) (0.131044486486 0.447541935931 0) (0.131504087219 0.44832113477 0) (0.131963687952 0.449100333608 0) (0.132423288685 0.449879532447 0) (0.132882889418 0.450658731286 0) (0.133342490151 0.451437930124 0) (0.133802090884 0.452217128963 0) (0.134261691617 0.452996327802 0) (0.13472129235 0.45377552664 0) (0.135180893083 0.454554725479 0) (0.135640493816 0.455333924318 0) (0.136100094549 0.456113123156 0) (0.136559695282 0.456892321995 0) (0.137019296015 0.457671520834 0) (0.137478896749 0.458450719672 0) (0.137938497482 0.459229918511 0) (0.138398098215 0.46000911735 0) (0.138857698948 0.460788316188 0) (0.139317299681 0.461567515027 0) (0.139776900414 0.462346713866 0) (0.140236501147 0.463125912704 0) (0.14069610188 0.463905111543 0) (0.141155702613 0.464684310382 0) (0.141615303346 0.46546350922 0) (0.142074904079 0.466242708059 0) (0.142534504812 0.467021906897 0))
    polyLine 45 49 ((-0.0241432739796 0.999449116973 -0.03) (-0.0220385082351 1.00190605316 -0.03) (-0.0199250187941 1.00436734614 -0.03) (-0.0178027593624 1.00683302044 -0.03) (-0.0156716832917 1.00930310069 -0.03) (-0.0135317435756 1.01177761169 -0.03) (-0.011382892847 1.01425657841 -0.03) (-0.00922508337484 1.01674002591 -0.03) (-0.00705826706104 1.01922797946 -0.03) (-0.00488239543706 1.02172046444 -0.03) (-0.00269741966088 1.0242175064 -0.03) (-0.00050329051359 1.02671913103 -0.03) (0.00170004160381 1.0292253642 -0.03) (0.00391262667383 1.0317362319 -0.03) (0.00613451506581 1.0342517603 -0.03) (0.00836575753937 1.03677197573 -0.03) (0.0106064052478 1.03929690466 -0.03) (0.0128565097417 1.04182657374 -0.03) (0.0151161229721 1.04436100977 -0.03) (0.0173852972947 1.04690023971 -0.03) (0.0196640854727 1.04944429069 -0.03) (0.021952540681 1.05199319001 -0.03) (0.0242507165096 1.05454696512 -0.03))
    polyLine 47 51 ((-0.0241432739796 0.999449116973 0) (-0.0220385082351 1.00190605316 0) (-0.0199250187941 1.00436734614 0) (-0.0178027593624 1.00683302044 0) (-0.0156716832917 1.00930310069 0) (-0.0135317435756 1.01177761169 0) (-0.011382892847 1.01425657841 0) (-0.00922508337484 1.01674002591 0) (-0.00705826706104 1.01922797946 0) (-0.00488239543706 1.02172046444 0) (-0.00269741966088 1.0242175064 0) (-0.00050329051359 1.02671913103 0) (0.00170004160381 1.0292253642 0) (0.00391262667383 1.0317362319 0) (0.00613451506581 1.0342517603 0) (0.00836575753937 1.03677197573 0) (0.0106064052478 1.03929690466 0) (0.0128565097417 1.04182657374 0) (0.0151161229721 1.04436100977 0) (0.0173852972947 1.04690023971 0) (0.0196640854727 1.04944429069 0) (0.021952540681 1.05199319001 0) (0.0242507165096 1.05454696512 0))
    polyLine 48 52 ((0.142994105545 0.467801105736 -0.03) (0.143453706278 0.468580304575 -0.03) (0.143913307011 0.469359503413 -0.03) (0.144372907744 0.470138702252 -0.03) (0.144832508477 0.470917901091 -0.03) (0.14529210921 0.471697099929 -0.03) (0.145751709943 0.472476298768 -0.03) (0.146211310676 0.473255497607 -0.03) (0.146670911409 0.474034696445 -0.03) (0.147130512142 0.474813895284 -0.03) (0.147590112876 0.475593094123 -0.03) (0.148049713609 0.476372292961 -0.03) (0.148509314342 0.4771514918 -0.03) (0.148968915075 0.477930690639 -0.03) (0.149428515808 0.478709889477 -0.03) (0.149888116541 0.479489088316 -0.03) (0.150347717274 0.480268287155 -0.03) (0.150807318007 0.481047485993 -0.03) (0.15126691874 0.481826684832 -0.03) (0.151726519473 0.482605883671 -0.03) (0.152186120206 0.483385082509 -0.03) (0.152645720939 0.484164281348 -0.03) (0.153105321672 0.484943480186 -0.03) (0.153564922405 0.485722679025 -0.03) (0.154024523138 0.486501877864 -0.03) (0.154484123871 0.487281076702 -0.03) (0.154943724604 0.488060275541 -0.03) (0.155403325337 0.48883947438 -0.03) (0.15586292607 0.489618673218 -0.03) (0.156322526803 0.490397872057 -0.03) (0.156782127536 0.491177070896 -0.03) (0.157241728269 0.491956269734 -0.03) (0.157701329003 0.492735468573 -0.03) (0.158160929736 0.493514667412 -0.03) (0.158620530469 0.49429386625 -0.03) (0.159080131202 0.495073065089 -0.03) (0.159539731935 0.495852263928 -0.03) (0.159999332668 0.496631462766 -0.03) (0.160458933401 0.497410661605 -0.03) (0.160918534134 0.498189860444 -0.03) (0.161378134867 0.498969059282 -0.03) (0.1618377356 0.499748258121 -0.03) (0.162297336333 0.50052745696 -0.03) (0.162756937066 0.501306655798 -0.03) (0.163216537799 0.502085854637 -0.03) (0.163676138532 0.502865053475 -0.03))
    polyLine 50 54 ((0.142994105545 0.467801105736 0) (0.143453706278 0.468580304575 0) (0.143913307011 0.469359503413 0) (0.144372907744 0.470138702252 0) (0.144832508477 0.470917901091 0) (0.14529210921 0.471697099929 0) (0.145751709943 0.472476298768 0) (0.146211310676 0.473255497607 0) (0.146670911409 0.474034696445 0) (0.147130512142 0.474813895284 0) (0.147590112876 0.475593094123 0) (0.148049713609 0.476372292961 0) (0.148509314342 0.4771514918 0) (0.148968915075 0.477930690639 0) (0.149428515808 0.478709889477 0) (0.149888116541 0.479489088316 0) (0.150347717274 0.480268287155 0) (0.150807318007 0.481047485993 0) (0.15126691874 0.481826684832 0) (0.151726519473 0.482605883671 0) (0.152186120206 0.483385082509 0) (0.152645720939 0.484164281348 0) (0.153105321672 0.484943480186 0) (0.153564922405 0.485722679025 0) (0.154024523138 0.486501877864 0) (0.154484123871 0.487281076702 0) (0.154943724604 0.488060275541 0) (0.155403325337 0.48883947438 0) (0.15586292607 0.489618673218 0) (0.156322526803 0.490397872057 0) (0.156782127536 0.491177070896 0) (0.157241728269 0.491956269734 0) (0.157701329003 0.492735468573 0) (0.158160929736 0.493514667412 0) (0.158620530469 0.49429386625 0) (0.159080131202 0.495073065089 0) (0.159539731935 0.495852263928 0) (0.159999332668 0.496631462766 0) (0.160458933401 0.497410661605 0) (0.160918534134 0.498189860444 0) (0.161378134867 0.498969059282 0) (0.1618377356 0.499748258121 0) (0.162297336333 0.50052745696 0) (0.162756937066 0.501306655798 0) (0.163216537799 0.502085854637 0) (0.163676138532 0.502865053475 0))
    polyLine 49 53 ((0.0285946528217 1.05935788972 -0.03) (0.0306382641134 1.06161396174 -0.03) (0.032689538293 1.06387387881 -0.03) (0.0347485130692 1.06613766009 -0.03) (0.0368152264109 1.06840532485 -0.03) (0.0388897165492 1.07067689247 -0.03) (0.0409720219796 1.07295238244 -0.03) (0.0430621814642 1.07523181435 -0.03) (0.0451602340335 1.07751520788 -0.03) (0.0472662189888 1.07980258285 -0.03) (0.0493801759043 1.08209395917 -0.03) (0.0515021446291 1.08438935684 -0.03) (0.0536321652899 1.08668879602 -0.03) (0.0557702782925 1.08899229693 -0.03) (0.0579165243247 1.09129987993 -0.03) (0.0600709443583 1.09361156547 -0.03) (0.0622335796512 1.09592737415 -0.03) (0.06440447175 1.09824732664 -0.03) (0.0665836624922 1.10057144375 -0.03) (0.0687711940088 1.10289974641 -0.03) (0.070967108726 1.10523225564 -0.03) (0.0731714493685 1.1075689926 -0.03) (0.0753842589613 1.10990997856 -0.03))
    polyLine 51 55 ((0.0285946528217 1.05935788972 0) (0.0306382641134 1.06161396174 0) (0.032689538293 1.06387387881 0) (0.0347485130692 1.06613766009 0) (0.0368152264109 1.06840532485 0) (0.0388897165492 1.07067689247 0) (0.0409720219796 1.07295238244 0) (0.0430621814642 1.07523181435 0) (0.0451602340335 1.07751520788 0) (0.0472662189888 1.07980258285 0) (0.0493801759043 1.08209395917 0) (0.0515021446291 1.08438935684 0) (0.0536321652899 1.08668879602 0) (0.0557702782925 1.08899229693 0) (0.0579165243247 1.09129987993 0) (0.0600709443583 1.09361156547 0) (0.0622335796512 1.09592737415 0) (0.06440447175 1.09824732664 0) (0.0665836624922 1.10057144375 0) (0.0687711940088 1.10289974641 0) (0.070967108726 1.10523225564 0) (0.0731714493685 1.1075689926 0) (0.0753842589613 1.10990997856 0))
    polyLine 52 56 ((0.164135739265 0.503644252314 -0.03) (0.164595339998 0.504423451153 -0.03) (0.165054940731 0.505202649991 -0.03) (0.165514541464 0.50598184883 -0.03) (0.165974142197 0.506761047669 -0.03) (0.16643374293 0.507540246507 -0.03) (0.166893343663 0.508319445346 -0.03) (0.167352944396 0.509098644185 -0.03) (0.16781254513 0.509877843023 -0.03) (0.168272145863 0.510657041862 -0.03) (0.168731746596 0.511436240701 -0.03) (0.169191347329 0.512215439539 -0.03) (0.169650948062 0.512994638378 -0.03) (0.170110548795 0.513773837217 -0.03) (0.170570149528 0.514553036055 -0.03) (0.171029750261 0.515332234894 -0.03) (0.171489350994 0.516111433733 -0.03) (0.171948951727 0.516890632571 -0.03) (0.17240855246 0.51766983141 -0.03) (0.172868153193 0.518449030249 -0.03) (0.173327753926 0.519228229087 -0.03) (0.173787354659 0.520007427926 -0.03) (0.174246955392 0.520786626764 -0.03) (0.174706556125 0.521565825603 -0.03) (0.175166156858 0.522345024442 -0.03) (0.175625757591 0.52312422328 -0.03) (0.176085358324 0.523903422119 -0.03) (0.176544959057 0.524682620958 -0.03) (0.17700455979 0.525461819796 -0.03) (0.177464160524 0.526241018635 -0.03) (0.177923761257 0.527020217474 -0.03) (0.17838336199 0.527799416312 -0.03) (0.178842962723 0.528578615151 -0.03) (0.179302563456 0.52935781399 -0.03) (0.179762164189 0.530137012828 -0.03) (0.180221764922 0.530916211667 -0.03) (0.180681365655 0.531695410506 -0.03) (0.181140966388 0.532474609344 -0.03) (0.181600567121 0.533253808183 -0.03) (0.182060167854 0.534033007022 -0.03) (0.182519768587 0.53481220586 -0.03) (0.18297936932 0.535591404699 -0.03) (0.183438970053 0.536370603537 -0.03) (0.183898570786 0.537149802376 -0.03) (0.184358171519 0.537929001215 -0.03) (0.184817772252 0.538708200053 -0.03))
    polyLine 54 58 ((0.164135739265 0.503644252314 0) (0.164595339998 0.504423451153 0) (0.165054940731 0.505202649991 0) (0.165514541464 0.50598184883 0) (0.165974142197 0.506761047669 0) (0.16643374293 0.507540246507 0) (0.166893343663 0.508319445346 0) (0.167352944396 0.509098644185 0) (0.16781254513 0.509877843023 0) (0.168272145863 0.510657041862 0) (0.168731746596 0.511436240701 0) (0.169191347329 0.512215439539 0) (0.169650948062 0.512994638378 0) (0.170110548795 0.513773837217 0) (0.170570149528 0.514553036055 0) (0.171029750261 0.515332234894 0) (0.171489350994 0.516111433733 0) (0.171948951727 0.516890632571 0) (0.17240855246 0.51766983141 0) (0.172868153193 0.518449030249 0) (0.173327753926 0.519228229087 0) (0.173787354659 0.520007427926 0) (0.174246955392 0.520786626764 0) (0.174706556125 0.521565825603 0) (0.175166156858 0.522345024442 0) (0.175625757591 0.52312422328 0) (0.176085358324 0.523903422119 0) (0.176544959057 0.524682620958 0) (0.17700455979 0.525461819796 0) (0.177464160524 0.526241018635 0) (0.177923761257 0.527020217474 0) (0.17838336199 0.527799416312 0) (0.178842962723 0.528578615151 0) (0.179302563456 0.52935781399 0) (0.179762164189 0.530137012828 0) (0.180221764922 0.530916211667 0) (0.180681365655 0.531695410506 0) (0.181140966388 0.532474609344 0) (0.181600567121 0.533253808183 0) (0.182060167854 0.534033007022 0) (0.182519768587 0.53481220586 0) (0.18297936932 0.535591404699 0) (0.183438970053 0.536370603537 0) (0.183898570786 0.537149802376 0) (0.184358171519 0.537929001215 0) (0.184817772252 0.538708200053 0))
    polyLine 53 57 ((0.0795689545131 1.11432422558 -0.03) (0.0815389942406 1.11639655986 -0.03) (0.0835157302035 1.11847225259 -0.03) (0.0854991927787 1.12055131868 -0.03) (0.0874894125319 1.12263377312 -0.03) (0.0894864202199 1.12471963097 -0.03) (0.0914902467912 1.12680890737 -0.03) (0.0935009233878 1.12890161753 -0.03) (0.0955184813464 1.13099777675 -0.03) (0.0975429522 1.13309740038 -0.03) (0.0995743676792 1.13520050387 -0.03) (0.101612759714 1.13730710274 -0.03) (0.103658160434 1.13941721258 -0.03) (0.105710602172 1.14153084906 -0.03) (0.107770117463 1.14364802795 -0.03) (0.109836739048 1.14576876506 -0.03) (0.111910499875 1.14789307631 -0.03) (0.113991433098 1.1500209777 -0.03) (0.116079572081 1.15215248529 -0.03) (0.118174950401 1.15428761524 -0.03) (0.120277601847 1.15642638378 -0.03) (0.122387560419 1.15856880724 -0.03) (0.124504860337 1.160714902 -0.03))
    polyLine 55 59 ((0.0795689545131 1.11432422558 0) (0.0815389942406 1.11639655986 0) (0.0835157302035 1.11847225259 0) (0.0854991927787 1.12055131868 0) (0.0874894125319 1.12263377312 0) (0.0894864202199 1.12471963097 0) (0.0914902467912 1.12680890737 0) (0.0935009233878 1.12890161753 0) (0.0955184813464 1.13099777675 0) (0.0975429522 1.13309740038 0) (0.0995743676792 1.13520050387 0) (0.101612759714 1.13730710274 0) (0.103658160434 1.13941721258 0) (0.105710602172 1.14153084906 0) (0.107770117463 1.14364802795 0) (0.109836739048 1.14576876506 0) (0.111910499875 1.14789307631 0) (0.113991433098 1.1500209777 0) (0.116079572081 1.15215248529 0) (0.118174950401 1.15428761524 0) (0.120277601847 1.15642638378 0) (0.122387560419 1.15856880724 0) (0.124504860337 1.160714902 0))
    polyLine 56 60 ((0.185277372985 0.539487398892 -0.03) (0.185736973718 0.540266597731 -0.03) (0.186196574451 0.541045796569 -0.03) (0.186656175184 0.541824995408 -0.03) (0.187115775917 0.542604194247 -0.03) (0.187575376651 0.543383393085 -0.03) (0.188034977384 0.544162591924 -0.03) (0.188494578117 0.544941790763 -0.03) (0.18895417885 0.545720989601 -0.03) (0.189413779583 0.54650018844 -0.03) (0.189873380316 0.547279387279 -0.03) (0.190332981049 0.548058586117 -0.03) (0.190792581782 0.548837784956 -0.03) (0.191252182515 0.549616983795 -0.03) (0.191711783248 0.550396182633 -0.03) (0.192171383981 0.551175381472 -0.03) (0.192630984714 0.551954580311 -0.03) (0.193090585447 0.552733779149 -0.03) (0.19355018618 0.553512977988 -0.03) (0.194009786913 0.554292176826 -0.03) (0.194469387646 0.555071375665 -0.03) (0.194928988379 0.555850574504 -0.03) (0.195388589112 0.556629773342 -0.03) (0.195848189845 0.557408972181 -0.03) (0.196307790578 0.55818817102 -0.03) (0.196767391311 0.558967369858 -0.03) (0.197226992044 0.559746568697 -0.03) (0.197686592778 0.560525767536 -0.03) (0.198146193511 0.561304966374 -0.03) (0.198605794244 0.562084165213 -0.03) (0.199065394977 0.562863364052 -0.03) (0.19952499571 0.56364256289 -0.03) (0.199984596443 0.564421761729 -0.03) (0.200444197176 0.565200960568 -0.03) (0.200903797909 0.565980159406 -0.03) (0.201363398642 0.566759358245 -0.03) (0.201822999375 0.567538557084 -0.03) (0.202282600108 0.568317755922 -0.03) (0.202742200841 0.569096954761 -0.03) (0.203201801574 0.5698761536 -0.03) (0.203661402307 0.570655352438 -0.03) (0.20412100304 0.571434551277 -0.03) (0.204580603773 0.572213750115 -0.03) (0.205040204506 0.572992948954 -0.03) (0.205499805239 0.573772147793 -0.03))
    polyLine 58 62 ((0.185277372985 0.539487398892 0) (0.185736973718 0.540266597731 0) (0.186196574451 0.541045796569 0) (0.186656175184 0.541824995408 0) (0.187115775917 0.542604194247 0) (0.187575376651 0.543383393085 0) (0.188034977384 0.544162591924 0) (0.188494578117 0.544941790763 0) (0.18895417885 0.545720989601 0) (0.189413779583 0.54650018844 0) (0.189873380316 0.547279387279 0) (0.190332981049 0.548058586117 0) (0.190792581782 0.548837784956 0) (0.191252182515 0.549616983795 0) (0.191711783248 0.550396182633 0) (0.192171383981 0.551175381472 0) (0.192630984714 0.551954580311 0) (0.193090585447 0.552733779149 0) (0.19355018618 0.553512977988 0) (0.194009786913 0.554292176826 0) (0.194469387646 0.555071375665 0) (0.194928988379 0.555850574504 0) (0.195388589112 0.556629773342 0) (0.195848189845 0.557408972181 0) (0.196307790578 0.55818817102 0) (0.196767391311 0.558967369858 0) (0.197226992044 0.559746568697 0) (0.197686592778 0.560525767536 0) (0.198146193511 0.561304966374 0) (0.198605794244 0.562084165213 0) (0.199065394977 0.562863364052 0) (0.19952499571 0.56364256289 0) (0.199984596443 0.564421761729 0) (0.200444197176 0.565200960568 0) (0.200903797909 0.565980159406 0) (0.201363398642 0.566759358245 0) (0.201822999375 0.567538557084 0) (0.202282600108 0.568317755922 0) (0.202742200841 0.569096954761 0) (0.203201801574 0.5698761536 0) (0.203661402307 0.570655352438 0) (0.20412100304 0.571434551277 0) (0.204580603773 0.572213750115 0) (0.205040204506 0.572992948954 0) (0.205499805239 0.573772147793 0))
    polyLine 57 61 ((0.128513037097 1.16476728627 -0.03) (0.130402347722 1.16667279155 -0.03) (0.132297492097 1.16858121194 -0.03) (0.134198494541 1.17049255903 -0.03) (0.136105379513 1.17240684445 -0.03) (0.138018171608 1.17432407989 -0.03) (0.139936895563 1.17624427712 -0.03) (0.141861576252 1.17816744791 -0.03) (0.14379223869 1.18009360413 -0.03) (0.145728908036 1.18202275768 -0.03) (0.147671609588 1.18395492051 -0.03) (0.149620368792 1.18589010466 -0.03) (0.151575211234 1.18782832218 -0.03) (0.15353616265 1.1897695852 -0.03) (0.155503248919 1.1917139059 -0.03) (0.157476496069 1.19366129652 -0.03) (0.159455930276 1.19561176935 -0.03) (0.161441577866 1.19756533674 -0.03) (0.163433465316 1.1995220111 -0.03) (0.165431619253 1.20148180488 -0.03) (0.167436066456 1.20344473061 -0.03) (0.16944683386 1.20541080086 -0.03) (0.171463948553 1.20738002828 -0.03))
    polyLine 59 63 ((0.128513037097 1.16476728627 0) (0.130402347722 1.16667279155 0) (0.132297492097 1.16858121194 0) (0.134198494541 1.17049255903 0) (0.136105379513 1.17240684445 0) (0.138018171608 1.17432407989 0) (0.139936895563 1.17624427712 0) (0.141861576252 1.17816744791 0) (0.14379223869 1.18009360413 0) (0.145728908036 1.18202275768 0) (0.147671609588 1.18395492051 0) (0.149620368792 1.18589010466 0) (0.151575211234 1.18782832218 0) (0.15353616265 1.1897695852 0) (0.155503248919 1.1917139059 0) (0.157476496069 1.19366129652 0) (0.159455930276 1.19561176935 0) (0.161441577866 1.19756533674 0) (0.163433465316 1.1995220111 0) (0.165431619253 1.20148180488 0) (0.167436066456 1.20344473061 0) (0.16944683386 1.20541080086 0) (0.171463948553 1.20738002828 0))
    polyLine 60 64 ((0.205959405972 0.574551346631 -0.03) (0.206419006705 0.57533054547 -0.03) (0.206878607438 0.576109744309 -0.03) (0.207338208171 0.576888943147 -0.03) (0.207797808905 0.577668141986 -0.03) (0.208257409638 0.578447340825 -0.03) (0.208717010371 0.579226539663 -0.03) (0.209176611104 0.580005738502 -0.03) (0.209636211837 0.580784937341 -0.03) (0.21009581257 0.581564136179 -0.03) (0.210555413303 0.582343335018 -0.03) (0.211015014036 0.583122533857 -0.03) (0.211474614769 0.583901732695 -0.03) (0.211934215502 0.584680931534 -0.03) (0.212393816235 0.585460130373 -0.03) (0.212853416968 0.586239329211 -0.03) (0.213313017701 0.58701852805 -0.03) (0.213772618434 0.587797726889 -0.03) (0.214237193971 0.588554096435 -0.03) (0.214728535989 0.58929335846 -0.03) (0.215246015217 0.590014566176 -0.03) (0.215788968907 0.590716795917 -0.03) (0.216356701689 0.591399148325 -0.03) (0.216948486455 0.592060749497 -0.03) (0.217563565296 0.592700752106 -0.03) (0.218201150467 0.593318336489 -0.03) (0.2188604254 0.593912711693 -0.03) (0.219540545749 0.594483116489 -0.03) (0.220240640469 0.595028820349 -0.03) (0.220959812935 0.595549124379 -0.03) (0.22169714209 0.596043362215 -0.03) (0.222451683619 0.596510900877 -0.03) (0.223222471168 0.596951141578 -0.03) (0.224008517572 0.597363520493 -0.03) (0.224808816128 0.597747509481 -0.03) (0.225622341875 0.59810261676 -0.03) (0.226448052915 0.598428387535 -0.03) (0.227284891744 0.598724404586 -0.03) (0.228131786605 0.598990288798 -0.03) (0.228987652863 0.599225699647 -0.03) (0.229851394394 0.599430335639 -0.03) (0.230721904985 0.599603934692 -0.03) (0.231598069756 0.599746274474 -0.03) (0.232478766586 0.599857172687 -0.03) (0.233362867549 0.599936487302 -0.03) (0.234249240358 0.59998411674 -0.03))
    polyLine 62 66 ((0.205959405972 0.574551346631 0) (0.206419006705 0.57533054547 0) (0.206878607438 0.576109744309 0) (0.207338208171 0.576888943147 0) (0.207797808905 0.577668141986 0) (0.208257409638 0.578447340825 0) (0.208717010371 0.579226539663 0) (0.209176611104 0.580005738502 0) (0.209636211837 0.580784937341 0) (0.21009581257 0.581564136179 0) (0.210555413303 0.582343335018 0) (0.211015014036 0.583122533857 0) (0.211474614769 0.583901732695 0) (0.211934215502 0.584680931534 0) (0.212393816235 0.585460130373 0) (0.212853416968 0.586239329211 0) (0.213313017701 0.58701852805 0) (0.213772618434 0.587797726889 0) (0.214237193971 0.588554096435 0) (0.214728535989 0.58929335846 0) (0.215246015217 0.590014566176 0) (0.215788968907 0.590716795917 0) (0.216356701689 0.591399148325 0) (0.216948486455 0.592060749497 0) (0.217563565296 0.592700752106 0) (0.218201150467 0.593318336489 0) (0.2188604254 0.593912711693 0) (0.219540545749 0.594483116489 0) (0.220240640469 0.595028820349 0) (0.220959812935 0.595549124379 0) (0.22169714209 0.596043362215 0) (0.222451683619 0.596510900877 0) (0.223222471168 0.596951141578 0) (0.224008517572 0.597363520493 0) (0.224808816128 0.597747509481 0) (0.225622341875 0.59810261676 0) (0.226448052915 0.598428387535 0) (0.227284891744 0.598724404586 0) (0.228131786605 0.598990288798 0) (0.228987652863 0.599225699647 0) (0.229851394394 0.599430335639 0) (0.230721904985 0.599603934692 0) (0.231598069756 0.599746274474 0) (0.232478766586 0.599857172687 0) (0.233362867549 0.599936487302 0) (0.234249240358 0.59998411674 0))
    polyLine 61 65 ((0.175943579988 1.21174246417 -0.03) (0.178409137665 1.21413718195 -0.03) (0.180884159951 1.21653660171 -0.03) (0.183368696329 1.21894074639 -0.03) (0.185862796629 1.22134963907 -0.03) (0.188366511028 1.22376330295 -0.03) (0.190879890058 1.22618176137 -0.03) (0.193402984601 1.22860503779 -0.03) (0.195935845901 1.23103315582 -0.03) (0.19847852556 1.23346613919 -0.03) (0.201031075544 1.23590401177 -0.03) (0.203593548185 1.23834679757 -0.03) (0.206165996184 1.24079452073 -0.03) (0.208748472617 1.24324720554 -0.03) (0.211341030933 1.24570487642 -0.03) (0.213943724961 1.24816755792 -0.03) (0.216556608911 1.25063527477 -0.03) (0.219179737381 1.25310805179 -0.03) (0.221813165353 1.25558591399 -0.03) (0.224456948205 1.2580688865 -0.03) (0.227111141707 1.26055699459 -0.03) (0.229775802028 1.2630502637 -0.03) (0.23245098574 1.2655487194 -0.03))
    polyLine 63 67 ((0.175943579988 1.21174246417 0) (0.178409137665 1.21413718195 0) (0.180884159951 1.21653660171 0) (0.183368696329 1.21894074639 0) (0.185862796629 1.22134963907 0) (0.188366511028 1.22376330295 0) (0.190879890058 1.22618176137 0) (0.193402984601 1.22860503779 0) (0.195935845901 1.23103315582 0) (0.19847852556 1.23346613919 0) (0.201031075544 1.23590401177 0) (0.203593548185 1.23834679757 0) (0.206165996184 1.24079452073 0) (0.208748472617 1.24324720554 0) (0.211341030933 1.24570487642 0) (0.213943724961 1.24816755792 0) (0.216556608911 1.25063527477 0) (0.219179737381 1.25310805179 0) (0.221813165353 1.25558591399 0) (0.224456948205 1.2580688865 0) (0.227111141707 1.26055699459 0) (0.229775802028 1.2630502637 0) (0.23245098574 1.2655487194 0))
);

boundary
(
    body_fore
    {
        type wall;
        faces
        (
            (0 2 6 4)
            (4 6 10 8)
            (8 10 14 12)
            (12 14 18 16)
            (16 18 22 20)
            (20 22 26 24)
            (24 26 30 28)
            (28 30 34 32)
            (32 34 38 36)
            (36 38 42 40)
            (40 42 46 44)
            (44 46 50 48)
            (48 50 54 52)
            (52 54 58 56)
            (56 58 62 60)
            (60 62 66 64)
        );
    }
    freestream
    {
        type patch;
        faces
        (
            (1 5 7 3)
            (5 9 11 7)
            (9 13 15 11)
            (13 17 19 15)
            (17 21 23 19)
            (21 25 27 23)
            (25 29 31 27)
            (29 33 35 31)
            (33 37 39 35)
            (37 41 43 39)
            (41 45 47 43)
            (45 49 51 47)
            (49 53 55 51)
            (53 57 59 55)
            (57 61 63 59)
            (61 65 67 63)
        );
    }
    outlet
    {
        type patch;
        faces
        (
            (64 66 67 65)
        );
    }
    axis
    {
        type patch;
        faces
        (
            (0 1 3 2)
        );
    }
    front
    {
        type patch;
        faces
        (
            (2 6 7 3)
            (6 10 11 7)
            (10 14 15 11)
            (14 18 19 15)
            (18 22 23 19)
            (22 26 27 23)
            (26 30 31 27)
            (30 34 35 31)
            (34 38 39 35)
            (38 42 43 39)
            (42 46 47 43)
            (46 50 51 47)
            (50 54 55 51)
            (54 58 59 55)
            (58 62 63 59)
            (62 66 67 63)
        );
    }
    back
    {
        type patch;
        faces
        (
            (0 1 5 4)
            (4 5 9 8)
            (8 9 13 12)
            (12 13 17 16)
            (16 17 21 20)
            (20 21 25 24)
            (24 25 29 28)
            (28 29 33 32)
            (32 33 37 36)
            (36 37 41 40)
            (40 41 45 44)
            (44 45 49 48)
            (48 49 53 52)
            (52 53 57 56)
            (56 57 61 60)
            (60 61 65 64)
        );
    }
);
