FoamFile
{
    version     2.0;
    format      ascii;
    class       dictionary;
    object      blockMeshDict;
}
// Generated by aether.cfd - do not edit by hand. Regenerate from the run config.

scale 1;

vertices
(
    (0 0 -0.03)
    (-0.565706453339 9.54671174193e-17 -0.03)
    (0 0 0)
    (-0.565706453339 9.54671174193e-17 0)
    (0.000655461421497 0.0425258271961 -0.03)
    (-0.559741348142 0.154312291019 -0.03)
    (0.000655461421497 0.0425258271961 0)
    (-0.559741348142 0.154312291019 0)
    (0.00262100199867 0.085011262009 -0.03)
    (-0.542515136562 0.304415455573 -0.03)
    (0.00262100199867 0.085011262009 0)
    (-0.542515136562 0.304415455573 0)
    (0.00589478943754 0.127415954098 -0.03)
    (-0.515765822923 0.447054646231 -0.03)
    (0.00589478943754 0.127415954098 0)
    (-0.515765822923 0.447054646231 0)
    (0.0104738656754 0.169699611011 -0.03)
    (-0.481696039539 0.580389108139 -0.03)
    (0.0104738656754 0.169699611011 0)
    (-0.481696039539 0.580389108139 0)
    (0.0163536956112 0.211822088692 -0.03)
    (-0.44241381837 0.703887841871 -0.03)
    (0.0163536956112 0.211822088692 0)
    (-0.44241381837 0.703887841871 0)
    (0.0235287631184 0.253743371991 -0.03)
    (-0.399626055485 0.817933707729 -0.03)
    (0.0235287631184 0.253743371991 0)
    (-0.399626055485 0.817933707729 0)
    (0.0319923346331 0.295423625303 -0.03)
    (-0.354566983054 0.923409006408 -0.03)
    (0.0319923346331 0.295423625303 0)
    (-0.354566983054 0.923409006408 0)
    (0.0417362219945 0.336823289494 -0.03)
    (-0.308055306598 1.02139139022 -0.03)
    (0.0417362219945 0.336823289494 0)
    (-0.308055306598 1.02139139022 0)
    (0.052751271196 0.3779030202 -0.03)
    (-0.260590936821 1.11297433129 -0.03)
    (0.052751271196 0.3779030202 0)
    (-0.260590936821 1.11297433129 0)
    (0.0650270328448 0.41862379153 -0.03)
    (-0.212447905363 1.19917585657 -0.03)
    (0.0650270328448 0.41862379153 0)
    (-0.212447905363 1.19917585657 0)
    (0.0785517346969 0.458946960936 -0.03)
    (-0.163747295664 1.28090288095 -0.03)
    (0.0785517346969 0.458946960936 0)
    (-0.163747295664 1.28090288095 0)
    (0.0930332798308 0.49893806897 -0.03)
    (-0.115012963186 1.35816770021 -0.03)
    (0.0930332798308 0.49893806897 0)
    (-0.115012963186 1.35816770021 0)
    (0.108965847663 0.538316691324 -0.03)
    (-0.0653424022407 1.43302239482 -0.03)
    (0.108965847663 0.538316691324 0)
    (-0.0653424022407 1.43302239482 0)
    (0.135724351358 0.571090548959 -0.03)
    (0.00423652895784 1.53235505159 -0.03)
    (0.135724351358 0.571090548959 0)
    (0.00423652895784 1.53235505159 0)
    (0.172194183977 0.592540507249 -0.03)
    (0.0973731178671 1.65705758623 -0.03)
    (0.172194183977 0.592540507249 0)
    (0.0973731178671 1.65705758623 0)
    (0.213841719128 0.6 -0.03)
    (0.213841719128 1.80242715921 -0.03)
    (0.213841719128 0.6 0)
    (0.213841719128 1.80242715921 0)
);

blocks
(
    hex (0 4 5 1 2 6 7 3) (4 48 1) simpleGrading (1 4 1)
    hex (4 8 9 5 6 10 11 7) (4 48 1) simpleGrading (1 4 1)
    hex (8 12 13 9 10 14 15 11) (4 48 1) simpleGrading (1 4 1)
    hex (12 16 17 13 14 18 19 15) (4 48 1) simpleGrading (1 4 1)
    hex (16 20 21 17 18 22 23 19) (4 48 1) simpleGrading (1 4 1)
    hex (20 24 25 21 22 26 27 23) (4 48 1) simpleGrading (1 4 1)
    hex (24 28 29 25 26 30 31 27) (4 48 1) simpleGrading (1 4 1)
    hex (28 32 33 29 30 34 35 31) (4 48 1) simpleGrading (1 4 1)
    hex (32 36 37 33 34 38 39 35) (4 48 1) simpleGrading (1 4 1)
    hex (36 40 41 37 38 42 43 39) (4 48 1) simpleGrading (1 4 1)
    hex (40 44 45 41 42 46 47 43) (4 48 1) simpleGrading (1 4 1)
    hex (44 48 49 45 46 50 51 47) (4 48 1) simpleGrading (1 4 1)
    hex (48 52 53 49 50 54 55 51) (4 48 1) simpleGrading (1 4 1)
    hex (52 56 57 53 54 58 59 55) (4 48 1) simpleGrading (1 4 1)
    hex (56 60 61 57 58 62 63 59) (4 48 1) simpleGrading (1 4 1)
    hex (60 64 65 61 62 66 67 63) (4 48 1) simpleGrading (1 4 1)
);

edges
(
    polyLine 0 4 ((3.14544948175e-07 0.000931742431241 -0.03) (1.2581796496e-06 0.00186348443774 -0.03) (2.83090367375e-06 0.00279522559474 -0.03) (5.03271630391e-06 0.0037269654775 -0.03) (7.86361653624e-06 0.00465870366128 -0.03) (1.13236030804e-05 0.00559043972134 -0.03) (1.54126743589e-05 0.00652217323292 -0.03) (2.0130828508e-05 0.00745390377129 -0.03) (2.54780633765e-05 0.00838563091171 -0.03) (3.14543765271e-05 0.00931735422944 -0.03) (3.80597652352e-05 0.0102490732997 -0.03) (4.52942264898e-05 0.0111807876979 -0.03) (5.31577569928e-05 0.0121124969991 -0.03) (6.16503531598e-05 0.0130442007787 -0.03) (7.07720111192e-05 0.0139758986119 -0.03) (8.05227267127e-05 0.0149075900741 -0.03) (9.09024954953e-05 0.0158392747404 -0.03) (0.000101911312735 0.0167709521863 -0.03) (0.000113549173415 0.0177026219869 -0.03) (0.000125816072227 0.0186342837175 -0.03) (0.000138712003582 0.0195659369534 -0.03) (0.000152236961599 0.02049758127 -0.03) (0.000166390940114 0.0214292162425 -0.03) (0.000181173932674 0.0223608414463 -0.03) (0.000196585932539 0.0232924564565 -0.03) (0.000212626932686 0.0242240608487 -0.03) (0.0002292969258 0.025155654198 -0.03) (0.000246595904283 0.0260872360797 -0.03) (0.000264523860248 0.0270188060693 -0.03) (0.000283080785524 0.0279503637421 -0.03) (0.00030226667165 0.0288819086733 -0.03) (0.00032208150988 0.0298134404383 -0.03) (0.000342525291183 0.0307449586126 -0.03) (0.000363598006237 0.0316764627713 -0.03) (0.000385299645437 0.03260795249 -0.03) (0.00040763019889 0.0335394273439 -0.03) (0.000430589656417 0.0344708869085 -0.03) (0.00045417800755 0.0354023307591 -0.03) (0.000478395241537 0.0363337584711 -0.03) (0.000503241347338 0.0372651696199 -0.03) (0.000528716313627 0.0381965637809 -0.03) (0.000554820128791 0.0391279405296 -0.03) (0.000581552780929 0.0400592994413 -0.03) (0.000608914257856 0.0409906400915 -0.03) (0.000636904547099 0.0419219620556 -0.03))
    polyLine 2 6 ((3.14544948175e-07 0.000931742431241 0) (1.2581796496e-06 0.00186348443774 0) (2.83090367375e-06 0.00279522559474 0) (5.03271630391e-06 0.0037269654775 0) (7.86361653624e-06 0.00465870366128 0) (1.13236030804e-05 0.00559043972134 0) (1.54126743589e-05 0.00652217323292 0) (2.0130828508e-05 0.00745390377129 0) (2.54780633765e-05 0.00838563091171 0) (3.14543765271e-05 0.00931735422944 0) (3.80597652352e-05 0.0102490732997 0) (4.52942264898e-05 0.0111807876979 0) (5.31577569928e-05 0.0121124969991 0) (6.16503531598e-05 0.0130442007787 0) (7.07720111192e-05 0.0139758986119 0) (8.05227267127e-05 0.0149075900741 0) (9.09024954953e-05 0.0158392747404 0) (0.000101911312735 0.0167709521863 0) (0.000113549173415 0.0177026219869 0) (0.000125816072227 0.0186342837175 0) (0.000138712003582 0.0195659369534 0) (0.000152236961599 0.02049758127 0) (0.000166390940114 0.0214292162425 0) (0.000181173932674 0.0223608414463 0) (0.000196585932539 0.0232924564565 0) (0.000212626932686 0.0242240608487 0) (0.0002292969258 0.025155654198 0) (0.000246595904283 0.0260872360797 0) (0.000264523860248 0.0270188060693 0) (0.000283080785524 0.0279503637421 0) (0.00030226667165 0.0288819086733 0) (0.00032208150988 0.0298134404383 0) (0.000342525291183 0.0307449586126 0) (0.000363598006237 0.0316764627713 0) (0.000385299645437 0.03260795249 0) (0.00040763019889 0.0335394273439 0) (0.000430589656417 0.0344708869085 0) (0.00045417800755 0.0354023307591 0) (0.000478395241537 0.0363337584711 0) (0.000503241347338 0.0372651696199 0) (0.000528716313627 0.0381965637809 0) (0.000554820128791 0.0391279405296 0) (0.000581552780929 0.0400592994413 0) (0.000608914257856 0.0409906400915 0) (0.000636904547099 0.0419219620556 0))
    polyLine 1 5 ((-0.565696203998 0.00639537352647 -0.03) (-0.565665453763 0.0127911034246 -0.03) (-0.565614195994 0.0191875461218 -0.03) (-0.565542419624 0.0255850581565 -0.03) (-0.56545010915 0.0319839962343 -0.03) (-0.565337244636 0.0383847172833 -0.03) (-0.565203801695 0.04478757851 -0.03) (-0.565049751491 0.0511929374551 -0.03) (-0.564875060723 0.0576011520495 -0.03) (-0.564679691612 0.0640125806703 -0.03) (-0.564463601894 0.0704275821968 -0.03) (-0.564226744798 0.076846516067 -0.03) (-0.563969069037 0.0832697423338 -0.03) (-0.563690518781 0.0896976217217 -0.03) (-0.563391033647 0.0961305156834 -0.03) (-0.56307054867 0.102568786457 -0.03) (-0.562728994285 0.109012797123 -0.03) (-0.562366296298 0.115462911661 -0.03) (-0.561982375866 0.121919495008 -0.03) (-0.561577149464 0.128382913118 -0.03) (-0.561150528857 0.134853533015 -0.03) (-0.560702421068 0.141331722858 -0.03) (-0.560232728349 0.147817851994 -0.03))
    polyLine 3 7 ((-0.565696203998 0.00639537352647 0) (-0.565665453763 0.0127911034246 0) (-0.565614195994 0.0191875461218 0) (-0.565542419624 0.0255850581565 0) (-0.56545010915 0.0319839962343 0) (-0.565337244636 0.0383847172833 0) (-0.565203801695 0.04478757851 0) (-0.565049751491 0.0511929374551 0) (-0.564875060723 0.0576011520495 0) (-0.564679691612 0.0640125806703 0) (-0.564463601894 0.0704275821968 0) (-0.564226744798 0.076846516067 0) (-0.563969069037 0.0832697423338 0) (-0.563690518781 0.0896976217217 0) (-0.563391033647 0.0961305156834 0) (-0.56307054867 0.102568786457 0) (-0.562728994285 0.109012797123 0) (-0.562366296298 0.115462911661 0) (-0.561982375866 0.121919495008 0) (-0.561577149464 0.128382913118 0) (-0.561150528857 0.134853533015 0) (-0.560702421068 0.141331722858 0) (-0.560232728349 0.147817851994 0))
    polyLine 4 8 ((0.000665523635897 0.0428532649091 -0.03) (0.000694771511205 0.0437845482273 -0.03) (0.000724648159688 0.0447158115859 -0.03) (0.000755153567729 0.0456470545602 -0.03) (0.00078628772142 0.0465782767257 -0.03) (0.000818050606569 0.047509477658 -0.03) (0.000850442208696 0.0484406569325 -0.03) (0.000883462513034 0.0493718141247 -0.03) (0.000917111504532 0.0503029488102 -0.03) (0.00095138916785 0.0512340605644 -0.03) (0.000986295487362 0.052165148963 -0.03) (0.00102183044716 0.0530962135814 -0.03) (0.00105799403103 0.0540272539953 -0.03) (0.0010947862225 0.0549582697803 -0.03) (0.0011322070048 0.0558892605118 -0.03) (0.00117025636087 0.0568202257655 -0.03) (0.00120893427335 0.057751165117 -0.03) (0.00124824072462 0.0586820781419 -0.03) (0.00128817569677 0.0596129644159 -0.03) (0.00132873917158 0.0605438235146 -0.03) (0.00136993113056 0.0614746550137 -0.03) (0.00141175155494 0.0624054584888 -0.03) (0.00145420042566 0.0633362335155 -0.03) (0.00149727772335 0.0642669796697 -0.03) (0.00154098342839 0.065197696527 -0.03) (0.00158531752085 0.0661283836632 -0.03) (0.00163027998052 0.0670590406539 -0.03) (0.0016758707869 0.0679896670749 -0.03) (0.00172208991921 0.068920262502 -0.03) (0.00176893735639 0.0698508265109 -0.03) (0.00181641307707 0.0707813586775 -0.03) (0.00186451705961 0.0717118585775 -0.03) (0.00191324928208 0.0726423257869 -0.03) (0.00196260972227 0.0735727598813 -0.03) (0.00201259835768 0.0745031604366 -0.03) (0.00206321516552 0.0754335270288 -0.03) (0.00211446012271 0.0763638592337 -0.03) (0.0021663332059 0.0772941566272 -0.03) (0.00221883439143 0.0782244187853 -0.03) (0.00227196365538 0.0791546452837 -0.03) (0.00232572097352 0.0800848356986 -0.03) (0.00238010632135 0.0810149896057 -0.03) (0.00243511967407 0.0819451065813 -0.03) (0.00249076100661 0.0828751862011 -0.03) (0.00254703029361 0.0838052280412 -0.03) (0.00260392750941 0.0847352316778 -0.03))
    polyLine 6 10 ((0.000665523635897 0.0428532649091 0) (0.000694771511205 0.0437845482273 0) (0.000724648159688 0.0447158115859 0) (0.000755153567729 0.0456470545602 0) (0.00078628772142 0.0465782767257 0) (0.000818050606569 0.047509477658 0) (0.000850442208696 0.0484406569325 0) (0.000883462513034 0.0493718141247 0) (0.000917111504532 0.0503029488102 0) (0.00095138916785 0.0512340605644 0) (0.000986295487362 0.052165148963 0) (0.00102183044716 0.0530962135814 0) (0.00105799403103 0.0540272539953 0) (0.0010947862225 0.0549582697803 0) (0.0011322070048 0.0558892605118 0) (0.00117025636087 0.0568202257655 0) (0.00120893427335 0.057751165117 0) (0.00124824072462 0.0586820781419 0) (0.00128817569677 0.0596129644159 0) (0.00132873917158 0.0605438235146 0) (0.00136993113056 0.0614746550137 0) (0.00141175155494 0.0624054584888 0) (0.00145420042566 0.0633362335155 0) (0.00149727772335 0.0642669796697 0) (0.00154098342839 0.065197696527 0) (0.00158531752085 0.0661283836632 0) (0.00163027998052 0.0670590406539 0) (0.0016758707869 0.0679896670749 0) (0.00172208991921 0.068920262502 0) (0.00176893735639 0.0698508265109 0) (0.00181641307707 0.0707813586775 0) (0.00186451705961 0.0717118585775 0) (0.00191324928208 0.0726423257869 0) (0.00196260972227 0.0735727598813 0) (0.00201259835768 0.0745031604366 0) (0.00206321516552 0.0754335270288 0) (0.00211446012271 0.0763638592337 0) (0.0021663332059 0.0772941566272 0) (0.00221883439143 0.0782244187853 0) (0.00227196365538 0.0791546452837 0) (0.00232572097352 0.0800848356986 0) (0.00238010632135 0.0810149896057 0) (0.00243511967407 0.0819451065813 0) (0.00249076100661 0.0828751862011 0) (0.00254703029361 0.0838052280412 0) (0.00260392750941 0.0847352316778 0))
    polyLine 5 9 ((-0.559257809869 0.160447005989 -0.03) (-0.558754780521 0.16658976091 -0.03) (-0.558232162046 0.172740870277 -0.03) (-0.55768985246 0.178900649756 -0.03) (-0.557127745819 0.185069416231 -0.03) (-0.556545732185 0.191247487853 -0.03) (-0.555943697593 0.197435184084 -0.03) (-0.555321524009 0.203632825741 -0.03) (-0.554679089299 0.209840735047 -0.03) (-0.554016267187 0.216059235675 -0.03) (-0.553332927212 0.222288652794 -0.03) (-0.552628934694 0.228529313123 -0.03) (-0.551904150683 0.234781544971 -0.03) (-0.551158431918 0.241045678292 -0.03) (-0.550391630783 0.24732204473 -0.03) (-0.549603595254 0.253610977668 -0.03) (-0.548794168857 0.259912812283 -0.03) (-0.547963190612 0.26622788559 -0.03) (-0.547110494983 0.272556536495 -0.03) (-0.546235911826 0.278899105846 -0.03) (-0.545339266331 0.285255936486 -0.03) (-0.544420378969 0.291627373304 -0.03) (-0.543479065429 0.298013763287 -0.03))
    polyLine 7 11 ((-0.559257809869 0.160447005989 0) (-0.558754780521 0.16658976091 0) (-0.558232162046 0.172740870277 0) (-0.55768985246 0.178900649756 0) (-0.557127745819 0.185069416231 0) (-0.556545732185 0.191247487853 0) (-0.555943697593 0.197435184084 0) (-0.555321524009 0.203632825741 0) (-0.554679089299 0.209840735047 0) (-0.554016267187 0.216059235675 0) (-0.553332927212 0.222288652794 0) (-0.552628934694 0.228529313123 0) (-0.551904150683 0.234781544971 0) (-0.551158431918 0.241045678292 0) (-0.550391630783 0.24732204473 0) (-0.549603595254 0.253610977668 0) (-0.548794168857 0.259912812283 0) (-0.547963190612 0.26622788559 0) (-0.547110494983 0.272556536495 0) (-0.546235911826 0.278899105846 0) (-0.545339266331 0.285255936486 0) (-0.544420378969 0.291627373304 0) (-0.543479065429 0.298013763287 0))
    polyLine 8 12 ((0.00266145262807 0.0856651966867 -0.03) (0.00271960562337 0.0865951226441 -0.03) (0.0027783864688 0.0875250091261 -0.03) (0.00283779513757 0.0884548557087 -0.03) (0.00289783160259 0.089384661968 -0.03) (0.00295849583649 0.0903144274803 -0.03) (0.00301978781163 0.0912441518217 -0.03) (0.00308170750005 0.0921738345683 -0.03) (0.00314425487353 0.0931034752963 -0.03) (0.00320742990357 0.0940330735819 -0.03) (0.00327123256136 0.0949626290015 -0.03) (0.00333566281781 0.0958921411311 -0.03) (0.00340072064355 0.0968216095472 -0.03) (0.00346640600893 0.0977510338259 -0.03) (0.003532718884 0.0986804135436 -0.03) (0.00359965923854 0.0996097482767 -0.03) (0.00366722704203 0.100539037601 -0.03) (0.00373542226366 0.101468281094 -0.03) (0.00380424487234 0.102397478331 -0.03) (0.00387369483672 0.103326628889 -0.03) (0.00394377212512 0.104255732345 -0.03) (0.0040144767056 0.105184788274 -0.03) (0.00408580854592 0.106113796253 -0.03) (0.00415776761358 0.107042755859 -0.03) (0.00423035387577 0.107971666669 -0.03) (0.00430356729939 0.108900528258 -0.03) (0.00437740785107 0.109829340203 -0.03) (0.00445187549716 0.110758102082 -0.03) (0.0045269702037 0.11168681347 -0.03) (0.00460269193646 0.112615473944 -0.03) (0.00467904066093 0.113544083081 -0.03) (0.00475601634229 0.114472640457 -0.03) (0.00483361894547 0.11540114565 -0.03) (0.00491184843507 0.116329598236 -0.03) (0.00499070477544 0.117257997792 -0.03) (0.00507018793064 0.118186343894 -0.03) (0.00515029786443 0.119114636119 -0.03) (0.00523103454029 0.120042874044 -0.03) (0.00531239792141 0.120971057247 -0.03) (0.0053943879707 0.121899185303 -0.03) (0.0054770046508 0.12282725779 -0.03) (0.00556024792403 0.123755274285 -0.03) (0.00564411775245 0.124683234364 -0.03) (0.00572861409783 0.125611137605 -0.03) (0.00581373692165 0.126538983585 -0.03))
    polyLine 10 14 ((0.00266145262807 0.0856651966867 0) (0.00271960562337 0.0865951226441 0) (0.0027783864688 0.0875250091261 0) (0.00283779513757 0.0884548557087 0) (0.00289783160259 0.089384661968 0) (0.00295849583649 0.0903144274803 0) (0.00301978781163 0.0912441518217 0) (0.00308170750005 0.0921738345683 0) (0.00314425487353 0.0931034752963 0) (0.00320742990357 0.0940330735819 0) (0.00327123256136 0.0949626290015 0) (0.00333566281781 0.0958921411311 0) (0.00340072064355 0.0968216095472 0) (0.00346640600893 0.0977510338259 0) (0.003532718884 0.0986804135436 0) (0.00359965923854 0.0996097482767 0) (0.00366722704203 0.100539037601 0) (0.00373542226366 0.101468281094 0) (0.00380424487234 0.102397478331 0) (0.00387369483672 0.103326628889 0) (0.00394377212512 0.104255732345 0) (0.0040144767056 0.105184788274 0) (0.00408580854592 0.106113796253 0) (0.00415776761358 0.107042755859 0) (0.00423035387577 0.107971666669 0) (0.00430356729939 0.108900528258 0) (0.00437740785107 0.109829340203 0) (0.00445187549716 0.110758102082 0) (0.0045269702037 0.11168681347 0) (0.00460269193646 0.112615473944 0) (0.00467904066093 0.113544083081 0) (0.00475601634229 0.114472640457 0) (0.00483361894547 0.11540114565 0) (0.00491184843507 0.116329598236 0) (0.00499070477544 0.117257997792 0) (0.00507018793064 0.118186343894 0) (0.00515029786443 0.119114636119 0) (0.00523103454029 0.120042874044 0) (0.00531239792141 0.120971057247 0) (0.0053943879707 0.121899185303 0) (0.0054770046508 0.12282725779 0) (0.00556024792403 0.123755274285 0) (0.00564411775245 0.124683234364 0) (0.00572861409783 0.125611137605 0) (0.00581373692165 0.126538983585 0))
    polyLine 9 13 ((-0.541628538474 0.310187551304 -0.03) (-0.540723338066 0.315972571497 -0.03) (-0.539799387362 0.32177077498 -0.03) (-0.538856535056 0.327582422131 -0.03) (-0.537894626475 0.333407774903 -0.03) (-0.536913503534 0.339247096861 -0.03) (-0.535913004699 0.345100653214 -0.03) (-0.534892964938 0.350968710851 -0.03) (-0.533853215681 0.356851538375 -0.03) (-0.532793584772 0.362749406135 -0.03) (-0.531713896426 0.368662586267 -0.03) (-0.530613971178 0.374591352722 -0.03) (-0.529493625837 0.38053598131 -0.03) (-0.528352673434 0.386496749728 -0.03) (-0.527190923176 0.392473937607 -0.03) (-0.526008180387 0.398467826538 -0.03) (-0.524804246462 0.404478700121 -0.03) (-0.52357891881 0.410506843993 -0.03) (-0.522331990794 0.416552545874 -0.03) (-0.521063251685 0.422616095604 -0.03) (-0.519772486591 0.428697785182 -0.03) (-0.51845947641 0.434797908805 -0.03) (-0.517123997761 0.440916762915 -0.03))
    polyLine 11 15 ((-0.541628538474 0.310187551304 0) (-0.540723338066 0.315972571497 0) (-0.539799387362 0.32177077498 0) (-0.538856535056 0.327582422131 0) (-0.537894626475 0.333407774903 0) (-0.536913503534 0.339247096861 0) (-0.535913004699 0.345100653214 0) (-0.534892964938 0.350968710851 0) (-0.533853215681 0.356851538375 0) (-0.532793584772 0.362749406135 0) (-0.531713896426 0.368662586267 0) (-0.530613971178 0.374591352722 0) (-0.529493625837 0.38053598131 0) (-0.528352673434 0.386496749728 0) (-0.527190923176 0.392473937607 0) (-0.526008180387 0.398467826538 0) (-0.524804246462 0.404478700121 0) (-0.52357891881 0.410506843993 0) (-0.522331990794 0.416552545874 0) (-0.521063251685 0.422616095604 0) (-0.519772486591 0.428697785182 0) (-0.51845947641 0.434797908805 0) (-0.517123997761 0.440916762915 0))
    polyLine 12 16 ((0.0058994861851 0.12746677188 -0.03) (0.00598586184909 0.128394502068 -0.03) (0.00607286387425 0.129322173726 -0.03) (0.00616049222092 0.130249786431 -0.03) (0.00624874684914 0.13117733976 -0.03) (0.0063376277187 0.13210483329 -0.03) (0.00642713478907 0.133032266598 -0.03) (0.00651726801944 0.133959639262 -0.03) (0.00660802736874 0.134886950859 -0.03) (0.00669941279558 0.135814200966 -0.03) (0.00679142425831 0.13674138916 -0.03) (0.00688406171499 0.137668515019 -0.03) (0.00697732512337 0.138595578121 -0.03) (0.00707121444095 0.139522578042 -0.03) (0.00716572962493 0.140449514359 -0.03) (0.00726087063222 0.141376386651 -0.03) (0.00735663741945 0.142303194495 -0.03) (0.00745302994296 0.143229937469 -0.03) (0.00755004815882 0.144156615149 -0.03) (0.00764769202279 0.145083227113 -0.03) (0.00774596149036 0.14600977294 -0.03) (0.00784485651674 0.146936252206 -0.03) (0.00794437705683 0.14786266449 -0.03) (0.00804452306529 0.148789009368 -0.03) (0.00814529449644 0.14971528642 -0.03) (0.00824669130436 0.150641495222 -0.03) (0.00834871344283 0.151567635352 -0.03) (0.00845136086532 0.152493706388 -0.03) (0.00855463352506 0.153419707907 -0.03) (0.00865853137495 0.154345639489 -0.03) (0.00876305436765 0.15527150071 -0.03) (0.0088682024555 0.156197291149 -0.03) (0.00897397559056 0.157123010384 -0.03) (0.00908037372462 0.158048657992 -0.03) (0.00918739680919 0.158974233551 -0.03) (0.00929504479546 0.159899736641 -0.03) (0.00940331763436 0.160825166837 -0.03) (0.00951221527655 0.16175052372 -0.03) (0.00962173767237 0.162675806867 -0.03) (0.0097318847719 0.163601015856 -0.03) (0.00984265652493 0.164526150266 -0.03) (0.00995405288096 0.165451209674 -0.03) (0.0100660737892 0.16637619366 -0.03) (0.0101787191986 0.1673011018 -0.03) (0.0102919890578 0.168225933675 -0.03) (0.0104058833152 0.169150688862 -0.03))
    polyLine 14 18 ((0.0058994861851 0.12746677188 0) (0.00598586184909 0.128394502068 0) (0.00607286387425 0.129322173726 0) (0.00616049222092 0.130249786431 0) (0.00624874684914 0.13117733976 0) (0.0063376277187 0.13210483329 0) (0.00642713478907 0.133032266598 0) (0.00651726801944 0.133959639262 0) (0.00660802736874 0.134886950859 0) (0.00669941279558 0.135814200966 0) (0.00679142425831 0.13674138916 0) (0.00688406171499 0.137668515019 0) (0.00697732512337 0.138595578121 0) (0.00707121444095 0.139522578042 0) (0.00716572962493 0.140449514359 0) (0.00726087063222 0.141376386651 0) (0.00735663741945 0.142303194495 0) (0.00745302994296 0.143229937469 0) (0.00755004815882 0.144156615149 0) (0.00764769202279 0.145083227113 0) (0.00774596149036 0.14600977294 0) (0.00784485651674 0.146936252206 0) (0.00794437705683 0.14786266449 0) (0.00804452306529 0.148789009368 0) (0.00814529449644 0.14971528642 0) (0.00824669130436 0.150641495222 0) (0.00834871344283 0.151567635352 0) (0.00845136086532 0.152493706388 0) (0.00855463352506 0.153419707907 0) (0.00865853137495 0.154345639489 0) (0.00876305436765 0.15527150071 0) (0.0088682024555 0.156197291149 0) (0.00897397559056 0.157123010384 0) (0.00908037372462 0.158048657992 0) (0.00918739680919 0.158974233551 0) (0.00929504479546 0.159899736641 0) (0.00940331763436 0.160825166837 0) (0.00951221527655 0.16175052372 0) (0.00962173767237 0.162675806867 0) (0.0097318847719 0.163601015856 0) (0.00984265652493 0.164526150266 0) (0.00995405288096 0.165451209674 0) (0.0100660737892 0.16637619366 0) (0.0101787191986 0.1673011018 0) (0.0102919890578 0.168225933675 0) (0.0104058833152 0.169150688862 0))
    polyLine 13 17 ((-0.51456309995 0.452421266729 -0.03) (-0.513342795123 0.457802778979 -0.03) (-0.512104749272 0.46319938529 -0.03) (-0.510848800584 0.468611289382 -0.03) (-0.50957478456 0.474038696408 -0.03) (-0.508282533987 0.479481812975 -0.03) (-0.5069718789 0.484940847171 -0.03) (-0.505642646546 0.490416008582 -0.03) (-0.504294661345 0.495907508318 -0.03) (-0.502927744853 0.501415559039 -0.03) (-0.501541715725 0.506940374978 -0.03) (-0.500136389673 0.51248217196 -0.03) (-0.498711579428 0.518041167436 -0.03) (-0.497267094698 0.523617580501 -0.03) (-0.495802742128 0.52921163192 -0.03) (-0.494318325254 0.534823544157 -0.03) (-0.492813644463 0.540453541399 -0.03) (-0.491288496948 0.546101849582 -0.03) (-0.489742676664 0.551768696418 -0.03) (-0.48817597428 0.557454311423 -0.03) (-0.486588177135 0.563158925945 -0.03) (-0.484979069187 0.56888277319 -0.03) (-0.48334843097 0.574626088251 -0.03))
    polyLine 15 19 ((-0.51456309995 0.452421266729 0) (-0.513342795123 0.457802778979 0) (-0.512104749272 0.46319938529 0) (-0.510848800584 0.468611289382 0) (-0.50957478456 0.474038696408 0) (-0.508282533987 0.479481812975 0) (-0.5069718789 0.484940847171 0) (-0.505642646546 0.490416008582 0) (-0.504294661345 0.495907508318 0) (-0.502927744853 0.501415559039 0) (-0.501541715725 0.506940374978 0) (-0.500136389673 0.51248217196 0) (-0.498711579428 0.518041167436 0) (-0.497267094698 0.523617580501 0) (-0.495802742128 0.52921163192 0) (-0.494318325254 0.534823544157 0) (-0.492813644463 0.540453541399 0) (-0.491288496948 0.546101849582 0) (-0.489742676664 0.551768696418 0) (-0.48817597428 0.557454311423 0) (-0.486588177135 0.563158925945 0) (-0.484979069187 0.56888277319 0) (-0.48334843097 0.574626088251 0))
    polyLine 16 20 ((0.0105204019188 0.170075366939 -0.03) (0.0106355448165 0.170999967485 -0.03) (0.0107513119557 0.171924490079 -0.03) (0.0108677032837 0.172848934299 -0.03) (0.0109847187474 0.173773299724 -0.03) (0.0111023582935 0.174697585932 -0.03) (0.0112206218683 0.175621792502 -0.03) (0.011339509418 0.176545919012 -0.03) (0.0114590208884 0.177469965042 -0.03) (0.0115791562248 0.178393930171 -0.03) (0.0116999153727 0.179317813976 -0.03) (0.011821298277 0.180241616036 -0.03) (0.0119433048822 0.181165335932 -0.03) (0.0120659351328 0.182088973241 -0.03) (0.012189188973 0.183012527543 -0.03) (0.0123130663464 0.183935998416 -0.03) (0.0124375671967 0.184859385439 -0.03) (0.012562691467 0.185782688193 -0.03) (0.0126884391004 0.186705906255 -0.03) (0.0128148100395 0.187629039204 -0.03) (0.0129418042267 0.188552086621 -0.03) (0.0130694216042 0.189475048084 -0.03) (0.0131976621136 0.190397923172 -0.03) (0.0133265256967 0.191320711466 -0.03) (0.0134560122946 0.192243412543 -0.03) (0.0135861218483 0.193166025984 -0.03) (0.0137168542985 0.194088551367 -0.03) (0.0138482095855 0.195010988273 -0.03) (0.0139801876497 0.195933336281 -0.03) (0.0141127884306 0.196855594971 -0.03) (0.014246011868 0.197777763921 -0.03) (0.0143798579011 0.198699842712 -0.03) (0.0145143264688 0.199621830923 -0.03) (0.0146494175099 0.200543728134 -0.03) (0.0147851309627 0.201465533925 -0.03) (0.0149214667655 0.202387247875 -0.03) (0.015058424856 0.203308869564 -0.03) (0.0151960051719 0.204230398573 -0.03) (0.0153342076504 0.205151834481 -0.03) (0.0154730322285 0.206073176868 -0.03) (0.0156124788429 0.206994425313 -0.03) (0.0157525474301 0.207915579398 -0.03) (0.0158932379261 0.208836638702 -0.03) (0.016034550267 0.209757602805 -0.03) (0.0161764843882 0.210678471288 -0.03) (0.016319040225 0.21159924373 -0.03))
    polyLine 18 22 ((0.0105204019188 0.170075366939 0) (0.0106355448165 0.170999967485 0) (0.0107513119557 0.171924490079 0) (0.0108677032837 0.172848934299 0) (0.0109847187474 0.173773299724 0) (0.0111023582935 0.174697585932 0) (0.0112206218683 0.175621792502 0) (0.011339509418 0.176545919012 0) (0.0114590208884 0.177469965042 0) (0.0115791562248 0.178393930171 0) (0.0116999153727 0.179317813976 0) (0.011821298277 0.180241616036 0) (0.0119433048822 0.181165335932 0) (0.0120659351328 0.182088973241 0) (0.012189188973 0.183012527543 0) (0.0123130663464 0.183935998416 0) (0.0124375671967 0.184859385439 0) (0.012562691467 0.185782688193 0) (0.0126884391004 0.186705906255 0) (0.0128148100395 0.187629039204 0) (0.0129418042267 0.188552086621 0) (0.0130694216042 0.189475048084 0) (0.0131976621136 0.190397923172 0) (0.0133265256967 0.191320711466 0) (0.0134560122946 0.192243412543 0) (0.0135861218483 0.193166025984 0) (0.0137168542985 0.194088551367 0) (0.0138482095855 0.195010988273 0) (0.0139801876497 0.195933336281 0) (0.0141127884306 0.196855594971 0) (0.014246011868 0.197777763921 0) (0.0143798579011 0.198699842712 0) (0.0145143264688 0.199621830923 0) (0.0146494175099 0.200543728134 0) (0.0147851309627 0.201465533925 0) (0.0149214667655 0.202387247875 0) (0.015058424856 0.203308869564 0) (0.0151960051719 0.204230398573 0) (0.0153342076504 0.205151834481 0) (0.0154730322285 0.206073176868 0) (0.0156124788429 0.206994425313 0) (0.0157525474301 0.207915579398 0) (0.0158932379261 0.208836638702 0) (0.016034550267 0.209757602805 0) (0.0161764843882 0.210678471288 0) (0.016319040225 0.21159924373 0))
    polyLine 17 21 ((-0.480260452923 0.585350781426 -0.03) (-0.478808533211 0.590327295355 -0.03) (-0.477340133199 0.595318803204 -0.03) (-0.475855103691 0.600325459348 -0.03) (-0.474353293477 0.605347419278 -0.03) (-0.472834549309 0.610384839615 -0.03) (-0.471298715869 0.615437878121 -0.03) (-0.46974563575 0.620506693718 -0.03) (-0.468175149425 0.6255914465 -0.03) (-0.466587095221 0.630692297752 -0.03) (-0.464981309289 0.635809409962 -0.03) (-0.463357625581 0.640942946841 -0.03) (-0.461715875818 0.646093073333 -0.03) (-0.460055889459 0.651259955639 -0.03) (-0.458377493677 0.656443761227 -0.03) (-0.456680513324 0.661644658851 -0.03) (-0.454964770904 0.666862818568 -0.03) (-0.453230086539 0.672098411759 -0.03) (-0.451476277939 0.677351611139 -0.03) (-0.449703160372 0.682622590779 -0.03) (-0.447910546627 0.687911526128 -0.03) (-0.446098246984 0.693218594021 -0.03) (-0.444266069179 0.69854397271 -0.03))
    polyLine 19 23 ((-0.480260452923 0.585350781426 0) (-0.478808533211 0.590327295355 0) (-0.477340133199 0.595318803204 0) (-0.475855103691 0.600325459348 0) (-0.474353293477 0.605347419278 0) (-0.472834549309 0.610384839615 0) (-0.471298715869 0.615437878121 0) (-0.46974563575 0.620506693718 0) (-0.468175149425 0.6255914465 0) (-0.466587095221 0.630692297752 0) (-0.464981309289 0.635809409962 0) (-0.463357625581 0.640942946841 0) (-0.461715875818 0.646093073333 0) (-0.460055889459 0.651259955639 0) (-0.458377493677 0.656443761227 0) (-0.456680513324 0.661644658851 0) (-0.454964770904 0.666862818568 0) (-0.453230086539 0.672098411759 0) (-0.451476277939 0.677351611139 0) (-0.449703160372 0.682622590779 0) (-0.447910546627 0.687911526128 0) (-0.446098246984 0.693218594021 0) (-0.444266069179 0.69854397271 0))
    polyLine 20 24 ((0.0164622177125 0.212519919712 -0.03) (0.0166060167854 0.213440498815 -0.03) (0.0167504373782 0.214360980618 -0.03) (0.0168954794249 0.215281364702 -0.03) (0.0170411428596 0.216201650647 -0.03) (0.0171874276157 0.217121838034 -0.03) (0.0173343336266 0.218041926443 -0.03) (0.0174818608253 0.218961915456 -0.03) (0.0176300091446 0.219881804651 -0.03) (0.017778778517 0.220801593611 -0.03) (0.0179281688746 0.221721281916 -0.03) (0.0180781801493 0.222640869147 -0.03) (0.0182288122727 0.223560354884 -0.03) (0.0183800651762 0.224479738708 -0.03) (0.0185319387908 0.2253990202 -0.03) (0.0186844330473 0.226318198942 -0.03) (0.0188375478762 0.227237274514 -0.03) (0.0189912832077 0.228156246496 -0.03) (0.0191456389716 0.229075114471 -0.03) (0.0193006150976 0.229993878019 -0.03) (0.0194562115152 0.230912536722 -0.03) (0.0196124281533 0.23183109016 -0.03) (0.0197692649407 0.232749537916 -0.03) (0.0199267218059 0.233667879569 -0.03) (0.0200847986772 0.234586114702 -0.03) (0.0202434954825 0.235504242897 -0.03) (0.0204028121494 0.236422263733 -0.03) (0.0205627486054 0.237340176794 -0.03) (0.0207233047775 0.238257981661 -0.03) (0.0208844805925 0.239175677914 -0.03) (0.021046275977 0.240093265137 -0.03) (0.0212086908571 0.241010742909 -0.03) (0.0213717251589 0.241928110815 -0.03) (0.0215353788081 0.242845368434 -0.03) (0.0216996517299 0.243762515349 -0.03) (0.0218645438497 0.244679551142 -0.03) (0.022030055092 0.245596475396 -0.03) (0.0221961853817 0.24651328769 -0.03) (0.0223629346428 0.247429987609 -0.03) (0.0225303027994 0.248346574734 -0.03) (0.0226982897751 0.249263048647 -0.03) (0.0228668954935 0.25017940893 -0.03) (0.0230361198776 0.251095655166 -0.03) (0.0232059628504 0.252011786937 -0.03) (0.0233764243343 0.252927803825 -0.03))
    polyLine 22 26 ((0.0164622177125 0.212519919712 0) (0.0166060167854 0.213440498815 0) (0.0167504373782 0.214360980618 0) (0.0168954794249 0.215281364702 0) (0.0170411428596 0.216201650647 0) (0.0171874276157 0.217121838034 0) (0.0173343336266 0.218041926443 0) (0.0174818608253 0.218961915456 0) (0.0176300091446 0.219881804651 0) (0.017778778517 0.220801593611 0) (0.0179281688746 0.221721281916 0) (0.0180781801493 0.222640869147 0) (0.0182288122727 0.223560354884 0) (0.0183800651762 0.224479738708 0) (0.0185319387908 0.2253990202 0) (0.0186844330473 0.226318198942 0) (0.0188375478762 0.227237274514 0) (0.0189912832077 0.228156246496 0) (0.0191456389716 0.229075114471 0) (0.0193006150976 0.229993878019 0) (0.0194562115152 0.230912536722 0) (0.0196124281533 0.23183109016 0) (0.0197692649407 0.232749537916 0) (0.0199267218059 0.233667879569 0) (0.0200847986772 0.234586114702 0) (0.0202434954825 0.235504242897 0) (0.0204028121494 0.236422263733 0) (0.0205627486054 0.237340176794 0) (0.0207233047775 0.238257981661 0) (0.0208844805925 0.239175677914 0) (0.021046275977 0.240093265137 0) (0.0212086908571 0.241010742909 0) (0.0213717251589 0.241928110815 0) (0.0215353788081 0.242845368434 0) (0.0216996517299 0.243762515349 0) (0.0218645438497 0.244679551142 0) (0.022030055092 0.245596475396 0) (0.0221961853817 0.24651328769 0) (0.0223629346428 0.247429987609 0) (0.0225303027994 0.248346574734 0) (0.0226982897751 0.249263048647 0) (0.0228668954935 0.25017940893 0) (0.0230361198776 0.251095655166 0) (0.0232059628504 0.252011786937 0) (0.0233764243343 0.252927803825 0))
    polyLine 21 25 ((-0.440814153299 0.708471431451 -0.03) (-0.439199546541 0.713068783158 -0.03) (-0.437569871734 0.71768001183 -0.03) (-0.435925001069 0.722305233105 -0.03) (-0.434264805272 0.726944563434 -0.03) (-0.432589153587 0.731598120091 -0.03) (-0.430897913759 0.736266021179 -0.03) (-0.429190952014 0.74094838564 -0.03) (-0.427468133046 0.745645333269 -0.03) (-0.425729319991 0.75035698472 -0.03) (-0.423974374419 0.755083461515 -0.03) (-0.422203156304 0.75982488606 -0.03) (-0.420415524014 0.764581381647 -0.03) (-0.418611334287 0.769353072473 -0.03) (-0.416790442211 0.774140083646 -0.03) (-0.414952701208 0.778942541193 -0.03) (-0.413097963011 0.783760572077 -0.03) (-0.411226077642 0.788594304206 -0.03) (-0.409336893395 0.793443866442 -0.03) (-0.407430256812 0.798309388613 -0.03) (-0.405506012665 0.803191001527 -0.03) (-0.403564003927 0.808088836983 -0.03) (-0.40160407176 0.813003027779 -0.03))
    polyLine 23 27 ((-0.440814153299 0.708471431451 0) (-0.439199546541 0.713068783158 0) (-0.437569871734 0.71768001183 0) (-0.435925001069 0.722305233105 0) (-0.434264805272 0.726944563434 0) (-0.432589153587 0.731598120091 0) (-0.430897913759 0.736266021179 0) (-0.429190952014 0.74094838564 0) (-0.427468133046 0.745645333269 0) (-0.425729319991 0.75035698472 0) (-0.423974374419 0.755083461515 0) (-0.422203156304 0.75982488606 0) (-0.420415524014 0.764581381647 0) (-0.418611334287 0.769353072473 0) (-0.416790442211 0.774140083646 0) (-0.414952701208 0.778942541193 0) (-0.413097963011 0.783760572077 0) (-0.411226077642 0.788594304206 0) (-0.409336893395 0.793443866442 0) (-0.407430256812 0.798309388613 0) (-0.405506012665 0.803191001527 0) (-0.403564003927 0.808088836983 0) (-0.40160407176 0.813003027779 0))
    polyLine 24 28 ((0.0235475042516 0.253843705413 -0.03) (0.0237192025245 0.254759491284 -0.03) (0.0238915190745 0.255675161019 -0.03) (0.0240644538232 0.256590714201 -0.03) (0.0242380066917 0.257506150413 -0.03) (0.0244121776009 0.258421469239 -0.03) (0.0245869664715 0.259336670259 -0.03) (0.0247623732236 0.260251753058 -0.03) (0.0249383977775 0.261166717217 -0.03) (0.0251150400527 0.262081562321 -0.03) (0.0252922999689 0.262996287952 -0.03) (0.0254701774451 0.263910893692 -0.03) (0.0256486724003 0.264825379126 -0.03) (0.0258277847532 0.265739743835 -0.03) (0.0260075144221 0.266653987404 -0.03) (0.026187861325 0.267568109415 -0.03) (0.0263688253797 0.268482109453 -0.03) (0.0265504065038 0.269395987099 -0.03) (0.0267326046145 0.270309741938 -0.03) (0.0269154196287 0.271223373553 -0.03) (0.027098851463 0.272136881527 -0.03) (0.0272829000339 0.273050265445 -0.03) (0.0274675652575 0.273963524889 -0.03) (0.0276528470495 0.274876659443 -0.03) (0.0278387453255 0.275789668692 -0.03) (0.0280252600008 0.276702552218 -0.03) (0.0282123909904 0.277615309607 -0.03) (0.0284001382088 0.278527940441 -0.03) (0.0285885015707 0.279440444304 -0.03) (0.02877748099 0.280352820781 -0.03) (0.0289670763806 0.281265069456 -0.03) (0.0291572876561 0.282177189913 -0.03) (0.0293481147298 0.283089181736 -0.03) (0.0295395575147 0.284001044509 -0.03) (0.0297316159236 0.284912777817 -0.03) (0.0299242898688 0.285824381244 -0.03) (0.0301175792625 0.286735854375 -0.03) (0.0303114840167 0.287647196793 -0.03) (0.0305060040429 0.288558408084 -0.03) (0.0307011392525 0.289469487832 -0.03) (0.0308968895565 0.290380435621 -0.03) (0.0310932548657 0.291291251038 -0.03) (0.0312902350905 0.292201933665 -0.03) (0.0314878301411 0.293112483089 -0.03) (0.0316860399276 0.294022898894 -0.03) (0.0318848643595 0.294933180665 -0.03))
    polyLine 26 30 ((0.0235475042516 0.253843705413 0) (0.0237192025245 0.254759491284 0) (0.0238915190745 0.255675161019 0) (0.0240644538232 0.256590714201 0) (0.0242380066917 0.257506150413 0) (0.0244121776009 0.258421469239 0) (0.0245869664715 0.259336670259 0) (0.0247623732236 0.260251753058 0) (0.0249383977775 0.261166717217 0) (0.0251150400527 0.262081562321 0) (0.0252922999689 0.262996287952 0) (0.0254701774451 0.263910893692 0) (0.0256486724003 0.264825379126 0) (0.0258277847532 0.265739743835 0) (0.0260075144221 0.266653987404 0) (0.026187861325 0.267568109415 0) (0.0263688253797 0.268482109453 0) (0.0265504065038 0.269395987099 0) (0.0267326046145 0.270309741938 0) (0.0269154196287 0.271223373553 0) (0.027098851463 0.272136881527 0) (0.0272829000339 0.273050265445 0) (0.0274675652575 0.273963524889 0) (0.0276528470495 0.274876659443 0) (0.0278387453255 0.275789668692 0) (0.0280252600008 0.276702552218 0) (0.0282123909904 0.277615309607 0) (0.0284001382088 0.278527940441 0) (0.0285885015707 0.279440444304 0) (0.02877748099 0.280352820781 0) (0.0289670763806 0.281265069456 0) (0.0291572876561 0.282177189913 0) (0.0293481147298 0.283089181736 0) (0.0295395575147 0.284001044509 0) (0.0297316159236 0.284912777817 0) (0.0299242898688 0.285824381244 0) (0.0301175792625 0.286735854375 0) (0.0303114840167 0.287647196793 0) (0.0305060040429 0.288558408084 0) (0.0307011392525 0.289469487832 0) (0.0308968895565 0.290380435621 0) (0.0310932548657 0.291291251038 0) (0.0312902350905 0.292201933665 0) (0.0314878301411 0.293112483089 0) (0.0316860399276 0.294022898894 0) (0.0318848643595 0.294933180665 0))
    polyLine 25 29 ((-0.397913714227 0.822179122326 -0.03) (-0.396187826178 0.826436870249 -0.03) (-0.394448286413 0.830707037944 -0.03) (-0.392694988963 0.834989712435 -0.03) (-0.390927826801 0.839284981326 -0.03) (-0.389146691835 0.843592932808 -0.03) (-0.387351474893 0.847913655666 -0.03) (-0.385542065711 0.852247239287 -0.03) (-0.383718352925 0.856593773662 -0.03) (-0.381880224055 0.860953349396 -0.03) (-0.380027565496 0.865326057712 -0.03) (-0.378160262501 0.869711990461 -0.03) (-0.376278199175 0.874111240123 -0.03) (-0.374381258457 0.878523899821 -0.03) (-0.37246932211 0.882950063322 -0.03) (-0.370542270708 0.887389825046 -0.03) (-0.36859998362 0.891843280073 -0.03) (-0.366642339001 0.89631052415 -0.03) (-0.364669213775 0.9007916537 -0.03) (-0.362680483622 0.905286765824 -0.03) (-0.360676022965 0.909795958316 -0.03) (-0.358655704958 0.914319329663 -0.03) (-0.356619401466 0.918856979059 -0.03))
    polyLine 27 31 ((-0.397913714227 0.822179122326 0) (-0.396187826178 0.826436870249 0) (-0.394448286413 0.830707037944 0) (-0.392694988963 0.834989712435 0) (-0.390927826801 0.839284981326 0) (-0.389146691835 0.843592932808 0) (-0.387351474893 0.847913655666 0) (-0.385542065711 0.852247239287 0) (-0.383718352925 0.856593773662 0) (-0.381880224055 0.860953349396 0) (-0.380027565496 0.865326057712 0) (-0.378160262501 0.869711990461 0) (-0.376278199175 0.874111240123 0) (-0.374381258457 0.878523899821 0) (-0.37246932211 0.882950063322 0) (-0.370542270708 0.887389825046 0) (-0.36859998362 0.891843280073 0) (-0.366642339001 0.89631052415 0) (-0.364669213775 0.9007916537 0) (-0.362680483622 0.905286765824 0) (-0.360676022965 0.909795958316 0) (-0.358655704958 0.914319329663 0) (-0.356619401466 0.918856979059 0))
    polyLine 28 32 ((0.0320843033462 0.295843327987 -0.03) (0.0322843567967 0.296753340445 -0.03) (0.0324850246199 0.297663217624 -0.03) (0.0326863067244 0.29857295911 -0.03) (0.0328882030182 0.299482564488 -0.03) (0.0330907134095 0.300392033344 -0.03) (0.0332938378059 0.301301365261 -0.03) (0.0334975761147 0.302210559827 -0.03) (0.0337019282432 0.303119616627 -0.03) (0.0339068940981 0.304028535245 -0.03) (0.0341124735861 0.304937315269 -0.03) (0.0343186666134 0.305845956283 -0.03) (0.0345254730859 0.306754457874 -0.03) (0.0347328929096 0.307662819626 -0.03) (0.0349409259897 0.308571041127 -0.03) (0.0351495722314 0.309479121962 -0.03) (0.0353588315397 0.310387061718 -0.03) (0.0355687038191 0.311294859979 -0.03) (0.035779188974 0.312202516333 -0.03) (0.0359902869084 0.313110030365 -0.03) (0.0362019975261 0.314017401663 -0.03) (0.0364143207305 0.314924629812 -0.03) (0.036627256425 0.315831714398 -0.03) (0.0368408045123 0.316738655009 -0.03) (0.0370549648952 0.317645451231 -0.03) (0.0372697374761 0.31855210265 -0.03) (0.037485122157 0.319458608853 -0.03) (0.0377011188397 0.320364969427 -0.03) (0.0379177274258 0.321271183958 -0.03) (0.0381349478165 0.322177252035 -0.03) (0.0383527799129 0.323083173243 -0.03) (0.0385712236156 0.323988947169 -0.03) (0.038790278825 0.324894573401 -0.03) (0.0390099454413 0.325800051526 -0.03) (0.0392302233643 0.326705381131 -0.03) (0.0394511124936 0.327610561804 -0.03) (0.0396726127286 0.328515593131 -0.03) (0.0398947239682 0.3294204747 -0.03) (0.0401174461112 0.330325206099 -0.03) (0.040340779056 0.331229786915 -0.03) (0.040564722701 0.332134216736 -0.03) (0.0407892769439 0.333038495149 -0.03) (0.0410144416824 0.333942621743 -0.03) (0.0412402168138 0.334846596105 -0.03) (0.0414666022353 0.335750417823 -0.03) (0.0416935978437 0.336654086485 -0.03))
    polyLine 30 34 ((0.0320843033462 0.295843327987 0) (0.0322843567967 0.296753340445 0) (0.0324850246199 0.297663217624 0) (0.0326863067244 0.29857295911 0) (0.0328882030182 0.299482564488 0) (0.0330907134095 0.300392033344 0) (0.0332938378059 0.301301365261 0) (0.0334975761147 0.302210559827 0) (0.0337019282432 0.303119616627 0) (0.0339068940981 0.304028535245 0) (0.0341124735861 0.304937315269 0) (0.0343186666134 0.305845956283 0) (0.0345254730859 0.306754457874 0) (0.0347328929096 0.307662819626 0) (0.0349409259897 0.308571041127 0) (0.0351495722314 0.309479121962 0) (0.0353588315397 0.310387061718 0) (0.0355687038191 0.311294859979 0) (0.035779188974 0.312202516333 0) (0.0359902869084 0.313110030365 0) (0.0362019975261 0.314017401663 0) (0.0364143207305 0.314924629812 0) (0.036627256425 0.315831714398 0) (0.0368408045123 0.316738655009 0) (0.0370549648952 0.317645451231 0) (0.0372697374761 0.31855210265 0) (0.037485122157 0.319458608853 0) (0.0377011188397 0.320364969427 0) (0.0379177274258 0.321271183958 0) (0.0381349478165 0.322177252035 0) (0.0383527799129 0.323083173243 0) (0.0385712236156 0.323988947169 0) (0.038790278825 0.324894573401 0) (0.0390099454413 0.325800051526 0) (0.0392302233643 0.326705381131 0) (0.0394511124936 0.327610561804 0) (0.0396726127286 0.328515593131 0) (0.0398947239682 0.3294204747 0) (0.0401174461112 0.330325206099 0) (0.040340779056 0.331229786915 0) (0.040564722701 0.332134216736 0) (0.0407892769439 0.333038495149 0) (0.0410144416824 0.333942621743 0) (0.0412402168138 0.334846596105 0) (0.0414666022353 0.335750417823 0) (0.0416935978437 0.336654086485 0))
    polyLine 29 33 ((-0.352777552102 0.927360366303 -0.03) (-0.350975866777 0.931322637047 -0.03) (-0.349161840759 0.935295884725 -0.03) (-0.347335386967 0.939280175836 -0.03) (-0.345496417554 0.943275577303 -0.03) (-0.343644843893 0.947282156469 -0.03) (-0.341780576578 0.951299981109 -0.03) (-0.339903525408 0.955329119425 -0.03) (-0.338013599386 0.959369640062 -0.03) (-0.336110706704 0.9634216121 -0.03) (-0.334194754742 0.967485105066 -0.03) (-0.332265650055 0.971560188938 -0.03) (-0.330323298367 0.975646934144 -0.03) (-0.328367604562 0.979745411574 -0.03) (-0.326398472675 0.983855692578 -0.03) (-0.324415805885 0.987977848973 -0.03) (-0.322419506502 0.99211195305 -0.03) (-0.320409475967 0.996258077574 -0.03) (-0.318385614832 1.00041629579 -0.03) (-0.316347822761 1.00458668144 -0.03) (-0.314295998513 1.00876930873 -0.03) (-0.312230039938 1.0129642524 -0.03) (-0.310149843967 1.01717158765 -0.03))
    polyLine 31 35 ((-0.352777552102 0.927360366303 0) (-0.350975866777 0.931322637047 0) (-0.349161840759 0.935295884725 0) (-0.347335386967 0.939280175836 0) (-0.345496417554 0.943275577303 0) (-0.343644843893 0.947282156469 0) (-0.341780576578 0.951299981109 0) (-0.339903525408 0.955329119425 0) (-0.338013599386 0.959369640062 0) (-0.336110706704 0.9634216121 0) (-0.334194754742 0.967485105066 0) (-0.332265650055 0.971560188938 0) (-0.330323298367 0.975646934144 0) (-0.328367604562 0.979745411574 0) (-0.326398472675 0.983855692578 0) (-0.324415805885 0.987977848973 0) (-0.322419506502 0.99211195305 0) (-0.320409475967 0.996258077574 0) (-0.318385614832 1.00041629579 0) (-0.316347822761 1.00458668144 0) (-0.314295998513 1.00876930873 0) (-0.312230039938 1.0129642524 0) (-0.310149843967 1.01717158765 0))
    polyLine 32 36 ((0.0419212035354 0.33755760168 -0.03) (0.0421494192067 0.338460962994 -0.03) (0.0423782447535 0.339364170017 -0.03) (0.0426076800717 0.340267222337 -0.03) (0.0428377250565 0.341170119541 -0.03) (0.043068379603 0.342072861219 -0.03) (0.0432996436063 0.342975446959 -0.03) (0.0435315169607 0.34387787635 -0.03) (0.0437639995607 0.344780148979 -0.03) (0.0439970913002 0.345682264436 -0.03) (0.044230792073 0.34658422231 -0.03) (0.0444651017726 0.347486022189 -0.03) (0.0447000202921 0.348387663662 -0.03) (0.0449355475244 0.349289146319 -0.03) (0.0451716833622 0.350190469747 -0.03) (0.0454084276978 0.351091633538 -0.03) (0.0456457804234 0.351992637278 -0.03) (0.0458837414307 0.352893480559 -0.03) (0.0461223106111 0.353794162969 -0.03) (0.0463614878561 0.354694684097 -0.03) (0.0466012730565 0.355595043533 -0.03) (0.0468416661031 0.356495240867 -0.03) (0.0470826668862 0.357395275689 -0.03) (0.0473242752959 0.358295147587 -0.03) (0.0475664912223 0.359194856152 -0.03) (0.0478093145547 0.360094400974 -0.03) (0.0480527451826 0.360993781642 -0.03) (0.048296782995 0.361892997747 -0.03) (0.0485414278805 0.362792048879 -0.03) (0.0487866797278 0.363690934627 -0.03) (0.049032538425 0.364589654582 -0.03) (0.0492790038599 0.365488208335 -0.03) (0.0495260759204 0.366386595475 -0.03) (0.0497737544936 0.367284815594 -0.03) (0.0500220394668 0.368182868281 -0.03) (0.0502709307267 0.369080753128 -0.03) (0.0505204281599 0.369978469725 -0.03) (0.0507705316526 0.370876017662 -0.03) (0.0510212410909 0.371773396531 -0.03) (0.0512725563604 0.372670605923 -0.03) (0.0515244773466 0.373567645428 -0.03) (0.0517770039346 0.374464514638 -0.03) (0.0520301360093 0.375361213143 -0.03) (0.0522838734553 0.376257740536 -0.03) (0.052538216157 0.377154096407 -0.03))
    polyLine 34 38 ((0.0419212035354 0.33755760168 0) (0.0421494192067 0.338460962994 0) (0.0423782447535 0.339364170017 0) (0.0426076800717 0.340267222337 0) (0.0428377250565 0.341170119541 0) (0.043068379603 0.342072861219 0) (0.0432996436063 0.342975446959 0) (0.0435315169607 0.34387787635 0) (0.0437639995607 0.344780148979 0) (0.0439970913002 0.345682264436 0) (0.044230792073 0.34658422231 0) (0.0444651017726 0.347486022189 0) (0.0447000202921 0.348387663662 0) (0.0449355475244 0.349289146319 0) (0.0451716833622 0.350190469747 0) (0.0454084276978 0.351091633538 0) (0.0456457804234 0.351992637278 0) (0.0458837414307 0.352893480559 0) (0.0461223106111 0.353794162969 0) (0.0463614878561 0.354694684097 0) (0.0466012730565 0.355595043533 0) (0.0468416661031 0.356495240867 0) (0.0470826668862 0.357395275689 0) (0.0473242752959 0.358295147587 0) (0.0475664912223 0.359194856152 0) (0.0478093145547 0.360094400974 0) (0.0480527451826 0.360993781642 0) (0.048296782995 0.361892997747 0) (0.0485414278805 0.362792048879 0) (0.0487866797278 0.363690934627 0) (0.049032538425 0.364589654582 0) (0.0492790038599 0.365488208335 0) (0.0495260759204 0.366386595475 0) (0.0497737544936 0.367284815594 0) (0.0500220394668 0.368182868281 0) (0.0502709307267 0.369080753128 0) (0.0505204281599 0.369978469725 0) (0.0507705316526 0.370876017662 0) (0.0510212410909 0.371773396531 0) (0.0512725563604 0.372670605923 0) (0.0515244773466 0.373567645428 0) (0.0517770039346 0.374464514638 0) (0.0520301360093 0.375361213143 0) (0.0522838734553 0.376257740536 0) (0.052538216157 0.377154096407 0))
    polyLine 33 37 ((-0.3062117682 1.02509194308 -0.03) (-0.304357110859 1.02880214023 -0.03) (-0.302491263235 1.03252203327 -0.03) (-0.300614153425 1.03625167413 -0.03) (-0.298725708957 1.03999111504 -0.03) (-0.29682585678 1.04374040854 -0.03) (-0.294914523265 1.0474996075 -0.03) (-0.292991634196 1.05126876508 -0.03) (-0.291057114766 1.0550479348 -0.03) (-0.289110889572 1.05883717046 -0.03) (-0.287152882608 1.06263652623 -0.03) (-0.285183017259 1.06644605657 -0.03) (-0.283201216297 1.07026581631 -0.03) (-0.281207401877 1.07409586058 -0.03) (-0.279201495527 1.07793624487 -0.03) (-0.277183418145 1.08178702501 -0.03) (-0.275153089991 1.08564825717 -0.03) (-0.273110430686 1.08951999787 -0.03) (-0.271055359199 1.09340230399 -0.03) (-0.268987793845 1.09729523275 -0.03) (-0.26690765228 1.10119884173 -0.03) (-0.264814851491 1.10511318888 -0.03) (-0.262709307793 1.10903833251 -0.03))
    polyLine 35 39 ((-0.3062117682 1.02509194308 0) (-0.304357110859 1.02880214023 0) (-0.302491263235 1.03252203327 0) (-0.300614153425 1.03625167413 0) (-0.298725708957 1.03999111504 0) (-0.29682585678 1.04374040854 0) (-0.294914523265 1.0474996075 0) (-0.292991634196 1.05126876508 0) (-0.291057114766 1.0550479348 0) (-0.289110889572 1.05883717046 0) (-0.287152882608 1.06263652623 0) (-0.285183017259 1.06644605657 0) (-0.283201216297 1.07026581631 0) (-0.281207401877 1.07409586058 0) (-0.279201495527 1.07793624487 0) (-0.277183418145 1.08178702501 0) (-0.275153089991 1.08564825717 0) (-0.273110430686 1.08951999787 0) (-0.271055359199 1.09340230399 0) (-0.268987793845 1.09729523275 0) (-0.26690765228 1.10119884173 0) (-0.264814851491 1.10511318888 0) (-0.262709307793 1.10903833251 0))
    polyLine 36 40 ((0.0527931639984 0.378050280347 -0.03) (0.0530487168633 0.378946291949 -0.03) (0.0533048746352 0.379842130803 -0.03) (0.0535616371973 0.380737796502 -0.03) (0.0538190044326 0.381633288637 -0.03) (0.0540769762237 0.382528606799 -0.03) (0.054335552453 0.383423750581 -0.03) (0.0545947330027 0.384318719575 -0.03) (0.0548545177547 0.385213513373 -0.03) (0.0551149065904 0.386108131566 -0.03) (0.0553758993912 0.387002573747 -0.03) (0.0556374960382 0.387896839508 -0.03) (0.055899696412 0.388790928441 -0.03) (0.0561625003931 0.38968484014 -0.03) (0.0564259078618 0.390578574195 -0.03) (0.0566899186979 0.391472130201 -0.03) (0.0569545327812 0.39236550775 -0.03) (0.0572197499909 0.393258706434 -0.03) (0.0574855702061 0.394151725846 -0.03) (0.0577519933058 0.395044565579 -0.03) (0.0580190191684 0.395937225226 -0.03) (0.0582866476723 0.39682970438 -0.03) (0.0585548786953 0.397722002635 -0.03) (0.0588237121153 0.398614119583 -0.03) (0.0590931478097 0.399506054819 -0.03) (0.0593631856556 0.400397807934 -0.03) (0.05963382553 0.401289378523 -0.03) (0.0599050673095 0.40218076618 -0.03) (0.0601769108704 0.403071970497 -0.03) (0.0604493560888 0.403962991069 -0.03) (0.0607224028406 0.40485382749 -0.03) (0.0609960510012 0.405744479353 -0.03) (0.0612703004459 0.406634946253 -0.03) (0.0615451510497 0.407525227783 -0.03) (0.0618206026872 0.408415323537 -0.03) (0.062096655233 0.409305233111 -0.03) (0.0623733085612 0.410194956098 -0.03) (0.0626505625456 0.411084492092 -0.03) (0.0629284170599 0.411973840688 -0.03) (0.0632068719774 0.412863001482 -0.03) (0.0634859271711 0.413751974066 -0.03) (0.063765582514 0.414640758037 -0.03) (0.0640458378784 0.415529352988 -0.03) (0.0643266931366 0.416417758516 -0.03) (0.0646081481606 0.417305974214 -0.03) (0.0648902028221 0.418193999678 -0.03))
    polyLine 38 42 ((0.0527931639984 0.378050280347 0) (0.0530487168633 0.378946291949 0) (0.0533048746352 0.379842130803 0) (0.0535616371973 0.380737796502 0) (0.0538190044326 0.381633288637 0) (0.0540769762237 0.382528606799 0) (0.054335552453 0.383423750581 0) (0.0545947330027 0.384318719575 0) (0.0548545177547 0.385213513373 0) (0.0551149065904 0.386108131566 0) (0.0553758993912 0.387002573747 0) (0.0556374960382 0.387896839508 0) (0.055899696412 0.388790928441 0) (0.0561625003931 0.38968484014 0) (0.0564259078618 0.390578574195 0) (0.0566899186979 0.391472130201 0) (0.0569545327812 0.39236550775 0) (0.0572197499909 0.393258706434 0) (0.0574855702061 0.394151725846 0) (0.0577519933058 0.395044565579 0) (0.0580190191684 0.395937225226 0) (0.0582866476723 0.39682970438 0) (0.0585548786953 0.397722002635 0) (0.0588237121153 0.398614119583 0) (0.0590931478097 0.399506054819 0) (0.0593631856556 0.400397807934 0) (0.05963382553 0.401289378523 0) (0.0599050673095 0.40218076618 0) (0.0601769108704 0.403071970497 0) (0.0604493560888 0.403962991069 0) (0.0607224028406 0.40485382749 0) (0.0609960510012 0.405744479353 0) (0.0612703004459 0.406634946253 0) (0.0615451510497 0.407525227783 0) (0.0618206026872 0.408415323537 0) (0.062096655233 0.409305233111 0) (0.0623733085612 0.410194956098 0) (0.0626505625456 0.411084492092 0) (0.0629284170599 0.411973840688 0) (0.0632068719774 0.412863001482 0) (0.0634859271711 0.413751974066 0) (0.063765582514 0.414640758037 0) (0.0640458378784 0.415529352988 0) (0.0643266931366 0.416417758516 0) (0.0646081481606 0.417305974214 0) (0.0648902028221 0.418193999678 0))
    polyLine 37 41 ((-0.258706996553 1.11646385928 -0.03) (-0.25681290074 1.11996196228 -0.03) (-0.254908589697 1.12346868158 -0.03) (-0.252994003312 1.12698405873 -0.03) (-0.251069081035 1.13050813549 -0.03) (-0.249133761882 1.13404095386 -0.03) (-0.247187984424 1.1375825561 -0.03) (-0.245231686788 1.14113298468 -0.03) (-0.243264806651 1.14469228234 -0.03) (-0.24128728124 1.14826049204 -0.03) (-0.23929904732 1.15183765699 -0.03) (-0.237300041201 1.15542382068 -0.03) (-0.235290198723 1.15901902682 -0.03) (-0.233269455261 1.16262331937 -0.03) (-0.231237745715 1.16623674257 -0.03) (-0.22919500451 1.16985934089 -0.03) (-0.227141165589 1.17349115908 -0.03) (-0.225076162409 1.17713224214 -0.03) (-0.222999927939 1.18078263534 -0.03) (-0.220912394656 1.18444238422 -0.03) (-0.218813494535 1.18811153457 -0.03) (-0.216703159052 1.19179013247 -0.03) (-0.214581319175 1.19547822426 -0.03))
    polyLine 39 43 ((-0.258706996553 1.11646385928 0) (-0.25681290074 1.11996196228 0) (-0.254908589697 1.12346868158 0) (-0.252994003312 1.12698405873 0) (-0.251069081035 1.13050813549 0) (-0.249133761882 1.13404095386 0) (-0.247187984424 1.1375825561 0) (-0.245231686788 1.14113298468 0) (-0.243264806651 1.14469228234 0) (-0.24128728124 1.14826049204 0) (-0.23929904732 1.15183765699 0) (-0.237300041201 1.15542382068 0) (-0.235290198723 1.15901902682 0) (-0.233269455261 1.16262331937 0) (-0.231237745715 1.16623674257 0) (-0.22919500451 1.16985934089 0) (-0.227141165589 1.17349115908 0) (-0.225076162409 1.17713224214 0) (-0.222999927939 1.18078263534 0) (-0.220912394656 1.18444238422 0) (-0.218813494535 1.18811153457 0) (-0.216703159052 1.19179013247 0) (-0.214581319175 1.19547822426 0))
    polyLine 40 44 ((0.0651728569925 0.419081834503 -0.03) (0.0654561105429 0.419969478285 -0.03) (0.0657399633443 0.420856930619 -0.03) (0.0660244152672 0.421744191099 -0.03) (0.0663094661819 0.422631259323 -0.03) (0.0665951159586 0.423518134885 -0.03) (0.0668813644669 0.424404817381 -0.03) (0.0671682115765 0.425291306406 -0.03) (0.0674556571565 0.426177601558 -0.03) (0.067743701076 0.427063702431 -0.03) (0.0680323432035 0.427949608622 -0.03) (0.0683215834075 0.428835319727 -0.03) (0.0686114215562 0.429720835342 -0.03) (0.0689018575175 0.430606155064 -0.03) (0.0691928911589 0.431491278488 -0.03) (0.0694845223478 0.432376205212 -0.03) (0.0697767509511 0.433260934832 -0.03) (0.0700695768358 0.434145466945 -0.03) (0.0703629998684 0.435029801147 -0.03) (0.0706570199149 0.435913937036 -0.03) (0.0709516368416 0.436797874208 -0.03) (0.0712468505139 0.43768161226 -0.03) (0.0715426607974 0.438565150789 -0.03) (0.0718390675572 0.439448489394 -0.03) (0.0721360706581 0.44033162767 -0.03) (0.0724336699649 0.441214565216 -0.03) (0.0727318653417 0.442097301628 -0.03) (0.0730306566528 0.442979836506 -0.03) (0.0733300437618 0.443862169445 -0.03) (0.0736300265323 0.444744300045 -0.03) (0.0739306048276 0.445626227902 -0.03) (0.0742317785106 0.446507952615 -0.03) (0.0745335474441 0.447389473782 -0.03) (0.0748359114904 0.448270791001 -0.03) (0.0751388705117 0.44915190387 -0.03) (0.0754424243699 0.450032811988 -0.03) (0.0757465729267 0.450913514953 -0.03) (0.0760513160434 0.451794012364 -0.03) (0.0763566535811 0.452674303819 -0.03) (0.0766625854005 0.453554388916 -0.03) (0.0769691113623 0.454434267255 -0.03) (0.0772762313266 0.455313938435 -0.03) (0.0775839451535 0.456193402055 -0.03) (0.0778922527028 0.457072657713 -0.03) (0.0782011538338 0.457951705009 -0.03) (0.0785106484057 0.458830543542 -0.03))
    polyLine 42 46 ((0.0651728569925 0.419081834503 0) (0.0654561105429 0.419969478285 0) (0.0657399633443 0.420856930619 0) (0.0660244152672 0.421744191099 0) (0.0663094661819 0.422631259323 0) (0.0665951159586 0.423518134885 0) (0.0668813644669 0.424404817381 0) (0.0671682115765 0.425291306406 0) (0.0674556571565 0.426177601558 0) (0.067743701076 0.427063702431 0) (0.0680323432035 0.427949608622 0) (0.0683215834075 0.428835319727 0) (0.0686114215562 0.429720835342 0) (0.0689018575175 0.430606155064 0) (0.0691928911589 0.431491278488 0) (0.0694845223478 0.432376205212 0) (0.0697767509511 0.433260934832 0) (0.0700695768358 0.434145466945 0) (0.0703629998684 0.435029801147 0) (0.0706570199149 0.435913937036 0) (0.0709516368416 0.436797874208 0) (0.0712468505139 0.43768161226 0) (0.0715426607974 0.438565150789 0) (0.0718390675572 0.439448489394 0) (0.0721360706581 0.44033162767 0) (0.0724336699649 0.441214565216 0) (0.0727318653417 0.442097301628 0) (0.0730306566528 0.442979836506 0) (0.0733300437618 0.443862169445 0) (0.0736300265323 0.444744300045 0) (0.0739306048276 0.445626227902 0) (0.0742317785106 0.446507952615 0) (0.0745335474441 0.447389473782 0) (0.0748359114904 0.448270791001 0) (0.0751388705117 0.44915190387 0) (0.0754424243699 0.450032811988 0) (0.0757465729267 0.450913514953 0) (0.0760513160434 0.451794012364 0) (0.0763566535811 0.452674303819 0) (0.0766625854005 0.453554388916 0) (0.0769691113623 0.454434267255 0) (0.0772762313266 0.455313938435 0) (0.0775839451535 0.456193402055 0) (0.0778922527028 0.457072657713 0) (0.0782011538338 0.457951705009 0) (0.0785106484057 0.458830543542 0))
    polyLine 41 45 ((-0.210530752088 1.2024896992 -0.03) (-0.208604241864 1.20581123834 -0.03) (-0.206668323944 1.20914050786 -0.03) (-0.204722947244 1.21247754182 -0.03) (-0.20276806034 1.21582237448 -0.03) (-0.200803611466 1.21917504026 -0.03) (-0.198829548511 1.22253557379 -0.03) (-0.196845819012 1.22590400985 -0.03) (-0.19485237016 1.22928038344 -0.03) (-0.192849148788 1.23266472975 -0.03) (-0.190836101375 1.23605708415 -0.03) (-0.188813174039 1.23945748221 -0.03) (-0.186780312537 1.24286595968 -0.03) (-0.184737462259 1.24628255252 -0.03) (-0.182684568228 1.2497072969 -0.03) (-0.180621575096 1.25314022917 -0.03) (-0.178548427139 1.25658138588 -0.03) (-0.176465068258 1.26003080379 -0.03) (-0.174371441973 1.26348851987 -0.03) (-0.17226749142 1.26695457128 -0.03) (-0.170153159348 1.27042899541 -0.03) (-0.16802838812 1.27391182982 -0.03) (-0.165893119701 1.27740311234 -0.03))
    polyLine 43 47 ((-0.210530752088 1.2024896992 0) (-0.208604241864 1.20581123834 0) (-0.206668323944 1.20914050786 0) (-0.204722947244 1.21247754182 0) (-0.20276806034 1.21582237448 0) (-0.200803611466 1.21917504026 0) (-0.198829548511 1.22253557379 0) (-0.196845819012 1.22590400985 0) (-0.19485237016 1.22928038344 0) (-0.192849148788 1.23266472975 0) (-0.190836101375 1.23605708415 0) (-0.188813174039 1.23945748221 0) (-0.186780312537 1.24286595968 0) (-0.184737462259 1.24628255252 0) (-0.182684568228 1.2497072969 0) (-0.180621575096 1.25314022917 0) (-0.178548427139 1.25658138588 0) (-0.176465068258 1.26003080379 0) (-0.174371441973 1.26348851987 0) (-0.17226749142 1.26695457128 0) (-0.170153159348 1.27042899541 0) (-0.16802838812 1.27391182982 0) (-0.165893119701 1.27740311234 0))
    polyLine 44 48 ((0.0788207362775 0.459709172911 -0.03) (0.0791314173078 0.460587592716 -0.03) (0.0794426913549 0.461465802557 -0.03) (0.0797545582771 0.462343802033 -0.03) (0.080067017932 0.463221590744 -0.03) (0.0803800701773 0.46409916829 -0.03) (0.0806937148703 0.464976534271 -0.03) (0.0810079518679 0.465853688286 -0.03) (0.081322781027 0.466730629936 -0.03) (0.0816382022039 0.467607358821 -0.03) (0.081954215255 0.468483874542 -0.03) (0.0822708200362 0.469360176699 -0.03) (0.0825880164031 0.470236264892 -0.03) (0.0829058042111 0.471112138722 -0.03) (0.0832241833154 0.471987797789 -0.03) (0.0835430122676 0.472863773136 -0.03) (0.0838618412197 0.473739748483 -0.03) (0.0841806701718 0.474615723829 -0.03) (0.0844994991239 0.475491699176 -0.03) (0.084818328076 0.476367674522 -0.03) (0.0851371570281 0.477243649869 -0.03) (0.0854559859802 0.478119625216 -0.03) (0.0857748149324 0.478995600562 -0.03) (0.0860936438845 0.479871575909 -0.03) (0.0864124728366 0.480747551255 -0.03) (0.0867313017887 0.481623526602 -0.03) (0.0870501307408 0.482499501949 -0.03) (0.0873689596929 0.483375477295 -0.03) (0.087687788645 0.484251452642 -0.03) (0.0880066175972 0.485127427988 -0.03) (0.0883254465493 0.486003403335 -0.03) (0.0886442755014 0.486879378682 -0.03) (0.0889631044535 0.487755354028 -0.03) (0.0892819334056 0.488631329375 -0.03) (0.0896007623577 0.489507304721 -0.03) (0.0899195913098 0.490383280068 -0.03) (0.0902384202619 0.491259255415 -0.03) (0.0905572492141 0.492135230761 -0.03) (0.0908760781662 0.493011206108 -0.03) (0.0911949071183 0.493887181454 -0.03) (0.0915137360704 0.494763156801 -0.03) (0.0918325650225 0.495639132148 -0.03) (0.0921513939746 0.496515107494 -0.03) (0.0924702229267 0.497391082841 -0.03) (0.0927890518789 0.498267058187 -0.03))
    polyLine 46 50 ((0.0788207362775 0.459709172911 0) (0.0791314173078 0.460587592716 0) (0.0794426913549 0.461465802557 0) (0.0797545582771 0.462343802033 0) (0.080067017932 0.463221590744 0) (0.0803800701773 0.46409916829 0) (0.0806937148703 0.464976534271 0) (0.0810079518679 0.465853688286 0) (0.081322781027 0.466730629936 0) (0.0816382022039 0.467607358821 0) (0.081954215255 0.468483874542 0) (0.0822708200362 0.469360176699 0) (0.0825880164031 0.470236264892 0) (0.0829058042111 0.471112138722 0) (0.0832241833154 0.471987797789 0) (0.0835430122676 0.472863773136 0) (0.0838618412197 0.473739748483 0) (0.0841806701718 0.474615723829 0) (0.0844994991239 0.475491699176 0) (0.084818328076 0.476367674522 0) (0.0851371570281 0.477243649869 0) (0.0854559859802 0.478119625216 0) (0.0857748149324 0.478995600562 0) (0.0860936438845 0.479871575909 0) (0.0864124728366 0.480747551255 0) (0.0867313017887 0.481623526602 0) (0.0870501307408 0.482499501949 0) (0.0873689596929 0.483375477295 0) (0.087687788645 0.484251452642 0) (0.0880066175972 0.485127427988 0) (0.0883254465493 0.486003403335 0) (0.0886442755014 0.486879378682 0) (0.0889631044535 0.487755354028 0) (0.0892819334056 0.488631329375 0) (0.0896007623577 0.489507304721 0) (0.0899195913098 0.490383280068 0) (0.0902384202619 0.491259255415 0) (0.0905572492141 0.492135230761 0) (0.0908760781662 0.493011206108 0) (0.0911949071183 0.493887181454 0) (0.0915137360704 0.494763156801 0) (0.0918325650225 0.495639132148 0) (0.0921513939746 0.496515107494 0) (0.0924702229267 0.497391082841 0) (0.0927890518789 0.498267058187 0))
    polyLine 45 49 ((-0.161818598116 1.28404107783 -0.03) (-0.159881362903 1.28718612466 -0.03) (-0.157935547371 1.29033804911 -0.03) (-0.155981108604 1.29349687896 -0.03) (-0.154018003423 1.29666264215 -0.03) (-0.152046188384 1.29983536677 -0.03) (-0.150065619775 1.30301508102 -0.03) (-0.148076253614 1.30620181327 -0.03) (-0.146078045648 1.30939559204 -0.03) (-0.144070951351 1.31259644598 -0.03) (-0.142054925922 1.3158044039 -0.03) (-0.140029924281 1.31901949475 -0.03) (-0.137995901069 1.32224174763 -0.03) (-0.135952810646 1.3254711918 -0.03) (-0.133900607087 1.32870785667 -0.03) (-0.131839244182 1.33195177178 -0.03) (-0.129768675433 1.33520296686 -0.03) (-0.127688854051 1.33846147177 -0.03) (-0.125599732956 1.34172731654 -0.03) (-0.12350126477 1.34500053135 -0.03) (-0.121393401823 1.34828114654 -0.03) (-0.119276096143 1.35156919261 -0.03) (-0.117149299456 1.35486470022 -0.03))
    polyLine 47 51 ((-0.161818598116 1.28404107783 0) (-0.159881362903 1.28718612466 0) (-0.157935547371 1.29033804911 0) (-0.155981108604 1.29349687896 0) (-0.154018003423 1.29666264215 0) (-0.152046188384 1.29983536677 0) (-0.150065619775 1.30301508102 0) (-0.148076253614 1.30620181327 0) (-0.146078045648 1.30939559204 0) (-0.144070951351 1.31259644598 0) (-0.142054925922 1.3158044039 0) (-0.140029924281 1.31901949475 0) (-0.137995901069 1.32224174763 0) (-0.135952810646 1.3254711918 0) (-0.133900607087 1.32870785667 0) (-0.131839244182 1.33195177178 0) (-0.129768675433 1.33520296686 0) (-0.127688854051 1.33846147177 0) (-0.125599732956 1.34172731654 0) (-0.12350126477 1.34500053135 0) (-0.121393401823 1.34828114654 0) (-0.119276096143 1.35156919261 0) (-0.117149299456 1.35486470022 0))
    polyLine 48 52 ((0.093107880831 0.499143033534 -0.03) (0.0934267097831 0.500019008881 -0.03) (0.0937455387352 0.500894984227 -0.03) (0.0940643676873 0.501770959574 -0.03) (0.0943831966394 0.50264693492 -0.03) (0.0947020255915 0.503522910267 -0.03) (0.0950208545437 0.504398885614 -0.03) (0.0953396834958 0.50527486096 -0.03) (0.0956585124479 0.506150836307 -0.03) (0.0959773414 0.507026811653 -0.03) (0.0962961703521 0.507902787 -0.03) (0.0966149993042 0.508778762347 -0.03) (0.0969338282563 0.509654737693 -0.03) (0.0972526572085 0.51053071304 -0.03) (0.0975714861606 0.511406688386 -0.03) (0.0978903151127 0.512282663733 -0.03) (0.0982091440648 0.51315863908 -0.03) (0.0985279730169 0.514034614426 -0.03) (0.098846801969 0.514910589773 -0.03) (0.0991656309211 0.515786565119 -0.03) (0.0994844598732 0.516662540466 -0.03) (0.0998032888254 0.517538515813 -0.03) (0.100122117777 0.518414491159 -0.03) (0.10044094673 0.519290466506 -0.03) (0.100759775682 0.520166441852 -0.03) (0.101078604634 0.521042417199 -0.03) (0.101399331887 0.521913119085 -0.03) (0.101726782161 0.522781314951 -0.03) (0.102060935879 0.523646952887 -0.03) (0.102401773062 0.524509981136 -0.03) (0.10274927333 0.525370348098 -0.03) (0.103103415905 0.526228002329 -0.03) (0.103464179614 0.52708289255 -0.03) (0.103831542887 0.527934967647 -0.03) (0.104205483757 0.528784176673 -0.03) (0.104585979867 0.529630468853 -0.03) (0.104973008467 0.530473793587 -0.03) (0.105366546416 0.531314100451 -0.03) (0.105766570184 0.532151339204 -0.03) (0.106173055854 0.532985459786 -0.03) (0.10658597912 0.533816412324 -0.03) (0.107005315295 0.534644147134 -0.03) (0.107431039306 0.535468614727 -0.03) (0.107863125697 0.536289765806 -0.03) (0.108301548636 0.537107551273 -0.03) (0.108746281907 0.537921922234 -0.03))
    polyLine 50 54 ((0.093107880831 0.499143033534 0) (0.0934267097831 0.500019008881 0) (0.0937455387352 0.500894984227 0) (0.0940643676873 0.501770959574 0) (0.0943831966394 0.50264693492 0) (0.0947020255915 0.503522910267 0) (0.0950208545437 0.504398885614 0) (0.0953396834958 0.50527486096 0) (0.0956585124479 0.506150836307 0) (0.0959773414 0.507026811653 0) (0.0962961703521 0.507902787 0) (0.0966149993042 0.508778762347 0) (0.0969338282563 0.509654737693 0) (0.0972526572085 0.51053071304 0) (0.0975714861606 0.511406688386 0) (0.0978903151127 0.512282663733 0) (0.0982091440648 0.51315863908 0) (0.0985279730169 0.514034614426 0) (0.098846801969 0.514910589773 0) (0.0991656309211 0.515786565119 0) (0.0994844598732 0.516662540466 0) (0.0998032888254 0.517538515813 0) (0.100122117777 0.518414491159 0) (0.10044094673 0.519290466506 0) (0.100759775682 0.520166441852 0) (0.101078604634 0.521042417199 0) (0.101399331887 0.521913119085 0) (0.101726782161 0.522781314951 0) (0.102060935879 0.523646952887 0) (0.102401773062 0.524509981136 0) (0.10274927333 0.525370348098 0) (0.103103415905 0.526228002329 0) (0.103464179614 0.52708289255 0) (0.103831542887 0.527934967647 0) (0.104205483757 0.528784176673 0) (0.104585979867 0.529630468853 0) (0.104973008467 0.530473793587 0) (0.105366546416 0.531314100451 0) (0.105766570184 0.532151339204 0) (0.106173055854 0.532985459786 0) (0.10658597912 0.533816412324 0) (0.107005315295 0.534644147134 0) (0.107431039306 0.535468614727 0) (0.107863125697 0.536289765806 0) (0.108301548636 0.537107551273 0) (0.108746281907 0.537921922234 0))
    polyLine 49 53 ((-0.113040348964 1.36121112736 -0.03) (-0.11105959137 1.36426093824 -0.03) (-0.10907065196 1.36731715715 -0.03) (-0.107073492071 1.37037980856 -0.03) (-0.105068072811 1.37344891701 -0.03) (-0.103054355065 1.3765245072 -0.03) (-0.101032299486 1.37960660393 -0.03) (-0.0990018665013 1.38269523213 -0.03) (-0.0969630163035 1.38579041686 -0.03) (-0.094915708854 1.38889218328 -0.03) (-0.092859903879 1.39200055671 -0.03) (-0.0907955608685 1.39511556258 -0.03) (-0.0887226390743 1.39823722643 -0.03) (-0.0866410975087 1.40136557395 -0.03) (-0.0845508949425 1.40450063096 -0.03) (-0.0824519899032 1.4076424234 -0.03) (-0.0803443406736 1.41079097733 -0.03) (-0.0782279052897 1.41394631897 -0.03) (-0.0761026415393 1.41710847465 -0.03) (-0.0739685069598 1.42027747084 -0.03) (-0.0718254588365 1.42345333414 -0.03) (-0.0696734542012 1.4266360913 -0.03) (-0.0675124498298 1.42982576919 -0.03))
    polyLine 51 55 ((-0.113040348964 1.36121112736 0) (-0.11105959137 1.36426093824 0) (-0.10907065196 1.36731715715 0) (-0.107073492071 1.37037980856 0) (-0.105068072811 1.37344891701 0) (-0.103054355065 1.3765245072 0) (-0.101032299486 1.37960660393 0) (-0.0990018665013 1.38269523213 0) (-0.0969630163035 1.38579041686 0) (-0.094915708854 1.38889218328 0) (-0.092859903879 1.39200055671 0) (-0.0907955608685 1.39511556258 0) (-0.0887226390743 1.39823722643 0) (-0.0866410975087 1.40136557395 0) (-0.0845508949425 1.40450063096 0) (-0.0824519899032 1.4076424234 0) (-0.0803443406736 1.41079097733 0) (-0.0782279052897 1.41394631897 0) (-0.0761026415393 1.41710847465 0) (-0.0739685069598 1.42027747084 0) (-0.0718254588365 1.42345333414 0) (-0.0696734542012 1.4266360913 0) (-0.0675124498298 1.42982576919 0))
    polyLine 52 56 ((0.10919729892 0.538732829996 -0.03) (0.109654572708 0.539540226074 -0.03) (0.110118075931 0.540344062193 -0.03) (0.110587780875 0.541144290292 -0.03) (0.111063659456 0.541940862523 -0.03) (0.111545683222 0.54273373126 -0.03) (0.11203382335 0.543522849096 -0.03) (0.112528050656 0.544308168849 -0.03) (0.113028335589 0.545089643564 -0.03) (0.113534648236 0.545867226516 -0.03) (0.114046958324 0.546640871213 -0.03) (0.114565235223 0.547410531398 -0.03) (0.115089447944 0.548176161053 -0.03) (0.115619565143 0.548937714399 -0.03) (0.116155555125 0.549695145903 -0.03) (0.116697385843 0.550448410277 -0.03) (0.1172450249 0.551197462484 -0.03) (0.117798439551 0.551942257736 -0.03) (0.118357596709 0.552682751501 -0.03) (0.11892246294 0.553418899506 -0.03) (0.119493004471 0.554150657735 -0.03) (0.120069187189 0.554877982436 -0.03) (0.120650976642 0.555600830121 -0.03) (0.121238338047 0.556319157571 -0.03) (0.121831236283 0.557032921836 -0.03) (0.1224296359 0.557742080239 -0.03) (0.123033501121 0.558446590381 -0.03) (0.123642795839 0.559146410137 -0.03) (0.124257483624 0.559841497664 -0.03) (0.124877527724 0.560531811403 -0.03) (0.125502891066 0.56121731008 -0.03) (0.126133536258 0.561897952707 -0.03) (0.126769425593 0.562573698589 -0.03) (0.127410521053 0.563244507322 -0.03) (0.128056784304 0.563910338798 -0.03) (0.128708176706 0.564571153206 -0.03) (0.129364659312 0.565226911037 -0.03) (0.130026192871 0.56587757308 -0.03) (0.130692737828 0.566523100434 -0.03) (0.13136425433 0.567163454501 -0.03) (0.132040702228 0.567798596994 -0.03) (0.132722041075 0.568428489937 -0.03) (0.133408230133 0.569053095668 -0.03) (0.134099228376 0.569672376843 -0.03) (0.134794994487 0.570286296433 -0.03) (0.135495486866 0.570894817731 -0.03))
    polyLine 54 58 ((0.10919729892 0.538732829996 0) (0.109654572708 0.539540226074 0) (0.110118075931 0.540344062193 0) (0.110587780875 0.541144290292 0) (0.111063659456 0.541940862523 0) (0.111545683222 0.54273373126 0) (0.11203382335 0.543522849096 0) (0.112528050656 0.544308168849 0) (0.113028335589 0.545089643564 0) (0.113534648236 0.545867226516 0) (0.114046958324 0.546640871213 0) (0.114565235223 0.547410531398 0) (0.115089447944 0.548176161053 0) (0.115619565143 0.548937714399 0) (0.116155555125 0.549695145903 0) (0.116697385843 0.550448410277 0) (0.1172450249 0.551197462484 0) (0.117798439551 0.551942257736 0) (0.118357596709 0.552682751501 0) (0.11892246294 0.553418899506 0) (0.119493004471 0.554150657735 0) (0.120069187189 0.554877982436 0) (0.120650976642 0.555600830121 0) (0.121238338047 0.556319157571 0) (0.121831236283 0.557032921836 0) (0.1224296359 0.557742080239 0) (0.123033501121 0.558446590381 0) (0.123642795839 0.559146410137 0) (0.124257483624 0.559841497664 0) (0.124877527724 0.560531811403 0) (0.125502891066 0.56121731008 0) (0.126133536258 0.561897952707 0) (0.126769425593 0.562573698589 0) (0.127410521053 0.563244507322 0) (0.128056784304 0.563910338798 0) (0.128708176706 0.564571153206 0) (0.129364659312 0.565226911037 0) (0.130026192871 0.56587757308 0) (0.130692737828 0.566523100434 0) (0.13136425433 0.567163454501 0) (0.132040702228 0.567798596994 0) (0.132722041075 0.568428489937 0) (0.133408230133 0.569053095668 0) (0.134099228376 0.569672376843 0) (0.134794994487 0.570286296433 0) (0.135495486866 0.570894817731 0))
    polyLine 53 57 ((-0.0626153741975 1.43703046176 -0.03) (-0.0598740440815 1.44104949385 -0.03) (-0.0571183250821 1.44507954489 -0.03) (-0.0543481297373 1.44912066899 -0.03) (-0.0515633699281 1.45317292062 -0.03) (-0.0487639568725 1.45723635462 -0.03) (-0.045949801119 1.46131102617 -0.03) (-0.0431208125413 1.4653969908 -0.03) (-0.0402769003309 1.46949430443 -0.03) (-0.0374179729919 1.47360302333 -0.03) (-0.0345439383341 1.47772320413 -0.03) (-0.0316547034666 1.48185490384 -0.03) (-0.0287501747914 1.48599817986 -0.03) (-0.0258302579966 1.49015308995 -0.03) (-0.0228948580503 1.49431969225 -0.03) (-0.0199438791931 1.49849804532 -0.03) (-0.016977224932 1.50268820806 -0.03) (-0.0139947980331 1.50689023981 -0.03) (-0.0109965005149 1.51110420027 -0.03) (-0.00798223364086 1.51533014956 -0.03) (-0.00495189791281 1.51956814821 -0.03) (-0.00190539306342 1.52381825713 -0.03) (0.001157381951 1.52808053767 -0.03))
    polyLine 55 59 ((-0.0626153741975 1.43703046176 0) (-0.0598740440815 1.44104949385 0) (-0.0571183250821 1.44507954489 0) (-0.0543481297373 1.44912066899 0) (-0.0515633699281 1.45317292062 0) (-0.0487639568725 1.45723635462 0) (-0.045949801119 1.46131102617 0) (-0.0431208125413 1.4653969908 0) (-0.0402769003309 1.46949430443 0) (-0.0374179729919 1.47360302333 0) (-0.0345439383341 1.47772320413 0) (-0.0316547034666 1.48185490384 0) (-0.0287501747914 1.48599817986 0) (-0.0258302579966 1.49015308995 0) (-0.0228948580503 1.49431969225 0) (-0.0199438791931 1.49849804532 0) (-0.016977224932 1.50268820806 0) (-0.0139947980331 1.50689023981 0) (-0.0109965005149 1.51110420027 0) (-0.00798223364086 1.51533014956 0) (-0.00495189791281 1.51956814821 0) (-0.00190539306342 1.52381825713 0) (0.001157381951 1.52808053767 0))
    polyLine 56 60 ((0.136200663631 0.571497904354 -0.03) (0.136910482617 0.572095520243 -0.03) (0.137624901385 0.572687629666 -0.03) (0.138343877218 0.57327419722 -0.03) (0.139067367129 0.573855187833 -0.03) (0.13979532786 0.574430566768 -0.03) (0.140527715885 0.575000299623 -0.03) (0.141264487413 0.575564352332 -0.03) (0.142005598394 0.57612269117 -0.03) (0.142751004515 0.576675282755 -0.03) (0.143500661207 0.577222094045 -0.03) (0.144254523649 0.577763092348 -0.03) (0.145012546766 0.578298245315 -0.03) (0.145774685235 0.57882752095 -0.03) (0.146540893488 0.579350887606 -0.03) (0.147311125712 0.579868313993 -0.03) (0.148085335855 0.580379769171 -0.03) (0.148863477625 0.580885222561 -0.03) (0.149645504497 0.581384643941 -0.03) (0.150431369714 0.581878003451 -0.03) (0.151221026287 0.582365271592 -0.03) (0.152014427002 0.58284641923 -0.03) (0.152811524421 0.583321417596 -0.03) (0.153612270886 0.583790238291 -0.03) (0.154416618518 0.584252853282 -0.03) (0.155224519226 0.584709234911 -0.03) (0.156035924704 0.585159355889 -0.03) (0.156850786437 0.585603189303 -0.03) (0.157669055705 0.586040708617 -0.03) (0.158490683582 0.58647188767 -0.03) (0.159315620942 0.586896700682 -0.03) (0.160143818463 0.587315122253 -0.03) (0.160975226625 0.587727127365 -0.03) (0.161809795717 0.588132691385 -0.03) (0.162647475841 0.588531790063 -0.03) (0.16348821691 0.588924399536 -0.03) (0.164331968656 0.589310496331 -0.03) (0.165178680631 0.589690057362 -0.03) (0.166028302208 0.590063059936 -0.03) (0.166880782588 0.590429481749 -0.03) (0.167736070801 0.590789300893 -0.03) (0.168594115709 0.591142495855 -0.03) (0.169454866007 0.591489045516 -0.03) (0.170318270232 0.591828929156 -0.03) (0.171184276759 0.592162126453 -0.03) (0.17205283381 0.592488617486 -0.03))
    polyLine 58 62 ((0.136200663631 0.571497904354 0) (0.136910482617 0.572095520243 0) (0.137624901385 0.572687629666 0) (0.138343877218 0.57327419722 0) (0.139067367129 0.573855187833 0) (0.13979532786 0.574430566768 0) (0.140527715885 0.575000299623 0) (0.141264487413 0.575564352332 0) (0.142005598394 0.57612269117 0) (0.142751004515 0.576675282755 0) (0.143500661207 0.577222094045 0) (0.144254523649 0.577763092348 0) (0.145012546766 0.578298245315 0) (0.145774685235 0.57882752095 0) (0.146540893488 0.579350887606 0) (0.147311125712 0.579868313993 0) (0.148085335855 0.580379769171 0) (0.148863477625 0.580885222561 0) (0.149645504497 0.581384643941 0) (0.150431369714 0.581878003451 0) (0.151221026287 0.582365271592 0) (0.152014427002 0.58284641923 0) (0.152811524421 0.583321417596 0) (0.153612270886 0.583790238291 0) (0.154416618518 0.584252853282 0) (0.155224519226 0.584709234911 0) (0.156035924704 0.585159355889 0) (0.156850786437 0.585603189303 0) (0.157669055705 0.586040708617 0) (0.158490683582 0.58647188767 0) (0.159315620942 0.586896700682 0) (0.160143818463 0.587315122253 0) (0.160975226625 0.587727127365 0) (0.161809795717 0.588132691385 0) (0.162647475841 0.588531790063 0) (0.16348821691 0.588924399536 0) (0.164331968656 0.589310496331 0) (0.165178680631 0.589690057362 0) (0.166028302208 0.590063059936 0) (0.166880782588 0.590429481749 0) (0.167736070801 0.590789300893 0) (0.168594115709 0.591142495855 0) (0.169454866007 0.591489045516 0) (0.170318270232 0.591828929156 0) (0.171184276759 0.592162126453 0) (0.17205283381 0.592488617486 0))
    polyLine 57 61 ((0.00784370611588 1.53734924726 -0.03) (0.0114733965354 1.54236022224 -0.03) (0.0151257652175 1.5473880763 -0.03) (0.0188009786663 1.55243290998 -0.03) (0.0224992049053 1.55749482464 -0.03) (0.0262206134948 1.56257392245 -0.03) (0.029965375549 1.56767030639 -0.03) (0.0337336637535 1.57278408029 -0.03) (0.037525652383 1.57791534882 -0.03) (0.041341517319 1.58306421748 -0.03) (0.0451814360685 1.58823079265 -0.03) (0.0490455877823 1.59341518157 -0.03) (0.0529341532734 1.59861749236 -0.03) (0.0568473150362 1.60383783403 -0.03) (0.0607852572658 1.60907631649 -0.03) (0.0647481658773 1.61433305054 -0.03) (0.0687362285258 1.61960814793 -0.03) (0.0727496346259 1.62490172131 -0.03) (0.0767885753728 1.63021388429 -0.03) (0.0808532437624 1.63554475141 -0.03) (0.0849438346119 1.64089443819 -0.03) (0.0890605445818 1.64626306111 -0.03) (0.0932035721967 1.65165073764 -0.03))
    polyLine 59 63 ((0.00784370611588 1.53734924726 0) (0.0114733965354 1.54236022224 0) (0.0151257652175 1.5473880763 0) (0.0188009786663 1.55243290998 0) (0.0224992049053 1.55749482464 0) (0.0262206134948 1.56257392245 0) (0.029965375549 1.56767030639 0) (0.0337336637535 1.57278408029 0) (0.037525652383 1.57791534882 0) (0.041341517319 1.58306421748 0) (0.0451814360685 1.58823079265 0) (0.0490455877823 1.59341518157 0) (0.0529341532734 1.59861749236 0) (0.0568473150362 1.60383783403 0) (0.0607852572658 1.60907631649 0) (0.0647481658773 1.61433305054 0) (0.0687362285258 1.61960814793 0) (0.0727496346259 1.62490172131 0) (0.0767885753728 1.63021388429 0) (0.0808532437624 1.63554475141 0) (0.0849438346119 1.64089443819 0) (0.0890605445818 1.64626306111 0) (0.0932035721967 1.65165073764 0))
    polyLine 60 64 ((0.172923889452 0.592808382732 -0.03) (0.173797391604 0.593121403073 -0.03) (0.17467328804 0.593427659793 -0.03) (0.175551526388 0.593727134581 -0.03) (0.176432054138 0.59401980953 -0.03) (0.177314818642 0.594305667142 -0.03) (0.178199767119 0.594584690325 -0.03) (0.179086846658 0.594856862396 -0.03) (0.179976004218 0.595122167082 -0.03) (0.180867186638 0.595380588519 -0.03) (0.181760340632 0.595632111257 -0.03) (0.182655412797 0.595876720257 -0.03) (0.183552349617 0.596114400893 -0.03) (0.184451097464 0.596345138954 -0.03) (0.185351602599 0.596568920644 -0.03) (0.186253811182 0.596785732584 -0.03) (0.187157669269 0.596995561809 -0.03) (0.188063122816 0.597198395775 -0.03) (0.188970117687 0.597394222353 -0.03) (0.189878599651 0.597583029834 -0.03) (0.19078851439 0.59776480693 -0.03) (0.191699807498 0.597939542772 -0.03) (0.19261242449 0.598107226913 -0.03) (0.193526310798 0.598267849327 -0.03) (0.194441411781 0.598421400409 -0.03) (0.195357672724 0.598567870979 -0.03) (0.196275038844 0.59870725228 -0.03) (0.197193455289 0.598839535977 -0.03) (0.198112867148 0.598964714161 -0.03) (0.199033219448 0.599082779348 -0.03) (0.19995445716 0.599193724478 -0.03) (0.200876525203 0.599297542919 -0.03) (0.201799368445 0.599394228462 -0.03) (0.20272293171 0.599483775327 -0.03) (0.203647159775 0.599566178159 -0.03) (0.204571997382 0.599641432032 -0.03) (0.205497389233 0.599709532447 -0.03) (0.206423279998 0.59977047533 -0.03) (0.207349614318 0.59982425704 -0.03) (0.208276336806 0.599870874359 -0.03) (0.209203392053 0.599910324501 -0.03) (0.210130724629 0.599942605107 -0.03) (0.211058279088 0.599967714247 -0.03) (0.211985999972 0.599985650419 -0.03) (0.21291383181 0.599996412551 -0.03))
    polyLine 62 66 ((0.172923889452 0.592808382732 0) (0.173797391604 0.593121403073 0) (0.17467328804 0.593427659793 0) (0.175551526388 0.593727134581 0) (0.176432054138 0.59401980953 0) (0.177314818642 0.594305667142 0) (0.178199767119 0.594584690325 0) (0.179086846658 0.594856862396 0) (0.179976004218 0.595122167082 0) (0.180867186638 0.595380588519 0) (0.181760340632 0.595632111257 0) (0.182655412797 0.595876720257 0) (0.183552349617 0.596114400893 0) (0.184451097464 0.596345138954 0) (0.185351602599 0.596568920644 0) (0.186253811182 0.596785732584 0) (0.187157669269 0.596995561809 0) (0.188063122816 0.597198395775 0) (0.188970117687 0.597394222353 0) (0.189878599651 0.597583029834 0) (0.19078851439 0.59776480693 0) (0.191699807498 0.597939542772 0) (0.19261242449 0.598107226913 0) (0.193526310798 0.598267849327 0) (0.194441411781 0.598421400409 0) (0.195357672724 0.598567870979 0) (0.196275038844 0.59870725228 0) (0.197193455289 0.598839535977 0) (0.198112867148 0.598964714161 0) (0.199033219448 0.599082779348 0) (0.19995445716 0.599193724478 0) (0.200876525203 0.599297542919 0) (0.201799368445 0.599394228462 0) (0.20272293171 0.599483775327 0) (0.203647159775 0.599566178159 0) (0.204571997382 0.599641432032 0) (0.205497389233 0.599709532447 0) (0.206423279998 0.59977047533 0) (0.207349614318 0.59982425704 0) (0.208276336806 0.599870874359 0) (0.209203392053 0.599910324501 0) (0.210130724629 0.599942605107 0) (0.211058279088 0.599967714247 0) (0.211985999972 0.599985650419 0) (0.21291383181 0.599996412551 0))
    polyLine 61 65 ((0.101851022503 1.66284736174 -0.03) (0.106359589752 1.66865924219 -0.03) (0.110899070263 1.67449337529 -0.03) (0.11546971725 1.68034991005 -0.03) (0.120071786523 1.68622899689 -0.03) (0.124705536524 1.69213078758 -0.03) (0.129371228354 1.69805543531 -0.03) (0.134069125816 1.70400309468 -0.03) (0.13879949544 1.70997392172 -0.03) (0.143562606523 1.71596807393 -0.03) (0.148358731166 1.72198571026 -0.03) (0.153188144304 1.72802699117 -0.03) (0.158051123749 1.7340920786 -0.03) (0.162947950223 1.74018113605 -0.03) (0.167878907397 1.74629432855 -0.03) (0.172844281928 1.75243182269 -0.03) (0.177844363501 1.75859378665 -0.03) (0.182879444866 1.76478039022 -0.03) (0.187949821877 1.77099180483 -0.03) (0.193055793536 1.77722820351 -0.03) (0.198197662031 1.78348976102 -0.03) (0.203375732782 1.78977665376 -0.03) (0.208590314479 1.79608905987 -0.03))
    polyLine 63 67 ((0.101851022503 1.66284736174 0) (0.106359589752 1.66865924219 0) (0.110899070263 1.67449337529 0) (0.11546971725 1.68034991005 0) (0.120071786523 1.68622899689 0) (0.124705536524 1.69213078758 0) (0.129371228354 1.69805543531 0) (0.134069125816 1.70400309468 0) (0.13879949544 1.70997392172 0) (0.143562606523 1.71596807393 0) (0.148358731166 1.72198571026 0) (0.153188144304 1.72802699117 0) (0.158051123749 1.7340920786 0) (0.162947950223 1.74018113605 0) (0.167878907397 1.74629432855 0) (0.172844281928 1.75243182269 0) (0.177844363501 1.75859378665 0) (0.182879444866 1.76478039022 0) (0.187949821877 1.77099180483 0) (0.193055793536 1.77722820351 0) (0.198197662031 1.78348976102 0) (0.203375732782 1.78977665376 0) (0.208590314479 1.79608905987 0))
);

boundary
(
    body_fore
    {
        type wall;
        faces
        (
            (0 2 6 4)
            (4 6 10 8)
            (8 10 14 12)
            (12 14 18 16)
            (16 18 22 20)
            (20 22 26 24)
            (24 26 30 28)
            (28 30 34 32)
            (32 34 38 36)
            (36 38 42 40)
            (40 42 46 44)
            (44 46 50 48)
            (48 50 54 52)
            (52 54 58 56)
            (56 58 62 60)
            (60 62 66 64)
        );
    }
    freestream
    {
        type patch;
        faces
        (
            (1 5 7 3)
            (5 9 11 7)
            (9 13 15 11)
            (13 17 19 15)
            (17 21 23 19)
            (21 25 27 23)
            (25 29 31 27)
            (29 33 35 31)
            (33 37 39 35)
            (37 41 43 39)
            (41 45 47 43)
            (45 49 51 47)
            (49 53 55 51)
            (53 57 59 55)
            (57 61 63 59)
            (61 65 67 63)
        );
    }
    outlet
    {
        type patch;
        faces
        (
            (64 66 67 65)
        );
    }
    axis
    {
        type patch;
        faces
        (
            (0 1 3 2)
        );
    }
    front
    {
        type patch;
        faces
        (
            (2 6 7 3)
            (6 10 11 7)
            (10 14 15 11)
            (14 18 19 15)
            (18 22 23 19)
            (22 26 27 23)
            (26 30 31 27)
            (30 34 35 31)
            (34 38 39 35)
            (38 42 43 39)
            (42 46 47 43)
            (46 50 51 47)
            (50 54 55 51)
            (54 58 59 55)
            (58 62 63 59)
            (62 66 67 63)
        );
    }
    back
    {
        type patch;
        faces
        (
            (0 1 5 4)
            (4 5 9 8)
            (8 9 13 12)
            (12 13 17 16)
            (16 17 21 20)
            (20 21 25 24)
            (24 25 29 28)
            (28 29 33 32)
            (32 33 37 36)
            (36 37 41 40)
            (40 41 45 44)
            (44 45 49 48)
            (48 49 53 52)
            (52 53 57 56)
            (56 57 61 60)
            (60 61 65 64)
        );
    }
);
