FoamFile
{
    version     2.0;
    format      ascii;
    class       dictionary;
    object      blockMeshDict;
}
// Generated by aether.cfd - do not edit by hand. Regenerate from the run config.

scale 1;

vertices
(
    (0 0 -0.03)
    (-0.31293384514 7.36214425343e-17 -0.03)
    (0 0 0)
    (-0.31293384514 7.36214425343e-17 0)
    (0.00154498324042 0.0430104843375 -0.03)
    (-0.309679285453 0.0897023790891 -0.03)
    (0.00154498324042 0.0430104843375 0)
    (-0.309679285453 0.0897023790891 0)
    (0.00616693985375 0.0857997886698 -0.03)
    (-0.299988668165 0.178927924143 -0.03)
    (0.00616693985375 0.0857997886698 0)
    (-0.299988668165 0.178927924143 0)
    (0.0138458178057 0.128147423256 -0.03)
    (-0.284062303871 0.267280951092 -0.03)
    (0.0138458178057 0.128147423256 0)
    (-0.284062303871 0.267280951092 0)
    (0.0245396911798 0.16983587852 -0.03)
    (-0.262179246 0.35450328241 -0.03)
    (0.0245396911798 0.16983587852 0)
    (-0.262179246 0.35450328241 0)
    (0.0381946638964 0.21065044221 -0.03)
    (-0.234634592955 0.440503582403 -0.03)
    (0.0381946638964 0.21065044221 0)
    (-0.234634592955 0.440503582403 0)
    (0.0547406063977 0.25038101065 -0.03)
    (-0.201681143367 0.52535239529 -0.03)
    (0.0547406063977 0.25038101065 0)
    (-0.201681143367 0.52535239529 0)
    (0.0740910715318 0.288823785491 -0.03)
    (-0.16348543466 0.609258152552 -0.03)
    (0.0740910715318 0.288823785491 0)
    (-0.16348543466 0.609258152552 0)
    (0.0954951411555 0.326171951816 -0.03)
    (-0.120530538627 0.691758154518 -0.03)
    (0.0954951411555 0.326171951816 0)
    (-0.120530538627 0.691758154518 0)
    (0.117018877593 0.363452156894 -0.03)
    (-0.0746641644173 0.770360693674 -0.03)
    (0.117018877593 0.363452156894 0)
    (-0.0746641644173 0.770360693674 0)
    (0.13854261403 0.400732361972 -0.03)
    (-0.0271495023044 0.8443089106 -0.03)
    (0.13854261403 0.400732361972 0)
    (-0.0271495023044 0.8443089106 0)
    (0.160066350467 0.43801256705 -0.03)
    (0.0209854440487 0.913332822393 -0.03)
    (0.160066350467 0.43801256705 0)
    (0.0209854440487 0.913332822393 0)
    (0.181590086905 0.475292772128 -0.03)
    (0.0689266000818 0.977428513534 -0.03)
    (0.181590086905 0.475292772128 0)
    (0.0689266000818 0.977428513534 0)
    (0.203113823342 0.512572977206 -0.03)
    (0.116067332609 1.03676511867 -0.03)
    (0.203113823342 0.512572977206 0)
    (0.116067332609 1.03676511867 0)
    (0.224637559779 0.549853182285 -0.03)
    (0.161980376258 1.09161236977 -0.03)
    (0.224637559779 0.549853182285 0)
    (0.161980376258 1.09161236977 0)
    (0.24878285946 0.585207972711 -0.03)
    (0.210891874581 1.14731781746 -0.03)
    (0.24878285946 0.585207972711 0)
    (0.210891874581 1.14731781746 0)
    (0.288230854638 0.6 -0.03)
    (0.288230854638 1.23057192338 -0.03)
    (0.288230854638 0.6 0)
    (0.288230854638 1.23057192338 0)
);

blocks
(
    hex (0 4 5 1 2 6 7 3) (8 96 1) simpleGrading (1 4 1)
    hex (4 8 9 5 6 10 11 7) (8 96 1) simpleGrading (1 4 1)
    hex (8 12 13 9 10 14 15 11) (8 96 1) simpleGrading (1 4 1)
    hex (12 16 17 13 14 18 19 15) (8 96 1) simpleGrading (1 4 1)
    hex (16 20 21 17 18 22 23 19) (8 96 1) simpleGrading (1 4 1)
    hex (20 24 25 21 22 26 27 23) (8 96 1) simpleGrading (1 4 1)
    hex (24 28 29 25 26 30 31 27) (8 96 1) simpleGrading (1 4 1)
    hex (28 32 33 29 30 34 35 31) (8 96 1) simpleGrading (1 4 1)
    hex (32 36 37 33 34 38 39 35) (8 96 1) simpleGrading (1 4 1)
    hex (36 40 41 37 38 42 43 39) (8 96 1) simpleGrading (1 4 1)
    hex (40 44 45 41 42 46 47 43) (8 96 1) simpleGrading (1 4 1)
    hex (44 48 49 45 46 50 51 47) (8 96 1) simpleGrading (1 4 1)
    hex (48 52 53 49 50 54 55 51) (8 96 1) simpleGrading (1 4 1)
    hex (52 56 57 53 54 58 59 55) (8 96 1) simpleGrading (1 4 1)
    hex (56 60 61 57 58 62 63 59) (8 96 1) simpleGrading (1 4 1)
    hex (60 64 65 61 62 66 67 63) (8 96 1) simpleGrading (1 4 1)
);

edges
(
    polyLine 0 4 ((5.71156755931e-06 0.00261798557085 -0.03) (2.28461614972e-05 0.00523592129902 -0.03) (5.14034555958e-05 0.00785375734281 -0.03) (9.13829061652e-05 0.0104714438624 -0.03) (0.000142783752055 0.0130889310207 -0.03) (0.000205605014666 0.0157061689847 -0.03) (0.000279845497972 0.0183231079259 -0.03) (0.000365503788543 0.0209396980215 -0.03) (0.000462578255566 0.0235558894554 -0.03) (0.000571067050885 0.0261716324192 -0.03) (0.00069096810903 0.0287868771128 -0.03) (0.000822279147256 0.0314015737458 -0.03) (0.000964997665591 0.034015672538 -0.03) (0.00111912094688 0.0366291237209 -0.03) (0.00128464605684 0.0392418775381 -0.03) (0.00146156984411 0.0418538842465 -0.03))
    polyLine 2 6 ((5.71156755931e-06 0.00261798557085 0) (2.28461614972e-05 0.00523592129902 0) (5.14034555958e-05 0.00785375734281 0) (9.13829061652e-05 0.0104714438624 0) (0.000142783752055 0.0130889310207 0) (0.000205605014666 0.0157061689847 0) (0.000279845497972 0.0183231079259 0) (0.000365503788543 0.0209396980215 0) (0.000462578255566 0.0235558894554 0) (0.000571067050885 0.0261716324192 0) (0.00069096810903 0.0287868771128 0) (0.000822279147256 0.0314015737458 0) (0.000964997665591 0.034015672538 0) (0.00111912094688 0.0366291237209 0) (0.00128464605684 0.0392418775381 0) (0.00146156984411 0.0418538842465 0))
    polyLine 1 5 ((-0.312928216826 0.00373013686961 -0.03) (-0.312911331427 0.00746035142466 -0.03) (-0.312883187573 0.0111907213569 -0.03) (-0.312843782979 0.0149213243709 -0.03) (-0.312793114445 0.0186522381899 -0.03) (-0.312731177858 0.0223835405629 -0.03) (-0.312657968186 0.0261153092704 -0.03) (-0.312573479483 0.0298476221308 -0.03) (-0.312477704886 0.0335805570071 -0.03) (-0.31237063661 0.0373141918131 -0.03) (-0.312252265954 0.0410486045196 -0.03) (-0.312122583293 0.044783873161 -0.03) (-0.311981578079 0.0485200758416 -0.03) (-0.31182923884 0.0522572907422 -0.03) (-0.311665553176 0.0559955961261 -0.03) (-0.311490507759 0.0597350703461 -0.03) (-0.31130408833 0.0634757918504 -0.03) (-0.311106279696 0.0672178391895 -0.03) (-0.310897065727 0.0709612910224 -0.03) (-0.310676429355 0.0747062261234 -0.03) (-0.310444352571 0.0784527233884 -0.03) (-0.31020081642 0.0822008618415 -0.03) (-0.309945800998 0.0859507206416 -0.03))
    polyLine 3 7 ((-0.312928216826 0.00373013686961 0) (-0.312911331427 0.00746035142466 0) (-0.312883187573 0.0111907213569 0) (-0.312843782979 0.0149213243709 0) (-0.312793114445 0.0186522381899 0) (-0.312731177858 0.0223835405629 0) (-0.312657968186 0.0261153092704 0) (-0.312573479483 0.0298476221308 0) (-0.312477704886 0.0335805570071 0) (-0.31237063661 0.0373141918131 0) (-0.312252265954 0.0410486045196 0) (-0.312122583293 0.044783873161 0) (-0.311981578079 0.0485200758416 0) (-0.31182923884 0.0522572907422 0) (-0.311665553176 0.0559955961261 0) (-0.311490507759 0.0597350703461 0) (-0.31130408833 0.0634757918504 0) (-0.311106279696 0.0672178391895 0) (-0.310897065727 0.0709612910224 0) (-0.310676429355 0.0747062261234 0) (-0.310444352571 0.0784527233884 0) (-0.31020081642 0.0822008618415 0) (-0.309945800998 0.0859507206416 0))
    polyLine 4 8 ((0.00164988894031 0.0444650941172 -0.03) (0.00184959976012 0.0470754574367 -0.03) (0.00206069850134 0.0496849245073 -0.03) (0.00228318114495 0.0522934456486 -0.03) (0.0025170434552 0.054900971198 -0.03) (0.00276228097969 0.0575074515121 -0.03) (0.00301888904945 0.0601128369672 -0.03) (0.00328686277904 0.0627170779606 -0.03) (0.00356619706661 0.0653201249112 -0.03) (0.00385688659405 0.0679219282607 -0.03) (0.00415892582704 0.0705224384747 -0.03) (0.00447230901521 0.0731216060431 -0.03) (0.00479703019217 0.0757193814815 -0.03) (0.00513308317571 0.078315715332 -0.03) (0.00548046156787 0.0809105581642 -0.03) (0.00583915875506 0.083503860576 -0.03))
    polyLine 6 10 ((0.00164988894031 0.0444650941172 0) (0.00184959976012 0.0470754574367 0) (0.00206069850134 0.0496849245073 0) (0.00228318114495 0.0522934456486 0) (0.0025170434552 0.054900971198 0) (0.00276228097969 0.0575074515121 0) (0.00301888904945 0.0601128369672 0) (0.00328686277904 0.0627170779606 0) (0.00356619706661 0.0653201249112 0) (0.00385688659405 0.0679219282607 0) (0.00415892582704 0.0705224384747 0) (0.00447230901521 0.0731216060431 0) (0.00479703019217 0.0757193814815 0) (0.00513308317571 0.078315715332 0) (0.00548046156787 0.0809105581642 0) (0.00583915875506 0.083503860576 0))
    polyLine 5 9 ((-0.309406085901 0.0933918931643 -0.03) (-0.30912173241 0.0970832983933 -0.03) (-0.308826202463 0.100776670525 -0.03) (-0.308519472647 0.104472085465 -0.03) (-0.308201518638 0.108169619283 -0.03) (-0.307872315204 0.111869348216 -0.03) (-0.307531836199 0.115571348677 -0.03) (-0.307180054557 0.119275697261 -0.03) (-0.306816942291 0.122982470751 -0.03) (-0.306442470484 0.126691746124 -0.03) (-0.306056609288 0.130403600559 -0.03) (-0.305659327917 0.134118111439 -0.03) (-0.305250594642 0.137835356364 -0.03) (-0.304830376786 0.141555413152 -0.03) (-0.304398640719 0.145278359848 -0.03) (-0.303955351852 0.14900427473 -0.03) (-0.303500474631 0.152733236318 -0.03) (-0.30303397253 0.156465323374 -0.03) (-0.302555808049 0.160200614918 -0.03) (-0.302065942701 0.163939190227 -0.03) (-0.301564337013 0.167681128845 -0.03) (-0.301050950512 0.17142651059 -0.03) (-0.300525741725 0.175175415561 -0.03))
    polyLine 7 11 ((-0.309406085901 0.0933918931643 0) (-0.30912173241 0.0970832983933 0) (-0.308826202463 0.100776670525 0) (-0.308519472647 0.104472085465 0) (-0.308201518638 0.108169619283 0) (-0.307872315204 0.111869348216 0) (-0.307531836199 0.115571348677 0) (-0.307180054557 0.119275697261 0) (-0.306816942291 0.122982470751 0) (-0.306442470484 0.126691746124 0) (-0.306056609288 0.130403600559 0) (-0.305659327917 0.134118111439 0) (-0.305250594642 0.137835356364 0) (-0.304830376786 0.141555413152 0) (-0.304398640719 0.145278359848 0) (-0.303955351852 0.14900427473 0) (-0.303500474631 0.152733236318 0) (-0.30303397253 0.156465323374 0) (-0.302555808049 0.160200614918 0) (-0.302065942701 0.163939190227 0) (-0.301564337013 0.167681128845 0) (-0.301050950512 0.17142651059 0) (-0.300525741725 0.175175415561 0))
    polyLine 8 12 ((0.0062091679082 0.0860955731947 -0.03) (0.00659048198285 0.0886856466778 -0.03) (0.00698309371934 0.091274031714 -0.03) (0.00738699564292 0.0938606790241 -0.03) (0.00780218006386 0.0964455393623 -0.03) (0.00822863907766 0.0990285635164 -0.03) (0.00866636456515 0.101609702309 -0.03) (0.00911534819268 0.1041889066 -0.03) (0.00957558141223 0.106766127284 -0.03) (0.0100470554616 0.109341315295 -0.03) (0.0105297613647 0.111914421605 -0.03) (0.0110236899314 0.114485397226 -0.03) (0.0115288317581 0.11705419321 -0.03) (0.0120451772275 0.11962076065 -0.03) (0.0125727165092 0.122185050684 -0.03) (0.0131114395597 0.124747014491 -0.03) (0.0136613361224 0.127306603294 -0.03))
    polyLine 10 14 ((0.0062091679082 0.0860955731947 0) (0.00659048198285 0.0886856466778 0) (0.00698309371934 0.091274031714 0) (0.00738699564292 0.0938606790241 0) (0.00780218006386 0.0964455393623 0) (0.00822863907766 0.0990285635164 0) (0.00866636456515 0.101609702309 0) (0.00911534819268 0.1041889066 0) (0.00957558141223 0.106766127284 0) (0.0100470554616 0.109341315295 0) (0.0105297613647 0.111914421605 0) (0.0110236899314 0.114485397226 0) (0.0115288317581 0.11705419321 0) (0.0120451772275 0.11962076065 0) (0.0125727165092 0.122185050684 0) (0.0131114395597 0.124747014491 0) (0.0136613361224 0.127306603294 0))
    polyLine 9 13 ((-0.299457647863 0.182562443153 -0.03) (-0.298915437598 0.186200485104 -0.03) (-0.298361996138 0.189842123629 -0.03) (-0.297797281342 0.193487432639 -0.03) (-0.297221250148 0.197136486326 -0.03) (-0.296633858571 0.200789359171 -0.03) (-0.296035061693 0.204446125951 -0.03) (-0.295424813655 0.208106861742 -0.03) (-0.294803067652 0.21177164193 -0.03) (-0.294169775926 0.215440542214 -0.03) (-0.293524889754 0.219113638612 -0.03) (-0.292868359444 0.222791007472 -0.03) (-0.292200134327 0.226472725472 -0.03) (-0.291520162744 0.230158869633 -0.03) (-0.290828392045 0.23384951732 -0.03) (-0.290124768572 0.237544746254 -0.03) (-0.289409237659 0.241244634515 -0.03) (-0.288681743614 0.244949260551 -0.03) (-0.287942229717 0.248658703181 -0.03) (-0.287190638207 0.25237304161 -0.03) (-0.286426910274 0.256092355428 -0.03) (-0.285650986047 0.25981672462 -0.03) (-0.284862804585 0.263546229575 -0.03))
    polyLine 11 15 ((-0.299457647863 0.182562443153 0) (-0.298915437598 0.186200485104 0) (-0.298361996138 0.189842123629 0) (-0.297797281342 0.193487432639 0) (-0.297221250148 0.197136486326 0) (-0.296633858571 0.200789359171 0) (-0.296035061693 0.204446125951 0) (-0.295424813655 0.208106861742 0) (-0.294803067652 0.21177164193 0) (-0.294169775926 0.215440542214 0) (-0.293524889754 0.219113638612 0) (-0.292868359444 0.222791007472 0) (-0.292200134327 0.226472725472 0) (-0.291520162744 0.230158869633 0) (-0.290828392045 0.23384951732 0) (-0.290124768572 0.237544746254 0) (-0.289409237659 0.241244634515 0) (-0.288681743614 0.244949260551 0) (-0.287942229717 0.248658703181 0) (-0.287190638207 0.25237304161 0) (-0.286426910274 0.256092355428 0) (-0.285650986047 0.25981672462 0) (-0.284862804585 0.263546229575 0))
    polyLine 12 16 ((0.014222395728 0.129863768363 -0.03) (0.0147946076949 0.132418461013 -0.03) (0.0153779611289 0.134970632606 -0.03) (0.0159724449237 0.137520234553 -0.03) (0.0165780477614 0.140067218314 -0.03) (0.017194758112 0.142611535396 -0.03) (0.0178225642344 0.14515313736 -0.03) (0.0184614541759 0.147691975817 -0.03) (0.0191114157731 0.150228002433 -0.03) (0.0197724366516 0.152761168923 -0.03) (0.0204445042266 0.155291427062 -0.03) (0.0211276057027 0.157818728675 -0.03) (0.0218217280748 0.160343025647 -0.03) (0.0225268581278 0.162864269919 -0.03) (0.023242982437 0.16538241349 -0.03) (0.0239700873684 0.167897408419 -0.03))
    polyLine 14 18 ((0.014222395728 0.129863768363 0) (0.0147946076949 0.132418461013 0) (0.0153779611289 0.134970632606 0) (0.0159724449237 0.137520234553 0) (0.0165780477614 0.140067218314 0) (0.017194758112 0.142611535396 0) (0.0178225642344 0.14515313736 0) (0.0184614541759 0.147691975817 0) (0.0191114157731 0.150228002433 0) (0.0197724366516 0.152761168923 0) (0.0204445042266 0.155291427062 0) (0.0211276057027 0.157818728675 0) (0.0218217280748 0.160343025647 0) (0.0225268581278 0.162864269919 0) (0.023242982437 0.16538241349 0) (0.0239700873684 0.167897408419 0))
    polyLine 13 17 ((-0.283286250822 0.270852630756 -0.03) (-0.282498848366 0.274429213432 -0.03) (-0.28170003967 0.278010770581 -0.03) (-0.280889766967 0.281597374031 -0.03) (-0.280067971551 0.285189095982 -0.03) (-0.279234593761 0.288786009009 -0.03) (-0.27838957298 0.292388186072 -0.03) (-0.277532847616 0.295995700522 -0.03) (-0.276664355103 0.299608626105 -0.03) (-0.275784031881 0.303227036969 -0.03) (-0.274891813393 0.306851007673 -0.03) (-0.273987634072 0.310480613191 -0.03) (-0.273071427331 0.314115928918 -0.03) (-0.272143125553 0.317757030681 -0.03) (-0.271202660079 0.32140399474 -0.03) (-0.270249961199 0.325056897799 -0.03) (-0.269284958138 0.328715817012 -0.03) (-0.268307579049 0.332380829989 -0.03) (-0.267317750995 0.336052014804 -0.03) (-0.266315399944 0.339729450002 -0.03) (-0.265300450753 0.343413214605 -0.03) (-0.264272827156 0.347103388124 -0.03) (-0.263232451754 0.350800050558 -0.03))
    polyLine 15 19 ((-0.283286250822 0.270852630756 0) (-0.282498848366 0.274429213432 0) (-0.28170003967 0.278010770581 0) (-0.280889766967 0.281597374031 0) (-0.280067971551 0.285189095982 0) (-0.279234593761 0.288786009009 0) (-0.27838957298 0.292388186072 0) (-0.277532847616 0.295995700522 0) (-0.276664355103 0.299608626105 0) (-0.275784031881 0.303227036969 0) (-0.274891813393 0.306851007673 0) (-0.273987634072 0.310480613191 0) (-0.273071427331 0.314115928918 0) (-0.272143125553 0.317757030681 0) (-0.271202660079 0.32140399474 0) (-0.270249961199 0.325056897799 0) (-0.269284958138 0.328715817012 0) (-0.268307579049 0.332380829989 0) (-0.267317750995 0.336052014804 0) (-0.266315399944 0.339729450002 0) (-0.265300450753 0.343413214605 0) (-0.264272827156 0.347103388124 0) (-0.263232451754 0.350800050558 0))
    polyLine 16 20 ((0.0247081590791 0.170409206822 -0.03) (0.0254571835171 0.17291776088 -0.03) (0.0262171464222 0.175423022834 -0.03) (0.0269880333257 0.177924944985 -0.03) (0.0277698295511 0.180423479703 -0.03) (0.028562520214 0.182918579417 -0.03) (0.0293660902229 0.185410196625 -0.03) (0.0301805242789 0.18789828389 -0.03) (0.0310058068763 0.190382793843 -0.03) (0.0318419223029 0.192863679182 -0.03) (0.0326888546404 0.195340892674 -0.03) (0.0335465877643 0.197814387158 -0.03) (0.0344151053447 0.20028411554 -0.03) (0.0352943908462 0.202750030802 -0.03) (0.0361844275285 0.205212085995 -0.03) (0.0370851984465 0.207670234246 -0.03) (0.037996686451 0.210124428756 -0.03))
    polyLine 18 22 ((0.0247081590791 0.170409206822 0) (0.0254571835171 0.17291776088 0) (0.0262171464222 0.175423022834 0) (0.0269880333257 0.177924944985 0) (0.0277698295511 0.180423479703 0) (0.028562520214 0.182918579417 0) (0.0293660902229 0.185410196625 0) (0.0301805242789 0.18789828389 0) (0.0310058068763 0.190382793843 0) (0.0318419223029 0.192863679182 0) (0.0326888546404 0.195340892674 0) (0.0335465877643 0.197814387158 0) (0.0344151053447 0.20028411554 0) (0.0352943908462 0.202750030802 0) (0.0361844275285 0.205212085995 0) (0.0370851984465 0.207670234246 0) (0.037996686451 0.210124428756 0))
    polyLine 17 21 ((-0.261171396887 0.358011394269 -0.03) (-0.260151934317 0.361525522344 -0.03) (-0.259120788968 0.365045735983 -0.03) (-0.258077890564 0.368572104962 -0.03) (-0.257023167854 0.372104699485 -0.03) (-0.255956548613 0.375643590196 -0.03) (-0.25487795962 0.379188848178 -0.03) (-0.253787326657 0.382740544964 -0.03) (-0.252684574491 0.386298752542 -0.03) (-0.251569626864 0.389863543361 -0.03) (-0.250442406485 0.393434990341 -0.03) (-0.249302835014 0.397013166872 -0.03) (-0.248150833052 0.400598146829 -0.03) (-0.246986320127 0.404190004572 -0.03) (-0.245809214687 0.407788814958 -0.03) (-0.244619434079 0.411394653343 -0.03) (-0.243416894544 0.415007595595 -0.03) (-0.242201511199 0.418627718093 -0.03) (-0.240973198027 0.422255097743 -0.03) (-0.239731867862 0.425889811977 -0.03) (-0.238477432374 0.429531938768 -0.03) (-0.237209802058 0.433181556631 -0.03) (-0.235928886219 0.436838744633 -0.03))
    polyLine 19 23 ((-0.261171396887 0.358011394269 0) (-0.260151934317 0.361525522344 0) (-0.259120788968 0.365045735983 0) (-0.258077890564 0.368572104962 0) (-0.257023167854 0.372104699485 0) (-0.255956548613 0.375643590196 0) (-0.25487795962 0.379188848178 0) (-0.253787326657 0.382740544964 0) (-0.252684574491 0.386298752542 0) (-0.251569626864 0.389863543361 0) (-0.250442406485 0.393434990341 0) (-0.249302835014 0.397013166872 0) (-0.248150833052 0.400598146829 0) (-0.246986320127 0.404190004572 0) (-0.245809214687 0.407788814958 0) (-0.244619434079 0.411394653343 0) (-0.243416894544 0.415007595595 0) (-0.242201511199 0.418627718093 0) (-0.240973198027 0.422255097743 0) (-0.239731867862 0.425889811977 0) (-0.238477432374 0.429531938768 0) (-0.237209802058 0.433181556631 0) (-0.235928886219 0.436838744633 0))
    polyLine 20 24 ((0.0389188741884 0.212574622799 -0.03) (0.0398517441017 0.215020769727 -0.03) (0.0407952784303 0.21746282297 -0.03) (0.0417494592108 0.219900736035 -0.03) (0.0427142682768 0.222334462506 -0.03) (0.0436896872599 0.22476395605 -0.03) (0.0446756975895 0.227189170411 -0.03) (0.0456722804932 0.229610059419 -0.03) (0.0466794169977 0.232026576982 -0.03) (0.0476970879285 0.234438677094 -0.03) (0.0487252739107 0.236846313831 -0.03) (0.0497639553689 0.239249441355 -0.03) (0.0508131125283 0.241648013915 -0.03) (0.0518727254144 0.244041985845 -0.03) (0.0529427738537 0.246431311568 -0.03) (0.0540232374741 0.248815945594 -0.03))
    polyLine 22 26 ((0.0389188741884 0.212574622799 0) (0.0398517441017 0.215020769727 0) (0.0407952784303 0.21746282297 0) (0.0417494592108 0.219900736035 0) (0.0427142682768 0.222334462506 0) (0.0436896872599 0.22476395605 0) (0.0446756975895 0.227189170411 0) (0.0456722804932 0.229610059419 0) (0.0466794169977 0.232026576982 0) (0.0476970879285 0.234438677094 0) (0.0487252739107 0.236846313831 0) (0.0497639553689 0.239249441355 0) (0.0508131125283 0.241648013915 0) (0.0518727254144 0.244041985845 0) (0.0529427738537 0.246431311568 0) (0.0540232374741 0.248815945594 0))
    polyLine 21 25 ((-0.23340630718 0.443953812033 -0.03) (-0.232166052778 0.447410931847 -0.03) (-0.230913750557 0.450875009268 -0.03) (-0.229649320343 0.454346112178 -0.03) (-0.228372680966 0.457824308926 -0.03) (-0.227083750247 0.461309668331 -0.03) (-0.225782444991 0.464802259692 -0.03) (-0.224468680969 0.468302152789 -0.03) (-0.223142372913 0.471809417893 -0.03) (-0.221803434496 0.475324125775 -0.03) (-0.220451778325 0.478846347703 -0.03) (-0.219087315926 0.482376155458 -0.03) (-0.217709957732 0.485913621335 -0.03) (-0.216319613067 0.489458818153 -0.03) (-0.214916190137 0.49301181926 -0.03) (-0.213499596014 0.496572698538 -0.03) (-0.212069736622 0.500141530413 -0.03) (-0.210626516722 0.50371838986 -0.03) (-0.209169839903 0.507303352414 -0.03) (-0.207699608559 0.510896494169 -0.03) (-0.206215723881 0.514497891794 -0.03) (-0.204718085842 0.518107622536 -0.03) (-0.203206593175 0.521725764226 -0.03))
    polyLine 23 27 ((-0.23340630718 0.443953812033 0) (-0.232166052778 0.447410931847 0) (-0.230913750557 0.450875009268 0) (-0.229649320343 0.454346112178 0) (-0.228372680966 0.457824308926 0) (-0.227083750247 0.461309668331 0) (-0.225782444991 0.464802259692 0) (-0.224468680969 0.468302152789 0) (-0.223142372913 0.471809417893 0) (-0.221803434496 0.475324125775 0) (-0.220451778325 0.478846347703 0) (-0.219087315926 0.482376155458 0) (-0.217709957732 0.485913621335 0) (-0.216319613067 0.489458818153 0) (-0.214916190137 0.49301181926 0) (-0.213499596014 0.496572698538 0) (-0.212069736622 0.500141530413 0) (-0.210626516722 0.50371838986 0) (-0.209169839903 0.507303352414 0) (-0.207699608559 0.510896494169 0) (-0.206215723881 0.514497891794 0) (-0.204718085842 0.518107622536 0) (-0.203206593175 0.521725764226 0))
    polyLine 24 28 ((0.055114095705 0.251195842522 -0.03) (0.056215327778 0.253570957044 -0.03) (0.0573269127274 0.255941243941 -0.03) (0.0584488293901 0.258306658085 -0.03) (0.0595810564064 0.260667154443 -0.03) (0.0607235722205 0.263022688073 -0.03) (0.0618763550804 0.265373214131 -0.03) (0.0630393830388 0.267718687866 -0.03) (0.0642126339533 0.270059064622 -0.03) (0.065396085487 0.272394299844 -0.03) (0.0665897151086 0.27472434907 -0.03) (0.0677935000931 0.277049167941 -0.03) (0.0690074175222 0.279368712195 -0.03) (0.0702314442846 0.281682937672 -0.03) (0.0714655570768 0.283991800311 -0.03) (0.0727097324028 0.286295256156 -0.03) (0.0739639465755 0.288593261352 -0.03))
    polyLine 26 30 ((0.055114095705 0.251195842522 0) (0.056215327778 0.253570957044 0) (0.0573269127274 0.255941243941 0) (0.0584488293901 0.258306658085 0) (0.0595810564064 0.260667154443 0) (0.0607235722205 0.263022688073 0) (0.0618763550804 0.265373214131 0) (0.0630393830388 0.267718687866 0) (0.0642126339533 0.270059064622 0) (0.065396085487 0.272394299844 0) (0.0665897151086 0.27472434907 0) (0.0677935000931 0.277049167941 0) (0.0690074175222 0.279368712195 0) (0.0702314442846 0.281682937672 0) (0.0714655570768 0.283991800311 0) (0.0727097324028 0.286295256156 0) (0.0739639465755 0.288593261352 0))
    polyLine 25 29 ((-0.200240207405 0.528755571599 -0.03) (-0.198786860126 0.532166323898 -0.03) (-0.197321014341 0.535584717998 -0.03) (-0.195842581858 0.539010820191 -0.03) (-0.19435147346 0.542444697253 -0.03) (-0.192847598899 0.545886416452 -0.03) (-0.191330866881 0.549336045552 -0.03) (-0.189801185052 0.55279365282 -0.03) (-0.188258459991 0.556259307032 -0.03) (-0.186702597189 0.559733077479 -0.03) (-0.185133501043 0.563215033974 -0.03) (-0.183551074838 0.566705246857 -0.03) (-0.181955220735 0.570203787002 -0.03) (-0.180345839757 0.573710725824 -0.03) (-0.178722831775 0.577226135286 -0.03) (-0.177086095496 0.580750087903 -0.03) (-0.175435528443 0.584282656752 -0.03) (-0.173771026947 0.587823915476 -0.03) (-0.172092486125 0.591373938295 -0.03) (-0.170399799871 0.594932800008 -0.03) (-0.16869286084 0.598500576004 -0.03) (-0.166971560426 0.602077342267 -0.03) (-0.165235788754 0.605663175384 -0.03))
    polyLine 27 31 ((-0.200240207405 0.528755571599 0) (-0.198786860126 0.532166323898 0) (-0.197321014341 0.535584717998 0) (-0.195842581858 0.539010820191 0) (-0.19435147346 0.542444697253 0) (-0.192847598899 0.545886416452 0) (-0.191330866881 0.549336045552 0) (-0.189801185052 0.55279365282 0) (-0.188258459991 0.556259307032 0) (-0.186702597189 0.559733077479 0) (-0.185133501043 0.563215033974 0) (-0.183551074838 0.566705246857 0) (-0.181955220735 0.570203787002 0) (-0.180345839757 0.573710725824 0) (-0.178722831775 0.577226135286 0) (-0.177086095496 0.580750087903 0) (-0.175435528443 0.584282656752 0) (-0.173771026947 0.587823915476 0) (-0.172092486125 0.591373938295 0) (-0.170399799871 0.594932800008 0) (-0.16869286084 0.598500576004 0) (-0.166971560426 0.602077342267 0) (-0.165235788754 0.605663175384 0))
    polyLine 28 32 ((0.0752281757164 0.290885772148 -0.03) (0.0765023957563 0.293172744898 -0.03) (0.0777865824361 0.295454136062 -0.03) (0.0790807113065 0.297729902205 -0.03) (0.0803847577293 0.3 -0.03))
    polyLine 30 34 ((0.0752281757164 0.290885772148 0) (0.0765023957563 0.293172744898 0) (0.0777865824361 0.295454136062 0) (0.0790807113065 0.297729902205 0) (0.0803847577293 0.3 0))
    polyLine 29 33 ((-0.161850038109 0.612598311723 -0.03) (-0.160201927948 0.615946455003 -0.03) (-0.158541012633 0.619302645292 -0.03) (-0.156867199623 0.622666945963 -0.03) (-0.155180395367 0.626039420866 -0.03) (-0.153480505292 0.629420134334 -0.03) (-0.151767433787 0.632809151188 -0.03) (-0.150041084199 0.636206536745 -0.03) (-0.148301358812 0.639612356821 -0.03) (-0.146548158838 0.643026677738 -0.03) (-0.144781384404 0.64644956633 -0.03) (-0.143000934537 0.649881089948 -0.03) (-0.141206707154 0.653321316467 -0.03) (-0.139398599044 0.65677031429 -0.03) (-0.137576505858 0.66022815236 -0.03) (-0.135740322093 0.663694900156 -0.03) (-0.133889941078 0.667170627711 -0.03) (-0.13202525496 0.670655405608 -0.03) (-0.13014615469 0.674149304995 -0.03) (-0.128252530005 0.677652397586 -0.03) (-0.126344269417 0.68116475567 -0.03) (-0.124421260196 0.684686452115 -0.03) (-0.122483388354 0.68821756038 -0.03))
    polyLine 31 35 ((-0.161850038109 0.612598311723 0) (-0.160201927948 0.615946455003 0) (-0.158541012633 0.619302645292 0) (-0.156867199623 0.622666945963 0) (-0.155180395367 0.626039420866 0) (-0.153480505292 0.629420134334 0) (-0.151767433787 0.632809151188 0) (-0.150041084199 0.636206536745 0) (-0.148301358812 0.639612356821 0) (-0.146548158838 0.643026677738 0) (-0.144781384404 0.64644956633 0) (-0.143000934537 0.649881089948 0) (-0.141206707154 0.653321316467 0) (-0.139398599044 0.65677031429 0) (-0.137576505858 0.66022815236 0) (-0.135740322093 0.663694900156 0) (-0.133889941078 0.667170627711 0) (-0.13202525496 0.670655405608 0) (-0.13014615469 0.674149304995 0) (-0.128252530005 0.677652397586 0) (-0.126344269417 0.68116475567 0) (-0.124421260196 0.684686452115 0) (-0.122483388354 0.68821756038 0))
    polyLine 33 37 ((-0.118767473257 0.694939535108 -0.03) (-0.116992198278 0.698128649486 -0.03) (-0.115204628039 0.701325552208 -0.03) (-0.113404676028 0.704530298235 -0.03) (-0.111592254858 0.707742942933 -0.03) (-0.109767276263 0.710963542077 -0.03) (-0.107929651085 0.714192151857 -0.03) (-0.106079289263 0.71742882888 -0.03) (-0.104216099825 0.720673630179 -0.03) (-0.102339990874 0.723926613214 -0.03) (-0.100450869583 0.727187835875 -0.03) (-0.0985486421762 0.730457356492 -0.03) (-0.0966332139259 0.733735233835 -0.03) (-0.0947044891361 0.737021527121 -0.03) (-0.0927623711336 0.740316296019 -0.03) (-0.0908067622558 0.743619600653 -0.03) (-0.0888375638393 0.746931501609 -0.03) (-0.086854676208 0.750252059938 -0.03) (-0.0848579986615 0.753581337163 -0.03) (-0.0828474294623 0.756919395284 -0.03) (-0.0808228658242 0.760266296782 -0.03) (-0.0787842038997 0.763622104623 -0.03) (-0.0767313387669 0.766986882268 -0.03))
    polyLine 35 39 ((-0.118767473257 0.694939535108 0) (-0.116992198278 0.698128649486 0) (-0.115204628039 0.701325552208 0) (-0.113404676028 0.704530298235 0) (-0.111592254858 0.707742942933 0) (-0.109767276263 0.710963542077 0) (-0.107929651085 0.714192151857 0) (-0.106079289263 0.71742882888 0) (-0.104216099825 0.720673630179 0) (-0.102339990874 0.723926613214 0) (-0.100450869583 0.727187835875 0) (-0.0985486421762 0.730457356492 0) (-0.0966332139259 0.733735233835 0) (-0.0947044891361 0.737021527121 0) (-0.0927623711336 0.740316296019 0) (-0.0908067622558 0.743619600653 0) (-0.0888375638393 0.746931501609 0) (-0.086854676208 0.750252059938 0) (-0.0848579986615 0.753581337163 0) (-0.0828474294623 0.756919395284 0) (-0.0808228658242 0.760266296782 0) (-0.0787842038997 0.763622104623 0) (-0.0767313387669 0.766986882268 0))
    polyLine 37 41 ((-0.0728219195831 0.773355359691 -0.03) (-0.070968299008 0.776357202699 -0.03) (-0.069103226937 0.779366268084 -0.03) (-0.0672266269167 0.782382601549 -0.03) (-0.0653384217873 0.785406249119 -0.03) (-0.0634385336758 0.788437257146 -0.03) (-0.0615268839875 0.791475672308 -0.03) (-0.0596033933992 0.794521541615 -0.03) (-0.0576679818506 0.797574912411 -0.03) (-0.0557205685365 0.800635832378 -0.03) (-0.053761071899 0.80370434954 -0.03) (-0.0517894096192 0.806780512266 -0.03) (-0.0498054986088 0.809864369271 -0.03) (-0.0478092550021 0.812955969624 -0.03) (-0.0458005941469 0.816055362746 -0.03) (-0.0437794305966 0.81916259842 -0.03) (-0.0417456781011 0.822277726788 -0.03) (-0.0396992495979 0.82540079836 -0.03) (-0.0376400572034 0.828531864015 -0.03) (-0.0355680122039 0.831670975003 -0.03) (-0.0334830250462 0.834818182954 -0.03) (-0.0313850053283 0.837973539876 -0.03) (-0.0292738617902 0.841137098164 -0.03))
    polyLine 39 43 ((-0.0728219195831 0.773355359691 0) (-0.070968299008 0.776357202699 0) (-0.069103226937 0.779366268084 0) (-0.0672266269167 0.782382601549 0) (-0.0653384217873 0.785406249119 0) (-0.0634385336758 0.788437257146 0) (-0.0615268839875 0.791475672308 0) (-0.0596033933992 0.794521541615 0) (-0.0576679818506 0.797574912411 0) (-0.0557205685365 0.800635832378 0) (-0.053761071899 0.80370434954 0) (-0.0517894096192 0.806780512266 0) (-0.0498054986088 0.809864369271 0) (-0.0478092550021 0.812955969624 0) (-0.0458005941469 0.816055362746 0) (-0.0437794305966 0.81916259842 0) (-0.0417456781011 0.822277726788 0) (-0.0396992495979 0.82540079836 0) (-0.0376400572034 0.828531864015 0) (-0.0355680122039 0.831670975003 0) (-0.0334830250462 0.834818182954 0) (-0.0313850053283 0.837973539876 0) (-0.0292738617902 0.841137098164 0))
    polyLine 41 45 ((-0.0252688551933 0.84710727969 -0.03) (-0.0233778354353 0.849912119864 -0.03) (-0.0214763785238 0.852723467865 -0.03) (-0.0195644194096 0.855541360676 -0.03) (-0.0176418924954 0.858365835527 -0.03) (-0.0157087316302 0.861196929893 -0.03) (-0.0137648701041 0.864034681498 -0.03) (-0.0118102406425 0.866879128316 -0.03) (-0.00984477540073 0.869730308575 -0.03) (-0.0078684059582 0.872588260759 -0.03) (-0.00588106331265 0.875453023609 -0.03) (-0.00388267787437 0.878324636126 -0.03) (-0.00187317946031 0.881203137574 -0.03) (0.000147502711874 0.884088567481 -0.03) (0.00217944002989 0.886980965644 -0.03) (0.00422270449286 0.889880372127 -0.03) (0.00627736871754 0.892786827268 -0.03) (0.00834350594455 0.895700371681 -0.03) (0.0104211900447 0.898621046253 -0.03) (0.0125104955255 0.901548892156 -0.03) (0.0146114975373 0.904483950841 -0.03) (0.0167242718804 0.907426264044 -0.03) (0.018848895011 0.91037587379 -0.03))
    polyLine 43 47 ((-0.0252688551933 0.84710727969 0) (-0.0233778354353 0.849912119864 0) (-0.0214763785238 0.852723467865 0) (-0.0195644194096 0.855541360676 0) (-0.0176418924954 0.858365835527 0) (-0.0157087316302 0.861196929893 0) (-0.0137648701041 0.864034681498 0) (-0.0118102406425 0.866879128316 0) (-0.00984477540073 0.869730308575 0) (-0.0078684059582 0.872588260759 0) (-0.00588106331265 0.875453023609 0) (-0.00388267787437 0.878324636126 0) (-0.00187317946031 0.881203137574 0) (0.000147502711874 0.884088567481 0) (0.00217944002989 0.886980965644 0) (0.00422270449286 0.889880372127 0) (0.00627736871754 0.892786827268 0) (0.00834350594455 0.895700371681 0) (0.0104211900447 0.898621046253 0) (0.0125104955255 0.901548892156 0) (0.0146114975373 0.904483950841 0) (0.0167242718804 0.907426264044 0) (0.018848895011 0.91037587379 0))
    polyLine 45 49 ((0.0228712640265 0.915935157301 -0.03) (0.0247663908894 0.918543211703 -0.03) (0.0266708781266 0.921157014805 -0.03) (0.0285847796367 0.923776595989 -0.03) (0.0305081497316 0.92640198482 -0.03) (0.0324410431399 0.929033211043 -0.03) (0.034383515011 0.931670304585 -0.03) (0.036335620919 0.934313295561 -0.03) (0.0382974168663 0.936962214267 -0.03) (0.0402689592875 0.939617091192 -0.03) (0.0422503050537 0.94227795701 -0.03) (0.0442415114761 0.944944842588 -0.03) (0.0462426363105 0.947617778984 -0.03) (0.0482537377609 0.950296797452 -0.03) (0.0502748744839 0.952981929438 -0.03) (0.052306105593 0.955673206589 -0.03) (0.0543474906624 0.958370660749 -0.03) (0.0563990897318 0.961074323961 -0.03) (0.0584609633102 0.963784228474 -0.03) (0.0605331723809 0.966500406737 -0.03) (0.0626157784051 0.969222891406 -0.03) (0.064708843327 0.971951715345 -0.03) (0.0668124295781 0.974686911627 -0.03))
    polyLine 47 51 ((0.0228712640265 0.915935157301 0) (0.0247663908894 0.918543211703 0) (0.0266708781266 0.921157014805 0) (0.0285847796367 0.923776595989 0) (0.0305081497316 0.92640198482 0) (0.0324410431399 0.929033211043 0) (0.034383515011 0.931670304585 0) (0.036335620919 0.934313295561 0) (0.0382974168663 0.936962214267 0) (0.0402689592875 0.939617091192 0) (0.0422503050537 0.94227795701 0) (0.0442415114761 0.944944842588 0) (0.0462426363105 0.947617778984 0) (0.0482537377609 0.950296797452 0) (0.0502748744839 0.952981929438 0) (0.052306105593 0.955673206589 0) (0.0543474906624 0.958370660749 0) (0.0563990897318 0.961074323961 0) (0.0584609633102 0.963784228474 0) (0.0605331723809 0.966500406737 0) (0.0626157784051 0.969222891406 0) (0.064708843327 0.971951715345 0) (0.0668124295781 0.974686911627 0))
    polyLine 49 53 ((0.0707920492971 0.979841504754 -0.03) (0.0726657536866 0.982259484901 -0.03) (0.074547756824 0.984682476926 -0.03) (0.076438102586 0.987110503911 -0.03) (0.078336835155 0.989543589068 -0.03) (0.0802439990212 0.991981755738 -0.03) (0.0821596389856 0.994425027398 -0.03) (0.0840838001625 0.996873427656 -0.03) (0.0860165279818 0.999326980256 -0.03) (0.0879578681922 1.00178570907 -0.03) (0.0899078668631 1.00424963813 -0.03) (0.0918665703881 1.00671879157 -0.03) (0.0938340254871 1.00919319369 -0.03) (0.0958102792094 1.01167286891 -0.03) (0.0977953789363 1.01415784182 -0.03) (0.0997893723839 1.01664813711 -0.03) (0.101792307606 1.01914377966 -0.03) (0.103804232997 1.02164479444 -0.03) (0.105825197295 1.02415120662 -0.03) (0.107855249583 1.02666304148 -0.03) (0.109894439295 1.02918032445 -0.03) (0.111942816217 1.03170308113 -0.03) (0.114000430489 1.03423133724 -0.03))
    polyLine 51 55 ((0.0707920492971 0.979841504754 0) (0.0726657536866 0.982259484901 0) (0.074547756824 0.984682476926 0) (0.076438102586 0.987110503911 0) (0.078336835155 0.989543589068 0) (0.0802439990212 0.991981755738 0) (0.0821596389856 0.994425027398 0) (0.0840838001625 0.996873427656 0) (0.0860165279818 0.999326980256 0) (0.0879578681922 1.00178570907 0) (0.0899078668631 1.00424963813 0) (0.0918665703881 1.00671879157 0) (0.0938340254871 1.00919319369 0) (0.0958102792094 1.01167286891 0) (0.0977953789363 1.01415784182 0) (0.0997893723839 1.01664813711 0) (0.101792307606 1.01914377966 0) (0.103804232997 1.02164479444 0) (0.105825197295 1.02415120662 0) (0.107855249583 1.02666304148 0) (0.109894439295 1.02918032445 0) (0.111942816217 1.03170308113 0) (0.114000430489 1.03423133724 0))
    polyLine 53 57 ((0.117893761809 1.03899923232 -0.03) (0.119727456456 1.04123766198 -0.03) (0.121568451654 1.04348042559 -0.03) (0.123416782728 1.04572754117 -0.03) (0.125272485228 1.04797902683 -0.03) (0.127135594928 1.05023490078 -0.03) (0.129006147827 1.05249518133 -0.03) (0.130884180155 1.05475988688 -0.03) (0.132769728373 1.05702903592 -0.03) (0.134662829171 1.05930264705 -0.03) (0.136563519474 1.06158073895 -0.03) (0.138471836445 1.06386333042 -0.03) (0.140387817481 1.06615044033 -0.03) (0.142311500219 1.06844208768 -0.03) (0.144242922539 1.07073829156 -0.03) (0.146182122562 1.07303907115 -0.03) (0.148129138653 1.07534444573 -0.03) (0.150084009426 1.07765443471 -0.03) (0.152046773743 1.07996905757 -0.03) (0.154017470714 1.08228833392 -0.03) (0.155996139705 1.08461228345 -0.03) (0.157982820332 1.08694092598 -0.03) (0.159977552473 1.08927428141 -0.03))
    polyLine 55 59 ((0.117893761809 1.03899923232 0) (0.119727456456 1.04123766198 0) (0.121568451654 1.04348042559 0) (0.123416782728 1.04572754117 0) (0.125272485228 1.04797902683 0) (0.127135594928 1.05023490078 0) (0.129006147827 1.05249518133 0) (0.130884180155 1.05475988688 0) (0.132769728373 1.05702903592 0) (0.134662829171 1.05930264705 0) (0.136563519474 1.06158073895 0) (0.138471836445 1.06386333042 0) (0.140387817481 1.06615044033 0) (0.142311500219 1.06844208768 0) (0.144242922539 1.07073829156 0) (0.146182122562 1.07303907115 0) (0.148129138653 1.07534444573 0) (0.150084009426 1.07765443471 0) (0.152046773743 1.07996905757 0) (0.154017470714 1.08228833392 0) (0.155996139705 1.08461228345 0) (0.157982820332 1.08694092598 0) (0.159977552473 1.08927428141 0))
    polyLine 56 60 ((0.236269330411 0.57 -0.03) (0.236666469948 0.570677585165 -0.03) (0.237072444776 0.571349913883 -0.03) (0.237487185335 0.572016870955 -0.03) (0.237910620561 0.572678342101 -0.03) (0.238342677899 0.573334213981 -0.03) (0.23878328332 0.573984374215 -0.03) (0.239232361328 0.574628711402 -0.03) (0.239689834975 0.575267115138 -0.03) (0.240155625876 0.575899476034 -0.03) (0.24062965422 0.576525685741 -0.03) (0.241111838785 0.577145636959 -0.03) (0.24160209695 0.577759223463 -0.03) (0.242100344713 0.578366340119 -0.03) (0.242606496702 0.5789668829 -0.03) (0.243120466189 0.579560748906 -0.03) (0.243642165109 0.580147836382 -0.03) (0.244171504071 0.580728044732 -0.03) (0.244708392377 0.581301274542 -0.03) (0.245252738032 0.581867427591 -0.03) (0.245804447766 0.582426406871 -0.03) (0.246363427047 0.582978116605 -0.03) (0.246929580096 0.583522462261 -0.03) (0.247502809906 0.584059350566 -0.03) (0.248083018256 0.584588689529 -0.03) (0.248670105732 0.585110388449 -0.03))
    polyLine 58 62 ((0.236269330411 0.57 0) (0.236666469948 0.570677585165 0) (0.237072444776 0.571349913883 0) (0.237487185335 0.572016870955 0) (0.237910620561 0.572678342101 0) (0.238342677899 0.573334213981 0) (0.23878328332 0.573984374215 0) (0.239232361328 0.574628711402 0) (0.239689834975 0.575267115138 0) (0.240155625876 0.575899476034 0) (0.24062965422 0.576525685741 0) (0.241111838785 0.577145636959 0) (0.24160209695 0.577759223463 0) (0.242100344713 0.578366340119 0) (0.242606496702 0.5789668829 0) (0.243120466189 0.579560748906 0) (0.243642165109 0.580147836382 0) (0.244171504071 0.580728044732 0) (0.244708392377 0.581301274542 0) (0.245252738032 0.581867427591 0) (0.245804447766 0.582426406871 0) (0.246363427047 0.582978116605 0) (0.246929580096 0.583522462261 0) (0.247502809906 0.584059350566 0) (0.248083018256 0.584588689529 0) (0.248670105732 0.585110388449 0))
    polyLine 57 61 ((0.163927047997 1.09388039092 -0.03) (0.165881378041 1.09615288503 -0.03) (0.167843403505 1.09842987056 -0.03) (0.169813161739 1.10071136606 -0.03) (0.171790690327 1.10299739017 -0.03) (0.173776027092 1.10528796164 -0.03) (0.175769210096 1.10758309931 -0.03) (0.177770277642 1.10988282213 -0.03) (0.179779268276 1.11218714914 -0.03) (0.181796220788 1.11449609947 -0.03) (0.183821174214 1.11680969237 -0.03) (0.185854167841 1.11912794718 -0.03) (0.187895241205 1.12145088336 -0.03) (0.189944434094 1.12377852044 -0.03) (0.19200178655 1.12611087809 -0.03) (0.194067338871 1.12844797607 -0.03) (0.196141131616 1.13078983422 -0.03) (0.198223205601 1.13313647254 -0.03) (0.200313601904 1.13548791108 -0.03) (0.20241236187 1.13784417003 -0.03) (0.204519527107 1.14020526969 -0.03) (0.206635139494 1.14257123046 -0.03) (0.208759241178 1.14494207284 -0.03))
    polyLine 59 63 ((0.163927047997 1.09388039092 0) (0.165881378041 1.09615288503 0) (0.167843403505 1.09842987056 0) (0.169813161739 1.10071136606 0) (0.171790690327 1.10299739017 0) (0.173776027092 1.10528796164 0) (0.175769210096 1.10758309931 0) (0.177770277642 1.10988282213 0) (0.179779268276 1.11218714914 0) (0.181796220788 1.11449609947 0) (0.183821174214 1.11680969237 0) (0.185854167841 1.11912794718 0) (0.187895241205 1.12145088336 0) (0.189944434094 1.12377852044 0) (0.19200178655 1.12611087809 0) (0.194067338871 1.12844797607 0) (0.196141131616 1.13078983422 0) (0.198223205601 1.13313647254 0) (0.200313601904 1.13548791108 0) (0.20241236187 1.13784417003 0) (0.204519527107 1.14020526969 0) (0.206635139494 1.14257123046 0) (0.208759241178 1.14494207284 0))
    polyLine 60 64 ((0.249263971738 0.585624357936 -0.03) (0.249864514519 0.586130509924 -0.03) (0.250471631175 0.586628757687 -0.03) (0.251085217679 0.587119015853 -0.03) (0.251705168897 0.587601200417 -0.03) (0.252331378603 0.588075228761 -0.03) (0.2529637395 0.588541019662 -0.03) (0.253602143235 0.58899849331 -0.03) (0.254246480422 0.589447571317 -0.03) (0.254896640656 0.589888176738 -0.03) (0.255552512537 0.590320234077 -0.03) (0.256213983683 0.590743669302 -0.03) (0.256880940755 0.591158409861 -0.03) (0.257553269473 0.59156438469 -0.03) (0.258230854638 0.591961524227 -0.03) (0.258913580148 0.592349760424 -0.03) (0.259601329022 0.59272902676 -0.03) (0.260293983418 0.593099258248 -0.03) (0.260991424653 0.593460391451 -0.03) (0.261693533224 0.593812364492 -0.03) (0.262400188829 0.594155117061 -0.03) (0.263111270385 0.59448859043 -0.03) (0.263826656053 0.594812727459 -0.03) (0.264546223255 0.595127472609 -0.03) (0.265269848696 0.595432771951 -0.03) (0.265997408387 0.595728573172 -0.03) (0.266728777665 0.59601482559 -0.03) (0.267463831213 0.596291480155 -0.03) (0.268202443084 0.596558489466 -0.03) (0.268944486719 0.59681580777 -0.03) (0.269689834975 0.597063390978 -0.03) (0.270438360139 0.597301196667 -0.03) (0.271189933955 0.597529184092 -0.03) (0.271944427646 0.597747314187 -0.03) (0.272701711931 0.597955549577 -0.03) (0.273461657056 0.598153854582 -0.03) (0.274224132806 0.598342195224 -0.03) (0.274989008536 0.598520539231 -0.03) (0.275756153189 0.598688856044 -0.03) (0.276525435317 0.598847116824 -0.03) (0.277296723108 0.598995294454 -0.03) (0.278069884407 0.599133363543 -0.03) (0.278844786735 0.599261300436 -0.03) (0.279621297318 0.599379083209 -0.03) (0.280399283104 0.599486691682 -0.03) (0.28117861079 0.599584107417 -0.03) (0.281959146842 0.599671313722 -0.03) (0.282740757518 0.599748295654 -0.03) (0.283523308894 0.599815040024 -0.03) (0.284306666884 0.599871535394 -0.03) (0.285090697263 0.599917772085 -0.03) (0.285875265692 0.599953742174 -0.03) (0.286660237739 0.599979439499 -0.03) (0.287445478903 0.599994859654 -0.03))
    polyLine 62 66 ((0.249263971738 0.585624357936 0) (0.249864514519 0.586130509924 0) (0.250471631175 0.586628757687 0) (0.251085217679 0.587119015853 0) (0.251705168897 0.587601200417 0) (0.252331378603 0.588075228761 0) (0.2529637395 0.588541019662 0) (0.253602143235 0.58899849331 0) (0.254246480422 0.589447571317 0) (0.254896640656 0.589888176738 0) (0.255552512537 0.590320234077 0) (0.256213983683 0.590743669302 0) (0.256880940755 0.591158409861 0) (0.257553269473 0.59156438469 0) (0.258230854638 0.591961524227 0) (0.258913580148 0.592349760424 0) (0.259601329022 0.59272902676 0) (0.260293983418 0.593099258248 0) (0.260991424653 0.593460391451 0) (0.261693533224 0.593812364492 0) (0.262400188829 0.594155117061 0) (0.263111270385 0.59448859043 0) (0.263826656053 0.594812727459 0) (0.264546223255 0.595127472609 0) (0.265269848696 0.595432771951 0) (0.265997408387 0.595728573172 0) (0.266728777665 0.59601482559 0) (0.267463831213 0.596291480155 0) (0.268202443084 0.596558489466 0) (0.268944486719 0.59681580777 0) (0.269689834975 0.597063390978 0) (0.270438360139 0.597301196667 0) (0.271189933955 0.597529184092 0) (0.271944427646 0.597747314187 0) (0.272701711931 0.597955549577 0) (0.273461657056 0.598153854582 0) (0.274224132806 0.598342195224 0) (0.274989008536 0.598520539231 0) (0.275756153189 0.598688856044 0) (0.276525435317 0.598847116824 0) (0.277296723108 0.598995294454 0) (0.278069884407 0.599133363543 0) (0.278844786735 0.599261300436 0) (0.279621297318 0.599379083209 0) (0.280399283104 0.599486691682 0) (0.28117861079 0.599584107417 0) (0.281959146842 0.599671313722 0) (0.282740757518 0.599748295654 0) (0.283523308894 0.599815040024 0) (0.284306666884 0.599871535394 0) (0.285090697263 0.599917772085 0) (0.285875265692 0.599953742174 0) (0.286660237739 0.599979439499 0) (0.287445478903 0.599994859654 0))
    polyLine 61 65 ((0.213907033305 1.1506688471 -0.03) (0.216939286417 1.15402968071 -0.03) (0.219988754865 1.15740037688 -0.03) (0.223055560706 1.16078099461 -0.03) (0.226139827118 1.16417159338 -0.03) (0.229241678411 1.1675722331 -0.03) (0.232361240042 1.17098297416 -0.03) (0.235498638626 1.17440387742 -0.03) (0.238654001947 1.17783500419 -0.03) (0.241827458977 1.18127641627 -0.03) (0.245019139881 1.18472817594 -0.03) (0.248229176037 1.18819034596 -0.03) (0.251457700049 1.19166298958 -0.03) (0.254704845757 1.19514617056 -0.03) (0.257970748252 1.19863995314 -0.03) (0.261255543893 1.20214440207 -0.03) (0.26455937032 1.20565958262 -0.03) (0.267882366466 1.20918556056 -0.03) (0.271224672574 1.21272240219 -0.03) (0.274586430213 1.21627017434 -0.03) (0.27796778229 1.21982894437 -0.03) (0.281368873066 1.22339878017 -0.03) (0.284789848176 1.22697975018 -0.03))
    polyLine 63 67 ((0.213907033305 1.1506688471 0) (0.216939286417 1.15402968071 0) (0.219988754865 1.15740037688 0) (0.223055560706 1.16078099461 0) (0.226139827118 1.16417159338 0) (0.229241678411 1.1675722331 0) (0.232361240042 1.17098297416 0) (0.235498638626 1.17440387742 0) (0.238654001947 1.17783500419 0) (0.241827458977 1.18127641627 0) (0.245019139881 1.18472817594 0) (0.248229176037 1.18819034596 0) (0.251457700049 1.19166298958 0) (0.254704845757 1.19514617056 0) (0.257970748252 1.19863995314 0) (0.261255543893 1.20214440207 0) (0.26455937032 1.20565958262 0) (0.267882366466 1.20918556056 0) (0.271224672574 1.21272240219 0) (0.274586430213 1.21627017434 0) (0.27796778229 1.21982894437 0) (0.281368873066 1.22339878017 0) (0.284789848176 1.22697975018 0))
);

boundary
(
    body_fore
    {
        type wall;
        faces
        (
            (0 2 6 4)
            (4 6 10 8)
            (8 10 14 12)
            (12 14 18 16)
            (16 18 22 20)
            (20 22 26 24)
            (24 26 30 28)
            (28 30 34 32)
            (32 34 38 36)
            (36 38 42 40)
            (40 42 46 44)
            (44 46 50 48)
            (48 50 54 52)
            (52 54 58 56)
            (56 58 62 60)
            (60 62 66 64)
        );
    }
    freestream
    {
        type patch;
        faces
        (
            (1 5 7 3)
            (5 9 11 7)
            (9 13 15 11)
            (13 17 19 15)
            (17 21 23 19)
            (21 25 27 23)
            (25 29 31 27)
            (29 33 35 31)
            (33 37 39 35)
            (37 41 43 39)
            (41 45 47 43)
            (45 49 51 47)
            (49 53 55 51)
            (53 57 59 55)
            (57 61 63 59)
            (61 65 67 63)
        );
    }
    outlet
    {
        type patch;
        faces
        (
            (64 66 67 65)
        );
    }
    axis
    {
        type patch;
        faces
        (
            (0 1 3 2)
        );
    }
    front
    {
        type patch;
        faces
        (
            (2 6 7 3)
            (6 10 11 7)
            (10 14 15 11)
            (14 18 19 15)
            (18 22 23 19)
            (22 26 27 23)
            (26 30 31 27)
            (30 34 35 31)
            (34 38 39 35)
            (38 42 43 39)
            (42 46 47 43)
            (46 50 51 47)
            (50 54 55 51)
            (54 58 59 55)
            (58 62 63 59)
            (62 66 67 63)
        );
    }
    back
    {
        type patch;
        faces
        (
            (0 1 5 4)
            (4 5 9 8)
            (8 9 13 12)
            (12 13 17 16)
            (16 17 21 20)
            (20 21 25 24)
            (24 25 29 28)
            (28 29 33 32)
            (32 33 37 36)
            (36 37 41 40)
            (40 41 45 44)
            (44 45 49 48)
            (48 49 53 52)
            (52 53 57 56)
            (56 57 61 60)
            (60 61 65 64)
        );
    }
);
