FoamFile
{
    version     2.0;
    format      ascii;
    class       dictionary;
    object      blockMeshDict;
}
// Generated by aether.cfd - do not edit by hand. Regenerate from the run config.

scale 1;

vertices
(
    (0 0 -0.03)
    (-0.282382176052 6.26193178212e-17 -0.03)
    (0 0 0)
    (-0.282382176052 6.26193178212e-17 0)
    (0.000892123935708 0.0415532564509 -0.03)
    (-0.278661238363 0.0924907250378 -0.03)
    (0.000892123935708 0.0415532564509 0)
    (-0.278661238363 0.0924907250378 0)
    (0.00356646572656 0.083029958731 -0.03)
    (-0.268197823162 0.18314926331 -0.03)
    (0.00356646572656 0.083029958731 0)
    (-0.268197823162 0.18314926331 0)
    (0.0080183975363 0.124353671746 -0.03)
    (-0.252560597737 0.271027704506 -0.03)
    (0.0080183975363 0.124353671746 0)
    (-0.252560597737 0.271027704506 0)
    (0.0142395042125 0.165448278797 -0.03)
    (-0.233290157786 0.356191741789 -0.03)
    (0.0142395042125 0.165448278797 0)
    (-0.233290157786 0.356191741789 0)
    (0.0222184499345 0.206238049048 -0.03)
    (-0.211456266841 0.439362437512 -0.03)
    (0.0222184499345 0.206238049048 0)
    (-0.211456266841 0.439362437512 0)
    (0.0319404932254 0.246647834542 -0.03)
    (-0.187644972606 0.521569114458 -0.03)
    (0.0319404932254 0.246647834542 0)
    (-0.187644972606 0.521569114458 0)
    (0.0433876782188 0.286603195829 -0.03)
    (-0.162082913282 0.603966309385 -0.03)
    (0.0433876782188 0.286603195829 0)
    (-0.162082913282 0.603966309385 0)
    (0.0565390400204 0.326030478215 -0.03)
    (-0.134750252306 0.687773967587 -0.03)
    (0.0565390400204 0.326030478215 0)
    (-0.134750252306 0.687773967587 0)
    (0.0713701419098 0.364857110761 -0.03)
    (-0.105451318722 0.774283084138 -0.03)
    (0.0713701419098 0.364857110761 0)
    (-0.105451318722 0.774283084138 0)
    (0.0878539418618 0.403011446144 -0.03)
    (-0.0738474774642 0.864899550693 -0.03)
    (0.0878539418618 0.403011446144 0)
    (-0.0738474774642 0.864899550693 0)
    (0.105959752201 0.440423323904 -0.03)
    (-0.0394640662494 0.961208523242 -0.03)
    (0.105959752201 0.440423323904 0)
    (-0.0394640662494 0.961208523242 0)
    (0.125654520828 0.477023666308 -0.03)
    (-0.00167369553553 1.06506952338 -0.03)
    (0.125654520828 0.477023666308 0)
    (-0.00167369553553 1.06506952338 0)
    (0.14690169968 0.512745176668 -0.03)
    (0.0403394119016 1.17873975067 -0.03)
    (0.14690169968 0.512745176668 0)
    (0.0403394119016 1.17873975067 0)
    (0.16966232307 0.547521935597 -0.03)
    (0.0876429398278 1.30505614129 -0.03)
    (0.16966232307 0.547521935597 0)
    (0.0876429398278 1.30505614129 0)
    (0.19372221072 0.581415424668 -0.03)
    (0.141300742172 1.44676630118 -0.03)
    (0.19372221072 0.581415424668 0)
    (0.141300742172 1.44676630118 0)
    (0.228943357684 0.6 -0.03)
    (0.228943357684 1.67569921783 -0.03)
    (0.228943357684 0.6 0)
    (0.228943357684 1.67569921783 0)
);

blocks
(
    hex (0 4 5 1 2 6 7 3) (4 48 1) simpleGrading (1 4 1)
    hex (4 8 9 5 6 10 11 7) (4 48 1) simpleGrading (1 4 1)
    hex (8 12 13 9 10 14 15 11) (4 48 1) simpleGrading (1 4 1)
    hex (12 16 17 13 14 18 19 15) (4 48 1) simpleGrading (1 4 1)
    hex (16 20 21 17 18 22 23 19) (4 48 1) simpleGrading (1 4 1)
    hex (20 24 25 21 22 26 27 23) (4 48 1) simpleGrading (1 4 1)
    hex (24 28 29 25 26 30 31 27) (4 48 1) simpleGrading (1 4 1)
    hex (28 32 33 29 30 34 35 31) (4 48 1) simpleGrading (1 4 1)
    hex (32 36 37 33 34 38 39 35) (4 48 1) simpleGrading (1 4 1)
    hex (36 40 41 37 38 42 43 39) (4 48 1) simpleGrading (1 4 1)
    hex (40 44 45 41 42 46 47 43) (4 48 1) simpleGrading (1 4 1)
    hex (44 48 49 45 46 50 51 47) (4 48 1) simpleGrading (1 4 1)
    hex (48 52 53 49 50 54 55 51) (4 48 1) simpleGrading (1 4 1)
    hex (52 56 57 53 54 58 59 55) (4 48 1) simpleGrading (1 4 1)
    hex (56 60 61 57 58 62 63 59) (4 48 1) simpleGrading (1 4 1)
    hex (60 64 65 61 62 66 67 63) (4 48 1) simpleGrading (1 4 1)
);

edges
(
    polyLine 0 4 ((4.29989916275e-07 0.000912530788072 -0.03) (1.71995928336e-06 0.00182506076569 -0.03) (3.8699069555e-06 0.0027375891224 -0.03) (6.87983102323e-06 0.00365011504774 -0.03) (1.07497288133e-05 0.00456263773128 -0.03) (1.54795968888e-05 0.00547515636255 -0.03) (2.10694310488e-05 0.00638767013112 -0.03) (2.75192263289e-05 0.00730017822654 -0.03) (3.48289770007e-05 0.00821267983838 -0.03) (4.2998676572e-05 0.00912517415622 -0.03) (5.20283177872e-05 0.0100376603696 -0.03) (6.19178926267e-05 0.0109501376682 -0.03) (7.26673923069e-05 0.0118626052415 -0.03) (8.4276807281e-05 0.0127750622791 -0.03) (9.67461272381e-05 0.0136875079707 -0.03) (0.000110075341104 0.0145999415059 -0.03) (0.00012426443704 0.0155123620743 -0.03) (0.000139313402444 0.0164247688656 -0.03) (0.000155222223951 0.0173371610693 -0.03) (0.000171990887432 0.0182495378752 -0.03) (0.000189619377994 0.019161898473 -0.03) (0.000208107679979 0.0200742420524 -0.03) (0.000227455776969 0.020986567803 -0.03) (0.000247663651778 0.0218988749146 -0.03) (0.00026873128646 0.0228111625769 -0.03) (0.000290658662304 0.0237234299797 -0.03) (0.000313445759835 0.0246356763128 -0.03) (0.000337092558815 0.025547900766 -0.03) (0.000361599038242 0.0264601025291 -0.03) (0.000386965176351 0.0273722807918 -0.03) (0.000413190950614 0.0282844347442 -0.03) (0.000440276337738 0.0291965635761 -0.03) (0.000468221313667 0.0301086664773 -0.03) (0.000497025853583 0.0310207426378 -0.03) (0.000526689931904 0.0319327912475 -0.03) (0.000557213522282 0.0328448114965 -0.03) (0.00058859659761 0.0337568025746 -0.03) (0.000620839130014 0.034668763672 -0.03) (0.000653941090858 0.0355806939787 -0.03) (0.000687902450745 0.0364925926848 -0.03) (0.00072272317951 0.0374044589803 -0.03) (0.000758403246228 0.0383162920554 -0.03) (0.000794942619211 0.0392280911003 -0.03) (0.000832341266006 0.0401398553052 -0.03) (0.000870599153399 0.0410515838603 -0.03))
    polyLine 2 6 ((4.29989916275e-07 0.000912530788072 0) (1.71995928336e-06 0.00182506076569 0) (3.8699069555e-06 0.0027375891224 0) (6.87983102323e-06 0.00365011504774 0) (1.07497288133e-05 0.00456263773128 0) (1.54795968888e-05 0.00547515636255 0) (2.10694310488e-05 0.00638767013112 0) (2.75192263289e-05 0.00730017822654 0) (3.48289770007e-05 0.00821267983838 0) (4.2998676572e-05 0.00912517415622 0) (5.20283177872e-05 0.0100376603696 0) (6.19178926267e-05 0.0109501376682 0) (7.26673923069e-05 0.0118626052415 0) (8.4276807281e-05 0.0127750622791 0) (9.67461272381e-05 0.0136875079707 0) (0.000110075341104 0.0145999415059 0) (0.00012426443704 0.0155123620743 0) (0.000139313402444 0.0164247688656 0) (0.000155222223951 0.0173371610693 0) (0.000171990887432 0.0182495378752 0) (0.000189619377994 0.019161898473 0) (0.000208107679979 0.0200742420524 0) (0.000227455776969 0.020986567803 0) (0.000247663651778 0.0218988749146 0) (0.00026873128646 0.0228111625769 0) (0.000290658662304 0.0237234299797 0) (0.000313445759835 0.0246356763128 0) (0.000337092558815 0.025547900766 0) (0.000361599038242 0.0264601025291 0) (0.000386965176351 0.0273722807918 0) (0.000413190950614 0.0282844347442 0) (0.000440276337738 0.0291965635761 0) (0.000468221313667 0.0301086664773 0) (0.000497025853583 0.0310207426378 0) (0.000526689931904 0.0319327912475 0) (0.000557213522282 0.0328448114965 0) (0.00058859659761 0.0337568025746 0) (0.000620839130014 0.034668763672 0) (0.000653941090858 0.0355806939787 0) (0.000687902450745 0.0364925926848 0) (0.00072272317951 0.0374044589803 0) (0.000758403246228 0.0383162920554 0) (0.000794942619211 0.0392280911003 0) (0.000832341266006 0.0401398553052 0) (0.000870599153399 0.0410515838603 0))
    polyLine 1 5 ((-0.282375696607 0.00383992762002 -0.03) (-0.282356258713 0.00767999642369 -0.03) (-0.282323863685 0.0115203477133 -0.03) (-0.282278513711 0.0153611230283 -0.03) (-0.282220211844 0.0192024642638 -0.03) (-0.282148961984 0.0230445137886 -0.03) (-0.282064768868 0.0268874145631 -0.03) (-0.28196763805 0.0307313102571 -0.03) (-0.281857575874 0.0345763453664 -0.03) (-0.281734589454 0.0384226653297 -0.03) (-0.281598686643 0.0422704166446 -0.03) (-0.281449875998 0.0461197469828 -0.03) (-0.281288166748 0.0499708053051 -0.03) (-0.281113568754 0.0538237419751 -0.03) (-0.280926092468 0.0576787088726 -0.03) (-0.28072574889 0.061535859506 -0.03) (-0.280512549517 0.0653953491238 -0.03) (-0.280286506298 0.0692573348253 -0.03) (-0.280047631579 0.0731219756706 -0.03) (-0.27979593805 0.076989432789 -0.03) (-0.279531438686 0.0808598694875 -0.03) (-0.279254146688 0.0847334513578 -0.03) (-0.278964075424 0.0886103463818 -0.03))
    polyLine 3 7 ((-0.282375696607 0.00383992762002 0) (-0.282356258713 0.00767999642369 0) (-0.282323863685 0.0115203477133 0) (-0.282278513711 0.0153611230283 0) (-0.282220211844 0.0192024642638 0) (-0.282148961984 0.0230445137886 0) (-0.282064768868 0.0268874145631 0) (-0.28196763805 0.0307313102571 0) (-0.281857575874 0.0345763453664 0) (-0.281734589454 0.0384226653297 0) (-0.281598686643 0.0422704166446 0) (-0.281449875998 0.0461197469828 0) (-0.281288166748 0.0499708053051 0) (-0.281113568754 0.0538237419751 0) (-0.280926092468 0.0576787088726 0) (-0.28072574889 0.061535859506 0) (-0.280512549517 0.0653953491238 0) (-0.280286506298 0.0692573348253 0) (-0.280047631579 0.0731219756706 0) (-0.27979593805 0.076989432789 0) (-0.279531438686 0.0808598694875 0) (-0.279254146688 0.0847334513578 0) (-0.278964075424 0.0886103463818 0))
    polyLine 4 8 ((0.00090971624741 0.0419632759558 -0.03) (0.000949692513299 0.0428749307821 -0.03) (0.00099052791556 0.0437865475294 -0.03) (0.00103222241793 0.0446981253881 -0.03) (0.00107477598337 0.0456096635487 -0.03) (0.00111818857409 0.0465211612015 -0.03) (0.00116246015154 0.0474326175369 -0.03) (0.00120759067639 0.0483440317456 -0.03) (0.00125358010857 0.0492554030181 -0.03) (0.00130042840722 0.0501667305448 -0.03) (0.00134813553074 0.0510780135164 -0.03) (0.00139670143677 0.0519892511237 -0.03) (0.00144612608216 0.0529004425572 -0.03) (0.00149640942302 0.0538115870077 -0.03) (0.00154755141469 0.054722683666 -0.03) (0.00159955201175 0.0556337317229 -0.03) (0.00165241116802 0.0565447303693 -0.03) (0.00170612883655 0.057455678796 -0.03) (0.00176070496963 0.058366576194 -0.03) (0.00181613951879 0.0592774217544 -0.03) (0.0018724324348 0.0601882146681 -0.03) (0.00192958366766 0.0610989541263 -0.03) (0.00198759316661 0.06200963932 -0.03) (0.00204646088014 0.0629202694405 -0.03) (0.00210618675595 0.063830843679 -0.03) (0.002166770741 0.0647413612268 -0.03) (0.0022282127815 0.0656518212752 -0.03) (0.00229051282286 0.0665622230156 -0.03) (0.00235367080976 0.0674725656394 -0.03) (0.0024176866861 0.0683828483382 -0.03) (0.00248256039503 0.0692930703034 -0.03) (0.00254829187893 0.0702032307267 -0.03) (0.00261488107942 0.0711133287997 -0.03) (0.00268232793737 0.0720233637141 -0.03) (0.00275063239287 0.0729333346616 -0.03) (0.00281979438525 0.0738432408342 -0.03) (0.0028898138531 0.0747530814237 -0.03) (0.00296069073421 0.0756628556219 -0.03) (0.00303242496566 0.0765725626209 -0.03) (0.00310501648371 0.0774822016128 -0.03) (0.00317846522392 0.0783917717897 -0.03) (0.00325277112103 0.0793012723437 -0.03) (0.00332793410906 0.0802107024671 -0.03) (0.00340395412125 0.0811200613521 -0.03) (0.00348083109008 0.0820293481912 -0.03) (0.00355856494729 0.0829385621768 -0.03))
    polyLine 6 10 ((0.00090971624741 0.0419632759558 0) (0.000949692513299 0.0428749307821 0) (0.00099052791556 0.0437865475294 0) (0.00103222241793 0.0446981253881 0) (0.00107477598337 0.0456096635487 0) (0.00111818857409 0.0465211612015 0) (0.00116246015154 0.0474326175369 0) (0.00120759067639 0.0483440317456 0) (0.00125358010857 0.0492554030181 0) (0.00130042840722 0.0501667305448 0) (0.00134813553074 0.0510780135164 0) (0.00139670143677 0.0519892511237 0) (0.00144612608216 0.0529004425572 0) (0.00149640942302 0.0538115870077 0) (0.00154755141469 0.054722683666 0) (0.00159955201175 0.0556337317229 0) (0.00165241116802 0.0565447303693 0) (0.00170612883655 0.057455678796 0) (0.00176070496963 0.058366576194 0) (0.00181613951879 0.0592774217544 0) (0.0018724324348 0.0601882146681 0) (0.00192958366766 0.0610989541263 0) (0.00198759316661 0.06200963932 0) (0.00204646088014 0.0629202694405 0) (0.00210618675595 0.063830843679 0) (0.002166770741 0.0647413612268 0) (0.0022282127815 0.0656518212752 0) (0.00229051282286 0.0665622230156 0) (0.00235367080976 0.0674725656394 0) (0.0024176866861 0.0683828483382 0) (0.00248256039503 0.0692930703034 0) (0.00254829187893 0.0702032307267 0) (0.00261488107942 0.0711133287997 0) (0.00268232793737 0.0720233637141 0) (0.00275063239287 0.0729333346616 0) (0.00281979438525 0.0738432408342 0) (0.0028898138531 0.0747530814237 0) (0.00296069073421 0.0756628556219 0) (0.00303242496566 0.0765725626209 0) (0.00310501648371 0.0774822016128 0) (0.00317846522392 0.0783917717897 0) (0.00325277112103 0.0793012723437 0) (0.00332793410906 0.0802107024671 0) (0.00340395412125 0.0811200613521 0) (0.00348083109008 0.0820293481912 0) (0.00355856494729 0.0829385621768 0))
    polyLine 5 9 ((-0.278359017248 0.0962132824339 -0.03) (-0.27804509354 0.09993935364 -0.03) (-0.277719479025 0.103669095735 -0.03) (-0.277382185348 0.107402668245 -0.03) (-0.277033223959 0.111140233226 -0.03) (-0.276672606053 0.11488195534 -0.03) (-0.276300342511 0.118628001945 -0.03) (-0.275916443836 0.122378543165 -0.03) (-0.275520920096 0.126133751979 -0.03) (-0.275113780857 0.129893804294 -0.03) (-0.274695035125 0.133658879027 -0.03) (-0.274264691276 0.137429158182 -0.03) (-0.273822756998 0.141204826934 -0.03) (-0.273369239224 0.1449860737 -0.03) (-0.272904144065 0.148773090225 -0.03) (-0.272427476749 0.152566071655 -0.03) (-0.271939241549 0.15636521662 -0.03) (-0.271439441723 0.160170727311 -0.03) (-0.270928079446 0.163982809561 -0.03) (-0.270405155743 0.167801672922 -0.03) (-0.26987067042 0.171627530749 -0.03) (-0.269324622002 0.175460600281 -0.03) (-0.268767007663 0.179301102718 -0.03))
    polyLine 7 11 ((-0.278359017248 0.0962132824339 0) (-0.27804509354 0.09993935364 0) (-0.277719479025 0.103669095735 0) (-0.277382185348 0.107402668245 0) (-0.277033223959 0.111140233226 0) (-0.276672606053 0.11488195534 0) (-0.276300342511 0.118628001945 0) (-0.275916443836 0.122378543165 0) (-0.275520920096 0.126133751979 0) (-0.275113780857 0.129893804294 0) (-0.274695035125 0.133658879027 0) (-0.274264691276 0.137429158182 0) (-0.273822756998 0.141204826934 0) (-0.273369239224 0.1449860737 0) (-0.272904144065 0.148773090225 0) (-0.272427476749 0.152566071655 0) (-0.271939241549 0.15636521662 0) (-0.271439441723 0.160170727311 0) (-0.270928079446 0.163982809561 0) (-0.270405155743 0.167801672922 0) (-0.26987067042 0.171627530749 0) (-0.269324622002 0.175460600281 0) (-0.268767007663 0.179301102718 0))
    polyLine 8 12 ((0.00363715562382 0.0838477025013 -0.03) (0.00371660304988 0.0847567683573 -0.03) (0.00379690715491 0.0856657589374 -0.03) (0.00387806786759 0.0865746734344 -0.03) (0.00396008511584 0.0874835110409 -0.03) (0.0040429588268 0.0883922709499 -0.03) (0.00412668892689 0.0893009523541 -0.03) (0.00421127534173 0.0902095544466 -0.03) (0.00429671799621 0.0911180764204 -0.03) (0.00438301681443 0.0920265174686 -0.03) (0.00447017171975 0.0929348767844 -0.03) (0.00455818263476 0.093843153561 -0.03) (0.00464704948131 0.0947513469917 -0.03) (0.00473677218045 0.09565945627 -0.03) (0.00482735065251 0.0965674805893 -0.03) (0.00491878481705 0.0974754191432 -0.03) (0.00501107459284 0.0983832711253 -0.03) (0.00510421989794 0.0992910357292 -0.03) (0.0051982206496 0.100198712149 -0.03) (0.00529307676435 0.101106299578 -0.03) (0.00538878815794 0.102013797211 -0.03) (0.00548535474536 0.102921204241 -0.03) (0.00558277644086 0.103828519862 -0.03) (0.0056810531579 0.10473574327 -0.03) (0.0057801848092 0.105642873657 -0.03) (0.00588017130673 0.106549910219 -0.03) (0.00598101256167 0.10745685215 -0.03) (0.00608270848446 0.108363698643 -0.03) (0.0061852589848 0.109270448895 -0.03) (0.00628866397159 0.110177102099 -0.03) (0.006392923353 0.111083657451 -0.03) (0.00649803703643 0.111990114145 -0.03) (0.00660400492853 0.112896471375 -0.03) (0.00671082693518 0.113802728338 -0.03) (0.00681850296152 0.114708884229 -0.03) (0.00692703291189 0.115614938241 -0.03) (0.00703641668993 0.116520889572 -0.03) (0.00714665419848 0.117426737415 -0.03) (0.00725774533963 0.118332480968 -0.03) (0.00736969001472 0.119238119424 -0.03) (0.00748248812433 0.12014365198 -0.03) (0.00759613956827 0.121049077832 -0.03) (0.00771064424562 0.121954396176 -0.03) (0.00782600205466 0.122859606207 -0.03) (0.00794221289295 0.123764707121 -0.03))
    polyLine 10 14 ((0.00363715562382 0.0838477025013 0) (0.00371660304988 0.0847567683573 0) (0.00379690715491 0.0856657589374 0) (0.00387806786759 0.0865746734344 0) (0.00396008511584 0.0874835110409 0) (0.0040429588268 0.0883922709499 0) (0.00412668892689 0.0893009523541 0) (0.00421127534173 0.0902095544466 0) (0.00429671799621 0.0911180764204 0) (0.00438301681443 0.0920265174686 0) (0.00447017171975 0.0929348767844 0) (0.00455818263476 0.093843153561 0) (0.00464704948131 0.0947513469917 0) (0.00473677218045 0.09565945627 0) (0.00482735065251 0.0965674805893 0) (0.00491878481705 0.0974754191432 0) (0.00501107459284 0.0983832711253 0) (0.00510421989794 0.0992910357292 0) (0.0051982206496 0.100198712149 0) (0.00529307676435 0.101106299578 0) (0.00538878815794 0.102013797211 0) (0.00548535474536 0.102921204241 0) (0.00558277644086 0.103828519862 0) (0.0056810531579 0.10473574327 0) (0.0057801848092 0.105642873657 0) (0.00588017130673 0.106549910219 0) (0.00598101256167 0.10745685215 0) (0.00608270848446 0.108363698643 0) (0.0061852589848 0.109270448895 0) (0.00628866397159 0.110177102099 0) (0.006392923353 0.111083657451 0) (0.00649803703643 0.111990114145 0) (0.00660400492853 0.112896471375 0) (0.00671082693518 0.113802728338 0) (0.00681850296152 0.114708884229 0) (0.00692703291189 0.115614938241 0) (0.00703641668993 0.116520889572 0) (0.00714665419848 0.117426737415 0) (0.00725774533963 0.118332480968 0) (0.00736969001472 0.119238119424 0) (0.00748248812433 0.12014365198 0) (0.00759613956827 0.121049077832 0) (0.00771064424562 0.121954396176 0) (0.00782600205466 0.122859606207 0) (0.00794221289295 0.123764707121 0))
    polyLine 9 13 ((-0.267661318483 0.186713871965 -0.03) (-0.267114914354 0.190285406398 -0.03) (-0.266558603895 0.193864054194 -0.03) (-0.265992379003 0.197450006131 -0.03) (-0.265416230305 0.201043456247 -0.03) (-0.264830147112 0.204644601892 -0.03) (-0.26423411738 0.208253643798 -0.03) (-0.263628127655 0.211870786134 -0.03) (-0.263012163034 0.215496236574 -0.03) (-0.262386207117 0.219130206362 -0.03) (-0.261750241962 0.222772910377 -0.03) (-0.261104248039 0.226424567203 -0.03) (-0.260448204184 0.230085399195 -0.03) (-0.259782087551 0.233755632554 -0.03) (-0.25910587357 0.237435497396 -0.03) (-0.258419535894 0.241125227829 -0.03) (-0.257723046361 0.244825062025 -0.03) (-0.257016374938 0.248535242304 -0.03) (-0.25629948968 0.252256015211 -0.03) (-0.255572356679 0.255987631597 -0.03) (-0.254834940019 0.259730346705 -0.03) (-0.254087201722 0.263484420257 -0.03) (-0.253329101708 0.267250116541 -0.03))
    polyLine 11 15 ((-0.267661318483 0.186713871965 0) (-0.267114914354 0.190285406398 0) (-0.266558603895 0.193864054194 0) (-0.265992379003 0.197450006131 0) (-0.265416230305 0.201043456247 0) (-0.264830147112 0.204644601892 0) (-0.26423411738 0.208253643798 0) (-0.263628127655 0.211870786134 0) (-0.263012163034 0.215496236574 0) (-0.262386207117 0.219130206362 0) (-0.261750241962 0.222772910377 0) (-0.261104248039 0.226424567203 0) (-0.260448204184 0.230085399195 0) (-0.259782087551 0.233755632554 0) (-0.25910587357 0.237435497396 0) (-0.258419535894 0.241125227829 0) (-0.257723046361 0.244825062025 0) (-0.257016374938 0.248535242304 0) (-0.25629948968 0.252256015211 0) (-0.255572356679 0.255987631597 0) (-0.254834940019 0.259730346705 0) (-0.254087201722 0.263484420257 0) (-0.253329101708 0.267250116541 0))
    polyLine 12 16 ((0.00805927665728 0.124669698115 -0.03) (0.00817719324368 0.125574578385 -0.03) (0.00829596254741 0.126479347127 -0.03) (0.00841558446301 0.127384003538 -0.03) (0.00853605888422 0.128288546813 -0.03) (0.00865738570404 0.129192976151 -0.03) (0.00877956481473 0.130097290747 -0.03) (0.00890259610778 0.131001489799 -0.03) (0.0090264794739 0.131905572503 -0.03) (0.00915121480308 0.132809538056 -0.03) (0.00927680198453 0.133713385656 -0.03) (0.00940324090672 0.1346171145 -0.03) (0.00953053145735 0.135520723785 -0.03) (0.00965867352336 0.136424212709 -0.03) (0.00978766699095 0.137327580468 -0.03) (0.00991751174556 0.138230826262 -0.03) (0.0100482076719 0.139133949287 -0.03) (0.0101797546538 0.140036948742 -0.03) (0.0103121525745 0.140939823825 -0.03) (0.0104454013164 0.141842573733 -0.03) (0.0105795007612 0.142745197665 -0.03) (0.0107144507897 0.14364769482 -0.03) (0.0108502512821 0.144550064395 -0.03) (0.0109869021178 0.14545230559 -0.03) (0.0111244031754 0.146354417602 -0.03) (0.0112627543329 0.147256399632 -0.03) (0.0114019554673 0.148158250877 -0.03) (0.0115420064549 0.149059970536 -0.03) (0.0116829071715 0.14996155781 -0.03) (0.0118246574919 0.150863011897 -0.03) (0.0119672572901 0.151764331996 -0.03) (0.0121107064396 0.152665517308 -0.03) (0.0122550048129 0.153566567031 -0.03) (0.0124001522819 0.154467480366 -0.03) (0.0125461487177 0.155368256511 -0.03) (0.0126929939905 0.156268894668 -0.03) (0.01284068797 0.157169394037 -0.03) (0.0129892305251 0.158069753817 -0.03) (0.0131386215237 0.158969973209 -0.03) (0.0132888608332 0.159870051413 -0.03) (0.0134399483202 0.16076998763 -0.03) (0.0135918838504 0.161669781062 -0.03) (0.013744667289 0.162569430907 -0.03) (0.0138982985002 0.163468936369 -0.03) (0.0140527773477 0.164368296647 -0.03) (0.0142081036941 0.165267510943 -0.03))
    polyLine 14 18 ((0.00805927665728 0.124669698115 0) (0.00817719324368 0.125574578385 0) (0.00829596254741 0.126479347127 0) (0.00841558446301 0.127384003538 0) (0.00853605888422 0.128288546813 0) (0.00865738570404 0.129192976151 0) (0.00877956481473 0.130097290747 0) (0.00890259610778 0.131001489799 0) (0.0090264794739 0.131905572503 0) (0.00915121480308 0.132809538056 0) (0.00927680198453 0.133713385656 0) (0.00940324090672 0.1346171145 0) (0.00953053145735 0.135520723785 0) (0.00965867352336 0.136424212709 0) (0.00978766699095 0.137327580468 0) (0.00991751174556 0.138230826262 0) (0.0100482076719 0.139133949287 0) (0.0101797546538 0.140036948742 0) (0.0103121525745 0.140939823825 0) (0.0104454013164 0.141842573733 0) (0.0105795007612 0.142745197665 0) (0.0107144507897 0.14364769482 0) (0.0108502512821 0.144550064395 0) (0.0109869021178 0.14545230559 0) (0.0111244031754 0.146354417602 0) (0.0112627543329 0.147256399632 0) (0.0114019554673 0.148158250877 0) (0.0115420064549 0.149059970536 0) (0.0116829071715 0.14996155781 0) (0.0118246574919 0.150863011897 0) (0.0119672572901 0.151764331996 0) (0.0121107064396 0.152665517308 0) (0.0122550048129 0.153566567031 0) (0.0124001522819 0.154467480366 0) (0.0125461487177 0.155368256511 0) (0.0126929939905 0.156268894668 0) (0.01284068797 0.157169394037 0) (0.0129892305251 0.158069753817 0) (0.0131386215237 0.158969973209 0) (0.0132888608332 0.159870051413 0) (0.0134399483202 0.16076998763 0) (0.0135918838504 0.161669781062 0) (0.013744667289 0.162569430907 0) (0.0138982985002 0.163468936369 0) (0.0140527773477 0.164368296647 0) (0.0142081036941 0.165267510943 0))
    polyLine 13 17 ((-0.251859316277 0.274441298712 -0.03) (-0.251149520859 0.277864969768 -0.03) (-0.250431175905 0.281298924417 -0.03) (-0.249704244287 0.284743372715 -0.03) (-0.248968687303 0.288198528096 -0.03) (-0.248224464636 0.291664607434 -0.03) (-0.247471534333 0.29514183111 -0.03) (-0.246709852765 0.29863042308 -0.03) (-0.245939374595 0.302130610944 -0.03) (-0.24516005275 0.305642626017 -0.03) (-0.244371838381 0.309166703403 -0.03) (-0.243574680832 0.312703082069 -0.03) (-0.242768527606 0.316252004926 -0.03) (-0.241953324325 0.319813718902 -0.03) (-0.241129014698 0.323388475033 -0.03) (-0.240295540482 0.32697652854 -0.03) (-0.239452841445 0.330578138919 -0.03) (-0.238600855328 0.33419357003 -0.03) (-0.237739517802 0.337823090189 -0.03) (-0.236868762435 0.341466972261 -0.03) (-0.235988520644 0.345125493761 -0.03) (-0.235098721655 0.348798936948 -0.03) (-0.234199292464 0.352487588934 -0.03))
    polyLine 15 19 ((-0.251859316277 0.274441298712 0) (-0.251149520859 0.277864969768 0) (-0.250431175905 0.281298924417 0) (-0.249704244287 0.284743372715 0) (-0.248968687303 0.288198528096 0) (-0.248224464636 0.291664607434 0) (-0.247471534333 0.29514183111 0) (-0.246709852765 0.29863042308 0) (-0.245939374595 0.302130610944 0) (-0.24516005275 0.305642626017 0) (-0.244371838381 0.309166703403 0) (-0.243574680832 0.312703082069 0) (-0.242768527606 0.316252004926 0) (-0.241953324325 0.319813718902 0) (-0.241129014698 0.323388475033 0) (-0.240295540482 0.32697652854 0) (-0.239452841445 0.330578138919 0) (-0.238600855328 0.33419357003 0) (-0.237739517802 0.337823090189 0) (-0.236868762435 0.341466972261 0) (-0.235988520644 0.345125493761 0) (-0.235098721655 0.348798936948 0) (-0.234199292464 0.352487588934 0))
    polyLine 16 20 ((0.0143642774016 0.166166578458 -0.03) (0.0145212983314 0.167065498394 -0.03) (0.0146791663441 0.167964269953 -0.03) (0.0148378812995 0.168862892336 -0.03) (0.0149974430566 0.169761364745 -0.03) (0.0151578514738 0.170659686382 -0.03) (0.0153191064084 0.171557856449 -0.03) (0.0154812077174 0.17245587415 -0.03) (0.0156441552567 0.173353738685 -0.03) (0.0158079488817 0.174251449257 -0.03) (0.0159725884468 0.175149005071 -0.03) (0.0161380738059 0.176046405327 -0.03) (0.0163044048119 0.176943649229 -0.03) (0.0164715813172 0.177840735981 -0.03) (0.0166396031732 0.178737664785 -0.03) (0.0168084702308 0.179634434846 -0.03) (0.01697818234 0.180531045365 -0.03) (0.0171487393499 0.181427495548 -0.03) (0.0173201411092 0.182323784598 -0.03) (0.0174923874657 0.183219911719 -0.03) (0.0176654782663 0.184115876115 -0.03) (0.0178394133573 0.18501167699 -0.03) (0.0180141925842 0.185907313549 -0.03) (0.0181898157919 0.186802784997 -0.03) (0.0183662828243 0.187698090537 -0.03) (0.0185435935247 0.188593229375 -0.03) (0.0187217477356 0.189488200716 -0.03) (0.0189007452988 0.190383003765 -0.03) (0.0190805860553 0.191277637727 -0.03) (0.0192612698455 0.192172101808 -0.03) (0.0194427965087 0.193066395213 -0.03) (0.0196251658839 0.193960517149 -0.03) (0.0198083778091 0.19485446682 -0.03) (0.0199924321214 0.195748243433 -0.03) (0.0201773286575 0.196641846194 -0.03) (0.0203630672531 0.19753527431 -0.03) (0.0205496477434 0.198428526987 -0.03) (0.0207370699625 0.199321603432 -0.03) (0.020925333744 0.200214502851 -0.03) (0.0211144389207 0.201107224451 -0.03) (0.0213043853247 0.201999767441 -0.03) (0.0214951727872 0.202892131026 -0.03) (0.0216868011388 0.203784314414 -0.03) (0.0218792702094 0.204676316814 -0.03) (0.0220725798279 0.205568137432 -0.03))
    polyLine 18 22 ((0.0143642774016 0.166166578458 0) (0.0145212983314 0.167065498394 0) (0.0146791663441 0.167964269953 0) (0.0148378812995 0.168862892336 0) (0.0149974430566 0.169761364745 0) (0.0151578514738 0.170659686382 0) (0.0153191064084 0.171557856449 0) (0.0154812077174 0.17245587415 0) (0.0156441552567 0.173353738685 0) (0.0158079488817 0.174251449257 0) (0.0159725884468 0.175149005071 0) (0.0161380738059 0.176046405327 0) (0.0163044048119 0.176943649229 0) (0.0164715813172 0.177840735981 0) (0.0166396031732 0.178737664785 0) (0.0168084702308 0.179634434846 0) (0.01697818234 0.180531045365 0) (0.0171487393499 0.181427495548 0) (0.0173201411092 0.182323784598 0) (0.0174923874657 0.183219911719 0) (0.0176654782663 0.184115876115 0) (0.0178394133573 0.18501167699 0) (0.0180141925842 0.185907313549 0) (0.0181898157919 0.186802784997 0) (0.0183662828243 0.187698090537 0) (0.0185435935247 0.188593229375 0) (0.0187217477356 0.189488200716 0) (0.0189007452988 0.190383003765 0) (0.0190805860553 0.191277637727 0) (0.0192612698455 0.192172101808 0) (0.0194427965087 0.193066395213 0) (0.0196251658839 0.193960517149 0) (0.0198083778091 0.19485446682 0) (0.0199924321214 0.195748243433 0) (0.0201773286575 0.196641846194 0) (0.0203630672531 0.19753527431 0) (0.0205496477434 0.198428526987 0) (0.0207370699625 0.199321603432 0) (0.020925333744 0.200214502851 0) (0.0211144389207 0.201107224451 0) (0.0213043853247 0.201999767441 0) (0.0214951727872 0.202892131026 0) (0.0216868011388 0.203784314414 0) (0.0218792702094 0.204676316814 0) (0.0220725798279 0.205568137432 0))
    polyLine 17 21 ((-0.232475205116 0.359492012523 -0.03) (-0.23165249278 0.362804934714 -0.03) (-0.230821963494 0.366130722684 -0.03) (-0.229983558452 0.369469594097 -0.03) (-0.229137217298 0.372821770026 -0.03) (-0.2282828781 0.376187475017 -0.03) (-0.227420477324 0.379566937166 -0.03) (-0.226549949798 0.382960388185 -0.03) (-0.225671228691 0.386368063485 -0.03) (-0.224784245472 0.389790202242 -0.03) (-0.223888929891 0.393227047487 -0.03) (-0.222985209933 0.396678846176 -0.03) (-0.222073011799 0.400145849281 -0.03) (-0.221152259861 0.403628311871 -0.03) (-0.220222876634 0.407126493202 -0.03) (-0.219284782737 0.410640656803 -0.03) (-0.21833789686 0.414171070572 -0.03) (-0.217382135722 0.417718006872 -0.03) (-0.216417414038 0.421281742623 -0.03) (-0.215443644473 0.424862559409 -0.03) (-0.214460737609 0.428460743574 -0.03) (-0.213468601898 0.432076586335 -0.03) (-0.21246714362 0.435710383887 -0.03))
    polyLine 19 23 ((-0.232475205116 0.359492012523 0) (-0.23165249278 0.362804934714 0) (-0.230821963494 0.366130722684 0) (-0.229983558452 0.369469594097 0) (-0.229137217298 0.372821770026 0) (-0.2282828781 0.376187475017 0) (-0.227420477324 0.379566937166 0) (-0.226549949798 0.382960388185 0) (-0.225671228691 0.386368063485 0) (-0.224784245472 0.389790202242 0) (-0.223888929891 0.393227047487 0) (-0.222985209933 0.396678846176 0) (-0.222073011799 0.400145849281 0) (-0.221152259861 0.403628311871 0) (-0.220222876634 0.407126493202 0) (-0.219284782737 0.410640656803 0) (-0.21833789686 0.414171070572 0) (-0.217382135722 0.417718006872 0) (-0.216417414038 0.421281742623 0) (-0.215443644473 0.424862559409 0) (-0.214460737609 0.428460743574 0) (-0.213468601898 0.432076586335 0) (-0.21246714362 0.435710383887 0))
    polyLine 20 24 ((0.0222667298228 0.206459775478 -0.03) (0.0224617200215 0.207351230158 -0.03) (0.0226575502509 0.208242500681 -0.03) (0.022854220337 0.209133586255 -0.03) (0.0230517301052 0.21002448609 -0.03) (0.0232500793801 0.210915199394 -0.03) (0.0234492679855 0.211805725375 -0.03) (0.0236492957445 0.212696063243 -0.03) (0.0238501624795 0.213586212208 -0.03) (0.024051868012 0.214476171478 -0.03) (0.0242544121629 0.215365940263 -0.03) (0.0244577947523 0.216255517773 -0.03) (0.0246620155997 0.217144903218 -0.03) (0.0248670745235 0.218034095808 -0.03) (0.0250729713417 0.218923094753 -0.03) (0.0252797058715 0.219811899263 -0.03) (0.0254872779292 0.22070050855 -0.03) (0.0256956873304 0.221588921825 -0.03) (0.0259049338901 0.222477138297 -0.03) (0.0261150174225 0.223365157178 -0.03) (0.0263259377408 0.22425297768 -0.03) (0.0265376946579 0.225140599013 -0.03) (0.0267502879857 0.226028020391 -0.03) (0.0269637175352 0.226915241024 -0.03) (0.0271779831171 0.227802260124 -0.03) (0.0273930845409 0.228689076904 -0.03) (0.0276090216157 0.229575690577 -0.03) (0.0278257941496 0.230462100353 -0.03) (0.0280434019502 0.231348305448 -0.03) (0.0282618448241 0.232234305072 -0.03) (0.0284811225774 0.233120098441 -0.03) (0.0287012350153 0.234005684765 -0.03) (0.0289221819424 0.23489106326 -0.03) (0.0291439631623 0.235776233139 -0.03) (0.0293665784781 0.236661193616 -0.03) (0.0295900276922 0.237545943904 -0.03) (0.0298143106059 0.238430483219 -0.03) (0.0300394270203 0.239314810773 -0.03) (0.0302653767352 0.240198925783 -0.03) (0.0304921595501 0.241082827463 -0.03) (0.0307197752636 0.241966515027 -0.03) (0.0309482236734 0.242849987691 -0.03) (0.0311775045766 0.24373324467 -0.03) (0.0314076177698 0.24461628518 -0.03) (0.0316385630484 0.245499108437 -0.03) (0.0318703402073 0.246381713656 -0.03))
    polyLine 22 26 ((0.0222667298228 0.206459775478 0) (0.0224617200215 0.207351230158 0) (0.0226575502509 0.208242500681 0) (0.022854220337 0.209133586255 0) (0.0230517301052 0.21002448609 0) (0.0232500793801 0.210915199394 0) (0.0234492679855 0.211805725375 0) (0.0236492957445 0.212696063243 0) (0.0238501624795 0.213586212208 0) (0.024051868012 0.214476171478 0) (0.0242544121629 0.215365940263 0) (0.0244577947523 0.216255517773 0) (0.0246620155997 0.217144903218 0) (0.0248670745235 0.218034095808 0) (0.0250729713417 0.218923094753 0) (0.0252797058715 0.219811899263 0) (0.0254872779292 0.22070050855 0) (0.0256956873304 0.221588921825 0) (0.0259049338901 0.222477138297 0) (0.0261150174225 0.223365157178 0) (0.0263259377408 0.22425297768 0) (0.0265376946579 0.225140599013 0) (0.0267502879857 0.226028020391 0) (0.0269637175352 0.226915241024 0) (0.0271779831171 0.227802260124 0) (0.0273930845409 0.228689076904 0) (0.0276090216157 0.229575690577 0) (0.0278257941496 0.230462100353 0) (0.0280434019502 0.231348305448 0) (0.0282618448241 0.232234305072 0) (0.0284811225774 0.233120098441 0) (0.0287012350153 0.234005684765 0) (0.0289221819424 0.23489106326 0) (0.0291439631623 0.235776233139 0) (0.0293665784781 0.236661193616 0) (0.0295900276922 0.237545943904 0) (0.0298143106059 0.238430483219 0) (0.0300394270203 0.239314810773 0) (0.0302653767352 0.240198925783 0) (0.0304921595501 0.241082827463 0) (0.0307197752636 0.241966515027 0) (0.0309482236734 0.242849987691 0) (0.0311775045766 0.24373324467 0) (0.0314076177698 0.24461628518 0) (0.0316385630484 0.245499108437 0) (0.0318703402073 0.246381713656 0))
    polyLine 21 25 ((-0.210556695594 0.442599241886 -0.03) (-0.209649650879 0.445850702876 -0.03) (-0.208735062394 0.449117037554 -0.03) (-0.207812858389 0.452398466345 -0.03) (-0.20688296564 0.455695213099 -0.03) (-0.205945309422 0.459007505155 -0.03) (-0.204999813478 0.462335573421 -0.03) (-0.204046399993 0.465679652437 -0.03) (-0.203084989567 0.469039980462 -0.03) (-0.202115501177 0.472416799542 -0.03) (-0.201137852154 0.475810355592 -0.03) (-0.200151958145 0.479220898482 -0.03) (-0.199157733086 0.482648682113 -0.03) (-0.198155089164 0.486093964508 -0.03) (-0.197143936784 0.489557007898 -0.03) (-0.196124184535 0.493038078811 -0.03) (-0.195095739151 0.496537448167 -0.03) (-0.194058505477 0.500055391373 -0.03) (-0.19301238643 0.503592188415 -0.03) (-0.191957282956 0.507148123968 -0.03) (-0.190893093997 0.510723487487 -0.03) (-0.189819716443 0.514318573324 -0.03) (-0.188737045091 0.517933680828 -0.03))
    polyLine 23 27 ((-0.210556695594 0.442599241886 0) (-0.209649650879 0.445850702876 0) (-0.208735062394 0.449117037554 0) (-0.207812858389 0.452398466345 0) (-0.20688296564 0.455695213099 0) (-0.205945309422 0.459007505155 0) (-0.204999813478 0.462335573421 0) (-0.204046399993 0.465679652437 0) (-0.203084989567 0.469039980462 0) (-0.202115501177 0.472416799542 0) (-0.201137852154 0.475810355592 0) (-0.200151958145 0.479220898482 0) (-0.199157733086 0.482648682113 0) (-0.198155089164 0.486093964508 0) (-0.197143936784 0.489557007898 0) (-0.196124184535 0.493038078811 0) (-0.195095739151 0.496537448167 0) (-0.194058505477 0.500055391373 0) (-0.19301238643 0.503592188415 0) (-0.191957282956 0.507148123968 0) (-0.190893093997 0.510723487487 0) (-0.189819716443 0.514318573324 0) (-0.188737045091 0.517933680828 0))
    polyLine 24 28 ((0.0321029490408 0.247264100053 -0.03) (0.0323363893422 0.248146266846 -0.03) (0.0325706609042 0.24902821325 -0.03) (0.0328057635187 0.249909938482 -0.03) (0.033041696977 0.250791441759 -0.03) (0.0332784610694 0.251672722298 -0.03) (0.0335160555858 0.252553779316 -0.03) (0.033754480315 0.253434612032 -0.03) (0.0339937350453 0.254315219662 -0.03) (0.0342338195643 0.255195601424 -0.03) (0.0344747336587 0.256075756538 -0.03) (0.0347164771146 0.25695568422 -0.03) (0.0349590497172 0.257835383689 -0.03) (0.0352024512511 0.258714854165 -0.03) (0.0354466815001 0.259594094865 -0.03) (0.0356917402473 0.26047310501 -0.03) (0.0359376272752 0.261351883818 -0.03) (0.0361843423652 0.262230430509 -0.03) (0.0364318852983 0.263108744303 -0.03) (0.0366802558546 0.263986824419 -0.03) (0.0369294538135 0.264864670078 -0.03) (0.0371794789538 0.265742280501 -0.03) (0.0374303310533 0.266619654907 -0.03) (0.0376820098893 0.267496792517 -0.03) (0.0379345152382 0.268373692553 -0.03) (0.0381878468758 0.269250354235 -0.03) (0.038442004577 0.270126776786 -0.03) (0.0386969881162 0.271002959426 -0.03) (0.0389527972669 0.271878901377 -0.03) (0.039209431802 0.272754601862 -0.03) (0.0394668914933 0.273630060103 -0.03) (0.0397251761124 0.274505275322 -0.03) (0.0399842854298 0.275380246742 -0.03) (0.0402442192155 0.276254973586 -0.03) (0.0405049772384 0.277129455077 -0.03) (0.0407665592671 0.278003690438 -0.03) (0.0410289650692 0.278877678892 -0.03) (0.0412921944117 0.279751419665 -0.03) (0.0415562470607 0.280624911979 -0.03) (0.0418211227819 0.281498155059 -0.03) (0.0420868213398 0.282371148129 -0.03) (0.0423533424987 0.283243890414 -0.03) (0.0426206860216 0.284116381138 -0.03) (0.0428888516713 0.284988619528 -0.03) (0.0431578392094 0.285860604808 -0.03))
    polyLine 26 30 ((0.0321029490408 0.247264100053 0) (0.0323363893422 0.248146266846 0) (0.0325706609042 0.24902821325 0) (0.0328057635187 0.249909938482 0) (0.033041696977 0.250791441759 0) (0.0332784610694 0.251672722298 0) (0.0335160555858 0.252553779316 0) (0.033754480315 0.253434612032 0) (0.0339937350453 0.254315219662 0) (0.0342338195643 0.255195601424 0) (0.0344747336587 0.256075756538 0) (0.0347164771146 0.25695568422 0) (0.0349590497172 0.257835383689 0) (0.0352024512511 0.258714854165 0) (0.0354466815001 0.259594094865 0) (0.0356917402473 0.26047310501 0) (0.0359376272752 0.261351883818 0) (0.0361843423652 0.262230430509 0) (0.0364318852983 0.263108744303 0) (0.0366802558546 0.263986824419 0) (0.0369294538135 0.264864670078 0) (0.0371794789538 0.265742280501 0) (0.0374303310533 0.266619654907 0) (0.0376820098893 0.267496792517 0) (0.0379345152382 0.268373692553 0) (0.0381878468758 0.269250354235 0) (0.038442004577 0.270126776786 0) (0.0386969881162 0.271002959426 0) (0.0389527972669 0.271878901377 0) (0.039209431802 0.272754601862 0) (0.0394668914933 0.273630060103 0) (0.0397251761124 0.274505275322 0) (0.0399842854298 0.275380246742 0) (0.0402442192155 0.276254973586 0) (0.0405049772384 0.277129455077 0) (0.0407665592671 0.278003690438 0) (0.0410289650692 0.278877678892 0) (0.0412921944117 0.279751419665 0) (0.0415562470607 0.280624911979 0) (0.0418211227819 0.281498155059 0) (0.0420868213398 0.282371148129 0) (0.0423533424987 0.283243890414 0) (0.0426206860216 0.284116381138 0) (0.0428888516713 0.284988619528 0) (0.0431578392094 0.285860604808 0))
    polyLine 25 29 ((-0.18667322478 0.5247948386 -0.03) (-0.185693991819 0.528036853539 -0.03) (-0.184707195615 0.531295378944 -0.03) (-0.183712756656 0.534570637854 -0.03) (-0.182710594004 0.537862856752 -0.03) (-0.181700625263 0.541172265627 -0.03) (-0.180682766553 0.544499098049 -0.03) (-0.179656932484 0.547843591242 -0.03) (-0.178623036122 0.551205986155 -0.03) (-0.177580988962 0.554586527542 -0.03) (-0.176530700898 0.557985464039 -0.03) (-0.175472080189 0.561403048243 -0.03) (-0.174405033427 0.564839536794 -0.03) (-0.173329465507 0.568295190464 -0.03) (-0.172245279587 0.571770274237 -0.03) (-0.17115237706 0.5752650574 -0.03) (-0.170050657514 0.578779813634 -0.03) (-0.168940018695 0.582314821108 -0.03) (-0.167820356472 0.585870362574 -0.03) (-0.166691564798 0.589446725462 -0.03) (-0.165553535668 0.593044201985 -0.03) (-0.164406159079 0.59666308924 -0.03) (-0.163249322991 0.600303689312 -0.03))
    polyLine 27 31 ((-0.18667322478 0.5247948386 0) (-0.185693991819 0.528036853539 0) (-0.184707195615 0.531295378944 0) (-0.183712756656 0.534570637854 0) (-0.182710594004 0.537862856752 0) (-0.181700625263 0.541172265627 0) (-0.180682766553 0.544499098049 0) (-0.179656932484 0.547843591242 0) (-0.178623036122 0.551205986155 0) (-0.177580988962 0.554586527542 0) (-0.176530700898 0.557985464039 0) (-0.175472080189 0.561403048243 0) (-0.174405033427 0.564839536794 0) (-0.173329465507 0.568295190464 0) (-0.172245279587 0.571770274237 0) (-0.17115237706 0.5752650574 0) (-0.170050657514 0.578779813634 0) (-0.168940018695 0.582314821108 0) (-0.167820356472 0.585870362574 0) (-0.166691564798 0.589446725462 0) (-0.165553535668 0.593044201985 0) (-0.164406159079 0.59666308924 0) (-0.163249322991 0.600303689312 0))
    polyLine 28 32 ((0.0434276483973 0.286732336204 -0.03) (0.0436982789951 0.287603812941 -0.03) (0.0439697307626 0.288475034246 -0.03) (0.0442420034586 0.289345999344 -0.03) (0.0445150968414 0.290216707463 -0.03) (0.0447890106683 0.291087157829 -0.03) (0.0450637446962 0.291957349669 -0.03) (0.045339298681 0.29282728221 -0.03) (0.0456156723781 0.293696954679 -0.03) (0.0458928655418 0.294566366304 -0.03) (0.0461708779261 0.295435516313 -0.03) (0.046449709284 0.296304403934 -0.03) (0.0467293593679 0.297173028395 -0.03) (0.0470098279295 0.298041388925 -0.03) (0.0472911147195 0.298909484753 -0.03) (0.0475732194883 0.299777315107 -0.03) (0.0478561419853 0.300644879217 -0.03) (0.0481398819591 0.301512176312 -0.03) (0.0484244391578 0.302379205622 -0.03) (0.0487098133286 0.303245966378 -0.03) (0.0489960042182 0.304112457808 -0.03) (0.0492830115723 0.304978679144 -0.03) (0.049570835136 0.305844629616 -0.03) (0.0498594746537 0.306710308455 -0.03) (0.050148929869 0.307575714893 -0.03) (0.0504392005249 0.30844084816 -0.03) (0.0507302863636 0.309305707489 -0.03) (0.0510221871265 0.310170292111 -0.03) (0.0513149025545 0.311034601259 -0.03) (0.0516084323874 0.311898634164 -0.03) (0.0519027763646 0.312762390059 -0.03) (0.0521979342248 0.313625868178 -0.03) (0.0524939057057 0.314489067753 -0.03) (0.0527906905446 0.315351988018 -0.03) (0.0530882884777 0.316214628206 -0.03) (0.0533866992408 0.317076987552 -0.03) (0.053685922569 0.317939065288 -0.03) (0.0539859581963 0.318800860651 -0.03) (0.0542868058564 0.319662372873 -0.03) (0.054588465282 0.320523601191 -0.03) (0.0548909362053 0.321384544838 -0.03) (0.0551942183576 0.322245203052 -0.03) (0.0554983114695 0.323105575066 -0.03) (0.055803215271 0.323965660118 -0.03) (0.0561089294913 0.324825457443 -0.03) (0.0564154538588 0.325684966277 -0.03))
    polyLine 30 34 ((0.0434276483973 0.286732336204 0) (0.0436982789951 0.287603812941 0) (0.0439697307626 0.288475034246 0) (0.0442420034586 0.289345999344 0) (0.0445150968414 0.290216707463 0) (0.0447890106683 0.291087157829 0) (0.0450637446962 0.291957349669 0) (0.045339298681 0.29282728221 0) (0.0456156723781 0.293696954679 0) (0.0458928655418 0.294566366304 0) (0.0461708779261 0.295435516313 0) (0.046449709284 0.296304403934 0) (0.0467293593679 0.297173028395 0) (0.0470098279295 0.298041388925 0) (0.0472911147195 0.298909484753 0) (0.0475732194883 0.299777315107 0) (0.0478561419853 0.300644879217 0) (0.0481398819591 0.301512176312 0) (0.0484244391578 0.302379205622 0) (0.0487098133286 0.303245966378 0) (0.0489960042182 0.304112457808 0) (0.0492830115723 0.304978679144 0) (0.049570835136 0.305844629616 0) (0.0498594746537 0.306710308455 0) (0.050148929869 0.307575714893 0) (0.0504392005249 0.30844084816 0) (0.0507302863636 0.309305707489 0) (0.0510221871265 0.310170292111 0) (0.0513149025545 0.311034601259 0) (0.0516084323874 0.311898634164 0) (0.0519027763646 0.312762390059 0) (0.0521979342248 0.313625868178 0) (0.0524939057057 0.314489067753 0) (0.0527906905446 0.315351988018 0) (0.0530882884777 0.316214628206 0) (0.0533866992408 0.317076987552 0) (0.053685922569 0.317939065288 0) (0.0539859581963 0.318800860651 0) (0.0542868058564 0.319662372873 0) (0.054588465282 0.320523601191 0) (0.0548909362053 0.321384544838 0) (0.0551942183576 0.322245203052 0) (0.0554983114695 0.323105575066 0) (0.055803215271 0.323965660118 0) (0.0561089294913 0.324825457443 0) (0.0564154538588 0.325684966277 0))
    polyLine 29 33 ((-0.161040384676 0.607233162061 -0.03) (-0.159990152559 0.610517800368 -0.03) (-0.158932133052 0.613820449056 -0.03) (-0.157866240884 0.617141336298 -0.03) (-0.156792389361 0.620480693758 -0.03) (-0.155710490345 0.623838756659 -0.03) (-0.154620454216 0.627215763855 -0.03) (-0.153522189856 0.630611957899 -0.03) (-0.152415604609 0.634027585122 -0.03) (-0.151300604257 0.637462895708 -0.03) (-0.150177092988 0.640918143768 -0.03) (-0.149044973364 0.644393587423 -0.03) (-0.147904146288 0.647889488883 -0.03) (-0.146754510975 0.651406114533 -0.03) (-0.145595964911 0.654943735016 -0.03) (-0.144428403827 0.658502625322 -0.03) (-0.143251721656 0.662083064875 -0.03) (-0.1420658105 0.66568533763 -0.03) (-0.140870560595 0.669309732163 -0.03) (-0.139665860267 0.672956541769 -0.03) (-0.138451595898 0.67662606456 -0.03) (-0.137227651881 0.680318603568 -0.03) (-0.135993910585 0.684034466849 -0.03))
    polyLine 31 35 ((-0.161040384676 0.607233162061 0) (-0.159990152559 0.610517800368 0) (-0.158932133052 0.613820449056 0) (-0.157866240884 0.617141336298 0) (-0.156792389361 0.620480693758 0) (-0.155710490345 0.623838756659 0) (-0.154620454216 0.627215763855 0) (-0.153522189856 0.630611957899 0) (-0.152415604609 0.634027585122 0) (-0.151300604257 0.637462895708 0) (-0.150177092988 0.640918143768 0) (-0.149044973364 0.644393587423 0) (-0.147904146288 0.647889488883 0) (-0.146754510975 0.651406114533 0) (-0.145595964911 0.654943735016 0) (-0.144428403827 0.658502625322 0) (-0.143251721656 0.662083064875 0) (-0.1420658105 0.66568533763 0) (-0.140870560595 0.669309732163 0) (-0.139665860267 0.672956541769 0) (-0.138451595898 0.67662606456 0) (-0.137227651881 0.680318603568 0) (-0.135993910585 0.684034466849 0))
    polyLine 32 36 ((0.0567227881014 0.326544185857 -0.03) (0.057030931946 0.327403115421 -0.03) (0.0573398851189 0.328261754205 -0.03) (0.0576496473459 0.329120101446 -0.03) (0.0579602183518 0.329978156383 -0.03) (0.0582715978607 0.330835918253 -0.03) (0.0585837855961 0.331693386294 -0.03) (0.0588967812807 0.332550559745 -0.03) (0.0592105846366 0.333407437845 -0.03) (0.0595251953851 0.334264019832 -0.03) (0.0598406132466 0.335120304946 -0.03) (0.0601568379412 0.335976292427 -0.03) (0.0604738691879 0.336831981513 -0.03) (0.0607917067052 0.337687371446 -0.03) (0.0611103502108 0.338542461465 -0.03) (0.0614297994217 0.339397250811 -0.03) (0.0617500540541 0.340251738724 -0.03) (0.0620711138237 0.341105924447 -0.03) (0.0623929784453 0.341959807219 -0.03) (0.062715647633 0.342813386284 -0.03) (0.0630391211003 0.343666660882 -0.03) (0.0633633985599 0.344519630256 -0.03) (0.0636884797237 0.345372293649 -0.03) (0.0640143643031 0.346224650302 -0.03) (0.0643410520086 0.34707669946 -0.03) (0.0646685425501 0.347928440365 -0.03) (0.0649968356367 0.348779872261 -0.03) (0.0653259309769 0.349630994392 -0.03) (0.0656558282783 0.350481806001 -0.03) (0.065986527248 0.351332306333 -0.03) (0.0663180275923 0.352182494634 -0.03) (0.0666503290167 0.353032370146 -0.03) (0.0669834312261 0.353881932117 -0.03) (0.0673173339247 0.354731179791 -0.03) (0.0676520368159 0.355580112414 -0.03) (0.0679875396025 0.356428729233 -0.03) (0.0683238419865 0.357277029492 -0.03) (0.0686609436691 0.35812501244 -0.03) (0.0689988443511 0.358972677323 -0.03) (0.0693375437323 0.359820023387 -0.03) (0.0696770415118 0.360667049881 -0.03) (0.0700173373883 0.361513756053 -0.03) (0.0703584310594 0.362360141149 -0.03) (0.0707003222221 0.363206204419 -0.03) (0.071043010573 0.364051945111 -0.03))
    polyLine 34 38 ((0.0567227881014 0.326544185857 0) (0.057030931946 0.327403115421 0) (0.0573398851189 0.328261754205 0) (0.0576496473459 0.329120101446 0) (0.0579602183518 0.329978156383 0) (0.0582715978607 0.330835918253 0) (0.0585837855961 0.331693386294 0) (0.0588967812807 0.332550559745 0) (0.0592105846366 0.333407437845 0) (0.0595251953851 0.334264019832 0) (0.0598406132466 0.335120304946 0) (0.0601568379412 0.335976292427 0) (0.0604738691879 0.336831981513 0) (0.0607917067052 0.337687371446 0) (0.0611103502108 0.338542461465 0) (0.0614297994217 0.339397250811 0) (0.0617500540541 0.340251738724 0) (0.0620711138237 0.341105924447 0) (0.0623929784453 0.341959807219 0) (0.062715647633 0.342813386284 0) (0.0630391211003 0.343666660882 0) (0.0633633985599 0.344519630256 0) (0.0636884797237 0.345372293649 0) (0.0640143643031 0.346224650302 0) (0.0643410520086 0.34707669946 0) (0.0646685425501 0.347928440365 0) (0.0649968356367 0.348779872261 0) (0.0653259309769 0.349630994392 0) (0.0656558282783 0.350481806001 0) (0.065986527248 0.351332306333 0) (0.0663180275923 0.352182494634 0) (0.0666503290167 0.353032370146 0) (0.0669834312261 0.353881932117 0) (0.0673173339247 0.354731179791 0) (0.0676520368159 0.355580112414 0) (0.0679875396025 0.356428729233 0) (0.0683238419865 0.357277029492 0) (0.0686609436691 0.35812501244 0) (0.0689988443511 0.358972677323 0) (0.0693375437323 0.359820023387 0) (0.0696770415118 0.360667049881 0) (0.0700173373883 0.361513756053 0) (0.0703584310594 0.362360141149 0) (0.0707003222221 0.363206204419 0) (0.071043010573 0.364051945111 0))
    polyLine 33 37 ((-0.133630843232 0.691134602845 -0.03) (-0.132503335615 0.694514583796 -0.03) (-0.131367639774 0.697914144484 -0.03) (-0.1302236646 0.701333522493 -0.03) (-0.129071317534 0.704772959014 -0.03) (-0.127910504532 0.708232698918 -0.03) (-0.126741130043 0.711712990825 -0.03) (-0.125563096975 0.715214087179 -0.03) (-0.124376306668 0.71873624432 -0.03) (-0.123180658864 0.722279722567 -0.03) (-0.121976051672 0.725844786291 -0.03) (-0.120762381541 0.729431703999 -0.03) (-0.119539543224 0.733040748412 -0.03) (-0.118307429743 0.736672196557 -0.03) (-0.117065932361 0.740326329847 -0.03) (-0.115814940538 0.74400343417 -0.03) (-0.114554341903 0.747703799986 -0.03) (-0.113284022213 0.751427722412 -0.03) (-0.112003865313 0.755175501321 -0.03) (-0.110713753105 0.758947441443 -0.03) (-0.109413565498 0.762743852457 -0.03) (-0.108103180376 0.766565049101 -0.03) (-0.106782473551 0.770411351272 -0.03))
    polyLine 35 39 ((-0.133630843232 0.691134602845 0) (-0.132503335615 0.694514583796 0) (-0.131367639774 0.697914144484 0) (-0.1302236646 0.701333522493 0) (-0.129071317534 0.704772959014 0) (-0.127910504532 0.708232698918 0) (-0.126741130043 0.711712990825 0) (-0.125563096975 0.715214087179 0) (-0.124376306668 0.71873624432 0) (-0.123180658864 0.722279722567 0) (-0.121976051672 0.725844786291 0) (-0.120762381541 0.729431703999 0) (-0.119539543224 0.733040748412 0) (-0.118307429743 0.736672196557 0) (-0.117065932361 0.740326329847 0) (-0.115814940538 0.74400343417 0) (-0.114554341903 0.747703799986 0) (-0.113284022213 0.751427722412 0) (-0.112003865313 0.755175501321 0) (-0.110713753105 0.758947441443 0) (-0.109413565498 0.762743852457 0) (-0.108103180376 0.766565049101 0) (-0.106782473551 0.770411351272 0))
    polyLine 36 40 ((0.0713864958075 0.364897362474 -0.03) (0.0717307776207 0.365742455758 -0.03) (0.0720758557068 0.36658722421 -0.03) (0.0724217297592 0.367431667082 -0.03) (0.0727683994708 0.368275783623 -0.03) (0.0731158645338 0.369119573084 -0.03) (0.0734641246394 0.369963034715 -0.03) (0.0738131794785 0.370806167767 -0.03) (0.074163028741 0.371648971491 -0.03) (0.0745136721162 0.372491445139 -0.03) (0.0748651092926 0.373333587963 -0.03) (0.0752173399582 0.374175399214 -0.03) (0.0755703638001 0.375016878145 -0.03) (0.0759241805047 0.375858024008 -0.03) (0.0762787897579 0.376698836057 -0.03) (0.0766341912447 0.377539313545 -0.03) (0.0769903846495 0.378379455725 -0.03) (0.0773473696558 0.379219261851 -0.03) (0.0777051459467 0.380058731177 -0.03) (0.0780637132044 0.380897862958 -0.03) (0.0784230711104 0.381736656448 -0.03) (0.0787832193456 0.382575110903 -0.03) (0.0791441575901 0.383413225578 -0.03) (0.0795058855233 0.384250999728 -0.03) (0.0798684028241 0.385088432609 -0.03) (0.0802317091703 0.385925523478 -0.03) (0.0805958042394 0.386762271591 -0.03) (0.080960687708 0.387598676205 -0.03) (0.081326359252 0.388434736577 -0.03) (0.0816928185466 0.389270451965 -0.03) (0.0820600652665 0.390105821626 -0.03) (0.0824280990853 0.390940844819 -0.03) (0.0827969196763 0.391775520801 -0.03) (0.0831665267119 0.392609848832 -0.03) (0.0835369198638 0.393443828171 -0.03) (0.083908098803 0.394277458076 -0.03) (0.0842800632 0.395110737808 -0.03) (0.0846528127243 0.395943666626 -0.03) (0.0850263470449 0.396776243791 -0.03) (0.08540066583 0.397608468563 -0.03) (0.0857757687472 0.398440340203 -0.03) (0.0861516554634 0.399271857972 -0.03) (0.0865283256447 0.400103021133 -0.03) (0.0869057789565 0.400933828945 -0.03) (0.0872840150637 0.401764280672 -0.03) (0.0876630336303 0.402594375577 -0.03))
    polyLine 38 42 ((0.0713864958075 0.364897362474 0) (0.0717307776207 0.365742455758 0) (0.0720758557068 0.36658722421 0) (0.0724217297592 0.367431667082 0) (0.0727683994708 0.368275783623 0) (0.0731158645338 0.369119573084 0) (0.0734641246394 0.369963034715 0) (0.0738131794785 0.370806167767 0) (0.074163028741 0.371648971491 0) (0.0745136721162 0.372491445139 0) (0.0748651092926 0.373333587963 0) (0.0752173399582 0.374175399214 0) (0.0755703638001 0.375016878145 0) (0.0759241805047 0.375858024008 0) (0.0762787897579 0.376698836057 0) (0.0766341912447 0.377539313545 0) (0.0769903846495 0.378379455725 0) (0.0773473696558 0.379219261851 0) (0.0777051459467 0.380058731177 0) (0.0780637132044 0.380897862958 0) (0.0784230711104 0.381736656448 0) (0.0787832193456 0.382575110903 0) (0.0791441575901 0.383413225578 0) (0.0795058855233 0.384250999728 0) (0.0798684028241 0.385088432609 0) (0.0802317091703 0.385925523478 0) (0.0805958042394 0.386762271591 0) (0.080960687708 0.387598676205 0) (0.081326359252 0.388434736577 0) (0.0816928185466 0.389270451965 0) (0.0820600652665 0.390105821626 0) (0.0824280990853 0.390940844819 0) (0.0827969196763 0.391775520801 0) (0.0831665267119 0.392609848832 0) (0.0835369198638 0.393443828171 0) (0.083908098803 0.394277458076 0) (0.0842800632 0.395110737808 0) (0.0846528127243 0.395943666626 0) (0.0850263470449 0.396776243791 0) (0.08540066583 0.397608468563 0) (0.0857757687472 0.398440340203 0) (0.0861516554634 0.399271857972 0) (0.0865283256447 0.400103021133 0) (0.0869057789565 0.400933828945 0) (0.0872840150637 0.401764280672 0) (0.0876630336303 0.402594375577 0))
    polyLine 37 41 ((-0.104243174872 0.777792753078 -0.03) (-0.103026353621 0.781323570686 -0.03) (-0.101800758071 0.784875786063 -0.03) (-0.100566289818 0.788449652065 -0.03) (-0.0993228489259 0.792045425375 -0.03) (-0.0980703338944 0.795663366576 -0.03) (-0.0968086416309 0.799303740229 -0.03) (-0.0955376674191 0.802966814947 -0.03) (-0.0942573048879 0.806652863473 -0.03) (-0.092967445979 0.810362162766 -0.03) (-0.0916679809147 0.814094994078 -0.03) (-0.0903587981633 0.81785164304 -0.03) (-0.0890397844057 0.821632399752 -0.03) (-0.0877108244994 0.825437558865 -0.03) (-0.0863718014428 0.829267419679 -0.03) (-0.0850225963381 0.833122286229 -0.03) (-0.0836630883536 0.837002467387 -0.03) (-0.0822931546847 0.840908276952 -0.03) (-0.0809126705143 0.844840033756 -0.03) (-0.0795215089725 0.848798061764 -0.03) (-0.0781195410941 0.852782690177 -0.03) (-0.0767066357767 0.856794253541 -0.03) (-0.0752826597367 0.860833091857 -0.03))
    polyLine 39 43 ((-0.104243174872 0.777792753078 0) (-0.103026353621 0.781323570686 0) (-0.101800758071 0.784875786063 0) (-0.100566289818 0.788449652065 0) (-0.0993228489259 0.792045425375 0) (-0.0980703338944 0.795663366576 0) (-0.0968086416309 0.799303740229 0) (-0.0955376674191 0.802966814947 0) (-0.0942573048879 0.806652863473 0) (-0.092967445979 0.810362162766 0) (-0.0916679809147 0.814094994078 0) (-0.0903587981633 0.81785164304 0) (-0.0890397844057 0.821632399752 0) (-0.0877108244994 0.825437558865 0) (-0.0863718014428 0.829267419679 0) (-0.0850225963381 0.833122286229 0) (-0.0836630883536 0.837002467387 0) (-0.0822931546847 0.840908276952 0) (-0.0809126705143 0.844840033756 0) (-0.0795215089725 0.848798061764 0) (-0.0781195410941 0.852782690177 0) (-0.0767066357767 0.856794253541 0) (-0.0752826597367 0.860833091857 0))
    polyLine 40 44 ((0.0880428343197 0.403424112921 -0.03) (0.0884234167946 0.404253491968 -0.03) (0.088804780717 0.405082511982 -0.03) (0.0891869257481 0.405911172225 -0.03) (0.0895698515486 0.406739471963 -0.03) (0.0899535577783 0.407567410459 -0.03) (0.0903380440966 0.408394986978 -0.03) (0.0907233101618 0.409222200785 -0.03) (0.0911093556319 0.410049051146 -0.03) (0.091496180164 0.410875537326 -0.03) (0.0918837834145 0.411701658591 -0.03) (0.0922721650392 0.412527414207 -0.03) (0.0926613246931 0.413352803441 -0.03) (0.0930512620306 0.41417782556 -0.03) (0.0934419767054 0.415002479831 -0.03) (0.0938334683705 0.415826765522 -0.03) (0.0942257366782 0.416650681901 -0.03) (0.0946187812801 0.417474228235 -0.03) (0.0950126018271 0.418297403794 -0.03) (0.0954071979695 0.419120207847 -0.03) (0.0958025693567 0.419942639662 -0.03) (0.0961987156377 0.420764698509 -0.03) (0.0965956364606 0.421586383658 -0.03) (0.0969933314729 0.422407694379 -0.03) (0.0973918003214 0.423228629944 -0.03) (0.0977910426522 0.424049189622 -0.03) (0.0981910581106 0.424869372685 -0.03) (0.0985918463415 0.425689178405 -0.03) (0.0989934069889 0.426508606053 -0.03) (0.0993957396962 0.427327654902 -0.03) (0.0997988441059 0.428146324224 -0.03) (0.10020271986 0.428964613292 -0.03) (0.1006073666 0.42978252138 -0.03) (0.101012783967 0.43060004776 -0.03) (0.101418971599 0.431417191708 -0.03) (0.101825929138 0.432233952497 -0.03) (0.10223365622 0.433050329401 -0.03) (0.102642152485 0.433866321696 -0.03) (0.103051417569 0.434681928658 -0.03) (0.103461451108 0.43549714956 -0.03) (0.10387225274 0.436311983681 -0.03) (0.104283822097 0.437126430295 -0.03) (0.104696158817 0.43794048868 -0.03) (0.105109262531 0.438754158113 -0.03) (0.105523132873 0.43956743787 -0.03) (0.105937769476 0.44038032723 -0.03))
    polyLine 42 46 ((0.0880428343197 0.403424112921 0) (0.0884234167946 0.404253491968 0) (0.088804780717 0.405082511982 0) (0.0891869257481 0.405911172225 0) (0.0895698515486 0.406739471963 0) (0.0899535577783 0.407567410459 0) (0.0903380440966 0.408394986978 0) (0.0907233101618 0.409222200785 0) (0.0911093556319 0.410049051146 0) (0.091496180164 0.410875537326 0) (0.0918837834145 0.411701658591 0) (0.0922721650392 0.412527414207 0) (0.0926613246931 0.413352803441 0) (0.0930512620306 0.41417782556 0) (0.0934419767054 0.415002479831 0) (0.0938334683705 0.415826765522 0) (0.0942257366782 0.416650681901 0) (0.0946187812801 0.417474228235 0) (0.0950126018271 0.418297403794 0) (0.0954071979695 0.419120207847 0) (0.0958025693567 0.419942639662 0) (0.0961987156377 0.420764698509 0) (0.0965956364606 0.421586383658 0) (0.0969933314729 0.422407694379 0) (0.0973918003214 0.423228629944 0) (0.0977910426522 0.424049189622 0) (0.0981910581106 0.424869372685 0) (0.0985918463415 0.425689178405 0) (0.0989934069889 0.426508606053 0) (0.0993957396962 0.427327654902 0) (0.0997988441059 0.428146324224 0) (0.10020271986 0.428964613292 0) (0.1006073666 0.42978252138 0) (0.101012783967 0.43060004776 0) (0.101418971599 0.431417191708 0) (0.101825929138 0.432233952497 0) (0.10223365622 0.433050329401 0) (0.102642152485 0.433866321696 0) (0.103051417569 0.434681928658 0) (0.103461451108 0.43549714956 0) (0.10387225274 0.436311983681 0) (0.104283822097 0.437126430295 0) (0.104696158817 0.43794048868 0) (0.105109262531 0.438754158113 0) (0.105523132873 0.43956743787 0) (0.105937769476 0.44038032723 0))
    polyLine 41 45 ((-0.0725335379554 0.868618863679 -0.03) (-0.071210126919 0.872361540003 -0.03) (-0.0698771377118 0.876127851376 -0.03) (-0.0685344620487 0.879918073618 -0.03) (-0.0671819899723 0.883732486732 -0.03) (-0.0658196098201 0.887571374988 -0.03) (-0.0644472081924 0.891435027001 -0.03) (-0.0630646699186 0.895323735821 -0.03) (-0.0616718780228 0.899237799012 -0.03) (-0.0602687136888 0.903177518747 -0.03) (-0.0588550562246 0.907143201894 -0.03) (-0.0574307830249 0.911135160106 -0.03) (-0.0559957695342 0.915153709924 -0.03) (-0.054549889208 0.919199172862 -0.03) (-0.0530930134734 0.923271875518 -0.03) (-0.0516250116888 0.927372149664 -0.03) (-0.0501457511024 0.93150033236 -0.03) (-0.0486550968102 0.935656766052 -0.03) (-0.0471529117123 0.939841798686 -0.03) (-0.0456390564685 0.944055783817 -0.03) (-0.0441133894533 0.948299080725 -0.03) (-0.0425757667085 0.95257205453 -0.03) (-0.0410260418962 0.956875076314 -0.03))
    polyLine 43 47 ((-0.0725335379554 0.868618863679 0) (-0.071210126919 0.872361540003 0) (-0.0698771377118 0.876127851376 0) (-0.0685344620487 0.879918073618 0) (-0.0671819899723 0.883732486732 0) (-0.0658196098201 0.887571374988 0) (-0.0644472081924 0.891435027001 0) (-0.0630646699186 0.895323735821 0) (-0.0616718780228 0.899237799012 0) (-0.0602687136888 0.903177518747 0) (-0.0588550562246 0.907143201894 0) (-0.0574307830249 0.911135160106 0) (-0.0559957695342 0.915153709924 0) (-0.054549889208 0.919199172862 0) (-0.0530930134734 0.923271875518 0) (-0.0516250116888 0.927372149664 0) (-0.0501457511024 0.93150033236 0) (-0.0486550968102 0.935656766052 0) (-0.0471529117123 0.939841798686 0) (-0.0456390564685 0.944055783817 0) (-0.0441133894533 0.948299080725 0) (-0.0425757667085 0.95257205453 0) (-0.0410260418962 0.956875076314 0))
    polyLine 44 48 ((0.106353171971 0.441192825471 -0.03) (0.106769339989 0.442004931871 -0.03) (0.107186273161 0.442816645708 -0.03) (0.107603971117 0.443627966263 -0.03) (0.108022433485 0.444438892814 -0.03) (0.108441659893 0.44524942464 -0.03) (0.108861649971 0.446059561023 -0.03) (0.109282403343 0.446869301243 -0.03) (0.109703919638 0.44767864458 -0.03) (0.11012619848 0.448487590316 -0.03) (0.110549239494 0.449296137733 -0.03) (0.110973042305 0.450104286111 -0.03) (0.111397606536 0.450912034734 -0.03) (0.11182293181 0.451719382884 -0.03) (0.11224901775 0.452526329844 -0.03) (0.112675863977 0.453332874897 -0.03) (0.113103470111 0.454139017327 -0.03) (0.113531835774 0.454944756418 -0.03) (0.113960960584 0.455750091455 -0.03) (0.114390844161 0.456555021722 -0.03) (0.114821486123 0.457359546504 -0.03) (0.115252886087 0.458163665086 -0.03) (0.11568504367 0.458967376756 -0.03) (0.116117958489 0.459770680798 -0.03) (0.116551630158 0.460573576499 -0.03) (0.116986058293 0.461376063147 -0.03) (0.117421242508 0.462178140028 -0.03) (0.117857182416 0.46297980643 -0.03) (0.11829387763 0.463781061642 -0.03) (0.118731327763 0.464581904951 -0.03) (0.119169532426 0.465382335646 -0.03) (0.119608491229 0.466182353016 -0.03) (0.120048203782 0.466981956352 -0.03) (0.120488669697 0.467781144942 -0.03) (0.12092988858 0.468579918077 -0.03) (0.12137186004 0.469378275047 -0.03) (0.121814583685 0.470176215144 -0.03) (0.122258059121 0.470973737659 -0.03) (0.122702285955 0.471770841883 -0.03) (0.123147263792 0.472567527109 -0.03) (0.123592992237 0.473363792628 -0.03) (0.124039470894 0.474159637734 -0.03) (0.124486699366 0.474955061721 -0.03) (0.124934677256 0.47575006388 -0.03) (0.125383404167 0.476544643507 -0.03))
    polyLine 46 50 ((0.106353171971 0.441192825471 0) (0.106769339989 0.442004931871 0) (0.107186273161 0.442816645708 0) (0.107603971117 0.443627966263 0) (0.108022433485 0.444438892814 0) (0.108441659893 0.44524942464 0) (0.108861649971 0.446059561023 0) (0.109282403343 0.446869301243 0) (0.109703919638 0.44767864458 0) (0.11012619848 0.448487590316 0) (0.110549239494 0.449296137733 0) (0.110973042305 0.450104286111 0) (0.111397606536 0.450912034734 0) (0.11182293181 0.451719382884 0) (0.11224901775 0.452526329844 0) (0.112675863977 0.453332874897 0) (0.113103470111 0.454139017327 0) (0.113531835774 0.454944756418 0) (0.113960960584 0.455750091455 0) (0.114390844161 0.456555021722 0) (0.114821486123 0.457359546504 0) (0.115252886087 0.458163665086 0) (0.11568504367 0.458967376756 0) (0.116117958489 0.459770680798 0) (0.116551630158 0.460573576499 0) (0.116986058293 0.461376063147 0) (0.117421242508 0.462178140028 0) (0.117857182416 0.46297980643 0) (0.11829387763 0.463781061642 0) (0.118731327763 0.464581904951 0) (0.119169532426 0.465382335646 0) (0.119608491229 0.466182353016 0) (0.120048203782 0.466981956352 0) (0.120488669697 0.467781144942 0) (0.12092988858 0.468579918077 0) (0.12137186004 0.469378275047 0) (0.121814583685 0.470176215144 0) (0.122258059121 0.470973737659 0) (0.122702285955 0.471770841883 0) (0.123147263792 0.472567527109 0) (0.123592992237 0.473363792628 0) (0.124039470894 0.474159637734 0) (0.124486699366 0.474955061721 0) (0.124934677256 0.47575006388 0) (0.125383404167 0.476544643507 0))
    polyLine 45 49 ((-0.0380216437173 0.965207129682 -0.03) (-0.0365686857496 0.969231913564 -0.03) (-0.0351050722313 0.973283179243 -0.03) (-0.0336306811931 0.977361235718 -0.03) (-0.0321453887757 0.981466396724 -0.03) (-0.0306490691938 0.985598980819 -0.03) (-0.0291415946984 0.989759311483 -0.03) (-0.0276228355386 0.993947717211 -0.03) (-0.0260926599228 0.998164531611 -0.03) (-0.0245509339785 1.0024100935 -0.03) (-0.0229975217115 1.00668474703 -0.03) (-0.0214322849636 1.01098884174 -0.03) (-0.0198550833705 1.01532273274 -0.03) (-0.0182657743168 1.01968678074 -0.03) (-0.016664212892 1.02408135223 -0.03) (-0.0150502518437 1.02850681957 -0.03) (-0.0134237415309 1.03296356107 -0.03) (-0.0117845298752 1.0374519612 -0.03) (-0.0101324623117 1.04197241062 -0.03) (-0.00846738173806 1.04652530637 -0.03) (-0.00678912846234 1.05111105198 -0.03) (-0.00509754015009 1.05573005759 -0.03) (-0.0033924517695 1.06038274012 -0.03))
    polyLine 47 51 ((-0.0380216437173 0.965207129682 0) (-0.0365686857496 0.969231913564 0) (-0.0351050722313 0.973283179243 0) (-0.0336306811931 0.977361235718 0) (-0.0321453887757 0.981466396724 0) (-0.0306490691938 0.985598980819 0) (-0.0291415946984 0.989759311483 0) (-0.0276228355386 0.993947717211 0) (-0.0260926599228 0.998164531611 0) (-0.0245509339785 1.0024100935 0) (-0.0229975217115 1.00668474703 0) (-0.0214322849636 1.01098884174 0) (-0.0198550833705 1.01532273274 0) (-0.0182657743168 1.01968678074 0) (-0.016664212892 1.02408135223 0) (-0.0150502518437 1.02850681957 0) (-0.0134237415309 1.03296356107 0) (-0.0117845298752 1.0374519612 0) (-0.0101324623117 1.04197241062 0) (-0.00846738173806 1.04652530637 0) (-0.00678912846234 1.05111105198 0) (-0.00509754015009 1.05573005759 0) (-0.0033924517695 1.06038274012 0))
    polyLine 48 52 ((0.1258328797 0.477338799896 -0.03) (0.126283103455 0.478132532341 -0.03) (0.126734075033 0.478925840137 -0.03) (0.127185794033 0.479718722581 -0.03) (0.127638260055 0.480511178967 -0.03) (0.128091472695 0.481303208591 -0.03) (0.128545431552 0.482094810752 -0.03) (0.129000136223 0.482885984744 -0.03) (0.129455586303 0.483676729866 -0.03) (0.129911781389 0.484467045416 -0.03) (0.130368721075 0.485256930691 -0.03) (0.130826404954 0.48604638499 -0.03) (0.131284832622 0.486835407612 -0.03) (0.13174400367 0.487623997856 -0.03) (0.13220391769 0.488412155022 -0.03) (0.132664574275 0.489199878409 -0.03) (0.133125973015 0.489987167318 -0.03) (0.1335881135 0.49077402105 -0.03) (0.134050995321 0.491560438907 -0.03) (0.134514618065 0.492346420188 -0.03) (0.134978981321 0.493131964198 -0.03) (0.135444084677 0.493917070237 -0.03) (0.135909927719 0.494701737608 -0.03) (0.136376510034 0.495485965616 -0.03) (0.136843831207 0.496269753562 -0.03) (0.137311890824 0.497053100751 -0.03) (0.137780688469 0.497836006488 -0.03) (0.138250223724 0.498618470077 -0.03) (0.138720496174 0.499400490823 -0.03) (0.139191505401 0.500182068031 -0.03) (0.139663250986 0.500963201007 -0.03) (0.14013573251 0.501743889059 -0.03) (0.140608949554 0.502524131491 -0.03) (0.141082901698 0.503303927612 -0.03) (0.14155758852 0.504083276728 -0.03) (0.142033009599 0.504862178148 -0.03) (0.142509164512 0.505640631179 -0.03) (0.142986052837 0.506418635131 -0.03) (0.143463674151 0.507196189313 -0.03) (0.143942028028 0.507973293033 -0.03) (0.144421114045 0.508749945602 -0.03) (0.144900931775 0.50952614633 -0.03) (0.145381480793 0.510301894527 -0.03) (0.145862760671 0.511077189505 -0.03) (0.146344770983 0.511852030575 -0.03) (0.1468275113 0.512626417048 -0.03))
    polyLine 50 54 ((0.1258328797 0.477338799896 0) (0.126283103455 0.478132532341 0) (0.126734075033 0.478925840137 0) (0.127185794033 0.479718722581 0) (0.127638260055 0.480511178967 0) (0.128091472695 0.481303208591 0) (0.128545431552 0.482094810752 0) (0.129000136223 0.482885984744 0) (0.129455586303 0.483676729866 0) (0.129911781389 0.484467045416 0) (0.130368721075 0.485256930691 0) (0.130826404954 0.48604638499 0) (0.131284832622 0.486835407612 0) (0.13174400367 0.487623997856 0) (0.13220391769 0.488412155022 0) (0.132664574275 0.489199878409 0) (0.133125973015 0.489987167318 0) (0.1335881135 0.49077402105 0) (0.134050995321 0.491560438907 0) (0.134514618065 0.492346420188 0) (0.134978981321 0.493131964198 0) (0.135444084677 0.493917070237 0) (0.135909927719 0.494701737608 0) (0.136376510034 0.495485965616 0) (0.136843831207 0.496269753562 0) (0.137311890824 0.497053100751 0) (0.137780688469 0.497836006488 0) (0.138250223724 0.498618470077 0) (0.138720496174 0.499400490823 0) (0.139191505401 0.500182068031 0) (0.139663250986 0.500963201007 0) (0.14013573251 0.501743889059 0) (0.140608949554 0.502524131491 0) (0.141082901698 0.503303927612 0) (0.14155758852 0.504083276728 0) (0.142033009599 0.504862178148 0) (0.142509164512 0.505640631179 0) (0.142986052837 0.506418635131 0) (0.143463674151 0.507196189313 0) (0.143942028028 0.507973293033 0) (0.144421114045 0.508749945602 0) (0.144900931775 0.50952614633 0) (0.145381480793 0.510301894527 0) (0.145862760671 0.511077189505 0) (0.146344770983 0.511852030575 0) (0.1468275113 0.512626417048 0))
    polyLine 49 53 ((-7.33366312745e-05 1.06943060857 -0.03) (0.00153897290611 1.0738215187 -0.03) (0.00316337194771 1.07824260443 -0.03) (0.00480000153791 1.08269422184 -0.03) (0.00644900493688 1.08717673261 -0.03) (0.00811052766399 1.09169050403 -0.03) (0.00978471754239 1.0962359092 -0.03) (0.0114717247445 1.1008133271 -0.03) (0.0131717018389 1.10542314273 -0.03) (0.0148848038377 1.11006574719 -0.03) (0.0166111882456 1.11474153784 -0.03) (0.0183510151105 1.11945091842 -0.03) (0.0201044470739 1.12419429918 -0.03) (0.0218716494242 1.12897209699 -0.03) (0.0236527901502 1.1337847355 -0.03) (0.0254480399965 1.13863264526 -0.03) (0.0272575725197 1.14351626387 -0.03) (0.0290815641467 1.14843603615 -0.03) (0.0309201942338 1.15339241424 -0.03) (0.0327736451276 1.15838585778 -0.03) (0.0346421022275 1.16341683407 -0.03) (0.0365257540494 1.16848581823 -0.03) (0.0384247922916 1.17359329335 -0.03))
    polyLine 51 55 ((-7.33366312745e-05 1.06943060857 0) (0.00153897290611 1.0738215187 0) (0.00316337194771 1.07824260443 0) (0.00480000153791 1.08269422184 0) (0.00644900493688 1.08717673261 0) (0.00811052766399 1.09169050403 0) (0.00978471754239 1.0962359092 0) (0.0114717247445 1.1008133271 0) (0.0131717018389 1.10542314273 0) (0.0148848038377 1.11006574719 0) (0.0166111882456 1.11474153784 0) (0.0183510151105 1.11945091842 0) (0.0201044470739 1.12419429918 0) (0.0218716494242 1.12897209699 0) (0.0236527901502 1.1337847355 0) (0.0254480399965 1.13863264526 0) (0.0272575725197 1.14351626387 0) (0.0290815641467 1.14843603615 0) (0.0309201942338 1.15339241424 0) (0.0327736451276 1.15838585778 0) (0.0346421022275 1.16341683407 0) (0.0365257540494 1.16848581823 0) (0.0384247922916 1.17359329335 0))
    polyLine 52 56 ((0.147310981194 0.513400348238 -0.03) (0.147795180234 0.514173823456 -0.03) (0.148280107992 0.514946842016 -0.03) (0.148765764036 0.515719403231 -0.03) (0.149252147935 0.516491506415 -0.03) (0.149739259257 0.517263150882 -0.03) (0.15022709757 0.518034335947 -0.03) (0.150715662439 0.518805060926 -0.03) (0.151204953432 0.519575325133 -0.03) (0.151694970114 0.520345127884 -0.03) (0.152185712049 0.521114468496 -0.03) (0.152677178801 0.521883346285 -0.03) (0.153169369935 0.52265176057 -0.03) (0.153662285013 0.523419710666 -0.03) (0.154155923597 0.524187195892 -0.03) (0.154650285249 0.524954215567 -0.03) (0.155145369529 0.525720769008 -0.03) (0.155641175999 0.526486855537 -0.03) (0.156137704217 0.527252474471 -0.03) (0.156634953743 0.528017625131 -0.03) (0.157132924135 0.528782306838 -0.03) (0.157631614951 0.529546518912 -0.03) (0.158131025748 0.530310260675 -0.03) (0.158631156082 0.531073531448 -0.03) (0.159132005509 0.531836330553 -0.03) (0.159633573585 0.532598657314 -0.03) (0.160135859863 0.533360511052 -0.03) (0.160638863899 0.534121891091 -0.03) (0.161142585244 0.534882796756 -0.03) (0.161647023452 0.53564322737 -0.03) (0.162152178075 0.536403182257 -0.03) (0.162658048664 0.537162660744 -0.03) (0.163164634769 0.537921662155 -0.03) (0.163671935941 0.538680185816 -0.03) (0.16417995173 0.539438231054 -0.03) (0.164688681683 0.540195797195 -0.03) (0.16519812535 0.540952883567 -0.03) (0.165708282278 0.541709489497 -0.03) (0.166219152013 0.542465614313 -0.03) (0.166730734102 0.543221257344 -0.03) (0.167243028091 0.543976417918 -0.03) (0.167756033525 0.544731095365 -0.03) (0.168269749947 0.545485289015 -0.03) (0.168784176903 0.546238998198 -0.03) (0.169299313934 0.546992222244 -0.03))
    polyLine 54 58 ((0.147310981194 0.513400348238 0) (0.147795180234 0.514173823456 0) (0.148280107992 0.514946842016 0) (0.148765764036 0.515719403231 0) (0.149252147935 0.516491506415 0) (0.149739259257 0.517263150882 0) (0.15022709757 0.518034335947 0) (0.150715662439 0.518805060926 0) (0.151204953432 0.519575325133 0) (0.151694970114 0.520345127884 0) (0.152185712049 0.521114468496 0) (0.152677178801 0.521883346285 0) (0.153169369935 0.52265176057 0) (0.153662285013 0.523419710666 0) (0.154155923597 0.524187195892 0) (0.154650285249 0.524954215567 0) (0.155145369529 0.525720769008 0) (0.155641175999 0.526486855537 0) (0.156137704217 0.527252474471 0) (0.156634953743 0.528017625131 0) (0.157132924135 0.528782306838 0) (0.157631614951 0.529546518912 0) (0.158131025748 0.530310260675 0) (0.158631156082 0.531073531448 0) (0.159132005509 0.531836330553 0) (0.159633573585 0.532598657314 0) (0.160135859863 0.533360511052 0) (0.160638863899 0.534121891091 0) (0.161142585244 0.534882796756 0) (0.161647023452 0.53564322737 0) (0.162152178075 0.536403182257 0) (0.162658048664 0.537162660744 0) (0.163164634769 0.537921662155 0) (0.163671935941 0.538680185816 0) (0.16417995173 0.539438231054 0) (0.164688681683 0.540195797195 0) (0.16519812535 0.540952883567 0) (0.165708282278 0.541709489497 0) (0.166219152013 0.542465614313 0) (0.166730734102 0.543221257344 0) (0.167243028091 0.543976417918 0) (0.167756033525 0.544731095365 0) (0.168269749947 0.545485289015 0) (0.168784176903 0.546238998198 0) (0.169299313934 0.546992222244 0))
    polyLine 53 57 ((0.042136039149 1.1835664109 -0.03) (0.0439465051854 1.18842769959 -0.03) (0.0457709752199 1.19332403293 -0.03) (0.04760961711 1.19825583378 -0.03) (0.0494626014148 1.20322353176 -0.03) (0.0513301014487 1.20822756338 -0.03) (0.0532122933379 1.21326837224 -0.03) (0.0551093560773 1.2183464091 -0.03) (0.0570214715887 1.22346213208 -0.03) (0.0589488247809 1.22861600678 -0.03) (0.0608916036112 1.23380850644 -0.03) (0.0628499991482 1.23904011212 -0.03) (0.0648242056364 1.24431131282 -0.03) (0.0668144205621 1.2496226057 -0.03) (0.0688208447215 1.25497449618 -0.03) (0.0708436822896 1.2603674982 -0.03) (0.0728831408922 1.2658021343 -0.03) (0.0749394316782 1.27127893591 -0.03) (0.077012769395 1.27679844344 -0.03) (0.0791033724651 1.28236120654 -0.03) (0.0812114630649 1.28796778427 -0.03) (0.0833372672055 1.2936187453 -0.03) (0.085481014816 1.29931466812 -0.03))
    polyLine 55 59 ((0.042136039149 1.1835664109 0) (0.0439465051854 1.18842769959 0) (0.0457709752199 1.19332403293 0) (0.04760961711 1.19825583378 0) (0.0494626014148 1.20322353176 0) (0.0513301014487 1.20822756338 0) (0.0532122933379 1.21326837224 0) (0.0551093560773 1.2183464091 0) (0.0570214715887 1.22346213208 0) (0.0589488247809 1.22861600678 0) (0.0608916036112 1.23380850644 0) (0.0628499991482 1.23904011212 0) (0.0648242056364 1.24431131282 0) (0.0668144205621 1.2496226057 0) (0.0688208447215 1.25497449618 0) (0.0708436822896 1.2603674982 0) (0.0728831408922 1.2658021343 0) (0.0749394316782 1.27127893591 0) (0.077012769395 1.27679844344 0) (0.0791033724651 1.28236120654 0) (0.0812114630649 1.28796778427 0) (0.0833372672055 1.2936187453 0) (0.085481014816 1.29931466812 0))
    polyLine 56 60 ((0.169815160583 0.547744960484 -0.03) (0.170331716393 0.54849721225 -0.03) (0.170848980904 0.549248976874 -0.03) (0.171366953657 0.550000253687 -0.03) (0.171885634192 0.550751042024 -0.03) (0.172405022049 0.551501341217 -0.03) (0.172925116765 0.552251150599 -0.03) (0.17344591788 0.553000469505 -0.03) (0.173967424931 0.55374929727 -0.03) (0.174489637453 0.554497633227 -0.03) (0.175012554985 0.555245476713 -0.03) (0.17553617706 0.555992827063 -0.03) (0.176060503215 0.556739683614 -0.03) (0.176585532983 0.557486045702 -0.03) (0.177111265898 0.558231912665 -0.03) (0.177637701494 0.558977283839 -0.03) (0.178164839302 0.559722158564 -0.03) (0.178692678855 0.560466536177 -0.03) (0.179221219684 0.561210416017 -0.03) (0.179750461318 0.561953797424 -0.03) (0.18028040329 0.562696679737 -0.03) (0.180811045126 0.563439062297 -0.03) (0.181342386357 0.564180944444 -0.03) (0.181874426511 0.564922325519 -0.03) (0.182393178507 0.565644471361 -0.03) (0.182911930503 0.566366617203 -0.03) (0.183430682499 0.567088763045 -0.03) (0.183949434495 0.567810908887 -0.03) (0.184468186491 0.568533054729 -0.03) (0.184986938487 0.569255200571 -0.03) (0.185505690483 0.569977346413 -0.03) (0.186024442479 0.570699492255 -0.03) (0.186543194475 0.571421638097 -0.03) (0.187061946471 0.572143783939 -0.03) (0.187580698467 0.572865929782 -0.03) (0.188099450463 0.573588075624 -0.03) (0.188618202459 0.574310221466 -0.03) (0.189136954455 0.575032367308 -0.03) (0.189655706451 0.57575451315 -0.03) (0.190174458447 0.576476658992 -0.03) (0.190693210443 0.577198804834 -0.03) (0.191211962439 0.577920950676 -0.03) (0.191730714435 0.578643096518 -0.03) (0.192249466431 0.57936524236 -0.03) (0.192768218427 0.580087388202 -0.03) (0.193286970423 0.580809534044 -0.03))
    polyLine 58 62 ((0.169815160583 0.547744960484 0) (0.170331716393 0.54849721225 0) (0.170848980904 0.549248976874 0) (0.171366953657 0.550000253687 0) (0.171885634192 0.550751042024 0) (0.172405022049 0.551501341217 0) (0.172925116765 0.552251150599 0) (0.17344591788 0.553000469505 0) (0.173967424931 0.55374929727 0) (0.174489637453 0.554497633227 0) (0.175012554985 0.555245476713 0) (0.17553617706 0.555992827063 0) (0.176060503215 0.556739683614 0) (0.176585532983 0.557486045702 0) (0.177111265898 0.558231912665 0) (0.177637701494 0.558977283839 0) (0.178164839302 0.559722158564 0) (0.178692678855 0.560466536177 0) (0.179221219684 0.561210416017 0) (0.179750461318 0.561953797424 0) (0.18028040329 0.562696679737 0) (0.180811045126 0.563439062297 0) (0.181342386357 0.564180944444 0) (0.181874426511 0.564922325519 0) (0.182393178507 0.565644471361 0) (0.182911930503 0.566366617203 0) (0.183430682499 0.567088763045 0) (0.183949434495 0.567810908887 0) (0.184468186491 0.568533054729 0) (0.184986938487 0.569255200571 0) (0.185505690483 0.569977346413 0) (0.186024442479 0.570699492255 0) (0.186543194475 0.571421638097 0) (0.187061946471 0.572143783939 0) (0.187580698467 0.572865929782 0) (0.188099450463 0.573588075624 0) (0.188618202459 0.574310221466 0) (0.189136954455 0.575032367308 0) (0.189655706451 0.57575451315 0) (0.190174458447 0.576476658992 0) (0.190693210443 0.577198804834 0) (0.191211962439 0.577920950676 0) (0.191730714435 0.578643096518 0) (0.192249466431 0.57936524236 0) (0.192768218427 0.580087388202 0) (0.193286970423 0.580809534044 0))
    polyLine 57 61 ((0.0896741506513 1.31044799275 -0.03) (0.0917215490314 1.31588041216 -0.03) (0.0937853340629 1.32135390036 -0.03) (0.0958657081231 1.32686896637 -0.03) (0.0979628769397 1.33242612766 -0.03) (0.10007704966 1.33802591023 -0.03) (0.102208438924 1.34366884889 -0.03) (0.104357260934 1.34935548733 -0.03) (0.106523735533 1.35508637841 -0.03) (0.108708086278 1.36086208428 -0.03) (0.110910540522 1.36668317664 -0.03) (0.113131329493 1.37255023688 -0.03) (0.115370688377 1.37846385631 -0.03) (0.117628856404 1.38442463642 -0.03) (0.119906076933 1.39043318901 -0.03) (0.122202597542 1.3964901365 -0.03) (0.124518670122 1.4025961121 -0.03) (0.126854550969 1.40875176007 -0.03) (0.12921050088 1.41495773598 -0.03) (0.131586785253 1.42121470691 -0.03) (0.133983674191 1.42752335176 -0.03) (0.136401442604 1.43388436147 -0.03) (0.138840370314 1.44029843932 -0.03))
    polyLine 59 63 ((0.0896741506513 1.31044799275 0) (0.0917215490314 1.31588041216 0) (0.0937853340629 1.32135390036 0) (0.0958657081231 1.32686896637 0) (0.0979628769397 1.33242612766 0) (0.10007704966 1.33802591023 0) (0.102208438924 1.34366884889 0) (0.104357260934 1.34935548733 0) (0.106523735533 1.35508637841 0) (0.108708086278 1.36086208428 0) (0.110910540522 1.36668317664 0) (0.113131329493 1.37255023688 0) (0.115370688377 1.37846385631 0) (0.117628856404 1.38442463642 0) (0.119906076933 1.39043318901 0) (0.122202597542 1.3964901365 0) (0.124518670122 1.4025961121 0) (0.126854550969 1.40875176007 0) (0.12921050088 1.41495773598 0) (0.131586785253 1.42121470691 0) (0.133983674191 1.42752335176 0) (0.136401442604 1.43388436147 0) (0.138840370314 1.44029843932 0))
    polyLine 60 64 ((0.193805722419 0.581531679886 -0.03) (0.194324474415 0.582253825728 -0.03) (0.194843226411 0.58297597157 -0.03) (0.195376808391 0.583701744758 -0.03) (0.195926257885 0.584415580665 -0.03) (0.196491307922 0.585117132449 -0.03) (0.197071683951 0.585806059232 -0.03) (0.197667103976 0.586482026276 -0.03) (0.198277278689 0.587144705134 -0.03) (0.198901911612 0.587793773821 -0.03) (0.199540699246 0.588428916961 -0.03) (0.200193331211 0.589049825946 -0.03) (0.200859490401 0.589656199084 -0.03) (0.201538853137 0.590247741747 -0.03) (0.202231089327 0.59082416651 -0.03) (0.20293586262 0.591385193296 -0.03) (0.203652830575 0.59193054951 -0.03) (0.204381644829 0.592459970168 -0.03) (0.205121951257 0.592973198033 -0.03) (0.205873390155 0.593469983733 -0.03) (0.206635596408 0.593950085887 -0.03) (0.207408199668 0.594413271218 -0.03) (0.208190824539 0.59485931467 -0.03) (0.208983090751 0.595287999517 -0.03) (0.209784613353 0.595699117466 -0.03) (0.210595002895 0.596092468759 -0.03) (0.211413865618 0.596467862272 -0.03) (0.212240803648 0.596825115607 -0.03) (0.213075415184 0.597164055177 -0.03) (0.2139172947 0.597484516297 -0.03) (0.214766033137 0.597786343259 -0.03) (0.215621218104 0.598069389408 -0.03) (0.216482434076 0.598333517216 -0.03) (0.217349262599 0.598578598346 -0.03) (0.218221282493 0.598804513716 -0.03) (0.219098070053 0.599011153558 -0.03) (0.219979199259 0.599198417467 -0.03) (0.220864241981 0.599366214454 -0.03) (0.221752768188 0.599514462988 -0.03) (0.222644346157 0.599643091038 -0.03) (0.22353854268 0.599752036105 -0.03) (0.224434923278 0.599841245253 -0.03) (0.225333052412 0.599910675137 -0.03) (0.226232493691 0.599960292022 -0.03) (0.227132810087 0.599990071799 -0.03) (0.228033564149 0.6 -0.03))
    polyLine 62 66 ((0.193805722419 0.581531679886 0) (0.194324474415 0.582253825728 0) (0.194843226411 0.58297597157 0) (0.195376808391 0.583701744758 0) (0.195926257885 0.584415580665 0) (0.196491307922 0.585117132449 0) (0.197071683951 0.585806059232 0) (0.197667103976 0.586482026276 0) (0.198277278689 0.587144705134 0) (0.198901911612 0.587793773821 0) (0.199540699246 0.588428916961 0) (0.200193331211 0.589049825946 0) (0.200859490401 0.589656199084 0) (0.201538853137 0.590247741747 0) (0.202231089327 0.59082416651 0) (0.20293586262 0.591385193296 0) (0.203652830575 0.59193054951 0) (0.204381644829 0.592459970168 0) (0.205121951257 0.592973198033 0) (0.205873390155 0.593469983733 0) (0.206635596408 0.593950085887 0) (0.207408199668 0.594413271218 0) (0.208190824539 0.59485931467 0) (0.208983090751 0.595287999517 0) (0.209784613353 0.595699117466 0) (0.210595002895 0.596092468759 0) (0.211413865618 0.596467862272 0) (0.212240803648 0.596825115607 0) (0.213075415184 0.597164055177 0) (0.2139172947 0.597484516297 0) (0.214766033137 0.597786343259 0) (0.215621218104 0.598069389408 0) (0.216482434076 0.598333517216 0) (0.217349262599 0.598578598346 0) (0.218221282493 0.598804513716 0) (0.219098070053 0.599011153558 0) (0.219979199259 0.599198417467 0) (0.220864241981 0.599366214454 0) (0.221752768188 0.599514462988 0) (0.222644346157 0.599643091038 0) (0.22353854268 0.599752036105 0) (0.224434923278 0.599841245253 0) (0.225333052412 0.599910675137 0) (0.226232493691 0.599960292022 0) (0.227132810087 0.599990071799 0) (0.228033564149 0.6 0))
    polyLine 61 65 ((0.14447650005 1.45511095924 -0.03) (0.147688367973 1.46354619018 -0.03) (0.150936978036 1.47207358237 -0.03) (0.154222977178 1.48069476141 -0.03) (0.157547027618 1.4894113912 -0.03) (0.160909807314 1.49822517514 -0.03) (0.164312010426 1.50713785725 -0.03) (0.167754347808 1.51615122342 -0.03) (0.171237547509 1.52526710265 -0.03) (0.174762355297 1.5344873684 -0.03) (0.178329535201 1.54381393993 -0.03) (0.181939870071 1.55324878368 -0.03) (0.185594162164 1.56279391478 -0.03) (0.189293233747 1.57245139853 -0.03) (0.19303792772 1.58222335199 -0.03) (0.196829108277 1.59211194562 -0.03) (0.200667661569 1.60211940494 -0.03) (0.204554496419 1.61224801235 -0.03) (0.208490545038 1.62250010888 -0.03) (0.212476763792 1.63287809616 -0.03) (0.216514133985 1.64338443835 -0.03) (0.220603662673 1.65402166422 -0.03) (0.224746383522 1.66479236923 -0.03))
    polyLine 63 67 ((0.14447650005 1.45511095924 0) (0.147688367973 1.46354619018 0) (0.150936978036 1.47207358237 0) (0.154222977178 1.48069476141 0) (0.157547027618 1.4894113912 0) (0.160909807314 1.49822517514 0) (0.164312010426 1.50713785725 0) (0.167754347808 1.51615122342 0) (0.171237547509 1.52526710265 0) (0.174762355297 1.5344873684 0) (0.178329535201 1.54381393993 0) (0.181939870071 1.55324878368 0) (0.185594162164 1.56279391478 0) (0.189293233747 1.57245139853 0) (0.19303792772 1.58222335199 0) (0.196829108277 1.59211194562 0) (0.200667661569 1.60211940494 0) (0.204554496419 1.61224801235 0) (0.208490545038 1.62250010888 0) (0.212476763792 1.63287809616 0) (0.216514133985 1.64338443835 0) (0.220603662673 1.65402166422 0) (0.224746383522 1.66479236923 0))
);

boundary
(
    body_fore
    {
        type wall;
        faces
        (
            (0 2 6 4)
            (4 6 10 8)
            (8 10 14 12)
            (12 14 18 16)
            (16 18 22 20)
            (20 22 26 24)
            (24 26 30 28)
            (28 30 34 32)
            (32 34 38 36)
            (36 38 42 40)
            (40 42 46 44)
            (44 46 50 48)
            (48 50 54 52)
            (52 54 58 56)
            (56 58 62 60)
            (60 62 66 64)
        );
    }
    freestream
    {
        type patch;
        faces
        (
            (1 5 7 3)
            (5 9 11 7)
            (9 13 15 11)
            (13 17 19 15)
            (17 21 23 19)
            (21 25 27 23)
            (25 29 31 27)
            (29 33 35 31)
            (33 37 39 35)
            (37 41 43 39)
            (41 45 47 43)
            (45 49 51 47)
            (49 53 55 51)
            (53 57 59 55)
            (57 61 63 59)
            (61 65 67 63)
        );
    }
    outlet
    {
        type patch;
        faces
        (
            (64 66 67 65)
        );
    }
    axis
    {
        type patch;
        faces
        (
            (0 1 3 2)
        );
    }
    front
    {
        type patch;
        faces
        (
            (2 6 7 3)
            (6 10 11 7)
            (10 14 15 11)
            (14 18 19 15)
            (18 22 23 19)
            (22 26 27 23)
            (26 30 31 27)
            (30 34 35 31)
            (34 38 39 35)
            (38 42 43 39)
            (42 46 47 43)
            (46 50 51 47)
            (50 54 55 51)
            (54 58 59 55)
            (58 62 63 59)
            (62 66 67 63)
        );
    }
    back
    {
        type patch;
        faces
        (
            (0 1 5 4)
            (4 5 9 8)
            (8 9 13 12)
            (12 13 17 16)
            (16 17 21 20)
            (20 21 25 24)
            (24 25 29 28)
            (28 29 33 32)
            (32 33 37 36)
            (36 37 41 40)
            (40 41 45 44)
            (44 45 49 48)
            (48 49 53 52)
            (52 53 57 56)
            (56 57 61 60)
            (60 61 65 64)
        );
    }
);
