FoamFile
{
    version     2.0;
    format      ascii;
    class       dictionary;
    object      blockMeshDict;
}
// Generated by aether.cfd - do not edit by hand. Regenerate from the run config.

scale 1;

vertices
(
    (0 0 -0.03)
    (-0.234718887963 6.82683839081e-17 -0.03)
    (0 0 0)
    (-0.234718887963 6.82683839081e-17 0)
    (0.00143409539887 0.0445426943575 -0.03)
    (-0.231612528039 0.0768505147519 -0.03)
    (0.00143409539887 0.0445426943575 0)
    (-0.231612528039 0.0768505147519 0)
    (0.00572995413192 0.0889009367294 -0.03)
    (-0.222639097517 0.152944829861 -0.03)
    (0.00572995413192 0.0889009367294 0)
    (-0.222639097517 0.152944829861 0)
    (0.012870125589 0.132891004587 -0.03)
    (-0.208639827827 0.227889516597 -0.03)
    (0.012870125589 0.132891004587 0)
    (-0.208639827827 0.227889516597 0)
    (0.0228248497347 0.1763307498 -0.03)
    (-0.190557357452 0.301787901844 -0.03)
    (0.0228248497347 0.1763307498 0)
    (-0.190557357452 0.301787901844 0)
    (0.0355529467834 0.219040276218 -0.03)
    (-0.169142667838 0.375166396299 -0.03)
    (0.0355529467834 0.219040276218 0)
    (-0.169142667838 0.375166396299 0)
    (0.0510018043951 0.260842678471 -0.03)
    (-0.144848196495 0.448843565722 -0.03)
    (0.0510018043951 0.260842678471 0)
    (-0.144848196495 0.448843565722 0)
    (0.0691072120492 0.301564937893 -0.03)
    (-0.11783353907 0.523838795835 -0.03)
    (0.0691072120492 0.301564937893 0)
    (-0.11783353907 0.523838795835 0)
    (0.0897945539383 0.341038246213 -0.03)
    (-0.0880019894713 0.601342894852 -0.03)
    (0.0897945539383 0.341038246213 0)
    (-0.0880019894713 0.601342894852 0)
    (0.112977764727 0.379099339853 -0.03)
    (-0.055027337687 0.682739368659 -0.03)
    (0.112977764727 0.379099339853 0)
    (-0.055027337687 0.682739368659 0)
    (0.138561167981 0.4155904021 -0.03)
    (-0.0183544456425 0.769672756489 -0.03)
    (0.138561167981 0.4155904021 0)
    (-0.0183544456425 0.769672756489 0)
    (0.16628542971 0.450487397111 -0.03)
    (0.022713194968 0.863895864076 -0.03)
    (0.16628542971 0.450487397111 0)
    (0.022713194968 0.863895864076 0)
    (0.194452586382 0.48503309805 -0.03)
    (0.0676764428658 0.964371876445 -0.03)
    (0.194452586382 0.48503309805 0)
    (0.0676764428658 0.964371876445 0)
    (0.222619743054 0.519578798989 -0.03)
    (0.116381981417 1.0709334732 -0.03)
    (0.222619743054 0.519578798989 0)
    (0.116381981417 1.0709334732 0)
    (0.250786899726 0.554124499927 -0.03)
    (0.168991236648 1.18409422826 -0.03)
    (0.250786899726 0.554124499927 0)
    (0.168991236648 1.18409422826 0)
    (0.280899863072 0.586763050644 -0.03)
    (0.229206638776 1.3117956971 -0.03)
    (0.280899863072 0.586763050644 0)
    (0.229206638776 1.3117956971 0)
    (0.322734770966 0.6 -0.03)
    (0.322734770966 1.50740889761 -0.03)
    (0.322734770966 0.6 0)
    (0.322734770966 1.50740889761 0)
);

blocks
(
    hex (0 4 5 1 2 6 7 3) (4 48 1) simpleGrading (1 4 1)
    hex (4 8 9 5 6 10 11 7) (4 48 1) simpleGrading (1 4 1)
    hex (8 12 13 9 10 14 15 11) (4 48 1) simpleGrading (1 4 1)
    hex (12 16 17 13 14 18 19 15) (4 48 1) simpleGrading (1 4 1)
    hex (16 20 21 17 18 22 23 19) (4 48 1) simpleGrading (1 4 1)
    hex (20 24 25 21 22 26 27 23) (4 48 1) simpleGrading (1 4 1)
    hex (24 28 29 25 26 30 31 27) (4 48 1) simpleGrading (1 4 1)
    hex (28 32 33 29 30 34 35 31) (4 48 1) simpleGrading (1 4 1)
    hex (32 36 37 33 34 38 39 35) (4 48 1) simpleGrading (1 4 1)
    hex (36 40 41 37 38 42 43 39) (4 48 1) simpleGrading (1 4 1)
    hex (40 44 45 41 42 46 47 43) (4 48 1) simpleGrading (1 4 1)
    hex (44 48 49 45 46 50 51 47) (4 48 1) simpleGrading (1 4 1)
    hex (48 52 53 49 50 54 55 51) (4 48 1) simpleGrading (1 4 1)
    hex (52 56 57 53 54 58 59 55) (4 48 1) simpleGrading (1 4 1)
    hex (56 60 61 57 58 62 63 59) (4 48 1) simpleGrading (1 4 1)
    hex (60 64 65 61 62 66 67 63) (4 48 1) simpleGrading (1 4 1)
);

edges
(
    polyLine 0 4 ((5.63943576934e-07 0.000883794215061 -0.03) (2.25577338933e-06 0.00176758699073 -0.03) (5.07548668176e-06 0.0026513768876 -0.03) (9.02307886181e-06 0.00353516246631 -0.03) (1.40985435004e-05 0.00441894228745 -0.03) (2.03018723312e-05 0.00530271491167 -0.03) (2.76330552511e-05 0.0061864788996 -0.03) (3.60920803203e-05 0.0070702328119 -0.03) (4.56789337619e-05 0.00795397520924 -0.03) (5.63935999621e-05 0.0088377046523 -0.03) (6.82360614707e-05 0.0097214197018 -0.03) (8.12062990002e-05 0.0106051189185 -0.03) (9.53042914266e-05 0.0114888008631 -0.03) (0.000110530015789 0.0123724640964 -0.03) (0.000126883447291 0.0132561071793 -0.03) (0.000144364559297 0.0141397286725 -0.03) (0.000162973323337 0.015023327137 -0.03) (0.000182709709104 0.0159069011337 -0.03) (0.000203573684453 0.0167904492236 -0.03) (0.000225565215406 0.0176739699677 -0.03) (0.000248684266145 0.018557461927 -0.03) (0.000272930799017 0.0194409236626 -0.03) (0.000298304774533 0.0203243537356 -0.03) (0.000324806151368 0.0212077507073 -0.03) (0.00035243488636 0.0220911131389 -0.03) (0.000381190934512 0.0229744395918 -0.03) (0.000411074248989 0.0238577286272 -0.03) (0.000442084781122 0.0247409788067 -0.03) (0.000474222480406 0.0256241886916 -0.03) (0.0005074872945 0.0265073568437 -0.03) (0.000541879169227 0.0273904818244 -0.03) (0.000577398048573 0.0282735621955 -0.03) (0.000614043874692 0.0291565965187 -0.03) (0.0006518165879 0.030039583356 -0.03) (0.000690716126679 0.0309225212691 -0.03) (0.000730742427673 0.0318054088202 -0.03) (0.000771895425695 0.0326882445713 -0.03) (0.00081417505372 0.0335710270845 -0.03) (0.00085758124289 0.0344537549221 -0.03) (0.000902113922511 0.0353364266465 -0.03) (0.000947773020054 0.0362190408201 -0.03) (0.000994558461157 0.0371015960054 -0.03) (0.00104247016962 0.0379840907651 -0.03) (0.00109150806742 0.0388665236618 -0.03) (0.00114167207468 0.0397488932584 -0.03) (0.0011929621097 0.0406311981178 -0.03) (0.00124537808896 0.041513436803 -0.03) (0.00129891992708 0.0423956078772 -0.03) (0.00135358753687 0.0432777099036 -0.03) (0.00140938082928 0.0441597414457 -0.03))
    polyLine 2 6 ((5.63943576934e-07 0.000883794215061 0) (2.25577338933e-06 0.00176758699073 0) (5.07548668176e-06 0.0026513768876 0) (9.02307886181e-06 0.00353516246631 0) (1.40985435004e-05 0.00441894228745 0) (2.03018723312e-05 0.00530271491167 0) (2.76330552511e-05 0.0061864788996 0) (3.60920803203e-05 0.0070702328119 0) (4.56789337619e-05 0.00795397520924 0) (5.63935999621e-05 0.0088377046523 0) (6.82360614707e-05 0.0097214197018 0) (8.12062990002e-05 0.0106051189185 0) (9.53042914266e-05 0.0114888008631 0) (0.000110530015789 0.0123724640964 0) (0.000126883447291 0.0132561071793 0) (0.000144364559297 0.0141397286725 0) (0.000162973323337 0.015023327137 0) (0.000182709709104 0.0159069011337 0) (0.000203573684453 0.0167904492236 0) (0.000225565215406 0.0176739699677 0) (0.000248684266145 0.018557461927 0) (0.000272930799017 0.0194409236626 0) (0.000298304774533 0.0203243537356 0) (0.000324806151368 0.0212077507073 0) (0.00035243488636 0.0220911131389 0) (0.000381190934512 0.0229744395918 0) (0.000411074248989 0.0238577286272 0) (0.000442084781122 0.0247409788067 0) (0.000474222480406 0.0256241886916 0) (0.0005074872945 0.0265073568437 0) (0.000541879169227 0.0273904818244 0) (0.000577398048573 0.0282735621955 0) (0.000614043874692 0.0291565965187 0) (0.0006518165879 0.030039583356 0) (0.000690716126679 0.0309225212691 0) (0.000730742427673 0.0318054088202 0) (0.000771895425695 0.0326882445713 0) (0.00081417505372 0.0335710270845 0) (0.00085758124289 0.0344537549221 0) (0.000902113922511 0.0353364266465 0) (0.000947773020054 0.0362190408201 0) (0.000994558461157 0.0371015960054 0) (0.00104247016962 0.0379840907651 0) (0.00109150806742 0.0388665236618 0) (0.00114167207468 0.0397488932584 0) (0.0011929621097 0.0406311981178 0) (0.00124537808896 0.041513436803 0) (0.00129891992708 0.0423956078772 0) (0.00135358753687 0.0432777099036 0) (0.00140938082928 0.0441597414457 0))
    polyLine 1 5 ((-0.234713468536 0.00319965824814 -0.03) (-0.234697210822 0.00639934069369 -0.03) (-0.234670116525 0.00959907158124 -0.03) (-0.234632188481 0.0127988752496 -0.03) (-0.234583430652 0.0159987761791 -0.03) (-0.234523848126 0.019198799038 -0.03) (-0.234453447102 0.0223989687296 -0.03) (-0.234372234887 0.0255993104387 -0.03) (-0.234280219878 0.0287998496776 -0.03) (-0.234177411558 0.0320006123321 -0.03) (-0.234063820472 0.035201624707 -0.03) (-0.23393945822 0.0384029135714 -0.03) (-0.233804337432 0.0416045062033 -0.03) (-0.233658471755 0.0448064304337 -0.03) (-0.233501875827 0.0480087146905 -0.03) (-0.23333456526 0.0512113880416 -0.03) (-0.233156556615 0.0544144802377 -0.03) (-0.232967867373 0.0576180217537 -0.03) (-0.232768515917 0.0608220438308 -0.03) (-0.232558521497 0.0640265785167 -0.03) (-0.232337904207 0.0672316587057 -0.03) (-0.232106684952 0.0704373181778 -0.03) (-0.231864885417 0.0736435916377 -0.03))
    polyLine 3 7 ((-0.234713468536 0.00319965824814 0) (-0.234697210822 0.00639934069369 0) (-0.234670116525 0.00959907158124 0) (-0.234632188481 0.0127988752496 0) (-0.234583430652 0.0159987761791 0) (-0.234523848126 0.019198799038 0) (-0.234453447102 0.0223989687296 0) (-0.234372234887 0.0255993104387 0) (-0.234280219878 0.0287998496776 0) (-0.234177411558 0.0320006123321 0) (-0.234063820472 0.035201624707 0) (-0.23393945822 0.0384029135714 0) (-0.233804337432 0.0416045062033 0) (-0.233658471755 0.0448064304337 0) (-0.233501875827 0.0480087146905 0) (-0.23333456526 0.0512113880416 0) (-0.233156556615 0.0544144802377 0) (-0.232967867373 0.0576180217537 0) (-0.232768515917 0.0608220438308 0) (-0.232558521497 0.0640265785167 0) (-0.232337904207 0.0672316587057 0) (-0.232106684952 0.0704373181778 0) (-0.231864885417 0.0736435916377 0))
    polyLine 4 8 ((0.00146629971345 0.0450417010668 -0.03) (0.00152434409668 0.0459235873305 -0.03) (0.00158351388444 0.0468053988006 -0.03) (0.00164380898036 0.0476871340409 -0.03) (0.00170522928623 0.0485687916154 -0.03) (0.00176777470203 0.0494503700881 -0.03) (0.00183144512589 0.0503318680233 -0.03) (0.00189624045411 0.0512132839853 -0.03) (0.00196216058116 0.0520946165386 -0.03) (0.00202920539969 0.0529758642477 -0.03) (0.0020973748005 0.0538570256776 -0.03) (0.00216666867257 0.0547380993929 -0.03) (0.00223708690304 0.0556190839589 -0.03) (0.00230862937722 0.0564999779406 -0.03) (0.00238129597859 0.0573807799034 -0.03) (0.00245508658882 0.0582614884127 -0.03) (0.00253000108771 0.0591421020343 -0.03) (0.00260603935326 0.0600226193338 -0.03) (0.00268320126162 0.0609030388773 -0.03) (0.00276148668714 0.0617833592307 -0.03) (0.0028408955023 0.0626635789605 -0.03) (0.00292142757778 0.063543696633 -0.03) (0.00300308278241 0.0644237108148 -0.03) (0.00308586098322 0.0653036200727 -0.03) (0.00316976204539 0.0661834229735 -0.03) (0.00325478583226 0.0670631180845 -0.03) (0.00334093220537 0.0679427039729 -0.03) (0.00342820102441 0.0688221792061 -0.03) (0.00351659214724 0.0697015423518 -0.03) (0.00360610542993 0.0705807919778 -0.03) (0.00369674072666 0.0714599266521 -0.03) (0.00378849788984 0.0723389449429 -0.03) (0.00388137677002 0.0732178454187 -0.03) (0.00397537721594 0.0740966266478 -0.03) (0.0040704990745 0.0749752871993 -0.03) (0.00416674219077 0.0758538256419 -0.03) (0.00426410640802 0.0767322405449 -0.03) (0.00436259156767 0.0776105304776 -0.03) (0.00446219750932 0.0784886940097 -0.03) (0.00456292407075 0.0793667297108 -0.03) (0.00466477108791 0.0802446361509 -0.03) (0.00476773839492 0.0811224119004 -0.03) (0.0048718258241 0.0820000555295 -0.03) (0.0049770332059 0.0828775656089 -0.03) (0.005083360369 0.0837549407094 -0.03) (0.00519080714022 0.0846321794021 -0.03) (0.00529937334456 0.0855092802582 -0.03) (0.00540905880521 0.0863862418494 -0.03) (0.00551986334353 0.0872630627472 -0.03) (0.00563178677906 0.0881397415237 -0.03))
    polyLine 6 10 ((0.00146629971345 0.0450417010668 0) (0.00152434409668 0.0459235873305 0) (0.00158351388444 0.0468053988006 0) (0.00164380898036 0.0476871340409 0) (0.00170522928623 0.0485687916154 0) (0.00176777470203 0.0494503700881 0) (0.00183144512589 0.0503318680233 0) (0.00189624045411 0.0512132839853 0) (0.00196216058116 0.0520946165386 0) (0.00202920539969 0.0529758642477 0) (0.0020973748005 0.0538570256776 0) (0.00216666867257 0.0547380993929 0) (0.00223708690304 0.0556190839589 0) (0.00230862937722 0.0564999779406 0) (0.00238129597859 0.0573807799034 0) (0.00245508658882 0.0582614884127 0) (0.00253000108771 0.0591421020343 0) (0.00260603935326 0.0600226193338 0) (0.00268320126162 0.0609030388773 0) (0.00276148668714 0.0617833592307 0) (0.0028408955023 0.0626635789605 0) (0.00292142757778 0.063543696633 0) (0.00300308278241 0.0644237108148 0) (0.00308586098322 0.0653036200727 0) (0.00316976204539 0.0661834229735 0) (0.00325478583226 0.0670631180845 0) (0.00334093220537 0.0679427039729 0) (0.00342820102441 0.0688221792061 0) (0.00351659214724 0.0697015423518 0) (0.00360610542993 0.0705807919778 0) (0.00369674072666 0.0714599266521 0) (0.00378849788984 0.0723389449429 0) (0.00388137677002 0.0732178454187 0) (0.00397537721594 0.0740966266478 0) (0.0040704990745 0.0749752871993 0) (0.00416674219077 0.0758538256419 0) (0.00426410640802 0.0767322405449 0) (0.00436259156767 0.0776105304776 0) (0.00446219750932 0.0784886940097 0) (0.00456292407075 0.0793667297108 0) (0.00466477108791 0.0802446361509 0) (0.00476773839492 0.0811224119004 0) (0.0048718258241 0.0820000555295 0) (0.0049770332059 0.0828775656089 0) (0.005083360369 0.0837549407094 0) (0.00519080714022 0.0846321794021 0) (0.00529937334456 0.0855092802582 0) (0.00540905880521 0.0863862418494 0) (0.00551986334353 0.0872630627472 0) (0.00563178677906 0.0881397415237 0))
    polyLine 5 9 ((-0.231353706729 0.0800094102501 -0.03) (-0.231084691003 0.0831690073821 -0.03) (-0.230805504233 0.0863293431563 -0.03) (-0.230516170367 0.0894904556199 -0.03) (-0.230216713897 0.0926523838902 -0.03) (-0.229907159824 0.0958151681849 -0.03) (-0.229587533624 0.0989788498524 -0.03) (-0.229257861211 0.1021434714 -0.03) (-0.228918168905 0.105309076524 -0.03) (-0.228568483391 0.108475710133 -0.03) (-0.228208831684 0.111643418382 -0.03) (-0.227839241095 0.11481224869 -0.03) (-0.227459739187 0.117982249772 -0.03) (-0.227070353744 0.121153471659 -0.03) (-0.226671112731 0.124325965725 -0.03) (-0.226262044254 0.127499784709 -0.03) (-0.225843176525 0.130674982736 -0.03) (-0.225414537821 0.133851615342 -0.03) (-0.224976156451 0.137029739493 -0.03) (-0.22452806071 0.140209413604 -0.03) (-0.224070278847 0.143390697563 -0.03) (-0.223602839028 0.146573652747 -0.03) (-0.223125769291 0.149758342042 -0.03))
    polyLine 7 11 ((-0.231353706729 0.0800094102501 0) (-0.231084691003 0.0831690073821 0) (-0.230805504233 0.0863293431563 0) (-0.230516170367 0.0894904556199 0) (-0.230216713897 0.0926523838902 0) (-0.229907159824 0.0958151681849 0) (-0.229587533624 0.0989788498524 0) (-0.229257861211 0.1021434714 0) (-0.228918168905 0.105309076524 0) (-0.228568483391 0.108475710133 0) (-0.228208831684 0.111643418382 0) (-0.227839241095 0.11481224869 0) (-0.227459739187 0.117982249772 0) (-0.227070353744 0.121153471659 0) (-0.226671112731 0.124325965725 0) (-0.226262044254 0.127499784709 0) (-0.225843176525 0.130674982736 0) (-0.225414537821 0.133851615342 0) (-0.224976156451 0.137029739493 0) (-0.22452806071 0.140209413604 0) (-0.224070278847 0.143390697563 0) (-0.223602839028 0.146573652747 0) (-0.223125769291 0.149758342042 0))
    polyLine 8 12 ((0.0057448289295 0.0890162767511 -0.03) (0.00585898961077 0.0898926670018 -0.03) (0.00597426863692 0.0907689108484 -0.03) (0.00609066582021 0.0916450068639 -0.03) (0.00620818097106 0.0925209536213 -0.03) (0.0063268138981 0.0933967496942 -0.03) (0.00644656440809 0.0942723936561 -0.03) (0.00656743230602 0.0951478840808 -0.03) (0.00668941739502 0.0960232195426 -0.03) (0.00681251947644 0.0968983986158 -0.03) (0.00693673834977 0.097773419875 -0.03) (0.00706207381271 0.0986482818952 -0.03) (0.00718852566112 0.0995229832515 -0.03) (0.00731609368908 0.100397522519 -0.03) (0.0074447776888 0.101271898274 -0.03) (0.0075745774507 0.102146109092 -0.03) (0.0077054927634 0.10302015355 -0.03) (0.00783752341367 0.103894030223 -0.03) (0.00797066918648 0.104767737689 -0.03) (0.00810492986498 0.105641274524 -0.03) (0.00824030523051 0.106514639306 -0.03) (0.00837679506259 0.107387830613 -0.03) (0.00851439913892 0.108260847022 -0.03) (0.0086531172354 0.109133687112 -0.03) (0.00879294912609 0.110006349461 -0.03) (0.00893389458327 0.110878832647 -0.03) (0.00907595337738 0.111751135251 -0.03) (0.00921912527706 0.11262325585 -0.03) (0.00936341004912 0.113495193025 -0.03) (0.00950880745859 0.114366945356 -0.03) (0.00965531726865 0.115238511422 -0.03) (0.0098029392407 0.116109889805 -0.03) (0.0099516731343 0.116981079085 -0.03) (0.0101015187072 0.117852077843 -0.03) (0.0102524757154 0.118722884661 -0.03) (0.010404543913 0.119593498121 -0.03) (0.0105577230524 0.120463916804 -0.03) (0.0107120128841 0.121334139293 -0.03) (0.0108674131567 0.12220416417 -0.03) (0.0110239236173 0.12307399002 -0.03) (0.0111815440108 0.123943615424 -0.03) (0.0113402740806 0.124813038968 -0.03) (0.0115001135682 0.125682259234 -0.03) (0.0116610622133 0.126551274807 -0.03) (0.0118231197536 0.127420084272 -0.03) (0.0119862859254 0.128288686213 -0.03) (0.0121505604628 0.129157079217 -0.03) (0.0123159430982 0.130025261869 -0.03) (0.0124824335625 0.130893232754 -0.03) (0.0126500315843 0.13176099046 -0.03) (0.0128187368908 0.132628533572 -0.03))
    polyLine 10 14 ((0.0057448289295 0.0890162767511 0) (0.00585898961077 0.0898926670018 0) (0.00597426863692 0.0907689108484 0) (0.00609066582021 0.0916450068639 0) (0.00620818097106 0.0925209536213 0) (0.0063268138981 0.0933967496942 0) (0.00644656440809 0.0942723936561 0) (0.00656743230602 0.0951478840808 0) (0.00668941739502 0.0960232195426 0) (0.00681251947644 0.0968983986158 0) (0.00693673834977 0.097773419875 0) (0.00706207381271 0.0986482818952 0) (0.00718852566112 0.0995229832515 0) (0.00731609368908 0.100397522519 0) (0.0074447776888 0.101271898274 0) (0.0075745774507 0.102146109092 0) (0.0077054927634 0.10302015355 0) (0.00783752341367 0.103894030223 0) (0.00797066918648 0.104767737689 0) (0.00810492986498 0.105641274524 0) (0.00824030523051 0.106514639306 0) (0.00837679506259 0.107387830613 0) (0.00851439913892 0.108260847022 0) (0.0086531172354 0.109133687112 0) (0.00879294912609 0.110006349461 0) (0.00893389458327 0.110878832647 0) (0.00907595337738 0.111751135251 0) (0.00921912527706 0.11262325585 0) (0.00936341004912 0.113495193025 0) (0.00950880745859 0.114366945356 0) (0.00965531726865 0.115238511422 0) (0.0098029392407 0.116109889805 0) (0.0099516731343 0.116981079085 0) (0.0101015187072 0.117852077843 0) (0.0102524757154 0.118722884661 0) (0.010404543913 0.119593498121 0) (0.0105577230524 0.120463916804 0) (0.0107120128841 0.121334139293 0) (0.0108674131567 0.12220416417 0) (0.0110239236173 0.12307399002 0) (0.0111815440108 0.123943615424 0) (0.0113402740806 0.124813038968 0) (0.0115001135682 0.125682259234 0) (0.0116610622133 0.126551274807 0) (0.0118231197536 0.127420084272 0) (0.0119862859254 0.128288686213 0) (0.0121505604628 0.129157079217 0) (0.0123159430982 0.130025261869 0) (0.0124824335625 0.130893232754 0) (0.0126500315843 0.13176099046 0) (0.0128187368908 0.132628533572 0))
    polyLine 9 13 ((-0.222157388475 0.156040620444 -0.03) (-0.221666677888 0.159138230636 -0.03) (-0.221166990645 0.162237723628 -0.03) (-0.220658351357 0.165339164028 -0.03) (-0.220140784333 0.168442617875 -0.03) (-0.219614313547 0.171548152651 -0.03) (-0.219078962604 0.174655837295 -0.03) (-0.218534754715 0.177765742215 -0.03) (-0.21798171266 0.180877939304 -0.03) (-0.217419858765 0.183992501947 -0.03) (-0.216849214867 0.187109505036 -0.03) (-0.216269802288 0.190229024982 -0.03) (-0.215681641805 0.193351139727 -0.03) (-0.215084753621 0.196475928754 -0.03) (-0.214479157338 0.199603473101 -0.03) (-0.213864871928 0.20273385537 -0.03) (-0.213241915708 0.20586715974 -0.03) (-0.212610306309 0.209003471978 -0.03) (-0.211970060654 0.212142879451 -0.03) (-0.211321194929 0.215285471137 -0.03) (-0.210663724556 0.218431337637 -0.03) (-0.209997664172 0.221580571183 -0.03) (-0.209323027601 0.224733265657 -0.03))
    polyLine 11 15 ((-0.222157388475 0.156040620444 0) (-0.221666677888 0.159138230636 0) (-0.221166990645 0.162237723628 0) (-0.220658351357 0.165339164028 0) (-0.220140784333 0.168442617875 0) (-0.219614313547 0.171548152651 0) (-0.219078962604 0.174655837295 0) (-0.218534754715 0.177765742215 0) (-0.21798171266 0.180877939304 0) (-0.217419858765 0.183992501947 0) (-0.216849214867 0.187109505036 0) (-0.216269802288 0.190229024982 0) (-0.215681641805 0.193351139727 0) (-0.215084753621 0.196475928754 0) (-0.214479157338 0.199603473101 0) (-0.213864871928 0.20273385537 0) (-0.213241915708 0.20586715974 0) (-0.212610306309 0.209003471978 0) (-0.211970060654 0.212142879451 0) (-0.211321194929 0.215285471137 0) (-0.210663724556 0.218431337637 0) (-0.209997664172 0.221580571183 0) (-0.209323027601 0.224733265657 0))
    polyLine 12 16 ((0.0129885492071 0.133495860679 -0.03) (0.0131594682567 0.134362970367 -0.03) (0.0133314937612 0.135229861224 -0.03) (0.0135046254406 0.136096531839 -0.03) (0.0136788630127 0.136962980799 -0.03) (0.0138542061938 0.137829206694 -0.03) (0.0140306546984 0.138695208113 -0.03) (0.014208208239 0.139560983646 -0.03) (0.0143868665266 0.140426531882 -0.03) (0.0145666292701 0.141291851412 -0.03) (0.0147474961767 0.142156940826 -0.03) (0.0149294669519 0.143021798716 -0.03) (0.0151125412993 0.143886423673 -0.03) (0.0152967189208 0.144750814288 -0.03) (0.0154819995164 0.145614969155 -0.03) (0.0156683827843 0.146478886865 -0.03) (0.015855868421 0.147342566012 -0.03) (0.0160444561212 0.148206005189 -0.03) (0.0162341455776 0.149069202989 -0.03) (0.0164249364813 0.149932158007 -0.03) (0.0166168285217 0.150794868838 -0.03) (0.0168098213862 0.151657334076 -0.03) (0.0170039147604 0.152519552317 -0.03) (0.0171991083283 0.153381522156 -0.03) (0.017395401772 0.15424324219 -0.03) (0.0175927947717 0.155104711015 -0.03) (0.017791287006 0.155965927228 -0.03) (0.0179908781516 0.156826889426 -0.03) (0.0181915678835 0.157687596208 -0.03) (0.0183933558747 0.158548046171 -0.03) (0.0185962417967 0.159408237915 -0.03) (0.018800225319 0.160268170037 -0.03) (0.0190053061094 0.161127841138 -0.03) (0.0192114838338 0.161987249818 -0.03) (0.0194187581566 0.162846394676 -0.03) (0.0196271287401 0.163705274314 -0.03) (0.0198365952449 0.164563887333 -0.03) (0.02004715733 0.165422232334 -0.03) (0.0202588146523 0.16628030792 -0.03) (0.0204715668671 0.167138112692 -0.03) (0.0206854136281 0.167995645254 -0.03) (0.0209003545868 0.16885290421 -0.03) (0.0211163893932 0.169709888162 -0.03) (0.0213335176954 0.170566595716 -0.03) (0.0215517391399 0.171423025476 -0.03) (0.0217710533713 0.172279176048 -0.03) (0.0219914600323 0.173135046036 -0.03) (0.0222129587639 0.173990634047 -0.03) (0.0224355492055 0.174845938687 -0.03) (0.0226592309945 0.175700958564 -0.03))
    polyLine 14 18 ((0.0129885492071 0.133495860679 0) (0.0131594682567 0.134362970367 0) (0.0133314937612 0.135229861224 0) (0.0135046254406 0.136096531839 0) (0.0136788630127 0.136962980799 0) (0.0138542061938 0.137829206694 0) (0.0140306546984 0.138695208113 0) (0.014208208239 0.139560983646 0) (0.0143868665266 0.140426531882 0) (0.0145666292701 0.141291851412 0) (0.0147474961767 0.142156940826 0) (0.0149294669519 0.143021798716 0) (0.0151125412993 0.143886423673 0) (0.0152967189208 0.144750814288 0) (0.0154819995164 0.145614969155 0) (0.0156683827843 0.146478886865 0) (0.015855868421 0.147342566012 0) (0.0160444561212 0.148206005189 0) (0.0162341455776 0.149069202989 0) (0.0164249364813 0.149932158007 0) (0.0166168285217 0.150794868838 0) (0.0168098213862 0.151657334076 0) (0.0170039147604 0.152519552317 0) (0.0171991083283 0.153381522156 0) (0.017395401772 0.15424324219 0) (0.0175927947717 0.155104711015 0) (0.017791287006 0.155965927228 0) (0.0179908781516 0.156826889426 0) (0.0181915678835 0.157687596208 0) (0.0183933558747 0.158548046171 0) (0.0185962417967 0.159408237915 0) (0.018800225319 0.160268170037 0) (0.0190053061094 0.161127841138 0) (0.0192114838338 0.161987249818 0) (0.0194187581566 0.162846394676 0) (0.0196271287401 0.163705274314 0) (0.0198365952449 0.164563887333 0) (0.02004715733 0.165422232334 0) (0.0202588146523 0.16628030792 0) (0.0204715668671 0.167138112692 0) (0.0206854136281 0.167995645254 0) (0.0209003545868 0.16885290421 0) (0.0211163893932 0.169709888162 0) (0.0213335176954 0.170566595716 0) (0.0215517391399 0.171423025476 0) (0.0217710533713 0.172279176048 0) (0.0219914600323 0.173135046036 0) (0.0222129587639 0.173990634047 0) (0.0224355492055 0.174845938687 0) (0.0226592309945 0.175700958564 0))
    polyLine 13 17 ((-0.207976384229 0.230920803185 -0.03) (-0.207305081063 0.233955539493 -0.03) (-0.206625927499 0.236993814231 -0.03) (-0.205938931916 0.240035717554 -0.03) (-0.205244101887 0.243081341071 -0.03) (-0.20454144416 0.246130777859 -0.03) (-0.203830964639 0.24918412247 -0.03) (-0.203112668367 0.252241470947 -0.03) (-0.202386559506 0.255302920831 -0.03) (-0.201652641322 0.258368571174 -0.03) (-0.200910916169 0.261438522552 -0.03) (-0.200161385465 0.264512877079 -0.03) (-0.199404049685 0.267591738416 -0.03) (-0.198638908336 0.270675211787 -0.03) (-0.197865959943 0.27376340399 -0.03) (-0.197085202034 0.276856423415 -0.03) (-0.196296631125 0.279954380055 -0.03) (-0.195500242697 0.28305738552 -0.03) (-0.194696031189 0.286165553058 -0.03) (-0.193883989973 0.289278997563 -0.03) (-0.193064111346 0.292397835598 -0.03) (-0.192236386511 0.295522185406 -0.03) (-0.191400805557 0.298652166934 -0.03))
    polyLine 15 19 ((-0.207976384229 0.230920803185 0) (-0.207305081063 0.233955539493 0) (-0.206625927499 0.236993814231 0) (-0.205938931916 0.240035717554 0) (-0.205244101887 0.243081341071 0) (-0.20454144416 0.246130777859 0) (-0.203830964639 0.24918412247 0) (-0.203112668367 0.252241470947 0) (-0.202386559506 0.255302920831 0) (-0.201652641322 0.258368571174 0) (-0.200910916169 0.261438522552 0) (-0.200161385465 0.264512877079 0) (-0.199404049685 0.267591738416 0) (-0.198638908336 0.270675211787 0) (-0.197865959943 0.27376340399 0) (-0.197085202034 0.276856423415 0) (-0.196296631125 0.279954380055 0) (-0.195500242697 0.28305738552 0) (-0.194696031189 0.286165553058 0) (-0.193883989973 0.289278997563 0) (-0.193064111346 0.292397835598 0) (-0.192236386511 0.295522185406 0) (-0.191400805557 0.298652166934 0))
    polyLine 16 20 ((0.0228840037666 0.176555692285 -0.03) (0.0231098671557 0.177410138457 -0.03) (0.023336820794 0.17826429569 -0.03) (0.0235648643119 0.179118162593 -0.03) (0.0237939973379 0.179971737773 -0.03) (0.0240242194988 0.180825019842 -0.03) (0.0242555304198 0.18167800741 -0.03) (0.0244879297241 0.182530699087 -0.03) (0.0247214170332 0.183383093484 -0.03) (0.0249559919667 0.184235189214 -0.03) (0.0251916541428 0.185086984889 -0.03) (0.0254284031775 0.185938479121 -0.03) (0.0256662386853 0.186789670524 -0.03) (0.0259051602789 0.18764055771 -0.03) (0.026145167569 0.188491139296 -0.03) (0.0263862601649 0.189341413894 -0.03) (0.0266284376739 0.190191380121 -0.03) (0.0268716997015 0.191041036592 -0.03) (0.0271160458515 0.191890381923 -0.03) (0.0273614757261 0.192739414731 -0.03) (0.0276079889254 0.193588133634 -0.03) (0.027855585048 0.194436537248 -0.03) (0.0281042636907 0.195284624192 -0.03) (0.0283540244484 0.196132393086 -0.03) (0.0286048669143 0.196979842547 -0.03) (0.02885679068 0.197826971197 -0.03) (0.0291097953351 0.198673777655 -0.03) (0.0293638804676 0.199520260542 -0.03) (0.0296190456636 0.200366418479 -0.03) (0.0298752905076 0.201212250089 -0.03) (0.0301326145823 0.202057753994 -0.03) (0.0303910174685 0.202902928817 -0.03) (0.0306504987454 0.203747773181 -0.03) (0.0309110579904 0.20459228571 -0.03) (0.0311726947792 0.20543646503 -0.03) (0.0314354086856 0.206280309764 -0.03) (0.0316991992817 0.20712381854 -0.03) (0.0319640661379 0.207966989982 -0.03) (0.032230008823 0.208809822718 -0.03) (0.0324970269036 0.209652315375 -0.03) (0.0327651199449 0.210494466581 -0.03) (0.0330342875104 0.211336274964 -0.03) (0.0333045291616 0.212177739154 -0.03) (0.0335758444585 0.21301885778 -0.03) (0.033848232959 0.213859629471 -0.03) (0.0341216942196 0.21470005286 -0.03) (0.034396227795 0.215540126576 -0.03) (0.0346718332379 0.216379849252 -0.03) (0.0349485100996 0.21721921952 -0.03) (0.0352262579295 0.218058236013 -0.03) (0.035505076275 0.218896897364 -0.03))
    polyLine 18 22 ((0.0228840037666 0.176555692285 0) (0.0231098671557 0.177410138457 0) (0.023336820794 0.17826429569 0) (0.0235648643119 0.179118162593 0) (0.0237939973379 0.179971737773 0) (0.0240242194988 0.180825019842 0) (0.0242555304198 0.18167800741 0) (0.0244879297241 0.182530699087 0) (0.0247214170332 0.183383093484 0) (0.0249559919667 0.184235189214 0) (0.0251916541428 0.185086984889 0) (0.0254284031775 0.185938479121 0) (0.0256662386853 0.186789670524 0) (0.0259051602789 0.18764055771 0) (0.026145167569 0.188491139296 0) (0.0263862601649 0.189341413894 0) (0.0266284376739 0.190191380121 0) (0.0268716997015 0.191041036592 0) (0.0271160458515 0.191890381923 0) (0.0273614757261 0.192739414731 0) (0.0276079889254 0.193588133634 0) (0.027855585048 0.194436537248 0) (0.0281042636907 0.195284624192 0) (0.0283540244484 0.196132393086 0) (0.0286048669143 0.196979842547 0) (0.02885679068 0.197826971197 0) (0.0291097953351 0.198673777655 0) (0.0293638804676 0.199520260542 0) (0.0296190456636 0.200366418479 0) (0.0298752905076 0.201212250089 0) (0.0301326145823 0.202057753994 0) (0.0303910174685 0.202902928817 0) (0.0306504987454 0.203747773181 0) (0.0309110579904 0.20459228571 0) (0.0311726947792 0.20543646503 0) (0.0314354086856 0.206280309764 0) (0.0316991992817 0.20712381854 0) (0.0319640661379 0.207966989982 0) (0.032230008823 0.208809822718 0) (0.0324970269036 0.209652315375 0) (0.0327651199449 0.210494466581 0) (0.0330342875104 0.211336274964 0) (0.0333045291616 0.212177739154 0) (0.0335758444585 0.21301885778 0) (0.033848232959 0.213859629471 0) (0.0341216942196 0.21470005286 0) (0.034396227795 0.215540126576 0) (0.0346718332379 0.216379849252 0) (0.0349485100996 0.21721921952 0) (0.0352262579295 0.218058236013 0) (0.035505076275 0.218896897364 0))
    polyLine 17 21 ((-0.189748531963 0.304773217459 -0.03) (-0.188932579564 0.307763947513 -0.03) (-0.188109487883 0.310760200819 -0.03) (-0.18727924358 0.313762087654 -0.03) (-0.186441832336 0.316769719772 -0.03) (-0.185597238838 0.319783210424 -0.03) (-0.184745446769 0.322802674372 -0.03) (-0.183886438797 0.325828227909 -0.03) (-0.183020196559 0.328859988876 -0.03) (-0.18214670065 0.331898076679 -0.03) (-0.181265930613 0.334942612311 -0.03) (-0.180377864923 0.337993718373 -0.03) (-0.179482480974 0.341051519088 -0.03) (-0.178579755072 0.34411614033 -0.03) (-0.177669662414 0.347187709639 -0.03) (-0.176752177079 0.350266356246 -0.03) (-0.175827272015 0.353352211097 -0.03) (-0.174894919026 0.356445406875 -0.03) (-0.173955088755 0.359546078022 -0.03) (-0.173007750673 0.362654360769 -0.03) (-0.172052873066 0.365770393156 -0.03) (-0.171090423017 0.368894315062 -0.03) (-0.170120366395 0.372026268231 -0.03))
    polyLine 19 23 ((-0.189748531963 0.304773217459 0) (-0.188932579564 0.307763947513 0) (-0.188109487883 0.310760200819 0) (-0.18727924358 0.313762087654 0) (-0.186441832336 0.316769719772 0) (-0.185597238838 0.319783210424 0) (-0.184745446769 0.322802674372 0) (-0.183886438797 0.325828227909 0) (-0.183020196559 0.328859988876 0) (-0.18214670065 0.331898076679 0) (-0.181265930613 0.334942612311 0) (-0.180377864923 0.337993718373 0) (-0.179482480974 0.341051519088 0) (-0.178579755072 0.34411614033 0) (-0.177669662414 0.347187709639 0) (-0.176752177079 0.350266356246 0) (-0.175827272015 0.353352211097 0) (-0.174894919026 0.356445406875 0) (-0.173955088755 0.359546078022 0) (-0.173007750673 0.362654360769 0) (-0.172052873066 0.365770393156 0) (-0.171090423017 0.368894315062 0) (-0.170120366395 0.372026268231 0))
    polyLine 20 24 ((0.0357849646823 0.219735202209 -0.03) (0.0360659226954 0.220573149181 -0.03) (0.0363479498567 0.221410736915 -0.03) (0.036631045707 0.222247964048 -0.03) (0.0369152097851 0.223084829216 -0.03) (0.0372004416283 0.223921331056 -0.03) (0.0374867407719 0.224757468205 -0.03) (0.0377741067498 0.225593239303 -0.03) (0.038062539094 0.226428642987 -0.03) (0.0383520373345 0.227263677897 -0.03) (0.038642601 0.228098342674 -0.03) (0.0389342296173 0.228932635957 -0.03) (0.0392269227113 0.229766556388 -0.03) (0.0395206798054 0.230600102609 -0.03) (0.0398155004211 0.231433273262 -0.03) (0.0401113840783 0.23226606699 -0.03) (0.0404083302951 0.233098482437 -0.03) (0.0407063385879 0.233930518248 -0.03) (0.0410054084712 0.234762173067 -0.03) (0.0413055394582 0.235593445539 -0.03) (0.0416067310598 0.236424334311 -0.03) (0.0419089827856 0.23725483803 -0.03) (0.0422122941434 0.238084955343 -0.03) (0.042516664639 0.238914684897 -0.03) (0.042822093777 0.239744025343 -0.03) (0.0431285810596 0.240572975328 -0.03) (0.0434361259879 0.241401533503 -0.03) (0.043744728061 0.242229698519 -0.03) (0.0440543867762 0.243057469026 -0.03) (0.0443651016291 0.243884843677 -0.03) (0.0446768721139 0.244711821124 -0.03) (0.0449896977226 0.24553840002 -0.03) (0.0453035779458 0.246364579018 -0.03) (0.0456185122724 0.247190356775 -0.03) (0.0459345001893 0.248015731943 -0.03) (0.0462515411819 0.24884070318 -0.03) (0.046569634734 0.249665269141 -0.03) (0.0468887803274 0.250489428485 -0.03) (0.0472089774424 0.251313179867 -0.03) (0.0475302255574 0.252136521947 -0.03) (0.0478525241493 0.252959453385 -0.03) (0.0481758726931 0.253781972838 -0.03) (0.0485002706623 0.254604078969 -0.03) (0.0488257175284 0.255425770438 -0.03) (0.0491522127616 0.256247045906 -0.03) (0.0494797558299 0.257067904037 -0.03) (0.0498083462 0.257888343494 -0.03) (0.0501379833367 0.258708362939 -0.03) (0.0504686667031 0.259527961038 -0.03) (0.0508003957606 0.260347136455 -0.03))
    polyLine 22 26 ((0.0357849646823 0.219735202209 0) (0.0360659226954 0.220573149181 0) (0.0363479498567 0.221410736915 0) (0.036631045707 0.222247964048 0) (0.0369152097851 0.223084829216 0) (0.0372004416283 0.223921331056 0) (0.0374867407719 0.224757468205 0) (0.0377741067498 0.225593239303 0) (0.038062539094 0.226428642987 0) (0.0383520373345 0.227263677897 0) (0.038642601 0.228098342674 0) (0.0389342296173 0.228932635957 0) (0.0392269227113 0.229766556388 0) (0.0395206798054 0.230600102609 0) (0.0398155004211 0.231433273262 0) (0.0401113840783 0.23226606699 0) (0.0404083302951 0.233098482437 0) (0.0407063385879 0.233930518248 0) (0.0410054084712 0.234762173067 0) (0.0413055394582 0.235593445539 0) (0.0416067310598 0.236424334311 0) (0.0419089827856 0.23725483803 0) (0.0422122941434 0.238084955343 0) (0.042516664639 0.238914684897 0) (0.042822093777 0.239744025343 0) (0.0431285810596 0.240572975328 0) (0.0434361259879 0.241401533503 0) (0.043744728061 0.242229698519 0) (0.0440543867762 0.243057469026 0) (0.0443651016291 0.243884843677 0) (0.0446768721139 0.244711821124 0) (0.0449896977226 0.24553840002 0) (0.0453035779458 0.246364579018 0) (0.0456185122724 0.247190356775 0) (0.0459345001893 0.248015731943 0) (0.0462515411819 0.24884070318 0) (0.046569634734 0.249665269141 0) (0.0468887803274 0.250489428485 0) (0.0472089774424 0.251313179867 0) (0.0475302255574 0.252136521947 0) (0.0478525241493 0.252959453385 0) (0.0481758726931 0.253781972838 0) (0.0485002706623 0.254604078969 0) (0.0488257175284 0.255425770438 0) (0.0491522127616 0.256247045906 0) (0.0494797558299 0.257067904037 0) (0.0498083462 0.257888343494 0) (0.0501379833367 0.258708362939 0) (0.0504686667031 0.259527961038 0) (0.0508003957606 0.260347136455 0))
    polyLine 21 25 ((-0.168212696107 0.378138243439 -0.03) (-0.16727585024 0.381117628925 -0.03) (-0.166332097404 0.384104678361 -0.03) (-0.165381403738 0.387099518946 -0.03) (-0.164423734346 0.390102279496 -0.03) (-0.163459053285 0.393113090467 -0.03) (-0.162487323549 0.396132083985 -0.03) (-0.161508507058 0.399159393868 -0.03) (-0.160522564646 0.40219515565 -0.03) (-0.159529456047 0.405239506615 -0.03) (-0.158529139881 0.408292585817 -0.03) (-0.157521573639 0.411354534112 -0.03) (-0.156506713672 0.414425494186 -0.03) (-0.155484515175 0.417505610585 -0.03) (-0.15445493217 0.420595029747 -0.03) (-0.153417917495 0.42369390003 -0.03) (-0.152373422786 0.426802371744 -0.03) (-0.151321398461 0.429920597188 -0.03) (-0.150261793706 0.433048730679 -0.03) (-0.149194556455 0.436186928589 -0.03) (-0.148119633376 0.439335349377 -0.03) (-0.147036969855 0.442494153629 -0.03) (-0.145946509974 0.445663504095 -0.03))
    polyLine 23 27 ((-0.168212696107 0.378138243439 0) (-0.16727585024 0.381117628925 0) (-0.166332097404 0.384104678361 0) (-0.165381403738 0.387099518946 0) (-0.164423734346 0.390102279496 0) (-0.163459053285 0.393113090467 0) (-0.162487323549 0.396132083985 0) (-0.161508507058 0.399159393868 0) (-0.160522564646 0.40219515565 0) (-0.159529456047 0.405239506615 0) (-0.158529139881 0.408292585817 0) (-0.157521573639 0.411354534112 0) (-0.156506713672 0.414425494186 0) (-0.155484515175 0.417505610585 0) (-0.15445493217 0.420595029747 0) (-0.153417917495 0.42369390003 0) (-0.152373422786 0.426802371744 0) (-0.151321398461 0.429920597188 0) (-0.150261793706 0.433048730679 0) (-0.149194556455 0.436186928589 0) (-0.148119633376 0.439335349377 0) (-0.147036969855 0.442494153629 0) (-0.145946509974 0.445663504095 0))
    polyLine 24 28 ((0.0511331699691 0.261165887858 -0.03) (0.0514669887865 0.261984213911 -0.03) (0.0518018516691 0.262802113283 -0.03) (0.0521377580716 0.263619584641 -0.03) (0.0524747074468 0.264436626654 -0.03) (0.0528126992461 0.265253237992 -0.03) (0.0531517329189 0.266069417323 -0.03) (0.0534918079131 0.26688516332 -0.03) (0.0538329236748 0.267700474653 -0.03) (0.0541750796485 0.268515349994 -0.03) (0.0545182752769 0.269329788017 -0.03) (0.054862510001 0.270143787395 -0.03) (0.0552077832602 0.270957346803 -0.03) (0.0555540944922 0.271770464914 -0.03) (0.0559014431329 0.272583140405 -0.03) (0.0562498286167 0.273395371953 -0.03) (0.0565992503762 0.274207158235 -0.03) (0.0569497078422 0.275018497927 -0.03) (0.057301200444 0.27582938971 -0.03) (0.0576537276091 0.276639832262 -0.03) (0.0580072887635 0.277449824264 -0.03) (0.0583618833311 0.278259364396 -0.03) (0.0587175107346 0.27906845134 -0.03) (0.0590741703948 0.279877083778 -0.03) (0.0594318617307 0.280685260392 -0.03) (0.0597905841599 0.281492979868 -0.03) (0.060150337098 0.282300240889 -0.03) (0.0605111199592 0.283107042141 -0.03) (0.0608729321559 0.283913382309 -0.03) (0.0612357730988 0.284719260081 -0.03) (0.061599642197 0.285524674143 -0.03) (0.0619645388578 0.286329623185 -0.03) (0.062330462487 0.287134105894 -0.03) (0.0626974124886 0.287938120962 -0.03) (0.0630653882649 0.288741667078 -0.03) (0.0634343892167 0.289544742934 -0.03) (0.063804414743 0.290347347221 -0.03) (0.0641754642412 0.291149478634 -0.03) (0.0645475371068 0.291951135864 -0.03) (0.0649206327341 0.292752317607 -0.03) (0.0652947505152 0.293553022558 -0.03) (0.0656698898409 0.294353249413 -0.03) (0.0660460501003 0.295152996868 -0.03) (0.0664232306807 0.295952263621 -0.03) (0.0668014309677 0.29675104837 -0.03) (0.0671806503455 0.297549349815 -0.03) (0.0675608881964 0.298347166654 -0.03) (0.0679421439012 0.299144497589 -0.03) (0.0683244168389 0.299941341322 -0.03) (0.0687077063869 0.300737696553 -0.03) (0.069092011921 0.301533561987 -0.03))
    polyLine 26 30 ((0.0511331699691 0.261165887858 0) (0.0514669887865 0.261984213911 0) (0.0518018516691 0.262802113283 0) (0.0521377580716 0.263619584641 0) (0.0524747074468 0.264436626654 0) (0.0528126992461 0.265253237992 0) (0.0531517329189 0.266069417323 0) (0.0534918079131 0.26688516332 0) (0.0538329236748 0.267700474653 0) (0.0541750796485 0.268515349994 0) (0.0545182752769 0.269329788017 0) (0.054862510001 0.270143787395 0) (0.0552077832602 0.270957346803 0) (0.0555540944922 0.271770464914 0) (0.0559014431329 0.272583140405 0) (0.0562498286167 0.273395371953 0) (0.0565992503762 0.274207158235 0) (0.0569497078422 0.275018497927 0) (0.057301200444 0.27582938971 0) (0.0576537276091 0.276639832262 0) (0.0580072887635 0.277449824264 0) (0.0583618833311 0.278259364396 0) (0.0587175107346 0.27906845134 0) (0.0590741703948 0.279877083778 0) (0.0594318617307 0.280685260392 0) (0.0597905841599 0.281492979868 0) (0.060150337098 0.282300240889 0) (0.0605111199592 0.283107042141 0) (0.0608729321559 0.283913382309 0) (0.0612357730988 0.284719260081 0) (0.061599642197 0.285524674143 0) (0.0619645388578 0.286329623185 0) (0.062330462487 0.287134105894 0) (0.0626974124886 0.287938120962 0) (0.0630653882649 0.288741667078 0) (0.0634343892167 0.289544742934 0) (0.063804414743 0.290347347221 0) (0.0641754642412 0.291149478634 0) (0.0645475371068 0.291951135864 0) (0.0649206327341 0.292752317607 0) (0.0652947505152 0.293553022558 0) (0.0656698898409 0.294353249413 0) (0.0660460501003 0.295152996868 0) (0.0664232306807 0.295952263621 0) (0.0668014309677 0.29675104837 0) (0.0671806503455 0.297549349815 0) (0.0675608881964 0.298347166654 0) (0.0679421439012 0.299144497589 0) (0.0683244168389 0.299941341322 0) (0.0687077063869 0.300737696553 0) (0.069092011921 0.301533561987 0))
    polyLine 25 29 ((-0.14380838418 0.451843270518 -0.03) (-0.142761528436 0.454852731576 -0.03) (-0.141707578416 0.457872091479 -0.03) (-0.140646482185 0.460901494651 -0.03) (-0.139578186702 0.463941087389 -0.03) (-0.138502637806 0.466991017895 -0.03) (-0.137419780203 0.470051436305 -0.03) (-0.136329557444 0.47312249473 -0.03) (-0.135231911917 0.476204347284 -0.03) (-0.13412678482 0.47929715012 -0.03) (-0.133014116153 0.482401061469 -0.03) (-0.131893844697 0.485516241674 -0.03) (-0.130765907994 0.48864285323 -0.03) (-0.12963024233 0.49178106082 -0.03) (-0.128486782719 0.494931031354 -0.03) (-0.127335462879 0.498092934015 -0.03) (-0.126176215215 0.501266940291 -0.03) (-0.125008970797 0.504453224027 -0.03) (-0.123833659344 0.507651961462 -0.03) (-0.122650209195 0.510863331273 -0.03) (-0.121458547294 0.514087514626 -0.03) (-0.120258599163 0.517324695216 -0.03) (-0.119050288884 0.520575059318 -0.03))
    polyLine 27 31 ((-0.14380838418 0.451843270518 0) (-0.142761528436 0.454852731576 0) (-0.141707578416 0.457872091479 0) (-0.140646482185 0.460901494651 0) (-0.139578186702 0.463941087389 0) (-0.138502637806 0.466991017895 0) (-0.137419780203 0.470051436305 0) (-0.136329557444 0.47312249473 0) (-0.135231911917 0.476204347284 0) (-0.13412678482 0.47929715012 0) (-0.133014116153 0.482401061469 0) (-0.131893844697 0.485516241674 0) (-0.130765907994 0.48864285323 0) (-0.12963024233 0.49178106082 0) (-0.128486782719 0.494931031354 0) (-0.127335462879 0.498092934015 0) (-0.126176215215 0.501266940291 0) (-0.125008970797 0.504453224027 0) (-0.123833659344 0.507651961462 0) (-0.122650209195 0.510863331273 0) (-0.121458547294 0.514087514626 0) (-0.120258599163 0.517324695216 0) (-0.119050288884 0.520575059318 0))
    polyLine 28 32 ((0.0694773328152 0.302328936327 -0.03) (0.0698636684421 0.303123818278 -0.03) (0.0702510181724 0.303918206546 -0.03) (0.0706393813752 0.304712099835 -0.03) (0.0710287574181 0.305505496854 -0.03) (0.0714191456669 0.306298396311 -0.03) (0.0718105454858 0.307090796913 -0.03) (0.0722029562373 0.30788269737 -0.03) (0.0725963772823 0.308674096394 -0.03) (0.0729908079801 0.309464992694 -0.03) (0.0733862476883 0.310255384982 -0.03) (0.0737826957628 0.311045271972 -0.03) (0.074180151558 0.311834652377 -0.03) (0.0745786144266 0.312623524911 -0.03) (0.0749780837195 0.313411888289 -0.03) (0.0753785587863 0.314199741228 -0.03) (0.0757800389746 0.314987082445 -0.03) (0.0761825236307 0.315773910656 -0.03) (0.0765860120989 0.316560224581 -0.03) (0.0769905037222 0.317346022939 -0.03) (0.0773959978417 0.31813130445 -0.03) (0.0778024937971 0.318916067835 -0.03) (0.0782099909263 0.319700311817 -0.03) (0.0786184885656 0.320484035117 -0.03) (0.0790279860498 0.321267236459 -0.03) (0.0794384827119 0.322049914569 -0.03) (0.0798499778833 0.322832068171 -0.03) (0.080262470894 0.32361369599 -0.03) (0.080675961072 0.324394796756 -0.03) (0.0810904477439 0.325175369194 -0.03) (0.0815059302347 0.325955412034 -0.03) (0.0819224078677 0.326734924006 -0.03) (0.0823398799646 0.327513903839 -0.03) (0.0827583458455 0.328292350266 -0.03) (0.0831778048288 0.329070262018 -0.03) (0.0835982562314 0.329847637828 -0.03) (0.0840196993686 0.330624476431 -0.03) (0.0844421335539 0.331400776561 -0.03) (0.0848655580993 0.332176536953 -0.03) (0.0852899723153 0.332951756346 -0.03) (0.0857153755105 0.333726433474 -0.03) (0.0861417669923 0.334500567079 -0.03) (0.086569146066 0.335274155897 -0.03) (0.0869975120358 0.33604719867 -0.03) (0.0874268642038 0.336819694138 -0.03) (0.0878572018709 0.337591641043 -0.03) (0.0882885243362 0.338363038129 -0.03) (0.0887208308971 0.339133884138 -0.03) (0.0891541208497 0.339904177816 -0.03) (0.0895883934882 0.340673917907 -0.03))
    polyLine 30 34 ((0.0694773328152 0.302328936327 0) (0.0698636684421 0.303123818278 0) (0.0702510181724 0.303918206546 0) (0.0706393813752 0.304712099835 0) (0.0710287574181 0.305505496854 0) (0.0714191456669 0.306298396311 0) (0.0718105454858 0.307090796913 0) (0.0722029562373 0.30788269737 0) (0.0725963772823 0.308674096394 0) (0.0729908079801 0.309464992694 0) (0.0733862476883 0.310255384982 0) (0.0737826957628 0.311045271972 0) (0.074180151558 0.311834652377 0) (0.0745786144266 0.312623524911 0) (0.0749780837195 0.313411888289 0) (0.0753785587863 0.314199741228 0) (0.0757800389746 0.314987082445 0) (0.0761825236307 0.315773910656 0) (0.0765860120989 0.316560224581 0) (0.0769905037222 0.317346022939 0) (0.0773959978417 0.31813130445 0) (0.0778024937971 0.318916067835 0) (0.0782099909263 0.319700311817 0) (0.0786184885656 0.320484035117 0) (0.0790279860498 0.321267236459 0) (0.0794384827119 0.322049914569 0) (0.0798499778833 0.322832068171 0) (0.080262470894 0.32361369599 0) (0.080675961072 0.324394796756 0) (0.0810904477439 0.325175369194 0) (0.0815059302347 0.325955412034 0) (0.0819224078677 0.326734924006 0) (0.0823398799646 0.327513903839 0) (0.0827583458455 0.328292350266 0) (0.0831778048288 0.329070262018 0) (0.0835982562314 0.329847637828 0) (0.0840196993686 0.330624476431 0) (0.0844421335539 0.331400776561 0) (0.0848655580993 0.332176536953 0) (0.0852899723153 0.332951756346 0) (0.0857153755105 0.333726433474 0) (0.0861417669923 0.334500567079 0) (0.086569146066 0.335274155897 0) (0.0869975120358 0.33604719867 0) (0.0874268642038 0.336819694138 0) (0.0878572018709 0.337591641043 0) (0.0882885243362 0.338363038129 0) (0.0887208308971 0.339133884138 0) (0.0891541208497 0.339904177816 0) (0.0895883934882 0.340673917907 0))
    polyLine 29 33 ((-0.116683878128 0.526914131384 -0.03) (-0.115526648001 0.530001574257 -0.03) (-0.114361781083 0.533101287152 -0.03) (-0.113189208558 0.536213434963 -0.03) (-0.112008860377 0.539338184816 -0.03) (-0.11082066524 0.54247570611 -0.03) (-0.109624550578 0.545626170559 -0.03) (-0.108420442529 0.548789752236 -0.03) (-0.107208265919 0.551966627613 -0.03) (-0.105987944238 0.555156975608 -0.03) (-0.104759399623 0.558360977629 -0.03) (-0.10352255283 0.561578817622 -0.03) (-0.102277323214 0.564810682117 -0.03) (-0.101023628705 0.568056760276 -0.03) (-0.0997613857819 0.571317243945 -0.03) (-0.0984905094507 0.574592327702 -0.03) (-0.0972109132165 0.577882208914 -0.03) (-0.0959225090591 0.581187087782 -0.03) (-0.0946252074053 0.584507167403 -0.03) (-0.0933189171026 0.587842653824 -0.03) (-0.0920035453904 0.591193756094 -0.03) (-0.0906789978721 0.594560686332 -0.03) (-0.0893451784851 0.597943659776 -0.03))
    polyLine 31 35 ((-0.116683878128 0.526914131384 0) (-0.115526648001 0.530001574257 0) (-0.114361781083 0.533101287152 0) (-0.113189208558 0.536213434963 0) (-0.112008860377 0.539338184816 0) (-0.11082066524 0.54247570611 0) (-0.109624550578 0.545626170559 0) (-0.108420442529 0.548789752236 0) (-0.107208265919 0.551966627613 0) (-0.105987944238 0.555156975608 0) (-0.104759399623 0.558360977629 0) (-0.10352255283 0.561578817622 0) (-0.102277323214 0.564810682117 0) (-0.101023628705 0.568056760276 0) (-0.0997613857819 0.571317243945 0) (-0.0984905094507 0.574592327702 0) (-0.0972109132165 0.577882208914 0) (-0.0959225090591 0.581187087782 0) (-0.0946252074053 0.584507167403 0) (-0.0933189171026 0.587842653824 0) (-0.0920035453904 0.591193756094 0) (-0.0906789978721 0.594560686332 0) (-0.0893451784851 0.597943659776 0))
    polyLine 32 36 ((0.0900236481054 0.341443103158 -0.03) (0.0904598839924 0.342211732317 -0.03) (0.0908971004387 0.342979804131 -0.03) (0.0913352967322 0.34374731735 -0.03) (0.0917744721593 0.344514270723 -0.03) (0.0922146260047 0.345280663002 -0.03) (0.0926557575515 0.346046492938 -0.03) (0.0930978660813 0.346811759284 -0.03) (0.0935409508741 0.347576460794 -0.03) (0.0939850112082 0.348340596222 -0.03) (0.0944300463604 0.349104164323 -0.03) (0.0948760556058 0.349867163855 -0.03) (0.0953230382182 0.350629593575 -0.03) (0.0957709934694 0.35139145224 -0.03) (0.09621992063 0.35215273861 -0.03) (0.0966698189688 0.352913451445 -0.03) (0.0971206877531 0.353673589506 -0.03) (0.0975725262486 0.354433151555 -0.03) (0.0980253337193 0.355192136355 -0.03) (0.0984791094278 0.35595054267 -0.03) (0.0989338526351 0.356708369265 -0.03) (0.0993895626005 0.357465614906 -0.03) (0.0998462385819 0.358222278359 -0.03) (0.100303879836 0.358978358391 -0.03) (0.100762485616 0.359733853772 -0.03) (0.101222055176 0.360488763271 -0.03) (0.101682587768 0.361243085659 -0.03) (0.102144082641 0.361996819707 -0.03) (0.102606539044 0.362749964187 -0.03) (0.103069956224 0.363502517873 -0.03) (0.103534333425 0.364254479539 -0.03) (0.103999669892 0.36500584796 -0.03) (0.104465964867 0.365756621914 -0.03) (0.10493321759 0.366506800176 -0.03) (0.1054014273 0.367256381526 -0.03) (0.105870593235 0.368005364742 -0.03) (0.106340714631 0.368753748605 -0.03) (0.106811790721 0.369501531896 -0.03) (0.107283820739 0.370248713396 -0.03) (0.107756803916 0.370995291889 -0.03) (0.108230739482 0.37174126616 -0.03) (0.108705626665 0.372486634992 -0.03) (0.10918146469 0.373231397173 -0.03) (0.109658252784 0.373975551489 -0.03) (0.11013599017 0.374719096728 -0.03) (0.11061467607 0.37546203168 -0.03) (0.111094309704 0.376204355134 -0.03) (0.11157489029 0.376946065881 -0.03) (0.112056417047 0.377687162713 -0.03) (0.11253888919 0.378427644424 -0.03))
    polyLine 34 38 ((0.0900236481054 0.341443103158 0) (0.0904598839924 0.342211732317 0) (0.0908971004387 0.342979804131 0) (0.0913352967322 0.34374731735 0) (0.0917744721593 0.344514270723 0) (0.0922146260047 0.345280663002 0) (0.0926557575515 0.346046492938 0) (0.0930978660813 0.346811759284 0) (0.0935409508741 0.347576460794 0) (0.0939850112082 0.348340596222 0) (0.0944300463604 0.349104164323 0) (0.0948760556058 0.349867163855 0) (0.0953230382182 0.350629593575 0) (0.0957709934694 0.35139145224 0) (0.09621992063 0.35215273861 0) (0.0966698189688 0.352913451445 0) (0.0971206877531 0.353673589506 0) (0.0975725262486 0.354433151555 0) (0.0980253337193 0.355192136355 0) (0.0984791094278 0.35595054267 0) (0.0989338526351 0.356708369265 0) (0.0993895626005 0.357465614906 0) (0.0998462385819 0.358222278359 0) (0.100303879836 0.358978358391 0) (0.100762485616 0.359733853772 0) (0.101222055176 0.360488763271 0) (0.101682587768 0.361243085659 0) (0.102144082641 0.361996819707 0) (0.102606539044 0.362749964187 0) (0.103069956224 0.363502517873 0) (0.103534333425 0.364254479539 0) (0.103999669892 0.36500584796 0) (0.104465964867 0.365756621914 0) (0.10493321759 0.366506800176 0) (0.1054014273 0.367256381526 0) (0.105870593235 0.368005364742 0) (0.106340714631 0.368753748605 0) (0.106811790721 0.369501531896 0) (0.107283820739 0.370248713396 0) (0.107756803916 0.370995291889 0) (0.108230739482 0.37174126616 0) (0.108705626665 0.372486634992 0) (0.10918146469 0.373231397173 0) (0.109658252784 0.373975551489 0) (0.11013599017 0.374719096728 0) (0.11061467607 0.37546203168 0) (0.111094309704 0.376204355134 0) (0.11157489029 0.376946065881 0) (0.112056417047 0.377687162713 0) (0.11253888919 0.378427644424 0))
    polyLine 33 37 ((-0.0867327674517 0.604548136103 -0.03) (-0.0854551212134 0.607768082058 -0.03) (-0.0841689657207 0.611002921238 -0.03) (-0.0828742145263 0.614252844829 -0.03) (-0.0815707797469 0.617518046735 -0.03) (-0.080258572038 0.620798723625 -0.03) (-0.078937500568 0.62409507499 -0.03) (-0.0776074729921 0.627407303193 -0.03) (-0.0762683954251 0.630735613526 -0.03) (-0.0749201724137 0.634080214262 -0.03) (-0.0735627069086 0.637441316719 -0.03) (-0.072195900235 0.640819135312 -0.03) (-0.0708196520635 0.644213887616 -0.03) (-0.0694338603794 0.647625794427 -0.03) (-0.0680384214518 0.651055079825 -0.03) (-0.0666332298016 0.654501971237 -0.03) (-0.0652181781691 0.657966699504 -0.03) (-0.0637931574807 0.661449498949 -0.03) (-0.0623580568143 0.664950607442 -0.03) (-0.0609127633649 0.668470266476 -0.03) (-0.0594571624081 0.672008721235 -0.03) (-0.057991137264 0.675566220669 -0.03) (-0.0565145692588 0.679143017573 -0.03))
    polyLine 35 39 ((-0.0867327674517 0.604548136103 0) (-0.0854551212134 0.607768082058 0) (-0.0841689657207 0.611002921238 0) (-0.0828742145263 0.614252844829 0) (-0.0815707797469 0.617518046735 0) (-0.080258572038 0.620798723625 0) (-0.078937500568 0.62409507499 0) (-0.0776074729921 0.627407303193 0) (-0.0762683954251 0.630735613526 0) (-0.0749201724137 0.634080214262 0) (-0.0735627069086 0.637441316719 0) (-0.072195900235 0.640819135312 0) (-0.0708196520635 0.644213887616 0) (-0.0694338603794 0.647625794427 0) (-0.0680384214518 0.651055079825 0) (-0.0666332298016 0.654501971237 0) (-0.0652181781691 0.657966699504 0) (-0.0637931574807 0.661449498949 0) (-0.0623580568143 0.664950607442 0) (-0.0609127633649 0.668470266476 0) (-0.0594571624081 0.672008721235 0) (-0.057991137264 0.675566220669 0) (-0.0565145692588 0.679143017573 0))
    polyLine 36 40 ((0.113022305934 0.379167509807 -0.03) (0.11350666649 0.379906757657 -0.03) (0.11399197007 0.380645386771 -0.03) (0.114478215884 0.381383395945 -0.03) (0.11496540314 0.382120783977 -0.03) (0.115453531044 0.382857549667 -0.03) (0.115942598801 0.383593691815 -0.03) (0.116432605615 0.384329209221 -0.03) (0.116923550688 0.385064100688 -0.03) (0.11741543322 0.385798365018 -0.03) (0.11790825241 0.386532001017 -0.03) (0.118402007455 0.387265007489 -0.03) (0.118896697552 0.38799738324 -0.03) (0.119392321894 0.388729127078 -0.03) (0.119888879675 0.38946023781 -0.03) (0.120386370085 0.390190714247 -0.03) (0.120884792315 0.390920555197 -0.03) (0.121384145552 0.391649759474 -0.03) (0.121884428984 0.392378325889 -0.03) (0.122385641795 0.393106253255 -0.03) (0.12288778317 0.393833540387 -0.03) (0.12339085229 0.3945601861 -0.03) (0.123894848337 0.395286189212 -0.03) (0.124399770488 0.396011548539 -0.03) (0.124905617923 0.3967362629 -0.03) (0.125412389817 0.397460331115 -0.03) (0.125920085344 0.398183752005 -0.03) (0.126428703678 0.398906524392 -0.03) (0.126938243991 0.399628647097 -0.03) (0.127448705453 0.400350118946 -0.03) (0.127960087232 0.401070938764 -0.03) (0.128472388495 0.401791105375 -0.03) (0.128985608409 0.402510617608 -0.03) (0.129499746137 0.40322947429 -0.03) (0.130014800841 0.403947674251 -0.03) (0.130530771684 0.404665216321 -0.03) (0.131047657824 0.405382099331 -0.03) (0.131565458421 0.406098322114 -0.03) (0.132084172629 0.406813883504 -0.03) (0.132603799606 0.407528782334 -0.03) (0.133124338504 0.408243017441 -0.03) (0.133645788475 0.408956587662 -0.03) (0.134168148671 0.409669491834 -0.03) (0.134691418241 0.410381728796 -0.03) (0.135215596332 0.411093297388 -0.03) (0.135740682091 0.411804196451 -0.03) (0.136266674663 0.412514424828 -0.03) (0.13679357319 0.413223981362 -0.03) (0.137321376815 0.413932864897 -0.03) (0.137850084679 0.414641074278 -0.03) (0.138379695919 0.415348608353 -0.03))
    polyLine 38 42 ((0.113022305934 0.379167509807 0) (0.11350666649 0.379906757657 0) (0.11399197007 0.380645386771 0) (0.114478215884 0.381383395945 0) (0.11496540314 0.382120783977 0) (0.115453531044 0.382857549667 0) (0.115942598801 0.383593691815 0) (0.116432605615 0.384329209221 0) (0.116923550688 0.385064100688 0) (0.11741543322 0.385798365018 0) (0.11790825241 0.386532001017 0) (0.118402007455 0.387265007489 0) (0.118896697552 0.38799738324 0) (0.119392321894 0.388729127078 0) (0.119888879675 0.38946023781 0) (0.120386370085 0.390190714247 0) (0.120884792315 0.390920555197 0) (0.121384145552 0.391649759474 0) (0.121884428984 0.392378325889 0) (0.122385641795 0.393106253255 0) (0.12288778317 0.393833540387 0) (0.12339085229 0.3945601861 0) (0.123894848337 0.395286189212 0) (0.124399770488 0.396011548539 0) (0.124905617923 0.3967362629 0) (0.125412389817 0.397460331115 0) (0.125920085344 0.398183752005 0) (0.126428703678 0.398906524392 0) (0.126938243991 0.399628647097 0) (0.127448705453 0.400350118946 0) (0.127960087232 0.401070938764 0) (0.128472388495 0.401791105375 0) (0.128985608409 0.402510617608 0) (0.129499746137 0.40322947429 0) (0.130014800841 0.403947674251 0) (0.130530771684 0.404665216321 0) (0.131047657824 0.405382099331 0) (0.131565458421 0.406098322114 0) (0.132084172629 0.406813883504 0) (0.132603799606 0.407528782334 0) (0.133124338504 0.408243017441 0) (0.133645788475 0.408956587662 0) (0.134168148671 0.409669491834 0) (0.134691418241 0.410381728796 0) (0.135215596332 0.411093297388 0) (0.135740682091 0.411804196451 0) (0.136266674663 0.412514424828 0) (0.13679357319 0.413223981362 0) (0.137321376815 0.413932864897 0) (0.137850084679 0.414641074278 0) (0.138379695919 0.415348608353 0))
    polyLine 37 41 ((-0.0536197558995 0.686137401407 -0.03) (-0.0522025430487 0.68955315611 -0.03) (-0.0507755938337 0.692986855727 -0.03) (-0.0493388012445 0.696438726521 -0.03) (-0.0478920565295 0.699908998129 -0.03) (-0.0464352491636 0.703397903623 -0.03) (-0.0449682668143 0.706905679579 -0.03) (-0.0434909953076 0.710432566146 -0.03) (-0.0420033185933 0.713978807115 -0.03) (-0.0405051187087 0.717544649989 -0.03) (-0.0389962757425 0.721130346062 -0.03) (-0.0374766677964 0.724736150489 -0.03) (-0.0359461709475 0.728362322364 -0.03) (-0.0344046592083 0.732009124803 -0.03) (-0.0328520044865 0.735676825018 -0.03) (-0.0312880765438 0.739365694406 -0.03) (-0.029712742953 0.74307600863 -0.03) (-0.0281258690553 0.746808047706 -0.03) (-0.0265273179151 0.750562096095 -0.03) (-0.0249169502751 0.754338442789 -0.03) (-0.0232946245088 0.758137381411 -0.03) (-0.0216601965731 0.761959210305 -0.03) (-0.0200135199594 0.765804232635 -0.03))
    polyLine 39 43 ((-0.0536197558995 0.686137401407 0) (-0.0522025430487 0.68955315611 0) (-0.0507755938337 0.692986855727 0) (-0.0493388012445 0.696438726521 0) (-0.0478920565295 0.699908998129 0) (-0.0464352491636 0.703397903623 0) (-0.0449682668143 0.706905679579 0) (-0.0434909953076 0.710432566146 0) (-0.0420033185933 0.713978807115 0) (-0.0405051187087 0.717544649989 0) (-0.0389962757425 0.721130346062 0) (-0.0374766677964 0.724736150489 0) (-0.0359461709475 0.728362322364 0) (-0.0344046592083 0.732009124803 0) (-0.0328520044865 0.735676825018 0) (-0.0312880765438 0.739365694406 0) (-0.029712742953 0.74307600863 0) (-0.0281258690553 0.746808047706 0) (-0.0265273179151 0.750562096095 0) (-0.0249169502751 0.754338442789 0) (-0.0232946245088 0.758137381411 0) (-0.0216601965731 0.761959210305 0) (-0.0200135199594 0.765804232635 0))
    polyLine 40 44 ((0.138910209674 0.416055465968 -0.03) (0.139441625079 0.416761645973 -0.03) (0.139973941269 0.417467147218 -0.03) (0.140507157378 0.418171968553 -0.03) (0.141041272536 0.41887610883 -0.03) (0.141576285874 0.419579566904 -0.03) (0.14211219652 0.420282341627 -0.03) (0.142649003602 0.420984431856 -0.03) (0.143186706244 0.421685836447 -0.03) (0.143725303573 0.422386554258 -0.03) (0.14426479471 0.423086584147 -0.03) (0.144805178777 0.423785924975 -0.03) (0.145346454893 0.424484575602 -0.03) (0.145888622177 0.42518253489 -0.03) (0.146431679747 0.425879801704 -0.03) (0.146975626717 0.426576374906 -0.03) (0.147520462202 0.427272253363 -0.03) (0.148066185314 0.427967435942 -0.03) (0.148612795164 0.428661921509 -0.03) (0.149160290863 0.429355708935 -0.03) (0.149708671519 0.430048797089 -0.03) (0.150257936238 0.430741184842 -0.03) (0.150808084127 0.431432871067 -0.03) (0.151359114288 0.432123854637 -0.03) (0.151911025825 0.432814134427 -0.03) (0.152463817838 0.433503709312 -0.03) (0.153017489428 0.43419257817 -0.03) (0.153572039692 0.434880739879 -0.03) (0.154127467728 0.435568193317 -0.03) (0.154683772631 0.436254937365 -0.03) (0.155240953494 0.436940970905 -0.03) (0.155799009411 0.437626292819 -0.03) (0.156357415249 0.438311151476 -0.03) (0.156915821087 0.438996010132 -0.03) (0.157474226925 0.439680868789 -0.03) (0.158032632762 0.440365727446 -0.03) (0.1585910386 0.441050586102 -0.03) (0.159149444438 0.441735444759 -0.03) (0.159707850276 0.442420303415 -0.03) (0.160266256114 0.443105162072 -0.03) (0.160824661952 0.443790020728 -0.03) (0.16138306779 0.444474879385 -0.03) (0.161941473627 0.445159738041 -0.03) (0.162499879465 0.445844596698 -0.03) (0.163058285303 0.446529455355 -0.03) (0.163616691141 0.447214314011 -0.03) (0.164175096979 0.447899172668 -0.03) (0.164733502817 0.448584031324 -0.03) (0.165291908655 0.449268889981 -0.03) (0.165850314492 0.449953748637 -0.03))
    polyLine 42 46 ((0.138910209674 0.416055465968 0) (0.139441625079 0.416761645973 0) (0.139973941269 0.417467147218 0) (0.140507157378 0.418171968553 0) (0.141041272536 0.41887610883 0) (0.141576285874 0.419579566904 0) (0.14211219652 0.420282341627 0) (0.142649003602 0.420984431856 0) (0.143186706244 0.421685836447 0) (0.143725303573 0.422386554258 0) (0.14426479471 0.423086584147 0) (0.144805178777 0.423785924975 0) (0.145346454893 0.424484575602 0) (0.145888622177 0.42518253489 0) (0.146431679747 0.425879801704 0) (0.146975626717 0.426576374906 0) (0.147520462202 0.427272253363 0) (0.148066185314 0.427967435942 0) (0.148612795164 0.428661921509 0) (0.149160290863 0.429355708935 0) (0.149708671519 0.430048797089 0) (0.150257936238 0.430741184842 0) (0.150808084127 0.431432871067 0) (0.151359114288 0.432123854637 0) (0.151911025825 0.432814134427 0) (0.152463817838 0.433503709312 0) (0.153017489428 0.43419257817 0) (0.153572039692 0.434880739879 0) (0.154127467728 0.435568193317 0) (0.154683772631 0.436254937365 0) (0.155240953494 0.436940970905 0) (0.155799009411 0.437626292819 0) (0.156357415249 0.438311151476 0) (0.156915821087 0.438996010132 0) (0.157474226925 0.439680868789 0) (0.158032632762 0.440365727446 0) (0.1585910386 0.441050586102 0) (0.159149444438 0.441735444759 0) (0.159707850276 0.442420303415 0) (0.160266256114 0.443105162072 0) (0.160824661952 0.443790020728 0) (0.16138306779 0.444474879385 0) (0.161941473627 0.445159738041 0) (0.162499879465 0.445844596698 0) (0.163058285303 0.446529455355 0) (0.163616691141 0.447214314011 0) (0.164175096979 0.447899172668 0) (0.164733502817 0.448584031324 0) (0.165291908655 0.449268889981 0) (0.165850314492 0.449953748637 0))
    polyLine 41 45 ((-0.0167841511695 0.773329306477 -0.03) (-0.015202649799 0.777007144872 -0.03) (-0.0136098115928 0.780706539607 -0.03) (-0.0120055044898 0.784427762775 -0.03) (-0.0103895942644 0.788171090708 -0.03) (-0.00876194448358 0.791936804069 -0.03) (-0.00712241646344 0.795725187932 -0.03) (-0.00547086922438 0.799536531876 -0.03) (-0.00380715944524 0.803371130072 -0.03) (-0.00213114141634 0.807229281382 -0.03) (-0.000442666991323 0.811111289451 -0.03) (0.00125841446213 0.815017462806 -0.03) (0.00297225611286 0.818948114956 -0.03) (0.00469901371808 0.822903564499 -0.03) (0.0064388456764 0.826884135221 -0.03) (0.00819191308232 0.830890156212 -0.03) (0.00995837978205 0.834921961971 -0.03) (0.0117384124307 0.838979892522 -0.03) (0.013532180551 0.843064293532 -0.03) (0.0153398565934 0.847175516429 -0.03) (0.0171616159979 0.851313918525 -0.03) (0.0189976372574 0.855479863145 -0.03) (0.0208481019824 0.85967371975 -0.03))
    polyLine 43 47 ((-0.0167841511695 0.773329306477 0) (-0.015202649799 0.777007144872 0) (-0.0136098115928 0.780706539607 0) (-0.0120055044898 0.784427762775 0) (-0.0103895942644 0.788171090708 0) (-0.00876194448358 0.791936804069 0) (-0.00712241646344 0.795725187932 0) (-0.00547086922438 0.799536531876 0) (-0.00380715944524 0.803371130072 0) (-0.00213114141634 0.807229281382 0) (-0.000442666991323 0.811111289451 0) (0.00125841446213 0.815017462806 0) (0.00297225611286 0.818948114956 0) (0.00469901371808 0.822903564499 0) (0.0064388456764 0.826884135221 0) (0.00819191308232 0.830890156212 0) (0.00995837978205 0.834921961971 0) (0.0117384124307 0.838979892522 0) (0.013532180551 0.843064293532 0) (0.0153398565934 0.847175516429 0) (0.0171616159979 0.851313918525 0) (0.0189976372574 0.855479863145 0) (0.0208481019824 0.85967371975 0))
    polyLine 44 48 ((0.16640872033 0.450638607294 -0.03) (0.166967126168 0.45132346595 -0.03) (0.167525532006 0.452008324607 -0.03) (0.168083937844 0.452693183263 -0.03) (0.168642343682 0.45337804192 -0.03) (0.16920074952 0.454062900577 -0.03) (0.169759155358 0.454747759233 -0.03) (0.170317561195 0.45543261789 -0.03) (0.170875967033 0.456117476546 -0.03) (0.171434372871 0.456802335203 -0.03) (0.171992778709 0.457487193859 -0.03) (0.172551184547 0.458172052516 -0.03) (0.173109590385 0.458856911172 -0.03) (0.173667996223 0.459541769829 -0.03) (0.17422640206 0.460226628486 -0.03) (0.174784807898 0.460911487142 -0.03) (0.175343213736 0.461596345799 -0.03) (0.175901619574 0.462281204455 -0.03) (0.176460025412 0.462966063112 -0.03) (0.17701843125 0.463650921768 -0.03) (0.177576837088 0.464335780425 -0.03) (0.178135242926 0.465020639081 -0.03) (0.178693648763 0.465705497738 -0.03) (0.179252054601 0.466390356395 -0.03) (0.179810460439 0.467075215051 -0.03) (0.180368866277 0.467760073708 -0.03) (0.180927272115 0.468444932364 -0.03) (0.181485677953 0.469129791021 -0.03) (0.182044083791 0.469814649677 -0.03) (0.182602489628 0.470499508334 -0.03) (0.183160895466 0.47118436699 -0.03) (0.183719301304 0.471869225647 -0.03) (0.184277707142 0.472554084304 -0.03) (0.18483611298 0.47323894296 -0.03) (0.185394518818 0.473923801617 -0.03) (0.185952924656 0.474608660273 -0.03) (0.186511330494 0.47529351893 -0.03) (0.187069736331 0.475978377586 -0.03) (0.187628142169 0.476663236243 -0.03) (0.188186548007 0.477348094899 -0.03) (0.188744953845 0.478032953556 -0.03) (0.189303359683 0.478717812212 -0.03) (0.189861765521 0.479402670869 -0.03) (0.190420171359 0.480087529526 -0.03) (0.190978577196 0.480772388182 -0.03) (0.191536983034 0.481457246839 -0.03) (0.192095388872 0.482142105495 -0.03) (0.19265379471 0.482826964152 -0.03) (0.193212200548 0.483511822808 -0.03) (0.193770606386 0.484196681465 -0.03) (0.194329012224 0.484881540121 -0.03))
    polyLine 46 50 ((0.16640872033 0.450638607294 0) (0.166967126168 0.45132346595 0) (0.167525532006 0.452008324607 0) (0.168083937844 0.452693183263 0) (0.168642343682 0.45337804192 0) (0.16920074952 0.454062900577 0) (0.169759155358 0.454747759233 0) (0.170317561195 0.45543261789 0) (0.170875967033 0.456117476546 0) (0.171434372871 0.456802335203 0) (0.171992778709 0.457487193859 0) (0.172551184547 0.458172052516 0) (0.173109590385 0.458856911172 0) (0.173667996223 0.459541769829 0) (0.17422640206 0.460226628486 0) (0.174784807898 0.460911487142 0) (0.175343213736 0.461596345799 0) (0.175901619574 0.462281204455 0) (0.176460025412 0.462966063112 0) (0.17701843125 0.463650921768 0) (0.177576837088 0.464335780425 0) (0.178135242926 0.465020639081 0) (0.178693648763 0.465705497738 0) (0.179252054601 0.466390356395 0) (0.179810460439 0.467075215051 0) (0.180368866277 0.467760073708 0) (0.180927272115 0.468444932364 0) (0.181485677953 0.469129791021 0) (0.182044083791 0.469814649677 0) (0.182602489628 0.470499508334 0) (0.183160895466 0.47118436699 0) (0.183719301304 0.471869225647 0) (0.184277707142 0.472554084304 0) (0.18483611298 0.47323894296 0) (0.185394518818 0.473923801617 0) (0.185952924656 0.474608660273 0) (0.186511330494 0.47529351893 0) (0.187069736331 0.475978377586 0) (0.187628142169 0.476663236243 0) (0.188186548007 0.477348094899 0) (0.188744953845 0.478032953556 0) (0.189303359683 0.478717812212 0) (0.189861765521 0.479402670869 0) (0.190420171359 0.480087529526 0) (0.190978577196 0.480772388182 0) (0.191536983034 0.481457246839 0) (0.192095388872 0.482142105495 0) (0.19265379471 0.482826964152 0) (0.193212200548 0.483511822808 0) (0.193770606386 0.484196681465 0) (0.194329012224 0.484881540121 0))
    polyLine 45 49 ((0.0244292735792 0.867776420222 -0.03) (0.0261578526919 0.87168117909 -0.03) (0.0278990802725 0.875610441077 -0.03) (0.0296531066903 0.879564511317 -0.03) (0.0314200847655 0.883543699774 -0.03) (0.0332001698185 0.887548321343 -0.03) (0.0349935197197 0.891578695946 -0.03) (0.0368002949412 0.895635148639 -0.03) (0.0386206586096 0.899718009713 -0.03) (0.0404547765602 0.903827614801 -0.03) (0.0423028173918 0.907964304992 -0.03) (0.0441649525243 0.91212842694 -0.03) (0.0460413562562 0.916320332981 -0.03) (0.0479322058244 0.920540381251 -0.03) (0.0498376814656 0.92478893581 -0.03) (0.0517579664789 0.929066366761 -0.03) (0.0536932472896 0.933373050382 -0.03) (0.0556437135158 0.937709369258 -0.03) (0.0576095580357 0.942075712409 -0.03) (0.0595909770567 0.946472475436 -0.03) (0.0615881701868 0.950900060652 -0.03) (0.0636013405076 0.955358877239 -0.03) (0.0656306946489 0.959849341385 -0.03))
    polyLine 47 51 ((0.0244292735792 0.867776420222 0) (0.0261578526919 0.87168117909 0) (0.0278990802725 0.875610441077 0) (0.0296531066903 0.879564511317 0) (0.0314200847655 0.883543699774 0) (0.0332001698185 0.887548321343 0) (0.0349935197197 0.891578695946 0) (0.0368002949412 0.895635148639 0) (0.0386206586096 0.899718009713 0) (0.0404547765602 0.903827614801 0) (0.0423028173918 0.907964304992 0) (0.0441649525243 0.91212842694 0) (0.0460413562562 0.916320332981 0) (0.0479322058244 0.920540381251 0) (0.0498376814656 0.92478893581 0) (0.0517579664789 0.929066366761 0) (0.0536932472896 0.933373050382 0) (0.0556437135158 0.937709369258 0) (0.0576095580357 0.942075712409 0) (0.0595909770567 0.946472475436 0) (0.0615881701868 0.950900060652 0) (0.0636013405076 0.955358877239 0) (0.0656306946489 0.959849341385 0))
    polyLine 48 52 ((0.194887418062 0.485566398778 -0.03) (0.195445823899 0.486251257435 -0.03) (0.196004229737 0.486936116091 -0.03) (0.196562635575 0.487620974748 -0.03) (0.197121041413 0.488305833404 -0.03) (0.197679447251 0.488990692061 -0.03) (0.198237853089 0.489675550717 -0.03) (0.198796258927 0.490360409374 -0.03) (0.199354664764 0.49104526803 -0.03) (0.199913070602 0.491730126687 -0.03) (0.20047147644 0.492414985344 -0.03) (0.201029882278 0.493099844 -0.03) (0.201588288116 0.493784702657 -0.03) (0.202146693954 0.494469561313 -0.03) (0.202705099792 0.49515441997 -0.03) (0.20326350563 0.495839278626 -0.03) (0.203821911467 0.496524137283 -0.03) (0.204380317305 0.497208995939 -0.03) (0.204938723143 0.497893854596 -0.03) (0.205497128981 0.498578713253 -0.03) (0.206055534819 0.499263571909 -0.03) (0.206613940657 0.499948430566 -0.03) (0.207172346495 0.500633289222 -0.03) (0.207730752332 0.501318147879 -0.03) (0.20828915817 0.502003006535 -0.03) (0.208847564008 0.502687865192 -0.03) (0.209405969846 0.503372723848 -0.03) (0.209964375684 0.504057582505 -0.03) (0.210522781522 0.504742441161 -0.03) (0.21108118736 0.505427299818 -0.03) (0.211639593198 0.506112158475 -0.03) (0.212197999035 0.506797017131 -0.03) (0.212756404873 0.507481875788 -0.03) (0.213314810711 0.508166734444 -0.03) (0.213873216549 0.508851593101 -0.03) (0.214431622387 0.509536451757 -0.03) (0.214990028225 0.510221310414 -0.03) (0.215548434063 0.51090616907 -0.03) (0.2161068399 0.511591027727 -0.03) (0.216665245738 0.512275886384 -0.03) (0.217223651576 0.51296074504 -0.03) (0.217782057414 0.513645603697 -0.03) (0.218340463252 0.514330462353 -0.03) (0.21889886909 0.51501532101 -0.03) (0.219457274928 0.515700179666 -0.03) (0.220015680766 0.516385038323 -0.03) (0.220574086603 0.517069896979 -0.03) (0.221132492441 0.517754755636 -0.03) (0.221690898279 0.518439614293 -0.03) (0.222249304117 0.519124472949 -0.03))
    polyLine 50 54 ((0.194887418062 0.485566398778 0) (0.195445823899 0.486251257435 0) (0.196004229737 0.486936116091 0) (0.196562635575 0.487620974748 0) (0.197121041413 0.488305833404 0) (0.197679447251 0.488990692061 0) (0.198237853089 0.489675550717 0) (0.198796258927 0.490360409374 0) (0.199354664764 0.49104526803 0) (0.199913070602 0.491730126687 0) (0.20047147644 0.492414985344 0) (0.201029882278 0.493099844 0) (0.201588288116 0.493784702657 0) (0.202146693954 0.494469561313 0) (0.202705099792 0.49515441997 0) (0.20326350563 0.495839278626 0) (0.203821911467 0.496524137283 0) (0.204380317305 0.497208995939 0) (0.204938723143 0.497893854596 0) (0.205497128981 0.498578713253 0) (0.206055534819 0.499263571909 0) (0.206613940657 0.499948430566 0) (0.207172346495 0.500633289222 0) (0.207730752332 0.501318147879 0) (0.20828915817 0.502003006535 0) (0.208847564008 0.502687865192 0) (0.209405969846 0.503372723848 0) (0.209964375684 0.504057582505 0) (0.210522781522 0.504742441161 0) (0.21108118736 0.505427299818 0) (0.211639593198 0.506112158475 0) (0.212197999035 0.506797017131 0) (0.212756404873 0.507481875788 0) (0.213314810711 0.508166734444 0) (0.213873216549 0.508851593101 0) (0.214431622387 0.509536451757 0) (0.214990028225 0.510221310414 0) (0.215548434063 0.51090616907 0) (0.2161068399 0.511591027727 0) (0.216665245738 0.512275886384 0) (0.217223651576 0.51296074504 0) (0.217782057414 0.513645603697 0) (0.218340463252 0.514330462353 0) (0.21889886909 0.51501532101 0) (0.219457274928 0.515700179666 0) (0.220015680766 0.516385038323 0) (0.220574086603 0.517069896979 0) (0.221132492441 0.517754755636 0) (0.221690898279 0.518439614293 0) (0.222249304117 0.519124472949 0))
    polyLine 49 53 ((0.0695340486753 0.96847487717 -0.03) (0.0714052984785 0.972604587714 -0.03) (0.0732903539886 0.976761333399 -0.03) (0.0751893795137 0.980945444676 -0.03) (0.0771025420084 0.985157257226 -0.03) (0.0790300111267 0.989397112069 -0.03) (0.0809719592763 0.993665355668 -0.03) (0.082928561674 0.997962340042 -0.03) (0.0848999964026 1.00228842288 -0.03) (0.086886444469 1.00664396764 -0.03) (0.0888880898642 1.0110293437 -0.03) (0.090905119624 1.01544492644 -0.03) (0.092937723892 1.01989109742 -0.03) (0.0949860959836 1.02436824444 -0.03) (0.0970504324521 1.02887676171 -0.03) (0.0991309331559 1.03341705 -0.03) (0.101227801328 1.03798951674 -0.03) (0.103341243645 1.04259457617 -0.03) (0.105471470305 1.0472326495 -0.03) (0.107618695096 1.05190416505 -0.03) (0.109783135475 1.0566095584 -0.03) (0.111965012647 1.06134927254 -0.03) (0.114164551647 1.06612375804 -0.03))
    polyLine 51 55 ((0.0695340486753 0.96847487717 0) (0.0714052984785 0.972604587714 0) (0.0732903539886 0.976761333399 0) (0.0751893795137 0.980945444676 0) (0.0771025420084 0.985157257226 0) (0.0790300111267 0.989397112069 0) (0.0809719592763 0.993665355668 0) (0.082928561674 0.997962340042 0) (0.0848999964026 1.00228842288 0) (0.086886444469 1.00664396764 0) (0.0888880898642 1.0110293437 0) (0.090905119624 1.01544492644 0) (0.092937723892 1.01989109742 0) (0.0949860959836 1.02436824444 0) (0.0970504324521 1.02887676171 0) (0.0991309331559 1.03341705 0) (0.101227801328 1.03798951674 0) (0.103341243645 1.04259457617 0) (0.105471470305 1.0472326495 0) (0.107618695096 1.05190416505 0) (0.109783135475 1.0566095584 0) (0.111965012647 1.06134927254 0) (0.114164551647 1.06612375804 0))
    polyLine 52 56 ((0.222807709955 0.519809331606 -0.03) (0.223366115793 0.520494190262 -0.03) (0.223924521631 0.521179048919 -0.03) (0.224482927468 0.521863907575 -0.03) (0.225041333306 0.522548766232 -0.03) (0.225599739144 0.523233624888 -0.03) (0.226158144982 0.523918483545 -0.03) (0.22671655082 0.524603342202 -0.03) (0.227274956658 0.525288200858 -0.03) (0.227833362496 0.525973059515 -0.03) (0.228391768334 0.526657918171 -0.03) (0.228950174171 0.527342776828 -0.03) (0.229508580009 0.528027635484 -0.03) (0.230066985847 0.528712494141 -0.03) (0.230625391685 0.529397352797 -0.03) (0.231183797523 0.530082211454 -0.03) (0.231742203361 0.53076707011 -0.03) (0.232300609199 0.531451928767 -0.03) (0.232859015036 0.532136787424 -0.03) (0.233417420874 0.53282164608 -0.03) (0.233975826712 0.533506504737 -0.03) (0.23453423255 0.534191363393 -0.03) (0.235092638388 0.53487622205 -0.03) (0.235651044226 0.535561080706 -0.03) (0.236209450064 0.536245939363 -0.03) (0.236767855902 0.536930798019 -0.03) (0.237326261739 0.537615656676 -0.03) (0.237884667577 0.538300515333 -0.03) (0.238443073415 0.538985373989 -0.03) (0.239001479253 0.539670232646 -0.03) (0.239559885091 0.540355091302 -0.03) (0.240118290929 0.541039949959 -0.03) (0.240676696767 0.541724808615 -0.03) (0.241235102604 0.542409667272 -0.03) (0.241793508442 0.543094525928 -0.03) (0.24235191428 0.543779384585 -0.03) (0.242910320118 0.544464243242 -0.03) (0.243468725956 0.545149101898 -0.03) (0.244027131794 0.545833960555 -0.03) (0.244585537632 0.546518819211 -0.03) (0.24514394347 0.547203677868 -0.03) (0.245702349307 0.547888536524 -0.03) (0.246260755145 0.548573395181 -0.03) (0.246819160983 0.549258253837 -0.03) (0.247377566821 0.549943112494 -0.03) (0.247935972659 0.550627971151 -0.03) (0.248494378497 0.551312829807 -0.03) (0.249052784335 0.551997688464 -0.03) (0.249611190172 0.55268254712 -0.03) (0.25016959601 0.553367405777 -0.03) (0.250728001848 0.554052264433 -0.03))
    polyLine 54 58 ((0.222807709955 0.519809331606 0) (0.223366115793 0.520494190262 0) (0.223924521631 0.521179048919 0) (0.224482927468 0.521863907575 0) (0.225041333306 0.522548766232 0) (0.225599739144 0.523233624888 0) (0.226158144982 0.523918483545 0) (0.22671655082 0.524603342202 0) (0.227274956658 0.525288200858 0) (0.227833362496 0.525973059515 0) (0.228391768334 0.526657918171 0) (0.228950174171 0.527342776828 0) (0.229508580009 0.528027635484 0) (0.230066985847 0.528712494141 0) (0.230625391685 0.529397352797 0) (0.231183797523 0.530082211454 0) (0.231742203361 0.53076707011 0) (0.232300609199 0.531451928767 0) (0.232859015036 0.532136787424 0) (0.233417420874 0.53282164608 0) (0.233975826712 0.533506504737 0) (0.23453423255 0.534191363393 0) (0.235092638388 0.53487622205 0) (0.235651044226 0.535561080706 0) (0.236209450064 0.536245939363 0) (0.236767855902 0.536930798019 0) (0.237326261739 0.537615656676 0) (0.237884667577 0.538300515333 0) (0.238443073415 0.538985373989 0) (0.239001479253 0.539670232646 0) (0.239559885091 0.540355091302 0) (0.240118290929 0.541039949959 0) (0.240676696767 0.541724808615 0) (0.241235102604 0.542409667272 0) (0.241793508442 0.543094525928 0) (0.24235191428 0.543779384585 0) (0.242910320118 0.544464243242 0) (0.243468725956 0.545149101898 0) (0.244027131794 0.545833960555 0) (0.244585537632 0.546518819211 0) (0.24514394347 0.547203677868 0) (0.245702349307 0.547888536524 0) (0.246260755145 0.548573395181 0) (0.246819160983 0.549258253837 0) (0.247377566821 0.549943112494 0) (0.247935972659 0.550627971151 0) (0.248494378497 0.551312829807 0) (0.249052784335 0.551997688464 0) (0.249611190172 0.55268254712 0) (0.25016959601 0.553367405777 0) (0.250728001848 0.554052264433 0))
    polyLine 53 57 ((0.118388086637 1.0752817364 -0.03) (0.120408969683 1.07965911093 -0.03) (0.122444804594 1.084065945 -0.03) (0.124495768168 1.08850259228 -0.03) (0.126562040009 1.09296941198 -0.03) (0.128643802592 1.09746676903 -0.03) (0.130741241315 1.10199503409 -0.03) (0.132854544557 1.10655458377 -0.03) (0.134983903741 1.11114580069 -0.03) (0.137129513393 1.1157690736 -0.03) (0.139291571204 1.12042479753 -0.03) (0.141470278098 1.12511337391 -0.03) (0.143665838295 1.1298352107 -0.03) (0.145878459378 1.13459072249 -0.03) (0.148108352363 1.1393803307 -0.03) (0.150355731774 1.14420446368 -0.03) (0.152620815708 1.14906355686 -0.03) (0.154903825915 1.15395805291 -0.03) (0.157204987872 1.15888840186 -0.03) (0.159524530866 1.16385506129 -0.03) (0.161862688065 1.16885849648 -0.03) (0.16421969661 1.17389918057 -0.03) (0.166595797693 1.17897759471 -0.03))
    polyLine 55 59 ((0.118388086637 1.0752817364 0) (0.120408969683 1.07965911093 0) (0.122444804594 1.084065945 0) (0.124495768168 1.08850259228 0) (0.126562040009 1.09296941198 0) (0.128643802592 1.09746676903 0) (0.130741241315 1.10199503409 0) (0.132854544557 1.10655458377 0) (0.134983903741 1.11114580069 0) (0.137129513393 1.1157690736 0) (0.139291571204 1.12042479753 0) (0.141470278098 1.12511337391 0) (0.143665838295 1.1298352107 0) (0.145878459378 1.13459072249 0) (0.148108352363 1.1393803307 0) (0.150355731774 1.14420446368 0) (0.152620815708 1.14906355686 0) (0.154903825915 1.15395805291 0) (0.157204987872 1.15888840186 0) (0.159524530866 1.16385506129 0) (0.161862688065 1.16885849648 0) (0.16421969661 1.17389918057 0) (0.166595797693 1.17897759471 0))
    polyLine 56 60 ((0.251286407686 0.55473712309 -0.03) (0.251844813524 0.555421981746 -0.03) (0.252403219362 0.556106840403 -0.03) (0.2529616252 0.556791699059 -0.03) (0.253520031037 0.557476557716 -0.03) (0.254078436875 0.558161416373 -0.03) (0.254636842713 0.558846275029 -0.03) (0.255195248551 0.559531133686 -0.03) (0.255753654389 0.560215992342 -0.03) (0.256312060227 0.560900850999 -0.03) (0.256870466065 0.561585709655 -0.03) (0.257428871903 0.562270568312 -0.03) (0.25798727774 0.562955426968 -0.03) (0.258545683578 0.563640285625 -0.03) (0.259104089416 0.564325144282 -0.03) (0.259662495254 0.565010002938 -0.03) (0.260220901092 0.565694861595 -0.03) (0.26077930693 0.566379720251 -0.03) (0.261337712768 0.567064578908 -0.03) (0.261896118605 0.567749437564 -0.03) (0.262454524443 0.568434296221 -0.03) (0.263012930281 0.569119154877 -0.03) (0.263571336119 0.569804013534 -0.03) (0.264129741957 0.570488872191 -0.03) (0.264688147795 0.571173730847 -0.03) (0.265246553633 0.571858589504 -0.03) (0.265804959471 0.57254344816 -0.03) (0.266363365308 0.573228306817 -0.03) (0.266925840701 0.573909664675 -0.03) (0.267496551116 0.57458413982 -0.03) (0.268075412339 0.575251632728 -0.03) (0.268662338955 0.575912044906 -0.03) (0.26925724436 0.576565278905 -0.03) (0.269860040771 0.577211238336 -0.03) (0.27047063924 0.577849827881 -0.03) (0.271088949669 0.578480953314 -0.03) (0.271714880822 0.579104521506 -0.03) (0.272348340338 0.579720440445 -0.03) (0.272989234746 0.580328619248 -0.03) (0.273637469476 0.580928968174 -0.03) (0.274292948877 0.581521398637 -0.03) (0.274955576228 0.582105823219 -0.03) (0.275625253753 0.582682155684 -0.03) (0.276301882637 0.58325031099 -0.03) (0.276985363038 0.583810205301 -0.03) (0.277675594103 0.584361756002 -0.03) (0.278372473984 0.584904881705 -0.03) (0.279075899851 0.58543950227 -0.03) (0.279785767908 0.585965538809 -0.03) (0.280501973408 0.586482913701 -0.03))
    polyLine 58 62 ((0.251286407686 0.55473712309 0) (0.251844813524 0.555421981746 0) (0.252403219362 0.556106840403 0) (0.2529616252 0.556791699059 0) (0.253520031037 0.557476557716 0) (0.254078436875 0.558161416373 0) (0.254636842713 0.558846275029 0) (0.255195248551 0.559531133686 0) (0.255753654389 0.560215992342 0) (0.256312060227 0.560900850999 0) (0.256870466065 0.561585709655 0) (0.257428871903 0.562270568312 0) (0.25798727774 0.562955426968 0) (0.258545683578 0.563640285625 0) (0.259104089416 0.564325144282 0) (0.259662495254 0.565010002938 0) (0.260220901092 0.565694861595 0) (0.26077930693 0.566379720251 0) (0.261337712768 0.567064578908 0) (0.261896118605 0.567749437564 0) (0.262454524443 0.568434296221 0) (0.263012930281 0.569119154877 0) (0.263571336119 0.569804013534 0) (0.264129741957 0.570488872191 0) (0.264688147795 0.571173730847 0) (0.265246553633 0.571858589504 0) (0.265804959471 0.57254344816 0) (0.266363365308 0.573228306817 0) (0.266925840701 0.573909664675 0) (0.267496551116 0.57458413982 0) (0.268075412339 0.575251632728 0) (0.268662338955 0.575912044906 0) (0.26925724436 0.576565278905 0) (0.269860040771 0.577211238336 0) (0.27047063924 0.577849827881 0) (0.271088949669 0.578480953314 0) (0.271714880822 0.579104521506 0) (0.272348340338 0.579720440445 0) (0.272989234746 0.580328619248 0) (0.273637469476 0.580928968174 0) (0.274292948877 0.581521398637 0) (0.274955576228 0.582105823219 0) (0.275625253753 0.582682155684 0) (0.276301882637 0.58325031099 0) (0.276985363038 0.583810205301 0) (0.277675594103 0.584361756002 0) (0.278372473984 0.584904881705 0) (0.279075899851 0.58543950227 0) (0.279785767908 0.585965538809 0) (0.280501973408 0.586482913701 0))
    polyLine 57 61 ((0.171275890996 1.18897135346 -0.03) (0.173578297721 1.19388357235 -0.03) (0.175898675343 1.19883132065 -0.03) (0.178237245989 1.20381504124 -0.03) (0.180594235466 1.20883518427 -0.03) (0.182969873341 1.21389220734 -0.03) (0.185364393013 1.21898657564 -0.03) (0.187778031798 1.22411876212 -0.03) (0.190211031011 1.22928924764 -0.03) (0.192663636048 1.23449852116 -0.03) (0.195136096473 1.23974707989 -0.03) (0.197628666108 1.24503542946 -0.03) (0.200141603124 1.25036408412 -0.03) (0.20267517013 1.25573356692 -0.03) (0.205229634276 1.26114440989 -0.03) (0.207805267343 1.26659715425 -0.03) (0.21040234585 1.27209235059 -0.03) (0.213021151155 1.27763055909 -0.03) (0.215661969559 1.28321234971 -0.03) (0.21832509242 1.28883830245 -0.03) (0.221010816259 1.29450900751 -0.03) (0.223719442878 1.30022506558 -0.03) (0.226451279478 1.305987088 -0.03))
    polyLine 59 63 ((0.171275890996 1.18897135346 0) (0.173578297721 1.19388357235 0) (0.175898675343 1.19883132065 0) (0.178237245989 1.20381504124 0) (0.180594235466 1.20883518427 0) (0.182969873341 1.21389220734 0) (0.185364393013 1.21898657564 0) (0.187778031798 1.22411876212 0) (0.190211031011 1.22928924764 0) (0.192663636048 1.23449852116 0) (0.195136096473 1.23974707989 0) (0.197628666108 1.24503542946 0) (0.200141603124 1.25036408412 0) (0.20267517013 1.25573356692 0) (0.205229634276 1.26114440989 0) (0.207805267343 1.26659715425 0) (0.21040234585 1.27209235059 0) (0.213021151155 1.27763055909 0) (0.215661969559 1.28321234971 0) (0.21832509242 1.28883830245 0) (0.221010816259 1.29450900751 0) (0.223719442878 1.30022506558 0) (0.226451279478 1.305987088 0))
    polyLine 60 64 ((0.281224410671 0.586991550604 -0.03) (0.281952973096 0.587491374465 -0.03) (0.282687553177 0.587982311531 -0.03) (0.283428042522 0.588464289361 -0.03) (0.284174331866 0.588937236835 -0.03) (0.284926311089 0.589401084166 -0.03) (0.28568386923 0.58985576291 -0.03) (0.286446894507 0.590301205977 -0.03) (0.287215274329 0.590737347637 -0.03) (0.287988895316 0.591164123534 -0.03) (0.288767643315 0.591581470696 -0.03) (0.289551403415 0.591989327538 -0.03) (0.290340059967 0.592387633879 -0.03) (0.291133496598 0.592776330946 -0.03) (0.291931596233 0.593155361383 -0.03) (0.292734241103 0.593524669262 -0.03) (0.293541312775 0.593884200089 -0.03) (0.294352692158 0.594233900812 -0.03) (0.295168259527 0.59457371983 -0.03) (0.295987894539 0.594903607 -0.03) (0.296811476251 0.595223513646 -0.03) (0.297638883137 0.595533392563 -0.03) (0.298469993107 0.595833198025 -0.03) (0.299304683526 0.596122885794 -0.03) (0.300142831228 0.596402413125 -0.03) (0.300984312537 0.596671738771 -0.03) (0.301829003288 0.596930822991 -0.03) (0.302676778841 0.597179627555 -0.03) (0.303527514098 0.597418115752 -0.03) (0.304381083529 0.597646252388 -0.03) (0.305237361183 0.597864003803 -0.03) (0.306096220709 0.598071337864 -0.03) (0.306957535376 0.598268223978 -0.03) (0.307821178092 0.598454633093 -0.03) (0.308687021418 0.598630537703 -0.03) (0.309554937595 0.598795911852 -0.03) (0.310424798553 0.598950731137 -0.03) (0.311296475939 0.599094972715 -0.03) (0.312169841131 0.599228615301 -0.03) (0.313044765256 0.599351639175 -0.03) (0.313921119213 0.599464026184 -0.03) (0.31479877369 0.599565759744 -0.03) (0.315677599183 0.599656824845 -0.03) (0.316557466013 0.599737208048 -0.03) (0.31743824435 0.599806897492 -0.03) (0.318319804229 0.599865882895 -0.03) (0.31920201557 0.599914155553 -0.03) (0.320084748194 0.599951708342 -0.03) (0.320967871849 0.599978535721 -0.03) (0.321851256223 0.599994633732 -0.03))
    polyLine 62 66 ((0.281224410671 0.586991550604 0) (0.281952973096 0.587491374465 0) (0.282687553177 0.587982311531 0) (0.283428042522 0.588464289361 0) (0.284174331866 0.588937236835 0) (0.284926311089 0.589401084166 0) (0.28568386923 0.58985576291 0) (0.286446894507 0.590301205977 0) (0.287215274329 0.590737347637 0) (0.287988895316 0.591164123534 0) (0.288767643315 0.591581470696 0) (0.289551403415 0.591989327538 0) (0.290340059967 0.592387633879 0) (0.291133496598 0.592776330946 0) (0.291931596233 0.593155361383 0) (0.292734241103 0.593524669262 0) (0.293541312775 0.593884200089 0) (0.294352692158 0.594233900812 0) (0.295168259527 0.59457371983 0) (0.295987894539 0.594903607 0) (0.296811476251 0.595223513646 0) (0.297638883137 0.595533392563 0) (0.298469993107 0.595833198025 0) (0.299304683526 0.596122885794 0) (0.300142831228 0.596402413125 0) (0.300984312537 0.596671738771 0) (0.301829003288 0.596930822991 0) (0.302676778841 0.597179627555 0) (0.303527514098 0.597418115752 0) (0.304381083529 0.597646252388 0) (0.305237361183 0.597864003803 0) (0.306096220709 0.598071337864 0) (0.306957535376 0.598268223978 0) (0.307821178092 0.598454633093 0) (0.308687021418 0.598630537703 0) (0.309554937595 0.598795911852 0) (0.310424798553 0.598950731137 0) (0.311296475939 0.599094972715 0) (0.312169841131 0.599228615301 0) (0.313044765256 0.599351639175 0) (0.313921119213 0.599464026184 0) (0.31479877369 0.599565759744 0) (0.315677599183 0.599656824845 0) (0.316557466013 0.599737208048 0) (0.31743824435 0.599806897492 0) (0.318319804229 0.599865882895 0) (0.31920201557 0.599914155553 0) (0.320084748194 0.599951708342 0) (0.320967871849 0.599978535721 0) (0.321851256223 0.599994633732 0))
    polyLine 61 65 ((0.232624117298 1.31899596404 -0.03) (0.236078176429 1.32626868878 -0.03) (0.239569431818 1.33361509609 -0.03) (0.243098513004 1.34103643828 -0.03) (0.246666063812 1.34853399594 -0.03) (0.250272742755 1.35610907878 -0.03) (0.253919223458 1.36376302642 -0.03) (0.257606195091 1.37149720928 -0.03) (0.26133436282 1.37931302949 -0.03) (0.265104448275 1.38721192175 -0.03) (0.268917190028 1.39519535435 -0.03) (0.272773344097 1.40326483015 -0.03) (0.276673684458 1.41142188755 -0.03) (0.280619003586 1.41966810161 -0.03) (0.284610113008 1.42800508515 -0.03) (0.288647843875 1.43643448985 -0.03) (0.292733047562 1.44495800743 -0.03) (0.296866596287 1.45357737094 -0.03) (0.301049383745 1.46229435595 -0.03) (0.305282325779 1.4711107819 -0.03) (0.309566361067 1.4800285135 -0.03) (0.313902451837 1.48904946207 -0.03) (0.318291584609 1.49817558707 -0.03))
    polyLine 63 67 ((0.232624117298 1.31899596404 0) (0.236078176429 1.32626868878 0) (0.239569431818 1.33361509609 0) (0.243098513004 1.34103643828 0) (0.246666063812 1.34853399594 0) (0.250272742755 1.35610907878 0) (0.253919223458 1.36376302642 0) (0.257606195091 1.37149720928 0) (0.26133436282 1.37931302949 0) (0.265104448275 1.38721192175 0) (0.268917190028 1.39519535435 0) (0.272773344097 1.40326483015 0) (0.276673684458 1.41142188755 0) (0.280619003586 1.41966810161 0) (0.284610113008 1.42800508515 0) (0.288647843875 1.43643448985 0) (0.292733047562 1.44495800743 0) (0.296866596287 1.45357737094 0) (0.301049383745 1.46229435595 0) (0.305282325779 1.4711107819 0) (0.309566361067 1.4800285135 0) (0.313902451837 1.48904946207 0) (0.318291584609 1.49817558707 0))
);

boundary
(
    body_fore
    {
        type wall;
        faces
        (
            (0 2 6 4)
            (4 6 10 8)
            (8 10 14 12)
            (12 14 18 16)
            (16 18 22 20)
            (20 22 26 24)
            (24 26 30 28)
            (28 30 34 32)
            (32 34 38 36)
            (36 38 42 40)
            (40 42 46 44)
            (44 46 50 48)
            (48 50 54 52)
            (52 54 58 56)
            (56 58 62 60)
            (60 62 66 64)
        );
    }
    freestream
    {
        type patch;
        faces
        (
            (1 5 7 3)
            (5 9 11 7)
            (9 13 15 11)
            (13 17 19 15)
            (17 21 23 19)
            (21 25 27 23)
            (25 29 31 27)
            (29 33 35 31)
            (33 37 39 35)
            (37 41 43 39)
            (41 45 47 43)
            (45 49 51 47)
            (49 53 55 51)
            (53 57 59 55)
            (57 61 63 59)
            (61 65 67 63)
        );
    }
    outlet
    {
        type patch;
        faces
        (
            (64 66 67 65)
        );
    }
    axis
    {
        type patch;
        faces
        (
            (0 1 3 2)
        );
    }
    front
    {
        type patch;
        faces
        (
            (2 6 7 3)
            (6 10 11 7)
            (10 14 15 11)
            (14 18 19 15)
            (18 22 23 19)
            (22 26 27 23)
            (26 30 31 27)
            (30 34 35 31)
            (34 38 39 35)
            (38 42 43 39)
            (42 46 47 43)
            (46 50 51 47)
            (50 54 55 51)
            (54 58 59 55)
            (58 62 63 59)
            (62 66 67 63)
        );
    }
    back
    {
        type patch;
        faces
        (
            (0 1 5 4)
            (4 5 9 8)
            (8 9 13 12)
            (12 13 17 16)
            (16 17 21 20)
            (20 21 25 24)
            (24 25 29 28)
            (28 29 33 32)
            (32 33 37 36)
            (36 37 41 40)
            (40 41 45 44)
            (44 45 49 48)
            (48 49 53 52)
            (52 53 57 56)
            (56 57 61 60)
            (60 61 65 64)
        );
    }
);
