FoamFile
{
    version     2.0;
    format      ascii;
    class       dictionary;
    object      blockMeshDict;
}
// Generated by aether.cfd - do not edit by hand. Regenerate from the run config.

scale 1;

vertices
(
    (0 0 -0.03)
    (-0.302341534843 7.73464372837e-17 -0.03)
    (0 0 0)
    (-0.302341534843 7.73464372837e-17 0)
    (0.00226329411469 0.0447212299033 -0.03)
    (-0.299306833617 0.0859675465012 -0.03)
    (0.00226329411469 0.0447212299033 0)
    (-0.299306833617 0.0859675465012 0)
    (0.00902980457697 0.0889854867793 -0.03)
    (-0.29017576106 0.172133833344 -0.03)
    (0.00902980457697 0.0889854867793 0)
    (-0.29017576106 0.172133833344 0)
    (0.0202303917371 0.132340491761 -0.03)
    (-0.274862380792 0.258720755 -0.03)
    (0.0202303917371 0.132340491761 0)
    (-0.274862380792 0.258720755 0)
    (0.0357506105752 0.174343256416 -0.03)
    (-0.253207166681 0.345994539792 -0.03)
    (0.0357506105752 0.174343256416 0)
    (-0.253207166681 0.345994539792 0)
    (0.0553147937719 0.214626962135 -0.03)
    (-0.224970499819 0.434237160722 -0.03)
    (0.0553147937719 0.214626962135 0)
    (-0.224970499819 0.434237160722 0)
    (0.0760481844368 0.25433775285 -0.03)
    (-0.190524033351 0.522116408612 -0.03)
    (0.0760481844368 0.25433775285 0)
    (-0.190524033351 0.522116408612 0)
    (0.0967815751017 0.294048543565 -0.03)
    (-0.151019279178 0.607504435628 -0.03)
    (0.0967815751017 0.294048543565 0)
    (-0.151019279178 0.607504435628 0)
    (0.117514965767 0.33375933428 -0.03)
    (-0.107807334574 0.688953048481 -0.03)
    (0.117514965767 0.33375933428 0)
    (-0.107807334574 0.688953048481 0)
    (0.138248356432 0.373470124996 -0.03)
    (-0.0622582288786 0.765545905778 -0.03)
    (0.138248356432 0.373470124996 0)
    (-0.0622582288786 0.765545905778 0)
    (0.158981747096 0.413180915711 -0.03)
    (-0.0155935017469 0.836838133473 -0.03)
    (0.158981747096 0.413180915711 0)
    (-0.0155935017469 0.836838133473 0)
    (0.179715137761 0.452891706426 -0.03)
    (0.031194322563 0.902742116095 -0.03)
    (0.179715137761 0.452891706426 0)
    (0.031194322563 0.902742116095 0)
    (0.200448528426 0.492602497141 -0.03)
    (0.0773555064541 0.963409323105 -0.03)
    (0.200448528426 0.492602497141 0)
    (0.0773555064541 0.963409323105 0)
    (0.221181919091 0.532313287857 -0.03)
    (0.122358871119 1.01913291478 -0.03)
    (0.221181919091 0.532313287857 0)
    (0.122358871119 1.01913291478 0)
    (0.247740177674 0.568077818078 -0.03)
    (0.17430520092 1.07994093435 -0.03)
    (0.247740177674 0.568077818078 0)
    (0.17430520092 1.07994093435 0)
    (0.28547575836 0.591734732826 -0.03)
    (0.243720502392 1.15630532874 -0.03)
    (0.28547575836 0.591734732826 0)
    (0.243720502392 1.15630532874 0)
    (0.329240055355 0.6 -0.03)
    (0.329240055355 1.24408693738 -0.03)
    (0.329240055355 0.6 0)
    (0.329240055355 1.24408693738 0)
);

blocks
(
    hex (0 4 5 1 2 6 7 3) (4 48 1) simpleGrading (1 4 1)
    hex (4 8 9 5 6 10 11 7) (4 48 1) simpleGrading (1 4 1)
    hex (8 12 13 9 10 14 15 11) (4 48 1) simpleGrading (1 4 1)
    hex (12 16 17 13 14 18 19 15) (4 48 1) simpleGrading (1 4 1)
    hex (16 20 21 17 18 22 23 19) (4 48 1) simpleGrading (1 4 1)
    hex (20 24 25 21 22 26 27 23) (4 48 1) simpleGrading (1 4 1)
    hex (24 28 29 25 26 30 31 27) (4 48 1) simpleGrading (1 4 1)
    hex (28 32 33 29 30 34 35 31) (4 48 1) simpleGrading (1 4 1)
    hex (32 36 37 33 34 38 39 35) (4 48 1) simpleGrading (1 4 1)
    hex (36 40 41 37 38 42 43 39) (4 48 1) simpleGrading (1 4 1)
    hex (40 44 45 41 42 46 47 43) (4 48 1) simpleGrading (1 4 1)
    hex (44 48 49 45 46 50 51 47) (4 48 1) simpleGrading (1 4 1)
    hex (48 52 53 49 50 54 55 51) (4 48 1) simpleGrading (1 4 1)
    hex (52 56 57 53 54 58 59 55) (4 48 1) simpleGrading (1 4 1)
    hex (56 60 61 57 58 62 63 59) (4 48 1) simpleGrading (1 4 1)
    hex (60 64 65 61 62 66 67 63) (4 48 1) simpleGrading (1 4 1)
);

edges
(
    polyLine 0 4 ((8.7566762288e-07 0.000880801921661 -0.03) (3.50266702967e-06 0.00176160036107 -0.03) (7.88098783445e-06 0.002642391836 -0.03) (1.40106127276e-05 0.00352317286423 -0.03) (2.18915174755e-05 0.0044039399636 -0.03) (3.15236709212e-05 0.005284689652 -0.03) (4.29070349839e-05 0.00616541844738 -0.03) (5.60415646595e-05 0.00704612286779 -0.03) (7.09272080206e-05 0.00792679943136 -0.03) (8.75639062169e-05 0.00880744465633 -0.03) (0.000105951593475 0.00968805506108 -0.03) (0.0001260901971 0.0105686271641 -0.03) (0.000147979637473 0.0114491574841 -0.03) (0.000171619828054 0.0123296425398 -0.03) (0.000197010675382 0.0132100788503 -0.03) (0.000224152079075 0.0140904629348 -0.03) (0.000253043931828 0.0149707913127 -0.03) (0.000283686119418 0.0158510605035 -0.03) (0.000316078520702 0.0167312670272 -0.03) (0.000350221007615 0.0176114074038 -0.03) (0.000386113445175 0.0184914781538 -0.03) (0.000423755691482 0.0193714757977 -0.03) (0.000463147597717 0.0202513968565 -0.03) (0.000504289008144 0.0211312378514 -0.03) (0.000547179760111 0.022010995304 -0.03) (0.000591819684049 0.0228906657361 -0.03) (0.000638208603475 0.0237702456701 -0.03) (0.000686346334989 0.0246497316283 -0.03) (0.000736232688279 0.0255291201339 -0.03) (0.00078786746612 0.0264084077101 -0.03) (0.000841250464373 0.0272875908808 -0.03) (0.000896381471989 0.0281666661699 -0.03) (0.000953260271008 0.0290456301022 -0.03) (0.00101188663656 0.0299244792026 -0.03) (0.00107226033686 0.0308032099965 -0.03) (0.00113438113323 0.0316818190101 -0.03) (0.00119824878007 0.0325603027696 -0.03) (0.00126386302488 0.0334386578019 -0.03) (0.00133122360826 0.0343168806346 -0.03) (0.00140033026389 0.0351949677955 -0.03) (0.00147118271856 0.0360729158131 -0.03) (0.00154378069216 0.0369507212165 -0.03) (0.00161812389767 0.0378283805353 -0.03) (0.00169421204117 0.0387058902995 -0.03) (0.00177204482185 0.0395832470401 -0.03) (0.001851621932 0.0404604472884 -0.03) (0.00193294305701 0.0413374875763 -0.03) (0.00201600787538 0.0422143644365 -0.03) (0.00210081605871 0.0430910744022 -0.03) (0.00218736727171 0.0439676140075 -0.03))
    polyLine 2 6 ((8.7566762288e-07 0.000880801921661 0) (3.50266702967e-06 0.00176160036107 0) (7.88098783445e-06 0.002642391836 0) (1.40106127276e-05 0.00352317286423 0) (2.18915174755e-05 0.0044039399636 0) (3.15236709212e-05 0.005284689652 0) (4.29070349839e-05 0.00616541844738 0) (5.60415646595e-05 0.00704612286779 0) (7.09272080206e-05 0.00792679943136 0) (8.75639062169e-05 0.00880744465633 0) (0.000105951593475 0.00968805506108 0) (0.0001260901971 0.0105686271641 0) (0.000147979637473 0.0114491574841 0) (0.000171619828054 0.0123296425398 0) (0.000197010675382 0.0132100788503 0) (0.000224152079075 0.0140904629348 0) (0.000253043931828 0.0149707913127 0) (0.000283686119418 0.0158510605035 0) (0.000316078520702 0.0167312670272 0) (0.000350221007615 0.0176114074038 0) (0.000386113445175 0.0184914781538 0) (0.000423755691482 0.0193714757977 0) (0.000463147597717 0.0202513968565 0) (0.000504289008144 0.0211312378514 0) (0.000547179760111 0.022010995304 0) (0.000591819684049 0.0228906657361 0) (0.000638208603475 0.0237702456701 0) (0.000686346334989 0.0246497316283 0) (0.000736232688279 0.0255291201339 0) (0.00078786746612 0.0264084077101 0) (0.000841250464373 0.0272875908808 0) (0.000896381471989 0.0281666661699 0) (0.000953260271008 0.0290456301022 0) (0.00101188663656 0.0299244792026 0) (0.00107226033686 0.0308032099965 0) (0.00113438113323 0.0316818190101 0) (0.00119824878007 0.0325603027696 0) (0.00126386302488 0.0334386578019 0) (0.00133122360826 0.0343168806346 0) (0.00140033026389 0.0351949677955 0) (0.00147118271856 0.0360729158131 0) (0.00154378069216 0.0369507212165 0) (0.00161812389767 0.0378283805353 0) (0.00169421204117 0.0387058902995 0) (0.00177204482185 0.0395832470401 0) (0.001851621932 0.0404604472884 0) (0.00193294305701 0.0413374875763 0) (0.00201600787538 0.0422143644365 0) (0.00210081605871 0.0430910744022 0) (0.00218736727171 0.0439676140075 0))
    polyLine 1 5 ((-0.302336280487 0.00357708907911 -0.03) (-0.302320517122 0.00715422909241 -0.03) (-0.30229424386 0.010731470978 -0.03) (-0.302257459221 0.014308865682 -0.03) (-0.302210161133 0.0178864641622 -0.03) (-0.30215234693 0.0214643173923 -0.03) (-0.302084013356 0.0250424763656 -0.03) (-0.302005156558 0.0286209920992 -0.03) (-0.301915772091 0.0321999156379 -0.03) (-0.301815854915 0.035779298058 -0.03) (-0.301705399393 0.0393591904714 -0.03) (-0.301584399293 0.0429396440295 -0.03) (-0.301452847786 0.0465207099273 -0.03) (-0.301310737444 0.0501024394072 -0.03) (-0.301158060239 0.053684883763 -0.03) (-0.300994807544 0.0572680943442 -0.03) (-0.300820970128 0.0608521225596 -0.03) (-0.300636538158 0.0644370198813 -0.03) (-0.300441501195 0.0680228378492 -0.03) (-0.300235848196 0.0716096280744 -0.03) (-0.300019567507 0.0751974422437 -0.03) (-0.299792646866 0.0787863321234 -0.03) (-0.299555073398 0.0823763495634 -0.03))
    polyLine 3 7 ((-0.302336280487 0.00357708907911 0) (-0.302320517122 0.00715422909241 0) (-0.30229424386 0.010731470978 0) (-0.302257459221 0.014308865682 0) (-0.302210161133 0.0178864641622 0) (-0.30215234693 0.0214643173923 0) (-0.302084013356 0.0250424763656 0) (-0.302005156558 0.0286209920992 0) (-0.301915772091 0.0321999156379 0) (-0.301815854915 0.035779298058 0) (-0.301705399393 0.0393591904714 0) (-0.301584399293 0.0429396440295 0) (-0.301452847786 0.0465207099273 0) (-0.301310737444 0.0501024394072 0) (-0.301158060239 0.053684883763 0) (-0.300994807544 0.0572680943442 0) (-0.300820970128 0.0608521225596 0) (-0.300636538158 0.0644370198813 0) (-0.300441501195 0.0680228378492 0) (-0.300235848196 0.0716096280744 0) (-0.300019567507 0.0751974422437 0) (-0.299792646866 0.0787863321234 0) (-0.299555073398 0.0823763495634 0))
    polyLine 4 8 ((0.0022756611722 0.0448439797868 -0.03) (0.00236569741112 0.0457201682754 -0.03) (0.00245747563249 0.0465961760095 -0.03) (0.00255099547349 0.0474719995255 -0.03) (0.00264625656437 0.0483476353611 -0.03) (0.00274325852853 0.0492230800544 -0.03) (0.00284200098246 0.0500983301442 -0.03) (0.00294248353579 0.0509733821704 -0.03) (0.00304470579125 0.0518482326733 -0.03) (0.00314866734473 0.0527228781943 -0.03) (0.00325436778519 0.0535973152755 -0.03) (0.00336180669476 0.0544715404597 -0.03) (0.00347098364868 0.0553455502907 -0.03) (0.00358189821531 0.0562193413131 -0.03) (0.00369454995616 0.0570929100725 -0.03) (0.00380893842586 0.057966253115 -0.03) (0.00392506317216 0.0588393669881 -0.03) (0.00404292373598 0.0597122482397 -0.03) (0.00416251965134 0.0605848934191 -0.03) (0.00428385044544 0.0614572990761 -0.03) (0.00440691563858 0.0623294617617 -0.03) (0.00453171474424 0.0632013780279 -0.03) (0.004658247269 0.0640730444275 -0.03) (0.00478651271264 0.0649444575144 -0.03) (0.00491651056805 0.0658156138434 -0.03) (0.00504824032129 0.0666865099704 -0.03) (0.00518170145155 0.0675571424524 -0.03) (0.00531689343122 0.0684275078473 -0.03) (0.00545381572579 0.0692976027141 -0.03) (0.00559246779396 0.0701674236129 -0.03) (0.00573284908755 0.0710369671049 -0.03) (0.00587495905158 0.0719062297522 -0.03) (0.00601879712421 0.0727752081184 -0.03) (0.00616436273677 0.0736438987679 -0.03) (0.00631165531378 0.0745122982662 -0.03) (0.00646067427291 0.0753804031803 -0.03) (0.00661141902502 0.076248210078 -0.03) (0.00676388897413 0.0771157155285 -0.03) (0.00691808351746 0.077982916102 -0.03) (0.0070740020454 0.0788498083702 -0.03) (0.00723164394153 0.0797163889058 -0.03) (0.0073910085826 0.0805826542826 -0.03) (0.00755209533858 0.0814486010761 -0.03) (0.00771490357259 0.0823142258625 -0.03) (0.00787943264099 0.0831795252198 -0.03) (0.00804568189331 0.0840444957268 -0.03) (0.00821365067228 0.0849091339641 -0.03) (0.00838333831383 0.0857734365131 -0.03) (0.00855474414711 0.086637399957 -0.03) (0.00872786749446 0.0875010208799 -0.03) (0.00890270767144 0.0883642958677 -0.03))
    polyLine 6 10 ((0.0022756611722 0.0448439797868 0) (0.00236569741112 0.0457201682754 0) (0.00245747563249 0.0465961760095 0) (0.00255099547349 0.0474719995255 0) (0.00264625656437 0.0483476353611 0) (0.00274325852853 0.0492230800544 0) (0.00284200098246 0.0500983301442 0) (0.00294248353579 0.0509733821704 0) (0.00304470579125 0.0518482326733 0) (0.00314866734473 0.0527228781943 0) (0.00325436778519 0.0535973152755 0) (0.00336180669476 0.0544715404597 0) (0.00347098364868 0.0553455502907 0) (0.00358189821531 0.0562193413131 0) (0.00369454995616 0.0570929100725 0) (0.00380893842586 0.057966253115 0) (0.00392506317216 0.0588393669881 0) (0.00404292373598 0.0597122482397 0) (0.00416251965134 0.0605848934191 0) (0.00428385044544 0.0614572990761 0) (0.00440691563858 0.0623294617617 0) (0.00453171474424 0.0632013780279 0) (0.004658247269 0.0640730444275 0) (0.00478651271264 0.0649444575144 0) (0.00491651056805 0.0658156138434 0) (0.00504824032129 0.0666865099704 0) (0.00518170145155 0.0675571424524 0) (0.00531689343122 0.0684275078473 0) (0.00545381572579 0.0692976027141 0) (0.00559246779396 0.0701674236129 0) (0.00573284908755 0.0710369671049 0) (0.00587495905158 0.0719062297522 0) (0.00601879712421 0.0727752081184 0) (0.00616436273677 0.0736438987679 0) (0.00631165531378 0.0745122982662 0) (0.00646067427291 0.0753804031803 0) (0.00661141902502 0.076248210078 0) (0.00676388897413 0.0771157155285 0) (0.00691808351746 0.077982916102 0) (0.0070740020454 0.0788498083702 0) (0.00723164394153 0.0797163889058 0) (0.0073910085826 0.0805826542826 0) (0.00755209533858 0.0814486010761 0) (0.00771490357259 0.0823142258625 0) (0.00787943264099 0.0831795252198 0) (0.00804568189331 0.0840444957268 0) (0.00821365067228 0.0849091339641 0) (0.00838333831383 0.0857734365131 0) (0.00855474414711 0.086637399957 0) (0.00872786749446 0.0875010208799 0) (0.00890270767144 0.0883642958677 0))
    polyLine 5 9 ((-0.299049467393 0.0895388439644 -0.03) (-0.298781531545 0.0931114097224 -0.03) (-0.298503011006 0.0966852950833 -0.03) (-0.298213890102 0.100260551457 -0.03) (-0.297914152547 0.103837230358 -0.03) (-0.297603781444 0.107415383412 -0.03) (-0.29728275928 0.110995062356 -0.03) (-0.296951067924 0.114576319047 -0.03) (-0.296608688626 0.118159205462 -0.03) (-0.29625560201 0.121743773705 -0.03) (-0.295891788076 0.125330076008 -0.03) (-0.295517226194 0.128918164738 -0.03) (-0.295131895102 0.132508092401 -0.03) (-0.294735772902 0.136099911644 -0.03) (-0.294328837058 0.13969367526 -0.03) (-0.293911064389 0.143289436193 -0.03) (-0.293482431071 0.146887247542 -0.03) (-0.29304291263 0.150487162564 -0.03) (-0.292592483939 0.15408923468 -0.03) (-0.292131119213 0.157693517478 -0.03) (-0.291658792007 0.161300064717 -0.03) (-0.291175475211 0.164908930333 -0.03) (-0.290681141046 0.168520168442 -0.03))
    polyLine 7 11 ((-0.299049467393 0.0895388439644 0) (-0.298781531545 0.0931114097224 0) (-0.298503011006 0.0966852950833 0) (-0.298213890102 0.100260551457 0) (-0.297914152547 0.103837230358 0) (-0.297603781444 0.107415383412 0) (-0.29728275928 0.110995062356 0) (-0.296951067924 0.114576319047 0) (-0.296608688626 0.118159205462 0) (-0.29625560201 0.121743773705 0) (-0.295891788076 0.125330076008 0) (-0.295517226194 0.128918164738 0) (-0.295131895102 0.132508092401 0) (-0.294735772902 0.136099911644 0) (-0.294328837058 0.13969367526 0) (-0.293911064389 0.143289436193 0) (-0.293482431071 0.146887247542 0) (-0.29304291263 0.150487162564 0) (-0.292592483939 0.15408923468 0) (-0.292131119213 0.157693517478 0) (-0.291658792007 0.161300064717 0) (-0.291175475211 0.164908930333 0) (-0.290681141046 0.168520168442 0))
    polyLine 8 12 ((0.00907926398682 0.0892272215073 -0.03) (0.00925753574258 0.0900897943872 -0.03) (0.00943752223393 0.0909520110972 -0.03) (0.00961922274929 0.0918138682284 -0.03) (0.00980263657031 0.0926753623736 -0.03) (0.00998776297186 0.0935364901269 -0.03) (0.010174601222 0.0943972480837 -0.03) (0.0103631505822 0.0952576328412 -0.03) (0.0105534103069 0.0961176409976 -0.03) (0.0107453796439 0.096977269153 -0.03) (0.0109390578344 0.0978365139089 -0.03) (0.0111344441125 0.0986953718683 -0.03) (0.0113315377059 0.0995538396356 -0.03) (0.0115303378353 0.100411913817 -0.03) (0.0117308437147 0.10126959102 -0.03) (0.0119330545515 0.102126867853 -0.03) (0.0121369695463 0.102983740928 -0.03) (0.0123425878928 0.103840206857 -0.03) (0.0125499087781 0.104696262254 -0.03) (0.0127589313826 0.105551903735 -0.03) (0.0129696548799 0.106407127916 -0.03) (0.013182078437 0.107261931416 -0.03) (0.013396201214 0.108116310857 -0.03) (0.0136120223643 0.108970262859 -0.03) (0.0138295410348 0.109823784048 -0.03) (0.0140487563655 0.110676871049 -0.03) (0.0142696674896 0.111529520489 -0.03) (0.0144922735339 0.112381728997 -0.03) (0.0147165736183 0.113233493204 -0.03) (0.0149425668559 0.114084809742 -0.03) (0.0151702523533 0.114935675246 -0.03) (0.0153996292105 0.115786086352 -0.03) (0.0156306965204 0.116636039698 -0.03) (0.0158634533696 0.117485531924 -0.03) (0.016097898838 0.11833455967 -0.03) (0.0163340319985 0.119183119581 -0.03) (0.0165718519178 0.120031208302 -0.03) (0.0168113576554 0.120878822479 -0.03) (0.0170525482647 0.121725958762 -0.03) (0.0172954227919 0.122572613802 -0.03) (0.017539980277 0.123418784251 -0.03) (0.017786219753 0.124264466763 -0.03) (0.0180341402464 0.125109657997 -0.03) (0.0182837407771 0.125954354609 -0.03) (0.0185350203583 0.126798553261 -0.03) (0.0187879779966 0.127642250615 -0.03) (0.0190426126919 0.128485443336 -0.03) (0.0192989234375 0.129328128089 -0.03) (0.01955690922 0.130170301544 -0.03) (0.0198165690196 0.131011960371 -0.03) (0.0200779018096 0.131853101242 -0.03))
    polyLine 10 14 ((0.00907926398682 0.0892272215073 0) (0.00925753574258 0.0900897943872 0) (0.00943752223393 0.0909520110972 0) (0.00961922274929 0.0918138682284 0) (0.00980263657031 0.0926753623736 0) (0.00998776297186 0.0935364901269 0) (0.010174601222 0.0943972480837 0) (0.0103631505822 0.0952576328412 0) (0.0105534103069 0.0961176409976 0) (0.0107453796439 0.096977269153 0) (0.0109390578344 0.0978365139089 0) (0.0111344441125 0.0986953718683 0) (0.0113315377059 0.0995538396356 0) (0.0115303378353 0.100411913817 0) (0.0117308437147 0.10126959102 0) (0.0119330545515 0.102126867853 0) (0.0121369695463 0.102983740928 0) (0.0123425878928 0.103840206857 0) (0.0125499087781 0.104696262254 0) (0.0127589313826 0.105551903735 0) (0.0129696548799 0.106407127916 0) (0.013182078437 0.107261931416 0) (0.013396201214 0.108116310857 0) (0.0136120223643 0.108970262859 0) (0.0138295410348 0.109823784048 0) (0.0140487563655 0.110676871049 0) (0.0142696674896 0.111529520489 0) (0.0144922735339 0.112381728997 0) (0.0147165736183 0.113233493204 0) (0.0149425668559 0.114084809742 0) (0.0151702523533 0.114935675246 0) (0.0153996292105 0.115786086352 0) (0.0156306965204 0.116636039698 0) (0.0158634533696 0.117485531924 0) (0.016097898838 0.11833455967 0) (0.0163340319985 0.119183119581 0) (0.0165718519178 0.120031208302 0) (0.0168113576554 0.120878822479 0) (0.0170525482647 0.121725958762 0) (0.0172954227919 0.122572613802 0) (0.017539980277 0.123418784251 0) (0.017786219753 0.124264466763 0) (0.0180341402464 0.125109657997 0) (0.0182837407771 0.125954354609 0) (0.0185350203583 0.126798553261 0) (0.0187879779966 0.127642250615 0) (0.0190426126919 0.128485443336 0) (0.0192989234375 0.129328128089 0) (0.01955690922 0.130170301544 0) (0.0198165690196 0.131011960371 0) (0.0200779018096 0.131853101242 0))
    polyLine 9 13 ((-0.289665281614 0.175708565308 -0.03) (-0.289143950558 0.179285774889 -0.03) (-0.288611738439 0.1828655151 -0.03) (-0.288068615147 0.186447839149 -0.03) (-0.287514549906 0.190032800438 -0.03) (-0.28694951127 0.193620452573 -0.03) (-0.286373467121 0.197210849364 -0.03) (-0.285786384662 0.200804044832 -0.03) (-0.28518823041 0.204400093213 -0.03) (-0.284578970197 0.207999048958 -0.03) (-0.283958569158 0.211600966746 -0.03) (-0.283326991731 0.215205901479 -0.03) (-0.282684201649 0.218813908294 -0.03) (-0.282030161934 0.222425042562 -0.03) (-0.281364834894 0.226039359896 -0.03) (-0.280688182115 0.229656916154 -0.03) (-0.280000164454 0.233277767443 -0.03) (-0.279300742039 0.236901970127 -0.03) (-0.278589874255 0.240529580825 -0.03) (-0.277867519743 0.244160656423 -0.03) (-0.277133636393 0.247795254074 -0.03) (-0.276388181336 0.251433431204 -0.03) (-0.275631110937 0.255075245517 -0.03))
    polyLine 11 15 ((-0.289665281614 0.175708565308 0) (-0.289143950558 0.179285774889 0) (-0.288611738439 0.1828655151 0) (-0.288068615147 0.186447839149 0) (-0.287514549906 0.190032800438 0) (-0.28694951127 0.193620452573 0) (-0.286373467121 0.197210849364 0) (-0.285786384662 0.200804044832 0) (-0.28518823041 0.204400093213 0) (-0.284578970197 0.207999048958 0) (-0.283958569158 0.211600966746 0) (-0.283326991731 0.215205901479 0) (-0.282684201649 0.218813908294 0) (-0.282030161934 0.222425042562 0) (-0.281364834894 0.226039359896 0) (-0.280688182115 0.229656916154 0) (-0.280000164454 0.233277767443 0) (-0.279300742039 0.236901970127 0) (-0.278589874255 0.240529580825 0) (-0.277867519743 0.244160656423 0) (-0.277133636393 0.247795254074 0) (-0.276388181336 0.251433431204 0) (-0.275631110937 0.255075245517 0))
    polyLine 12 16 ((0.0203409065569 0.132693720832 -0.03) (0.0206055822217 0.133533815817 -0.03) (0.0208719277576 0.134373382877 -0.03) (0.0211399421116 0.135212418691 -0.03) (0.0214096242241 0.136050919943 -0.03) (0.0216809730289 0.136888883319 -0.03) (0.0219539874533 0.137726305504 -0.03) (0.0222286664178 0.138563183188 -0.03) (0.0225050088365 0.139399513063 -0.03) (0.022783013617 0.140235291822 -0.03) (0.0230626796601 0.141070516161 -0.03) (0.0233440058602 0.141905182778 -0.03) (0.023626991105 0.142739288372 -0.03) (0.0239116342758 0.143572829647 -0.03) (0.0241979342471 0.144405803308 -0.03) (0.0244858898873 0.145238206059 -0.03) (0.0247755000577 0.146070034612 -0.03) (0.0250667636134 0.146901285677 -0.03) (0.025359679403 0.147731955968 -0.03) (0.0256542462684 0.148562042201 -0.03) (0.0259504630449 0.149391541094 -0.03) (0.0262483285616 0.150220449367 -0.03) (0.0265478416408 0.151048763744 -0.03) (0.0268490010983 0.15187648095 -0.03) (0.0271518057436 0.152703597713 -0.03) (0.0274562543795 0.153530110762 -0.03) (0.0277623458024 0.15435601683 -0.03) (0.0280700788021 0.155181312651 -0.03) (0.028379452162 0.156005994963 -0.03) (0.0286904646591 0.156830060506 -0.03) (0.0290031150636 0.157653506021 -0.03) (0.0293174021397 0.158476328254 -0.03) (0.0296333246446 0.15929852395 -0.03) (0.0299508813295 0.160120089859 -0.03) (0.0302700709388 0.160941022734 -0.03) (0.0305908922107 0.161761319329 -0.03) (0.0309133438767 0.162580976401 -0.03) (0.0312374246622 0.163399990709 -0.03) (0.0315631332857 0.164218359015 -0.03) (0.0318904684597 0.165036078084 -0.03) (0.03221942889 0.165853144683 -0.03) (0.032550013276 0.166669555582 -0.03) (0.0328822203109 0.167485307553 -0.03) (0.0332160486811 0.168300397371 -0.03) (0.033551497067 0.169114821813 -0.03) (0.0338885641424 0.16992857766 -0.03) (0.0342272485745 0.170741661695 -0.03) (0.0345675490245 0.171554070702 -0.03) (0.034909464147 0.172365801471 -0.03) (0.0352529925902 0.173176850792 -0.03) (0.035598132996 0.173987215458 -0.03))
    polyLine 14 18 ((0.0203409065569 0.132693720832 0) (0.0206055822217 0.133533815817 0) (0.0208719277576 0.134373382877 0) (0.0211399421116 0.135212418691 0) (0.0214096242241 0.136050919943 0) (0.0216809730289 0.136888883319 0) (0.0219539874533 0.137726305504 0) (0.0222286664178 0.138563183188 0) (0.0225050088365 0.139399513063 0) (0.022783013617 0.140235291822 0) (0.0230626796601 0.141070516161 0) (0.0233440058602 0.141905182778 0) (0.023626991105 0.142739288372 0) (0.0239116342758 0.143572829647 0) (0.0241979342471 0.144405803308 0) (0.0244858898873 0.145238206059 0) (0.0247755000577 0.146070034612 0) (0.0250667636134 0.146901285677 0) (0.025359679403 0.147731955968 0) (0.0256542462684 0.148562042201 0) (0.0259504630449 0.149391541094 0) (0.0262483285616 0.150220449367 0) (0.0265478416408 0.151048763744 0) (0.0268490010983 0.15187648095 0) (0.0271518057436 0.152703597713 0) (0.0274562543795 0.153530110762 0) (0.0277623458024 0.15435601683 0) (0.0280700788021 0.155181312651 0) (0.028379452162 0.156005994963 0) (0.0286904646591 0.156830060506 0) (0.0290031150636 0.157653506021 0) (0.0293174021397 0.158476328254 0) (0.0296333246446 0.15929852395 0) (0.0299508813295 0.160120089859 0) (0.0302700709388 0.160941022734 0) (0.0305908922107 0.161761319329 0) (0.0309133438767 0.162580976401 0) (0.0312374246622 0.163399990709 0) (0.0315631332857 0.164218359015 0) (0.0318904684597 0.165036078084 0) (0.03221942889 0.165853144683 0) (0.032550013276 0.166669555582 0) (0.0328822203109 0.167485307553 0) (0.0332160486811 0.168300397371 0) (0.033551497067 0.169114821813 0) (0.0338885641424 0.16992857766 0) (0.0342272485745 0.170741661695 0) (0.0345675490245 0.171554070702 0) (0.034909464147 0.172365801471 0) (0.0352529925902 0.173176850792 0) (0.035598132996 0.173987215458 0))
    polyLine 13 17 ((-0.274094888702 0.262309910923 -0.03) (-0.273316030168 0.265902753443 -0.03) (-0.272525760719 0.269499338557 -0.03) (-0.271724035137 0.273099722545 -0.03) (-0.270910807446 0.276703961973 -0.03) (-0.270086030912 0.280312113701 -0.03) (-0.269249658028 0.283924234884 -0.03) (-0.268401640514 0.287540382979 -0.03) (-0.267541929306 0.291160615747 -0.03) (-0.266670474548 0.294784991263 -0.03) (-0.265787225587 0.298413567914 -0.03) (-0.264892130962 0.302046404411 -0.03) (-0.263985138402 0.305683559789 -0.03) (-0.263066194809 0.309325093411 -0.03) (-0.262135246258 0.31297106498 -0.03) (-0.261192237985 0.316621534535 -0.03) (-0.260237114381 0.320276562462 -0.03) (-0.259269818977 0.323936209499 -0.03) (-0.258290294445 0.327600536739 -0.03) (-0.257298482581 0.331269605635 -0.03) (-0.2562943243 0.334943478007 -0.03) (-0.255277759625 0.338622216048 -0.03) (-0.254248727681 0.342305882326 -0.03))
    polyLine 15 19 ((-0.274094888702 0.262309910923 0) (-0.273316030168 0.265902753443 0) (-0.272525760719 0.269499338557 0) (-0.271724035137 0.273099722545 0) (-0.270910807446 0.276703961973 0) (-0.270086030912 0.280312113701 0) (-0.269249658028 0.283924234884 0) (-0.268401640514 0.287540382979 0) (-0.267541929306 0.291160615747 0) (-0.266670474548 0.294784991263 0) (-0.265787225587 0.298413567914 0) (-0.264892130962 0.302046404411 0) (-0.263985138402 0.305683559789 0) (-0.263066194809 0.309325093411 0) (-0.262135246258 0.31297106498 0) (-0.261192237985 0.316621534535 0) (-0.260237114381 0.320276562462 0) (-0.259269818977 0.323936209499 0) (-0.258290294445 0.327600536739 0) (-0.257298482581 0.331269605635 0) (-0.2562943243 0.334943478007 0) (-0.255277759625 0.338622216048 0) (-0.254248727681 0.342305882326 0))
    polyLine 16 20 ((0.0359448839998 0.174796892266 -0.03) (0.0362932442309 0.175605878015 -0.03) (0.0366432123118 0.176414169506 -0.03) (0.0369947868591 0.177221763543 -0.03) (0.0373479664828 0.178028656935 -0.03) (0.0377027497866 0.17883484649 -0.03) (0.0380591353678 0.179640329023 -0.03) (0.0384171218176 0.180445101347 -0.03) (0.0387767077205 0.181249160281 -0.03) (0.039137891655 0.182052502648 -0.03) (0.0395006721931 0.18285512527 -0.03) (0.0398650479006 0.183657024974 -0.03) (0.0402310173369 0.18445819859 -0.03) (0.0405985790552 0.185258642951 -0.03) (0.0409677316023 0.186058354893 -0.03) (0.0413384735187 0.186857331252 -0.03) (0.0417108033387 0.187655568872 -0.03) (0.0420847195904 0.188453064595 -0.03) (0.0424602207955 0.189249815269 -0.03) (0.0428373054693 0.190045817745 -0.03) (0.0432159721211 0.190841068874 -0.03) (0.0435962192539 0.191635565514 -0.03) (0.0439780453643 0.192429304522 -0.03) (0.0443614489428 0.193222282761 -0.03) (0.0447464284736 0.194014497096 -0.03) (0.0451329824346 0.194805944396 -0.03) (0.0455211092978 0.195596621529 -0.03) (0.0459108075285 0.196386525372 -0.03) (0.0463020755861 0.197175652801 -0.03) (0.0466949119237 0.197964000696 -0.03) (0.0470893149883 0.198751565941 -0.03) (0.0474852832206 0.199538345422 -0.03) (0.0478828150551 0.200324336028 -0.03) (0.0482819089202 0.201109534651 -0.03) (0.048682563238 0.201893938189 -0.03) (0.0490847764247 0.202677543539 -0.03) (0.0494885468899 0.203460347603 -0.03) (0.0498938730375 0.204242347287 -0.03) (0.0503007532649 0.2050235395 -0.03) (0.0507087090397 0.205804899705 -0.03) (0.0511166648145 0.206586259911 -0.03) (0.0515246205893 0.207367620117 -0.03) (0.0519325763641 0.208148980322 -0.03) (0.0523405321389 0.208930340528 -0.03) (0.0527484879137 0.209711700734 -0.03) (0.0531564436885 0.210493060939 -0.03) (0.0535643994633 0.211274421145 -0.03) (0.0539723552381 0.212055781351 -0.03) (0.0543803110129 0.212837141556 -0.03) (0.0547882667877 0.213618501762 -0.03) (0.0551962225625 0.214399861968 -0.03))
    polyLine 18 22 ((0.0359448839998 0.174796892266 0) (0.0362932442309 0.175605878015 0) (0.0366432123118 0.176414169506 0) (0.0369947868591 0.177221763543 0) (0.0373479664828 0.178028656935 0) (0.0377027497866 0.17883484649 0) (0.0380591353678 0.179640329023 0) (0.0384171218176 0.180445101347 0) (0.0387767077205 0.181249160281 0) (0.039137891655 0.182052502648 0) (0.0395006721931 0.18285512527 0) (0.0398650479006 0.183657024974 0) (0.0402310173369 0.18445819859 0) (0.0405985790552 0.185258642951 0) (0.0409677316023 0.186058354893 0) (0.0413384735187 0.186857331252 0) (0.0417108033387 0.187655568872 0) (0.0420847195904 0.188453064595 0) (0.0424602207955 0.189249815269 0) (0.0428373054693 0.190045817745 0) (0.0432159721211 0.190841068874 0) (0.0435962192539 0.191635565514 0) (0.0439780453643 0.192429304522 0) (0.0443614489428 0.193222282761 0) (0.0447464284736 0.194014497096 0) (0.0451329824346 0.194805944396 0) (0.0455211092978 0.195596621529 0) (0.0459108075285 0.196386525372 0) (0.0463020755861 0.197175652801 0) (0.0466949119237 0.197964000696 0) (0.0470893149883 0.198751565941 0) (0.0474852832206 0.199538345422 0) (0.0478828150551 0.200324336028 0) (0.0482819089202 0.201109534651 0) (0.048682563238 0.201893938189 0) (0.0490847764247 0.202677543539 0) (0.0494885468899 0.203460347603 0) (0.0498938730375 0.204242347287 0) (0.0503007532649 0.2050235395 0) (0.0507087090397 0.205804899705 0) (0.0511166648145 0.206586259911 0) (0.0515246205893 0.207367620117 0) (0.0519325763641 0.208148980322 0) (0.0523405321389 0.208930340528 0) (0.0527484879137 0.209711700734 0) (0.0531564436885 0.210493060939 0) (0.0535643994633 0.211274421145 0) (0.0539723552381 0.212055781351 0) (0.0543803110129 0.212837141556 0) (0.0547882667877 0.213618501762 0) (0.0551962225625 0.214399861968 0))
    polyLine 17 21 ((-0.252175547586 0.349609702028 -0.03) (-0.251131806576 0.353229765992 -0.03) (-0.250075883133 0.356854791804 -0.03) (-0.24900771587 0.360484839952 -0.03) (-0.247927242518 0.364119971302 -0.03) (-0.246834399917 0.367760247101 -0.03) (-0.245729124012 0.371405728983 -0.03) (-0.244611349833 0.375056478975 -0.03) (-0.243481011495 0.378712559501 -0.03) (-0.242338042181 0.382374033388 -0.03) (-0.241182374138 0.386040963871 -0.03) (-0.240013938659 0.389713414599 -0.03) (-0.23883266608 0.393391449641 -0.03) (-0.237638485762 0.397075133491 -0.03) (-0.236431326087 0.400764531075 -0.03) (-0.235211114441 0.404459707753 -0.03) (-0.233977777208 0.408160729329 -0.03) (-0.232731239753 0.411867662056 -0.03) (-0.231471426414 0.415580572641 -0.03) (-0.230198260489 0.41929952825 -0.03) (-0.228911664225 0.423024596516 -0.03) (-0.227611558804 0.426755845547 -0.03) (-0.22629786433 0.430493343925 -0.03))
    polyLine 19 23 ((-0.252175547586 0.349609702028 0) (-0.251131806576 0.353229765992 0) (-0.250075883133 0.356854791804 0) (-0.24900771587 0.360484839952 0) (-0.247927242518 0.364119971302 0) (-0.246834399917 0.367760247101 0) (-0.245729124012 0.371405728983 0) (-0.244611349833 0.375056478975 0) (-0.243481011495 0.378712559501 0) (-0.242338042181 0.382374033388 0) (-0.241182374138 0.386040963871 0) (-0.240013938659 0.389713414599 0) (-0.23883266608 0.393391449641 0) (-0.237638485762 0.397075133491 0) (-0.236431326087 0.400764531075 0) (-0.235211114441 0.404459707753 0) (-0.233977777208 0.408160729329 0) (-0.232731239753 0.411867662056 0) (-0.231471426414 0.415580572641 0) (-0.230198260489 0.41929952825 0) (-0.228911664225 0.423024596516 0) (-0.227611558804 0.426755845547 0) (-0.22629786433 0.430493343925 0))
    polyLine 20 24 ((0.0556041783373 0.215181222173 -0.03) (0.0560121341121 0.215962582379 -0.03) (0.0564200898869 0.216743942585 -0.03) (0.0568280456617 0.21752530279 -0.03) (0.0572360014365 0.218306662996 -0.03) (0.0576439572113 0.219088023202 -0.03) (0.0580519129861 0.219869383407 -0.03) (0.0584598687609 0.220650743613 -0.03) (0.0588678245357 0.221432103819 -0.03) (0.0592757803105 0.222213464024 -0.03) (0.0596837360853 0.22299482423 -0.03) (0.0600916918601 0.223776184436 -0.03) (0.0604996476349 0.224557544641 -0.03) (0.0609076034097 0.225338904847 -0.03) (0.0613155591845 0.226120265053 -0.03) (0.0617235149593 0.226901625258 -0.03) (0.0621314707341 0.227682985464 -0.03) (0.0625394265089 0.22846434567 -0.03) (0.0629473822837 0.229245705875 -0.03) (0.0633553380585 0.230027066081 -0.03) (0.0637632938333 0.230808426287 -0.03) (0.0641712496081 0.231589786492 -0.03) (0.0645792053829 0.232371146698 -0.03) (0.0649871611577 0.233152506904 -0.03) (0.0653951169325 0.233933867109 -0.03) (0.0658030727073 0.234715227315 -0.03) (0.0662110284821 0.235496587521 -0.03) (0.0666189842569 0.236277947726 -0.03) (0.0670269400317 0.237059307932 -0.03) (0.0674348958065 0.237840668138 -0.03) (0.0678428515813 0.238622028343 -0.03) (0.0682508073561 0.239403388549 -0.03) (0.0686587631309 0.240184748755 -0.03) (0.0690667189057 0.24096610896 -0.03) (0.0694746746805 0.241747469166 -0.03) (0.0698826304553 0.242528829372 -0.03) (0.0702905862301 0.243310189577 -0.03) (0.0706985420049 0.244091549783 -0.03) (0.0711064977797 0.244872909989 -0.03) (0.0715144535545 0.245654270194 -0.03) (0.0719224093293 0.2464356304 -0.03) (0.0723303651041 0.247216990606 -0.03) (0.0727383208789 0.247998350811 -0.03) (0.0731462766537 0.248779711017 -0.03) (0.0735542324285 0.249561071223 -0.03) (0.0739621882033 0.250342431428 -0.03) (0.0743701439781 0.251123791634 -0.03) (0.0747780997529 0.25190515184 -0.03) (0.0751860555277 0.252686512045 -0.03) (0.0755940113025 0.253467872251 -0.03) (0.0760019670773 0.254249232457 -0.03))
    polyLine 22 26 ((0.0556041783373 0.215181222173 0) (0.0560121341121 0.215962582379 0) (0.0564200898869 0.216743942585 0) (0.0568280456617 0.21752530279 0) (0.0572360014365 0.218306662996 0) (0.0576439572113 0.219088023202 0) (0.0580519129861 0.219869383407 0) (0.0584598687609 0.220650743613 0) (0.0588678245357 0.221432103819 0) (0.0592757803105 0.222213464024 0) (0.0596837360853 0.22299482423 0) (0.0600916918601 0.223776184436 0) (0.0604996476349 0.224557544641 0) (0.0609076034097 0.225338904847 0) (0.0613155591845 0.226120265053 0) (0.0617235149593 0.226901625258 0) (0.0621314707341 0.227682985464 0) (0.0625394265089 0.22846434567 0) (0.0629473822837 0.229245705875 0) (0.0633553380585 0.230027066081 0) (0.0637632938333 0.230808426287 0) (0.0641712496081 0.231589786492 0) (0.0645792053829 0.232371146698 0) (0.0649871611577 0.233152506904 0) (0.0653951169325 0.233933867109 0) (0.0658030727073 0.234715227315 0) (0.0662110284821 0.235496587521 0) (0.0666189842569 0.236277947726 0) (0.0670269400317 0.237059307932 0) (0.0674348958065 0.237840668138 0) (0.0678428515813 0.238622028343 0) (0.0682508073561 0.239403388549 0) (0.0686587631309 0.240184748755 0) (0.0690667189057 0.24096610896 0) (0.0694746746805 0.241747469166 0) (0.0698826304553 0.242528829372 0) (0.0702905862301 0.243310189577 0) (0.0706985420049 0.244091549783 0) (0.0711064977797 0.244872909989 0) (0.0715144535545 0.245654270194 0) (0.0719224093293 0.2464356304 0) (0.0723303651041 0.247216990606 0) (0.0727383208789 0.247998350811 0) (0.0731462766537 0.248779711017 0) (0.0735542324285 0.249561071223 0) (0.0739621882033 0.250342431428 0) (0.0743701439781 0.251123791634 0) (0.0747780997529 0.25190515184 0) (0.0751860555277 0.252686512045 0) (0.0755940113025 0.253467872251 0) (0.0760019670773 0.254249232457 0))
    polyLine 21 25 ((-0.223687533898 0.437825421053 -0.03) (-0.222391904127 0.441419591369 -0.03) (-0.221083536689 0.445019733461 -0.03) (-0.219762356813 0.448625909545 -0.03) (-0.21842828876 0.452238182272 -0.03) (-0.217081255812 0.455856614731 -0.03) (-0.215721180258 0.459481270455 -0.03) (-0.21434798339 0.463112213426 -0.03) (-0.212961585481 0.466749508084 -0.03) (-0.211561905783 0.470393219326 -0.03) (-0.210148862507 0.474043412519 -0.03) (-0.208722372815 0.477700153499 -0.03) (-0.207282352807 0.481363508583 -0.03) (-0.205828717507 0.485033544572 -0.03) (-0.20436138085 0.488710328755 -0.03) (-0.202880255671 0.492393928919 -0.03) (-0.20138525369 0.496084413353 -0.03) (-0.199876285499 0.499781850854 -0.03) (-0.198353260545 0.503486310736 -0.03) (-0.196816087123 0.50719786283 -0.03) (-0.195264672355 0.510916577498 -0.03) (-0.193698922181 0.514642525636 -0.03) (-0.192118741338 0.51837577868 -0.03))
    polyLine 23 27 ((-0.223687533898 0.437825421053 0) (-0.222391904127 0.441419591369 0) (-0.221083536689 0.445019733461 0) (-0.219762356813 0.448625909545 0) (-0.21842828876 0.452238182272 0) (-0.217081255812 0.455856614731 0) (-0.215721180258 0.459481270455 0) (-0.21434798339 0.463112213426 0) (-0.212961585481 0.466749508084 0) (-0.211561905783 0.470393219326 0) (-0.210148862507 0.474043412519 0) (-0.208722372815 0.477700153499 0) (-0.207282352807 0.481363508583 0) (-0.205828717507 0.485033544572 0) (-0.20436138085 0.488710328755 0) (-0.202880255671 0.492393928919 0) (-0.20138525369 0.496084413353 0) (-0.199876285499 0.499781850854 0) (-0.198353260545 0.503486310736 0) (-0.196816087123 0.50719786283 0) (-0.195264672355 0.510916577498 0) (-0.193698922181 0.514642525636 0) (-0.192118741338 0.51837577868 0))
    polyLine 24 28 ((0.0764099228521 0.255030592662 -0.03) (0.0768178786269 0.255811952868 -0.03) (0.0772258344017 0.256593313074 -0.03) (0.0776337901765 0.257374673279 -0.03) (0.0780417459513 0.258156033485 -0.03) (0.0784497017261 0.258937393691 -0.03) (0.0788576575008 0.259718753896 -0.03) (0.0792656132756 0.260500114102 -0.03) (0.0796735690504 0.261281474308 -0.03) (0.0800815248252 0.262062834513 -0.03) (0.0804894806 0.262844194719 -0.03) (0.0808974363748 0.263625554925 -0.03) (0.0813053921496 0.26440691513 -0.03) (0.0817133479244 0.265188275336 -0.03) (0.0821213036992 0.265969635542 -0.03) (0.082529259474 0.266750995747 -0.03) (0.0829372152488 0.267532355953 -0.03) (0.0833451710236 0.268313716159 -0.03) (0.0837531267984 0.269095076364 -0.03) (0.0841610825732 0.26987643657 -0.03) (0.084569038348 0.270657796776 -0.03) (0.0849769941228 0.271439156981 -0.03) (0.0853849498976 0.272220517187 -0.03) (0.0857929056724 0.273001877393 -0.03) (0.0862008614472 0.273783237598 -0.03) (0.086608817222 0.274564597804 -0.03) (0.0870167729968 0.27534595801 -0.03) (0.0874247287716 0.276127318215 -0.03) (0.0878326845464 0.276908678421 -0.03) (0.0882406403212 0.277690038627 -0.03) (0.088648596096 0.278471398832 -0.03) (0.0890565518708 0.279252759038 -0.03) (0.0894645076456 0.280034119244 -0.03) (0.0898724634204 0.280815479449 -0.03) (0.0902804191952 0.281596839655 -0.03) (0.09068837497 0.282378199861 -0.03) (0.0910963307448 0.283159560066 -0.03) (0.0915042865196 0.283940920272 -0.03) (0.0919122422944 0.284722280478 -0.03) (0.0923201980692 0.285503640683 -0.03) (0.092728153844 0.286285000889 -0.03) (0.0931361096188 0.287066361095 -0.03) (0.0935440653936 0.2878477213 -0.03) (0.0939520211684 0.288629081506 -0.03) (0.0943599769432 0.289410441712 -0.03) (0.094767932718 0.290191801917 -0.03) (0.0951758884928 0.290973162123 -0.03) (0.0955838442676 0.291754522329 -0.03) (0.0959918000424 0.292535882534 -0.03) (0.0963997558172 0.29331724274 -0.03))
    polyLine 26 30 ((0.0764099228521 0.255030592662 0) (0.0768178786269 0.255811952868 0) (0.0772258344017 0.256593313074 0) (0.0776337901765 0.257374673279 0) (0.0780417459513 0.258156033485 0) (0.0784497017261 0.258937393691 0) (0.0788576575008 0.259718753896 0) (0.0792656132756 0.260500114102 0) (0.0796735690504 0.261281474308 0) (0.0800815248252 0.262062834513 0) (0.0804894806 0.262844194719 0) (0.0808974363748 0.263625554925 0) (0.0813053921496 0.26440691513 0) (0.0817133479244 0.265188275336 0) (0.0821213036992 0.265969635542 0) (0.082529259474 0.266750995747 0) (0.0829372152488 0.267532355953 0) (0.0833451710236 0.268313716159 0) (0.0837531267984 0.269095076364 0) (0.0841610825732 0.26987643657 0) (0.084569038348 0.270657796776 0) (0.0849769941228 0.271439156981 0) (0.0853849498976 0.272220517187 0) (0.0857929056724 0.273001877393 0) (0.0862008614472 0.273783237598 0) (0.086608817222 0.274564597804 0) (0.0870167729968 0.27534595801 0) (0.0874247287716 0.276127318215 0) (0.0878326845464 0.276908678421 0) (0.0882406403212 0.277690038627 0) (0.088648596096 0.278471398832 0) (0.0890565518708 0.279252759038 0) (0.0894645076456 0.280034119244 0) (0.0898724634204 0.280815479449 0) (0.0902804191952 0.281596839655 0) (0.09068837497 0.282378199861 0) (0.0910963307448 0.283159560066 0) (0.0915042865196 0.283940920272 0) (0.0919122422944 0.284722280478 0) (0.0923201980692 0.285503640683 0) (0.092728153844 0.286285000889 0) (0.0931361096188 0.287066361095 0) (0.0935440653936 0.2878477213 0) (0.0939520211684 0.288629081506 0) (0.0943599769432 0.289410441712 0) (0.094767932718 0.290191801917 0) (0.0951758884928 0.290973162123 0) (0.0955838442676 0.291754522329 0) (0.0959918000424 0.292535882534 0) (0.0963997558172 0.29331724274 0))
    polyLine 25 29 ((-0.189030955777 0.525594625208 -0.03) (-0.187525202666 0.529079316459 -0.03) (-0.186006694025 0.532570541202 -0.03) (-0.184475348915 0.536068358698 -0.03) (-0.182931085441 0.53957282864 -0.03) (-0.181373820741 0.543084011155 -0.03) (-0.179803470974 0.546601966814 -0.03) (-0.178219951308 0.550126756629 -0.03) (-0.17662317591 0.553658442065 -0.03) (-0.17501305793 0.557197085045 -0.03) (-0.173389509496 0.560742747949 -0.03) (-0.171752441693 0.564295493627 -0.03) (-0.170101764558 0.567855385399 -0.03) (-0.168437387062 0.571422487062 -0.03) (-0.166759217102 0.574996862897 -0.03) (-0.165067161482 0.578578577672 -0.03) (-0.163361125907 0.582167696651 -0.03) (-0.161641014961 0.585764285594 -0.03) (-0.159906732101 0.589368410771 -0.03) (-0.158158179639 0.592980138959 -0.03) (-0.156395258729 0.596599537454 -0.03) (-0.154617869353 0.600226674076 -0.03) (-0.152825910305 0.603861617173 -0.03))
    polyLine 27 31 ((-0.189030955777 0.525594625208 0) (-0.187525202666 0.529079316459 0) (-0.186006694025 0.532570541202 0) (-0.184475348915 0.536068358698 0) (-0.182931085441 0.53957282864 0) (-0.181373820741 0.543084011155 0) (-0.179803470974 0.546601966814 0) (-0.178219951308 0.550126756629 0) (-0.17662317591 0.553658442065 0) (-0.17501305793 0.557197085045 0) (-0.173389509496 0.560742747949 0) (-0.171752441693 0.564295493627 0) (-0.170101764558 0.567855385399 0) (-0.168437387062 0.571422487062 0) (-0.166759217102 0.574996862897 0) (-0.165067161482 0.578578577672 0) (-0.163361125907 0.582167696651 0) (-0.161641014961 0.585764285594 0) (-0.159906732101 0.589368410771 0) (-0.158158179639 0.592980138959 0) (-0.156395258729 0.596599537454 0) (-0.154617869353 0.600226674076 0) (-0.152825910305 0.603861617173 0))
    polyLine 28 32 ((0.096807711592 0.294098602946 -0.03) (0.0972156673668 0.294879963151 -0.03) (0.0976236231416 0.295661323357 -0.03) (0.0980315789164 0.296442683563 -0.03) (0.0984395346912 0.297224043768 -0.03) (0.098847490466 0.298005403974 -0.03) (0.0992554462408 0.29878676418 -0.03) (0.0996634020156 0.299568124385 -0.03) (0.10007135779 0.300349484591 -0.03) (0.100479313565 0.301130844797 -0.03) (0.10088726934 0.301912205002 -0.03) (0.101295225115 0.302693565208 -0.03) (0.10170318089 0.303474925414 -0.03) (0.102111136664 0.304256285619 -0.03) (0.102519092439 0.305037645825 -0.03) (0.102927048214 0.305819006031 -0.03) (0.103335003989 0.306600366236 -0.03) (0.103742959764 0.307381726442 -0.03) (0.104150915538 0.308163086648 -0.03) (0.104558871313 0.308944446853 -0.03) (0.104966827088 0.309725807059 -0.03) (0.105374782863 0.310507167265 -0.03) (0.105782738638 0.31128852747 -0.03) (0.106190694412 0.312069887676 -0.03) (0.106598650187 0.312851247882 -0.03) (0.107006605962 0.313632608087 -0.03) (0.107414561737 0.314413968293 -0.03) (0.107822517512 0.315195328499 -0.03) (0.108230473286 0.315976688704 -0.03) (0.108638429061 0.31675804891 -0.03) (0.109046384836 0.317539409116 -0.03) (0.109454340611 0.318320769321 -0.03) (0.109862296386 0.319102129527 -0.03) (0.11027025216 0.319883489733 -0.03) (0.110678207935 0.320664849938 -0.03) (0.11108616371 0.321446210144 -0.03) (0.111494119485 0.32222757035 -0.03) (0.11190207526 0.323008930555 -0.03) (0.112310031034 0.323790290761 -0.03) (0.112717986809 0.324571650967 -0.03) (0.113125942584 0.325353011172 -0.03) (0.113533898359 0.326134371378 -0.03) (0.113941854134 0.326915731584 -0.03) (0.114349809908 0.327697091789 -0.03) (0.114757765683 0.328478451995 -0.03) (0.115165721458 0.329259812201 -0.03) (0.115573677233 0.330041172406 -0.03) (0.115981633008 0.330822532612 -0.03) (0.116389588782 0.331603892818 -0.03) (0.116797544557 0.332385253023 -0.03) (0.117205500332 0.333166613229 -0.03))
    polyLine 30 34 ((0.096807711592 0.294098602946 0) (0.0972156673668 0.294879963151 0) (0.0976236231416 0.295661323357 0) (0.0980315789164 0.296442683563 0) (0.0984395346912 0.297224043768 0) (0.098847490466 0.298005403974 0) (0.0992554462408 0.29878676418 0) (0.0996634020156 0.299568124385 0) (0.10007135779 0.300349484591 0) (0.100479313565 0.301130844797 0) (0.10088726934 0.301912205002 0) (0.101295225115 0.302693565208 0) (0.10170318089 0.303474925414 0) (0.102111136664 0.304256285619 0) (0.102519092439 0.305037645825 0) (0.102927048214 0.305819006031 0) (0.103335003989 0.306600366236 0) (0.103742959764 0.307381726442 0) (0.104150915538 0.308163086648 0) (0.104558871313 0.308944446853 0) (0.104966827088 0.309725807059 0) (0.105374782863 0.310507167265 0) (0.105782738638 0.31128852747 0) (0.106190694412 0.312069887676 0) (0.106598650187 0.312851247882 0) (0.107006605962 0.313632608087 0) (0.107414561737 0.314413968293 0) (0.107822517512 0.315195328499 0) (0.108230473286 0.315976688704 0) (0.108638429061 0.31675804891 0) (0.109046384836 0.317539409116 0) (0.109454340611 0.318320769321 0) (0.109862296386 0.319102129527 0) (0.11027025216 0.319883489733 0) (0.110678207935 0.320664849938 0) (0.11108616371 0.321446210144 0) (0.111494119485 0.32222757035 0) (0.11190207526 0.323008930555 0) (0.112310031034 0.323790290761 0) (0.112717986809 0.324571650967 0) (0.113125942584 0.325353011172 0) (0.113533898359 0.326134371378 0) (0.113941854134 0.326915731584 0) (0.114349809908 0.327697091789 0) (0.114757765683 0.328478451995 0) (0.115165721458 0.329259812201 0) (0.115573677233 0.330041172406 0) (0.115981633008 0.330822532612 0) (0.116389588782 0.331603892818 0) (0.116797544557 0.332385253023 0) (0.117205500332 0.333166613229 0))
    polyLine 29 33 ((-0.149366737865 0.610817642968 -0.03) (-0.1477019461 0.614137447452 -0.03) (-0.146024824681 0.617463901753 -0.03) (-0.144335293549 0.620797058928 -0.03) (-0.142633271782 0.624136972414 -0.03) (-0.140918677582 0.627483696038 -0.03) (-0.139191428266 0.630837284017 -0.03) (-0.137451440257 0.634197790964 -0.03) (-0.13569862907 0.637565271895 -0.03) (-0.133932909306 0.640939782226 -0.03) (-0.132154194641 0.644321377786 -0.03) (-0.13036239781 0.647710114814 -0.03) (-0.128557430602 0.651106049968 -0.03) (-0.126739203846 0.654509240326 -0.03) (-0.124907627401 0.657919743395 -0.03) (-0.123062610144 0.661337617112 -0.03) (-0.121204059956 0.664762919849 -0.03) (-0.119331883715 0.668195710418 -0.03) (-0.117445987282 0.671636048076 -0.03) (-0.115546275486 0.675083992531 -0.03) (-0.113632652118 0.678539603946 -0.03) (-0.111705019911 0.68200294294 -0.03) (-0.109763280533 0.6854740706 -0.03))
    polyLine 31 35 ((-0.149366737865 0.610817642968 0) (-0.1477019461 0.614137447452 0) (-0.146024824681 0.617463901753 0) (-0.144335293549 0.620797058928 0) (-0.142633271782 0.624136972414 0) (-0.140918677582 0.627483696038 0) (-0.139191428266 0.630837284017 0) (-0.137451440257 0.634197790964 0) (-0.13569862907 0.637565271895 0) (-0.133932909306 0.640939782226 0) (-0.132154194641 0.644321377786 0) (-0.13036239781 0.647710114814 0) (-0.128557430602 0.651106049968 0) (-0.126739203846 0.654509240326 0) (-0.124907627401 0.657919743395 0) (-0.123062610144 0.661337617112 0) (-0.121204059956 0.664762919849 0) (-0.119331883715 0.668195710418 0) (-0.117445987282 0.671636048076 0) (-0.115546275486 0.675083992531 0) (-0.113632652118 0.678539603946 0) (-0.111705019911 0.68200294294 0) (-0.109763280533 0.6854740706 0))
    polyLine 32 36 ((0.117613456107 0.333947973435 -0.03) (0.118021411882 0.33472933364 -0.03) (0.118429367656 0.335510693846 -0.03) (0.118837323431 0.336292054052 -0.03) (0.119245279206 0.337073414257 -0.03) (0.119653234981 0.337854774463 -0.03) (0.120061190756 0.338636134669 -0.03) (0.12046914653 0.339417494874 -0.03) (0.120877102305 0.34019885508 -0.03) (0.12128505808 0.340980215286 -0.03) (0.121693013855 0.341761575491 -0.03) (0.12210096963 0.342542935697 -0.03) (0.122508925404 0.343324295903 -0.03) (0.122916881179 0.344105656108 -0.03) (0.123324836954 0.344887016314 -0.03) (0.123732792729 0.34566837652 -0.03) (0.124140748504 0.346449736725 -0.03) (0.124548704278 0.347231096931 -0.03) (0.124956660053 0.348012457137 -0.03) (0.125364615828 0.348793817342 -0.03) (0.125772571603 0.349575177548 -0.03) (0.126180527378 0.350356537754 -0.03) (0.126588483152 0.351137897959 -0.03) (0.126996438927 0.351919258165 -0.03) (0.127404394702 0.352700618371 -0.03) (0.127812350477 0.353481978576 -0.03) (0.128220306252 0.354263338782 -0.03) (0.128628262026 0.355044698988 -0.03) (0.129036217801 0.355826059193 -0.03) (0.129444173576 0.356607419399 -0.03) (0.129852129351 0.357388779605 -0.03) (0.130260085125 0.35817013981 -0.03) (0.1306680409 0.358951500016 -0.03) (0.131075996675 0.359732860222 -0.03) (0.13148395245 0.360514220427 -0.03) (0.131891908225 0.361295580633 -0.03) (0.132299863999 0.362076940839 -0.03) (0.132707819774 0.362858301044 -0.03) (0.133115775549 0.36363966125 -0.03) (0.133523731324 0.364421021456 -0.03) (0.133931687099 0.365202381661 -0.03) (0.134339642873 0.365983741867 -0.03) (0.134747598648 0.366765102073 -0.03) (0.135155554423 0.367546462278 -0.03) (0.135563510198 0.368327822484 -0.03) (0.135971465973 0.36910918269 -0.03) (0.136379421747 0.369890542895 -0.03) (0.136787377522 0.370671903101 -0.03) (0.137195333297 0.371453263307 -0.03) (0.137603289072 0.372234623512 -0.03) (0.138011244847 0.373015983718 -0.03))
    polyLine 34 38 ((0.117613456107 0.333947973435 0) (0.118021411882 0.33472933364 0) (0.118429367656 0.335510693846 0) (0.118837323431 0.336292054052 0) (0.119245279206 0.337073414257 0) (0.119653234981 0.337854774463 0) (0.120061190756 0.338636134669 0) (0.12046914653 0.339417494874 0) (0.120877102305 0.34019885508 0) (0.12128505808 0.340980215286 0) (0.121693013855 0.341761575491 0) (0.12210096963 0.342542935697 0) (0.122508925404 0.343324295903 0) (0.122916881179 0.344105656108 0) (0.123324836954 0.344887016314 0) (0.123732792729 0.34566837652 0) (0.124140748504 0.346449736725 0) (0.124548704278 0.347231096931 0) (0.124956660053 0.348012457137 0) (0.125364615828 0.348793817342 0) (0.125772571603 0.349575177548 0) (0.126180527378 0.350356537754 0) (0.126588483152 0.351137897959 0) (0.126996438927 0.351919258165 0) (0.127404394702 0.352700618371 0) (0.127812350477 0.353481978576 0) (0.128220306252 0.354263338782 0) (0.128628262026 0.355044698988 0) (0.129036217801 0.355826059193 0) (0.129444173576 0.356607419399 0) (0.129852129351 0.357388779605 0) (0.130260085125 0.35817013981 0) (0.1306680409 0.358951500016 0) (0.131075996675 0.359732860222 0) (0.13148395245 0.360514220427 0) (0.131891908225 0.361295580633 0) (0.132299863999 0.362076940839 0) (0.132707819774 0.362858301044 0) (0.133115775549 0.36363966125 0) (0.133523731324 0.364421021456 0) (0.133931687099 0.365202381661 0) (0.134339642873 0.365983741867 0) (0.134747598648 0.366765102073 0) (0.135155554423 0.367546462278 0) (0.135563510198 0.368327822484 0) (0.135971465973 0.36910918269 0) (0.136379421747 0.369890542895 0) (0.136787377522 0.370671903101 0) (0.137195333297 0.371453263307 0) (0.137603289072 0.372234623512 0) (0.138011244847 0.373015983718 0))
    polyLine 33 37 ((-0.106048066835 0.692067377036 -0.03) (-0.104277310856 0.695188063444 -0.03) (-0.102494993545 0.698315152548 -0.03) (-0.100701041091 0.701448689503 -0.03) (-0.0988953789578 0.704588719778 -0.03) (-0.0970779318717 0.70773528916 -0.03) (-0.0952486238173 0.710888443755 -0.03) (-0.093407378028 0.714048229995 -0.03) (-0.0915541169778 0.717214694638 -0.03) (-0.089688762373 0.720387884769 -0.03) (-0.0878112351438 0.723567847811 -0.03) (-0.0859214554361 0.726754631521 -0.03) (-0.0840193426023 0.729948283995 -0.03) (-0.0821048151926 0.733148853674 -0.03) (-0.0801777909465 0.736356389344 -0.03) (-0.0782381867836 0.739570940143 -0.03) (-0.0762859187941 0.742792555559 -0.03) (-0.0743209022302 0.74602128544 -0.03) (-0.0723430514962 0.749257179993 -0.03) (-0.0703522801392 0.75250028979 -0.03) (-0.0683485008395 0.755750665768 -0.03) (-0.0663316254008 0.75900835924 -0.03) (-0.0643015647403 0.762273421888 -0.03))
    polyLine 35 39 ((-0.106048066835 0.692067377036 0) (-0.104277310856 0.695188063444 0) (-0.102494993545 0.698315152548 0) (-0.100701041091 0.701448689503 0) (-0.0988953789578 0.704588719778 0) (-0.0970779318717 0.70773528916 0) (-0.0952486238173 0.710888443755 0) (-0.093407378028 0.714048229995 0) (-0.0915541169778 0.717214694638 0) (-0.089688762373 0.720387884769 0) (-0.0878112351438 0.723567847811 0) (-0.0859214554361 0.726754631521 0) (-0.0840193426023 0.729948283995 0) (-0.0821048151926 0.733148853674 0) (-0.0801777909465 0.736356389344 0) (-0.0782381867836 0.739570940143 0) (-0.0762859187941 0.742792555559 0) (-0.0743209022302 0.74602128544 0) (-0.0723430514962 0.749257179993 0) (-0.0703522801392 0.75250028979 0) (-0.0683485008395 0.755750665768 0) (-0.0663316254008 0.75900835924 0) (-0.0643015647403 0.762273421888 0))
    polyLine 36 40 ((0.138419200621 0.373797343924 -0.03) (0.138827156396 0.374578704129 -0.03) (0.139235112171 0.375360064335 -0.03) (0.139643067946 0.376141424541 -0.03) (0.140051023721 0.376922784746 -0.03) (0.140458979495 0.377704144952 -0.03) (0.14086693527 0.378485505158 -0.03) (0.141274891045 0.379266865363 -0.03) (0.14168284682 0.380048225569 -0.03) (0.142090802595 0.380829585775 -0.03) (0.142498758369 0.38161094598 -0.03) (0.142906714144 0.382392306186 -0.03) (0.143314669919 0.383173666392 -0.03) (0.143722625694 0.383955026597 -0.03) (0.144130581469 0.384736386803 -0.03) (0.144538537243 0.385517747009 -0.03) (0.144946493018 0.386299107214 -0.03) (0.145354448793 0.38708046742 -0.03) (0.145762404568 0.387861827626 -0.03) (0.146170360343 0.388643187831 -0.03) (0.146578316117 0.389424548037 -0.03) (0.146986271892 0.390205908243 -0.03) (0.147394227667 0.390987268448 -0.03) (0.147802183442 0.391768628654 -0.03) (0.148210139217 0.39254998886 -0.03) (0.148618094991 0.393331349065 -0.03) (0.149026050766 0.394112709271 -0.03) (0.149434006541 0.394894069477 -0.03) (0.149841962316 0.395675429682 -0.03) (0.150249918091 0.396456789888 -0.03) (0.150657873865 0.397238150094 -0.03) (0.15106582964 0.398019510299 -0.03) (0.151473785415 0.398800870505 -0.03) (0.15188174119 0.399582230711 -0.03) (0.152289696965 0.400363590916 -0.03) (0.152697652739 0.401144951122 -0.03) (0.153105608514 0.401926311328 -0.03) (0.153513564289 0.402707671533 -0.03) (0.153921520064 0.403489031739 -0.03) (0.154329475839 0.404270391945 -0.03) (0.154737431613 0.40505175215 -0.03) (0.155145387388 0.405833112356 -0.03) (0.155553343163 0.406614472562 -0.03) (0.155961298938 0.407395832767 -0.03) (0.156369254713 0.408177192973 -0.03) (0.156777210487 0.408958553179 -0.03) (0.157185166262 0.409739913384 -0.03) (0.157593122037 0.41052127359 -0.03) (0.158001077812 0.411302633796 -0.03) (0.158409033587 0.412083994001 -0.03) (0.158816989361 0.412865354207 -0.03))
    polyLine 38 42 ((0.138419200621 0.373797343924 0) (0.138827156396 0.374578704129 0) (0.139235112171 0.375360064335 0) (0.139643067946 0.376141424541 0) (0.140051023721 0.376922784746 0) (0.140458979495 0.377704144952 0) (0.14086693527 0.378485505158 0) (0.141274891045 0.379266865363 0) (0.14168284682 0.380048225569 0) (0.142090802595 0.380829585775 0) (0.142498758369 0.38161094598 0) (0.142906714144 0.382392306186 0) (0.143314669919 0.383173666392 0) (0.143722625694 0.383955026597 0) (0.144130581469 0.384736386803 0) (0.144538537243 0.385517747009 0) (0.144946493018 0.386299107214 0) (0.145354448793 0.38708046742 0) (0.145762404568 0.387861827626 0) (0.146170360343 0.388643187831 0) (0.146578316117 0.389424548037 0) (0.146986271892 0.390205908243 0) (0.147394227667 0.390987268448 0) (0.147802183442 0.391768628654 0) (0.148210139217 0.39254998886 0) (0.148618094991 0.393331349065 0) (0.149026050766 0.394112709271 0) (0.149434006541 0.394894069477 0) (0.149841962316 0.395675429682 0) (0.150249918091 0.396456789888 0) (0.150657873865 0.397238150094 0) (0.15106582964 0.398019510299 0) (0.151473785415 0.398800870505 0) (0.15188174119 0.399582230711 0) (0.152289696965 0.400363590916 0) (0.152697652739 0.401144951122 0) (0.153105608514 0.401926311328 0) (0.153513564289 0.402707671533 0) (0.153921520064 0.403489031739 0) (0.154329475839 0.404270391945 0) (0.154737431613 0.40505175215 0) (0.155145387388 0.405833112356 0) (0.155553343163 0.406614472562 0) (0.155961298938 0.407395832767 0) (0.156369254713 0.408177192973 0) (0.156777210487 0.408958553179 0) (0.157185166262 0.409739913384 0) (0.157593122037 0.41052127359 0) (0.158001077812 0.411302633796 0) (0.158409033587 0.412083994001 0) (0.158816989361 0.412865354207 0))
    polyLine 37 41 ((-0.0604404209513 0.768445595133 -0.03) (-0.0586121003481 0.771351163727 -0.03) (-0.056773203083 0.774262648301 -0.03) (-0.0549236645983 0.777180085838 -0.03) (-0.0530634197586 0.780103513563 -0.03) (-0.0511924028455 0.783032968945 -0.03) (-0.0493105475509 0.7859684897 -0.03) (-0.0474177869715 0.788910113794 -0.03) (-0.0455140536028 0.791857879443 -0.03) (-0.0435992793327 0.794811825116 -0.03) (-0.0416733954355 0.79777198954 -0.03) (-0.0397363325655 0.800738411699 -0.03) (-0.0377880207505 0.803711130835 -0.03) (-0.0358283893859 0.806690186457 -0.03) (-0.0338573672276 0.809675618335 -0.03) (-0.0318748823856 0.81266746651 -0.03) (-0.0298808623174 0.815665771289 -0.03) (-0.0278752338214 0.818670573255 -0.03) (-0.0258579230296 0.821681913264 -0.03) (-0.023828855401 0.824699832449 -0.03) (-0.0217879557145 0.827724372224 -0.03) (-0.0197351480621 0.830755574285 -0.03) (-0.0176703558409 0.833793480612 -0.03))
    polyLine 39 43 ((-0.0604404209513 0.768445595133 0) (-0.0586121003481 0.771351163727 0) (-0.056773203083 0.774262648301 0) (-0.0549236645983 0.777180085838 0) (-0.0530634197586 0.780103513563 0) (-0.0511924028455 0.783032968945 0) (-0.0493105475509 0.7859684897 0) (-0.0474177869715 0.788910113794 0) (-0.0455140536028 0.791857879443 0) (-0.0435992793327 0.794811825116 0) (-0.0416733954355 0.79777198954 0) (-0.0397363325655 0.800738411699 0) (-0.0377880207505 0.803711130835 0) (-0.0358283893859 0.806690186457 0) (-0.0338573672276 0.809675618335 0) (-0.0318748823856 0.81266746651 0) (-0.0298808623174 0.815665771289 0) (-0.0278752338214 0.818670573255 0) (-0.0258579230296 0.821681913264 0) (-0.023828855401 0.824699832449 0) (-0.0217879557145 0.827724372224 0) (-0.0197351480621 0.830755574285 0) (-0.0176703558409 0.833793480612 0))
    polyLine 40 44 ((0.159224945136 0.413646714413 -0.03) (0.159632900911 0.414428074618 -0.03) (0.160040856686 0.415209434824 -0.03) (0.160448812461 0.41599079503 -0.03) (0.160856768235 0.416772155235 -0.03) (0.16126472401 0.417553515441 -0.03) (0.161672679785 0.418334875647 -0.03) (0.16208063556 0.419116235852 -0.03) (0.162488591335 0.419897596058 -0.03) (0.162896547109 0.420678956264 -0.03) (0.163304502884 0.421460316469 -0.03) (0.163712458659 0.422241676675 -0.03) (0.164120414434 0.423023036881 -0.03) (0.164528370209 0.423804397086 -0.03) (0.164936325983 0.424585757292 -0.03) (0.165344281758 0.425367117498 -0.03) (0.165752237533 0.426148477703 -0.03) (0.166160193308 0.426929837909 -0.03) (0.166568149083 0.427711198115 -0.03) (0.166976104857 0.42849255832 -0.03) (0.167384060632 0.429273918526 -0.03) (0.167792016407 0.430055278732 -0.03) (0.168199972182 0.430836638937 -0.03) (0.168607927957 0.431617999143 -0.03) (0.169015883731 0.432399359349 -0.03) (0.169423839506 0.433180719554 -0.03) (0.169831795281 0.43396207976 -0.03) (0.170239751056 0.434743439966 -0.03) (0.170647706831 0.435524800171 -0.03) (0.171055662605 0.436306160377 -0.03) (0.17146361838 0.437087520583 -0.03) (0.171871574155 0.437868880788 -0.03) (0.17227952993 0.438650240994 -0.03) (0.172687485705 0.4394316012 -0.03) (0.173095441479 0.440212961405 -0.03) (0.173503397254 0.440994321611 -0.03) (0.173911353029 0.441775681817 -0.03) (0.174319308804 0.442557042022 -0.03) (0.174727264579 0.443338402228 -0.03) (0.175135220353 0.444119762434 -0.03) (0.175543176128 0.444901122639 -0.03) (0.175951131903 0.445682482845 -0.03) (0.176359087678 0.446463843051 -0.03) (0.176767043453 0.447245203256 -0.03) (0.177174999227 0.448026563462 -0.03) (0.177582955002 0.448807923668 -0.03) (0.177990910777 0.449589283873 -0.03) (0.178398866552 0.450370644079 -0.03) (0.178806822327 0.451152004285 -0.03) (0.179214778101 0.45193336449 -0.03) (0.179622733876 0.452714724696 -0.03))
    polyLine 42 46 ((0.159224945136 0.413646714413 0) (0.159632900911 0.414428074618 0) (0.160040856686 0.415209434824 0) (0.160448812461 0.41599079503 0) (0.160856768235 0.416772155235 0) (0.16126472401 0.417553515441 0) (0.161672679785 0.418334875647 0) (0.16208063556 0.419116235852 0) (0.162488591335 0.419897596058 0) (0.162896547109 0.420678956264 0) (0.163304502884 0.421460316469 0) (0.163712458659 0.422241676675 0) (0.164120414434 0.423023036881 0) (0.164528370209 0.423804397086 0) (0.164936325983 0.424585757292 0) (0.165344281758 0.425367117498 0) (0.165752237533 0.426148477703 0) (0.166160193308 0.426929837909 0) (0.166568149083 0.427711198115 0) (0.166976104857 0.42849255832 0) (0.167384060632 0.429273918526 0) (0.167792016407 0.430055278732 0) (0.168199972182 0.430836638937 0) (0.168607927957 0.431617999143 0) (0.169015883731 0.432399359349 0) (0.169423839506 0.433180719554 0) (0.169831795281 0.43396207976 0) (0.170239751056 0.434743439966 0) (0.170647706831 0.435524800171 0) (0.171055662605 0.436306160377 0) (0.17146361838 0.437087520583 0) (0.171871574155 0.437868880788 0) (0.17227952993 0.438650240994 0) (0.172687485705 0.4394316012 0) (0.173095441479 0.440212961405 0) (0.173503397254 0.440994321611 0) (0.173911353029 0.441775681817 0) (0.174319308804 0.442557042022 0) (0.174727264579 0.443338402228 0) (0.175135220353 0.444119762434 0) (0.175543176128 0.444901122639 0) (0.175951131903 0.445682482845 0) (0.176359087678 0.446463843051 0) (0.176767043453 0.447245203256 0) (0.177174999227 0.448026563462 0) (0.177582955002 0.448807923668 0) (0.177990910777 0.449589283873 0) (0.178398866552 0.450370644079 0) (0.178806822327 0.451152004285 0) (0.179214778101 0.45193336449 0) (0.179622733876 0.452714724696 0))
    polyLine 41 45 ((-0.0137573116364 0.839520882122 -0.03) (-0.0119116820235 0.84220890891 -0.03) (-0.0100565589831 0.844902243134 -0.03) (-0.00819188815353 0.847600914268 -0.03) (-0.00631761473282 0.850304951964 -0.03) (-0.0044336834747 0.853014386056 -0.03) (-0.00254003868431 0.855729246562 -0.03) (-0.000636624214056 0.858449563681 -0.03) (0.00127661654063 0.861175367797 -0.03) (0.00319974064557 0.863906689484 -0.03) (0.00513280563215 0.866643559501 -0.03) (0.0070758695018 0.869386008798 -0.03) (0.00902899073026 0.872134068518 -0.03) (0.0109922282722 0.874887769994 -0.03) (0.0129656415656 0.877647144755 -0.03) (0.0149492905365 0.880412224526 -0.03) (0.0169432356035 0.88318304123 -0.03) (0.0189475376826 0.88595962699 -0.03) (0.0209622581916 0.888742014128 -0.03) (0.0229874590554 0.891530235171 -0.03) (0.0250232027102 0.894324322849 -0.03) (0.027069552109 0.897124310098 -0.03) (0.0291265707263 0.899930230062 -0.03))
    polyLine 43 47 ((-0.0137573116364 0.839520882122 0) (-0.0119116820235 0.84220890891 0) (-0.0100565589831 0.844902243134 0) (-0.00819188815353 0.847600914268 0) (-0.00631761473282 0.850304951964 0) (-0.0044336834747 0.853014386056 0) (-0.00254003868431 0.855729246562 0) (-0.000636624214056 0.858449563681 0) (0.00127661654063 0.861175367797 0) (0.00319974064557 0.863906689484 0) (0.00513280563215 0.866643559501 0) (0.0070758695018 0.869386008798 0) (0.00902899073026 0.872134068518 0) (0.0109922282722 0.874887769994 0) (0.0129656415656 0.877647144755 0) (0.0149492905365 0.880412224526 0) (0.0169432356035 0.88318304123 0) (0.0189475376826 0.88595962699 0) (0.0209622581916 0.888742014128 0) (0.0229874590554 0.891530235171 0) (0.0250232027102 0.894324322849 0) (0.027069552109 0.897124310098 0) (0.0291265707263 0.899930230062 0))
    polyLine 44 48 ((0.180030689651 0.453496084902 -0.03) (0.180438645426 0.454277445107 -0.03) (0.180846601201 0.455058805313 -0.03) (0.181254556975 0.455840165519 -0.03) (0.18166251275 0.456621525724 -0.03) (0.182070468525 0.45740288593 -0.03) (0.1824784243 0.458184246136 -0.03) (0.182886380075 0.458965606341 -0.03) (0.183294335849 0.459746966547 -0.03) (0.183702291624 0.460528326753 -0.03) (0.184110247399 0.461309686958 -0.03) (0.184518203174 0.462091047164 -0.03) (0.184926158949 0.46287240737 -0.03) (0.185334114723 0.463653767575 -0.03) (0.185742070498 0.464435127781 -0.03) (0.186150026273 0.465216487987 -0.03) (0.186557982048 0.465997848192 -0.03) (0.186965937823 0.466779208398 -0.03) (0.187373893597 0.467560568604 -0.03) (0.187781849372 0.468341928809 -0.03) (0.188189805147 0.469123289015 -0.03) (0.188597760922 0.469904649221 -0.03) (0.189005716697 0.470686009426 -0.03) (0.189413672471 0.471467369632 -0.03) (0.189821628246 0.472248729838 -0.03) (0.190229584021 0.473030090043 -0.03) (0.190637539796 0.473811450249 -0.03) (0.191045495571 0.474592810455 -0.03) (0.191453451345 0.47537417066 -0.03) (0.19186140712 0.476155530866 -0.03) (0.192269362895 0.476936891072 -0.03) (0.19267731867 0.477718251277 -0.03) (0.193085274445 0.478499611483 -0.03) (0.193493230219 0.479280971689 -0.03) (0.193901185994 0.480062331894 -0.03) (0.194309141769 0.4808436921 -0.03) (0.194717097544 0.481625052306 -0.03) (0.195125053319 0.482406412511 -0.03) (0.195533009093 0.483187772717 -0.03) (0.195940964868 0.483969132923 -0.03) (0.196348920643 0.484750493128 -0.03) (0.196756876418 0.485531853334 -0.03) (0.197164832193 0.48631321354 -0.03) (0.197572787967 0.487094573745 -0.03) (0.197980743742 0.487875933951 -0.03) (0.198388699517 0.488657294157 -0.03) (0.198796655292 0.489438654362 -0.03) (0.199204611066 0.490220014568 -0.03) (0.199612566841 0.491001374774 -0.03) (0.200020522616 0.491782734979 -0.03) (0.200428478391 0.492564095185 -0.03))
    polyLine 46 50 ((0.180030689651 0.453496084902 0) (0.180438645426 0.454277445107 0) (0.180846601201 0.455058805313 0) (0.181254556975 0.455840165519 0) (0.18166251275 0.456621525724 0) (0.182070468525 0.45740288593 0) (0.1824784243 0.458184246136 0) (0.182886380075 0.458965606341 0) (0.183294335849 0.459746966547 0) (0.183702291624 0.460528326753 0) (0.184110247399 0.461309686958 0) (0.184518203174 0.462091047164 0) (0.184926158949 0.46287240737 0) (0.185334114723 0.463653767575 0) (0.185742070498 0.464435127781 0) (0.186150026273 0.465216487987 0) (0.186557982048 0.465997848192 0) (0.186965937823 0.466779208398 0) (0.187373893597 0.467560568604 0) (0.187781849372 0.468341928809 0) (0.188189805147 0.469123289015 0) (0.188597760922 0.469904649221 0) (0.189005716697 0.470686009426 0) (0.189413672471 0.471467369632 0) (0.189821628246 0.472248729838 0) (0.190229584021 0.473030090043 0) (0.190637539796 0.473811450249 0) (0.191045495571 0.474592810455 0) (0.191453451345 0.47537417066 0) (0.19186140712 0.476155530866 0) (0.192269362895 0.476936891072 0) (0.19267731867 0.477718251277 0) (0.193085274445 0.478499611483 0) (0.193493230219 0.479280971689 0) (0.193901185994 0.480062331894 0) (0.194309141769 0.4808436921 0) (0.194717097544 0.481625052306 0) (0.195125053319 0.482406412511 0) (0.195533009093 0.483187772717 0) (0.195940964868 0.483969132923 0) (0.196348920643 0.484750493128 0) (0.196756876418 0.485531853334 0) (0.197164832193 0.48631321354 0) (0.197572787967 0.487094573745 0) (0.197980743742 0.487875933951 0) (0.198388699517 0.488657294157 0) (0.198796655292 0.489438654362 0) (0.199204611066 0.490220014568 0) (0.199612566841 0.491001374774 0) (0.200020522616 0.491782734979 0) (0.200428478391 0.492564095185 0))
    polyLine 45 49 ((0.0330177001378 0.905214531641 -0.03) (0.0348494362859 0.907691589922 -0.03) (0.0366895752742 0.910173313879 -0.03) (0.0385381616932 0.912659726584 -0.03) (0.0403952404598 0.915150851236 -0.03) (0.0422608568201 0.917646711166 -0.03) (0.0441350563522 0.920147329835 -0.03) (0.0460178849689 0.922652730835 -0.03) (0.0479093889207 0.925162937894 -0.03) (0.0498096147989 0.927677974871 -0.03) (0.0517186095378 0.930197865761 -0.03) (0.0536364204187 0.932722634695 -0.03) (0.0555630950717 0.935252305941 -0.03) (0.0574986814798 0.937786903905 -0.03) (0.0594432279811 0.940326453132 -0.03) (0.0613967832725 0.942870978307 -0.03) (0.0633593964123 0.945420504257 -0.03) (0.0653311168237 0.947975055949 -0.03) (0.0673119942977 0.950534658495 -0.03) (0.0693020789966 0.953099337151 -0.03) (0.0713014214567 0.955669117318 -0.03) (0.0733100725923 0.958244024545 -0.03) (0.0753280836984 0.960824084526 -0.03))
    polyLine 47 51 ((0.0330177001378 0.905214531641 0) (0.0348494362859 0.907691589922 0) (0.0366895752742 0.910173313879 0) (0.0385381616932 0.912659726584 0) (0.0403952404598 0.915150851236 0) (0.0422608568201 0.917646711166 0) (0.0441350563522 0.920147329835 0) (0.0460178849689 0.922652730835 0) (0.0479093889207 0.925162937894 0) (0.0498096147989 0.927677974871 0) (0.0517186095378 0.930197865761 0) (0.0536364204187 0.932722634695 0) (0.0555630950717 0.935252305941 0) (0.0574986814798 0.937786903905 0) (0.0594432279811 0.940326453132 0) (0.0613967832725 0.942870978307 0) (0.0633593964123 0.945420504257 0) (0.0653311168237 0.947975055949 0) (0.0673119942977 0.950534658495 0) (0.0693020789966 0.953099337151 0) (0.0713014214567 0.955669117318 0) (0.0733100725923 0.958244024545 0) (0.0753280836984 0.960824084526 0))
    polyLine 48 52 ((0.200836434166 0.493345455391 -0.03) (0.20124438994 0.494126815596 -0.03) (0.201652345715 0.494908175802 -0.03) (0.20206030149 0.495689536008 -0.03) (0.202468257265 0.496470896213 -0.03) (0.20287621304 0.497252256419 -0.03) (0.203284168814 0.498033616625 -0.03) (0.203692124589 0.49881497683 -0.03) (0.204100080364 0.499596337036 -0.03) (0.204508036139 0.500377697242 -0.03) (0.204915991914 0.501159057447 -0.03) (0.205323947688 0.501940417653 -0.03) (0.205731903463 0.502721777859 -0.03) (0.206139859238 0.503503138064 -0.03) (0.206547815013 0.50428449827 -0.03) (0.206955770788 0.505065858476 -0.03) (0.207363726562 0.505847218681 -0.03) (0.207771682337 0.506628578887 -0.03) (0.208179638112 0.507409939093 -0.03) (0.208587593887 0.508191299298 -0.03) (0.208995549662 0.508972659504 -0.03) (0.209403505436 0.50975401971 -0.03) (0.209811461211 0.510535379915 -0.03) (0.210219416986 0.511316740121 -0.03) (0.210627372761 0.512098100327 -0.03) (0.211035328536 0.512879460532 -0.03) (0.21144328431 0.513660820738 -0.03) (0.211851240085 0.514442180944 -0.03) (0.21225919586 0.515223541149 -0.03) (0.212667151635 0.516004901355 -0.03) (0.21307510741 0.516786261561 -0.03) (0.213483063184 0.517567621766 -0.03) (0.213891018959 0.518348981972 -0.03) (0.214298974734 0.519130342178 -0.03) (0.214706930509 0.519911702383 -0.03) (0.215114886284 0.520693062589 -0.03) (0.215522842058 0.521474422795 -0.03) (0.215930797833 0.522255783 -0.03) (0.216338753608 0.523037143206 -0.03) (0.216746709383 0.523818503412 -0.03) (0.217154665158 0.524599863617 -0.03) (0.217562620932 0.525381223823 -0.03) (0.217970576707 0.526162584029 -0.03) (0.218378532482 0.526943944234 -0.03) (0.218786488257 0.52772530444 -0.03) (0.219194444032 0.528506664646 -0.03) (0.219602399806 0.529288024851 -0.03) (0.220010355581 0.530069385057 -0.03) (0.220418311356 0.530850745263 -0.03) (0.220826267131 0.531632105468 -0.03))
    polyLine 50 54 ((0.200836434166 0.493345455391 0) (0.20124438994 0.494126815596 0) (0.201652345715 0.494908175802 0) (0.20206030149 0.495689536008 0) (0.202468257265 0.496470896213 0) (0.20287621304 0.497252256419 0) (0.203284168814 0.498033616625 0) (0.203692124589 0.49881497683 0) (0.204100080364 0.499596337036 0) (0.204508036139 0.500377697242 0) (0.204915991914 0.501159057447 0) (0.205323947688 0.501940417653 0) (0.205731903463 0.502721777859 0) (0.206139859238 0.503503138064 0) (0.206547815013 0.50428449827 0) (0.206955770788 0.505065858476 0) (0.207363726562 0.505847218681 0) (0.207771682337 0.506628578887 0) (0.208179638112 0.507409939093 0) (0.208587593887 0.508191299298 0) (0.208995549662 0.508972659504 0) (0.209403505436 0.50975401971 0) (0.209811461211 0.510535379915 0) (0.210219416986 0.511316740121 0) (0.210627372761 0.512098100327 0) (0.211035328536 0.512879460532 0) (0.21144328431 0.513660820738 0) (0.211851240085 0.514442180944 0) (0.21225919586 0.515223541149 0) (0.212667151635 0.516004901355 0) (0.21307510741 0.516786261561 0) (0.213483063184 0.517567621766 0) (0.213891018959 0.518348981972 0) (0.214298974734 0.519130342178 0) (0.214706930509 0.519911702383 0) (0.215114886284 0.520693062589 0) (0.215522842058 0.521474422795 0) (0.215930797833 0.522255783 0) (0.216338753608 0.523037143206 0) (0.216746709383 0.523818503412 0) (0.217154665158 0.524599863617 0) (0.217562620932 0.525381223823 0) (0.217970576707 0.526162584029 0) (0.218378532482 0.526943944234 0) (0.218786488257 0.52772530444 0) (0.219194444032 0.528506664646 0) (0.219602399806 0.529288024851 0) (0.220010355581 0.530069385057 0) (0.220418311356 0.530850745263 0) (0.220826267131 0.531632105468 0))
    polyLine 49 53 ((0.079143235527 0.965683263745 -0.03) (0.0809382942915 0.967961233538 -0.03) (0.0827407184621 0.970243250262 -0.03) (0.0845505439888 0.972529331781 -0.03) (0.0863678070598 0.974819496054 -0.03) (0.0881925441023 0.977113761131 -0.03) (0.0900247917852 0.979412145155 -0.03) (0.0918645870206 0.981714666361 -0.03) (0.0937119669658 0.984021343079 -0.03) (0.0955669690252 0.986332193734 -0.03) (0.0974296308519 0.988647236846 -0.03) (0.0992999903504 0.990966491031 -0.03) (0.101178085678 0.993289975001 -0.03) (0.103063955246 0.995617707564 -0.03) (0.104957637724 0.99794970763 -0.03) (0.10685917204 1.0002859942 -0.03) (0.108768597382 1.00262658639 -0.03) (0.110685953202 1.00497150339 -0.03) (0.112611279217 1.00732076451 -0.03) (0.114544615411 1.00967438917 -0.03) (0.116486002036 1.01203239686 -0.03) (0.118435479618 1.0143948072 -0.03) (0.120393088954 1.0167616399 -0.03))
    polyLine 51 55 ((0.079143235527 0.965683263745 0) (0.0809382942915 0.967961233538 0) (0.0827407184621 0.970243250262 0) (0.0845505439888 0.972529331781 0) (0.0863678070598 0.974819496054 0) (0.0881925441023 0.977113761131 0) (0.0900247917852 0.979412145155 0) (0.0918645870206 0.981714666361 0) (0.0937119669658 0.984021343079 0) (0.0955669690252 0.986332193734 0) (0.0974296308519 0.988647236846 0) (0.0992999903504 0.990966491031 0) (0.101178085678 0.993289975001 0) (0.103063955246 0.995617707564 0) (0.104957637724 0.99794970763 0) (0.10685917204 1.0002859942 0) (0.108768597382 1.00262658639 0) (0.110685953202 1.00497150339 0) (0.112611279217 1.00732076451 0) (0.114544615411 1.00967438917 0) (0.116486002036 1.01203239686 0) (0.118435479618 1.0143948072 0) (0.120393088954 1.0167616399 0))
    polyLine 52 56 ((0.221234222906 0.532413465674 -0.03) (0.22164217868 0.53319482588 -0.03) (0.222050134455 0.533976186085 -0.03) (0.22245809023 0.534757546291 -0.03) (0.222866046005 0.535538906497 -0.03) (0.22327503557 0.536315313921 -0.03) (0.223689691915 0.537088709723 -0.03) (0.224109992867 0.537859052544 -0.03) (0.224535915948 0.538626301188 -0.03) (0.22496743838 0.539390414624 -0.03) (0.225404537087 0.540151351989 -0.03) (0.225847188693 0.540909072588 -0.03) (0.226295369528 0.541663535902 -0.03) (0.226749055622 0.542414701583 -0.03) (0.227208222713 0.543162529461 -0.03) (0.227672846248 0.543906979542 -0.03) (0.228142901377 0.544648012016 -0.03) (0.228618362964 0.545385587254 -0.03) (0.229099205583 0.546119665811 -0.03) (0.229585403518 0.546850208431 -0.03) (0.230076930769 0.547577176047 -0.03) (0.23057376105 0.54830052978 -0.03) (0.231075867792 0.549020230949 -0.03) (0.231583224143 0.549736241064 -0.03) (0.232095802971 0.550448521836 -0.03) (0.232613576864 0.551157035172 -0.03) (0.233136518133 0.551861743184 -0.03) (0.233664598811 0.552562608185 -0.03) (0.234197790659 0.553259592693 -0.03) (0.234736065163 0.553952659437 -0.03) (0.235279393536 0.554641771352 -0.03) (0.235827746722 0.555326891586 -0.03) (0.236381095398 0.5560079835 -0.03) (0.23693940997 0.556685010671 -0.03) (0.237502660582 0.557357936893 -0.03) (0.238070817112 0.55802672618 -0.03) (0.238643849177 0.558691342765 -0.03) (0.239221726131 0.559351751107 -0.03) (0.239804417071 0.560007915888 -0.03) (0.240391890836 0.560659802019 -0.03) (0.24098411601 0.561307374637 -0.03) (0.241581060921 0.561950599112 -0.03) (0.242182693646 0.562589441046 -0.03) (0.242788982011 0.563223866275 -0.03) (0.243399893593 0.563853840871 -0.03) (0.244015395722 0.564479331144 -0.03) (0.244635455482 0.565100303644 -0.03) (0.245260039713 0.565716725164 -0.03) (0.245889115015 0.566328562738 -0.03) (0.246522647745 0.566935783647 -0.03) (0.247160604024 0.567538355417 -0.03))
    polyLine 54 58 ((0.221234222906 0.532413465674 0) (0.22164217868 0.53319482588 0) (0.222050134455 0.533976186085 0) (0.22245809023 0.534757546291 0) (0.222866046005 0.535538906497 0) (0.22327503557 0.536315313921 0) (0.223689691915 0.537088709723 0) (0.224109992867 0.537859052544 0) (0.224535915948 0.538626301188 0) (0.22496743838 0.539390414624 0) (0.225404537087 0.540151351989 0) (0.225847188693 0.540909072588 0) (0.226295369528 0.541663535902 0) (0.226749055622 0.542414701583 0) (0.227208222713 0.543162529461 0) (0.227672846248 0.543906979542 0) (0.228142901377 0.544648012016 0) (0.228618362964 0.545385587254 0) (0.229099205583 0.546119665811 0) (0.229585403518 0.546850208431 0) (0.230076930769 0.547577176047 0) (0.23057376105 0.54830052978 0) (0.231075867792 0.549020230949 0) (0.231583224143 0.549736241064 0) (0.232095802971 0.550448521836 0) (0.232613576864 0.551157035172 0) (0.233136518133 0.551861743184 0) (0.233664598811 0.552562608185 0) (0.234197790659 0.553259592693 0) (0.234736065163 0.553952659437 0) (0.235279393536 0.554641771352 0) (0.235827746722 0.555326891586 0) (0.236381095398 0.5560079835 0) (0.23693940997 0.556685010671 0) (0.237502660582 0.557357936893 0) (0.238070817112 0.55802672618 0) (0.238643849177 0.558691342765 0) (0.239221726131 0.559351751107 0) (0.239804417071 0.560007915888 0) (0.240391890836 0.560659802019 0) (0.24098411601 0.561307374637 0) (0.241581060921 0.561950599112 0) (0.242182693646 0.562589441046 0) (0.242788982011 0.563223866275 0) (0.243399893593 0.563853840871 0) (0.244015395722 0.564479331144 0) (0.244635455482 0.565100303644 0) (0.245260039713 0.565716725164 0) (0.245889115015 0.566328562738 0) (0.246522647745 0.566935783647 0) (0.247160604024 0.567538355417 0))
    polyLine 53 57 ((0.12441603243 1.02160862293 -0.03) (0.126482160181 1.02408919889 -0.03) (0.128557301817 1.02657466546 -0.03) (0.130641505121 1.02906504555 -0.03) (0.132734818212 1.03156036221 -0.03) (0.134837289552 1.03406063861 -0.03) (0.136948967947 1.03656589805 -0.03) (0.139069902549 1.03907616395 -0.03) (0.141200142862 1.04159145989 -0.03) (0.143339738741 1.04411180954 -0.03) (0.145488740399 1.04663723673 -0.03) (0.147647198406 1.04916776543 -0.03) (0.149815163695 1.05170341972 -0.03) (0.151992687564 1.05424422384 -0.03) (0.154179821679 1.05679020214 -0.03) (0.156376618076 1.05934137913 -0.03) (0.158583129168 1.06189777945 -0.03) (0.160799407743 1.06445942789 -0.03) (0.163025506971 1.06702634935 -0.03) (0.165261480406 1.06959856891 -0.03) (0.16750738199 1.07217611177 -0.03) (0.169763266053 1.07475900328 -0.03) (0.172029187322 1.07734726892 -0.03))
    polyLine 55 59 ((0.12441603243 1.02160862293 0) (0.126482160181 1.02408919889 0) (0.128557301817 1.02657466546 0) (0.130641505121 1.02906504555 0) (0.132734818212 1.03156036221 0) (0.134837289552 1.03406063861 0) (0.136948967947 1.03656589805 0) (0.139069902549 1.03907616395 0) (0.141200142862 1.04159145989 0) (0.143339738741 1.04411180954 0) (0.145488740399 1.04663723673 0) (0.147647198406 1.04916776543 0) (0.149815163695 1.05170341972 0) (0.151992687564 1.05424422384 0) (0.154179821679 1.05679020214 0) (0.156376618076 1.05934137913 0) (0.158583129168 1.06189777945 0) (0.160799407743 1.06445942789 0) (0.163025506971 1.06702634935 0) (0.165261480406 1.06959856891 0) (0.16750738199 1.07217611177 0) (0.169763266053 1.07475900328 0) (0.172029187322 1.07734726892 0))
    polyLine 56 60 ((0.247802949734 0.568136245825 -0.03) (0.248449650526 0.568729422897 -0.03) (0.249100671814 0.56931785491 -0.03) (0.249755978784 0.569901510397 -0.03) (0.250415536391 0.570480358146 -0.03) (0.251079309363 0.571054367199 -0.03) (0.251747262203 0.571623506862 -0.03) (0.252419359191 0.572187746696 -0.03) (0.253095564384 0.572747056529 -0.03) (0.25377584162 0.57330140645 -0.03) (0.25446015452 0.573850766812 -0.03) (0.255148466488 0.574395108237 -0.03) (0.255840740714 0.574934401616 -0.03) (0.256536940177 0.575468618108 -0.03) (0.257237027646 0.575997729144 -0.03) (0.257940965681 0.576521706428 -0.03) (0.258648716638 0.577040521939 -0.03) (0.259360242668 0.577554147933 -0.03) (0.260075505719 0.578062556941 -0.03) (0.260794467542 0.578565721775 -0.03) (0.261517089687 0.579063615526 -0.03) (0.26224333351 0.579556211569 -0.03) (0.262973160173 0.580043483561 -0.03) (0.263706530647 0.580525405443 -0.03) (0.264443405713 0.581001951442 -0.03) (0.265183745963 0.581473096076 -0.03) (0.265927511807 0.581938814146 -0.03) (0.26667466347 0.582399080749 -0.03) (0.267425160994 0.58285387127 -0.03) (0.268178964246 0.583303161388 -0.03) (0.268936032914 0.583746927075 -0.03) (0.26969632651 0.5841851446 -0.03) (0.270459804377 0.584617790528 -0.03) (0.271226425685 0.585044841723 -0.03) (0.271996149436 0.585466275345 -0.03) (0.272768934469 0.585882068859 -0.03) (0.273544739455 0.586292200028 -0.03) (0.274323522906 0.586696646919 -0.03) (0.275105243176 0.587095387904 -0.03) (0.275889858458 0.587488401658 -0.03) (0.276677326794 0.587875667165 -0.03) (0.277467606071 0.588257163713 -0.03) (0.278260654027 0.588632870901 -0.03) (0.279056428252 0.589002768638 -0.03) (0.279854886188 0.589366837142 -0.03) (0.280655985137 0.589725056943 -0.03) (0.281459682258 0.590077408885 -0.03) (0.28226593457 0.590423874124 -0.03) (0.283074698956 0.590764434132 -0.03) (0.283885932167 0.591099070697 -0.03) (0.284699590817 0.591427765924 -0.03))
    polyLine 58 62 ((0.247802949734 0.568136245825 0) (0.248449650526 0.568729422897 0) (0.249100671814 0.56931785491 0) (0.249755978784 0.569901510397 0) (0.250415536391 0.570480358146 0) (0.251079309363 0.571054367199 0) (0.251747262203 0.571623506862 0) (0.252419359191 0.572187746696 0) (0.253095564384 0.572747056529 0) (0.25377584162 0.57330140645 0) (0.25446015452 0.573850766812 0) (0.255148466488 0.574395108237 0) (0.255840740714 0.574934401616 0) (0.256536940177 0.575468618108 0) (0.257237027646 0.575997729144 0) (0.257940965681 0.576521706428 0) (0.258648716638 0.577040521939 0) (0.259360242668 0.577554147933 0) (0.260075505719 0.578062556941 0) (0.260794467542 0.578565721775 0) (0.261517089687 0.579063615526 0) (0.26224333351 0.579556211569 0) (0.262973160173 0.580043483561 0) (0.263706530647 0.580525405443 0) (0.264443405713 0.581001951442 0) (0.265183745963 0.581473096076 0) (0.265927511807 0.581938814146 0) (0.26667466347 0.582399080749 0) (0.267425160994 0.58285387127 0) (0.268178964246 0.583303161388 0) (0.268936032914 0.583746927075 0) (0.26969632651 0.5841851446 0) (0.270459804377 0.584617790528 0) (0.271226425685 0.585044841723 0) (0.271996149436 0.585466275345 0) (0.272768934469 0.585882068859 0) (0.273544739455 0.586292200028 0) (0.274323522906 0.586696646919 0) (0.275105243176 0.587095387904 0) (0.275889858458 0.587488401658 0) (0.276677326794 0.587875667165 0) (0.277467606071 0.588257163713 0) (0.278260654027 0.588632870901 0) (0.279056428252 0.589002768638 0) (0.279854886188 0.589366837142 0) (0.280655985137 0.589725056943 0) (0.281459682258 0.590077408885 0) (0.28226593457 0.590423874124 0) (0.283074698956 0.590764434132 0) (0.283885932167 0.591099070697 0) (0.284699590817 0.591427765924 0))
    polyLine 57 61 ((0.177023236639 1.08303032727 -0.03) (0.179755698288 1.08612742636 -0.03) (0.182502680615 1.08923227547 -0.03) (0.185264279192 1.09234491876 -0.03) (0.188040590421 1.09546540068 -0.03) (0.190831711546 1.09859376598 -0.03) (0.193637740656 1.10173005973 -0.03) (0.1964587767 1.10487432731 -0.03) (0.199294919492 1.10802661442 -0.03) (0.202146269722 1.11118696706 -0.03) (0.205012928962 1.11435543156 -0.03) (0.207894999679 1.11753205457 -0.03) (0.210792585243 1.12071688307 -0.03) (0.213705789934 1.12390996436 -0.03) (0.216634718957 1.12711134608 -0.03) (0.219579478445 1.1303210762 -0.03) (0.222540175473 1.13353920303 -0.03) (0.225516918069 1.13676577522 -0.03) (0.228509815218 1.14000084175 -0.03) (0.23151897688 1.14324445196 -0.03) (0.234544513995 1.14649665555 -0.03) (0.237586538494 1.14975750255 -0.03) (0.24064516331 1.15302704336 -0.03))
    polyLine 59 63 ((0.177023236639 1.08303032727 0) (0.179755698288 1.08612742636 0) (0.182502680615 1.08923227547 0) (0.185264279192 1.09234491876 0) (0.188040590421 1.09546540068 0) (0.190831711546 1.09859376598 0) (0.193637740656 1.10173005973 0) (0.1964587767 1.10487432731 0) (0.199294919492 1.10802661442 0) (0.202146269722 1.11118696706 0) (0.205012928962 1.11435543156 0) (0.207894999679 1.11753205457 0) (0.210792585243 1.12071688307 0) (0.213705789934 1.12390996436 0) (0.216634718957 1.12711134608 0) (0.219579478445 1.1303210762 0) (0.222540175473 1.13353920303 0) (0.225516918069 1.13676577522 0) (0.228509815218 1.14000084175 0) (0.23151897688 1.14324445196 0) (0.234544513995 1.14649665555 0) (0.237586538494 1.14975750255 0) (0.24064516331 1.15302704336 0))
    polyLine 60 64 ((0.285515631396 0.591750502234 -0.03) (0.286334010263 0.592067262368 -0.03) (0.287154683653 0.592378029386 -0.03) (0.287977607678 0.59268278667 -0.03) (0.288802738329 0.592981517921 -0.03) (0.289630031481 0.593274207164 -0.03) (0.290459442891 0.593560838747 -0.03) (0.291290928205 0.593841397341 -0.03) (0.292124442957 0.594115867943 -0.03) (0.292959942572 0.594384235874 -0.03) (0.293797382368 0.594646486783 -0.03) (0.294636717563 0.594902606644 -0.03) (0.295477903269 0.595152581762 -0.03) (0.296320894502 0.595396398769 -0.03) (0.297165646182 0.595634044624 -0.03) (0.298012113131 0.595865506621 -0.03) (0.298860250084 0.59609077238 -0.03) (0.299710011682 0.596309829854 -0.03) (0.300561352484 0.59652266733 -0.03) (0.301414226962 0.596729273425 -0.03) (0.302268589504 0.596929637089 -0.03) (0.303124394423 0.597123747609 -0.03) (0.30398159595 0.597311594604 -0.03) (0.304840148246 0.597493168027 -0.03) (0.305700005396 0.597668458169 -0.03) (0.306561121417 0.597837455656 -0.03) (0.307423450258 0.598000151449 -0.03) (0.308286945805 0.598156536849 -0.03) (0.309151561879 0.598306603492 -0.03) (0.310017252242 0.598450343353 -0.03) (0.310883970599 0.598587748745 -0.03) (0.3117516706 0.59871881232 -0.03) (0.312620305842 0.598843527069 -0.03) (0.313489829872 0.598961886322 -0.03) (0.31436019619 0.59907388375 -0.03) (0.315231358252 0.599179513363 -0.03) (0.316103269468 0.599278769513 -0.03) (0.316975883211 0.599371646892 -0.03) (0.317849152816 0.599458140532 -0.03) (0.318723031581 0.599538245808 -0.03) (0.319597472775 0.599611958437 -0.03) (0.320472429633 0.599679274476 -0.03) (0.321347855364 0.599740190326 -0.03) (0.322223703153 0.599794702728 -0.03) (0.323099926162 0.599842808768 -0.03) (0.323976477532 0.599884505873 -0.03) (0.324853310386 0.599919791813 -0.03) (0.325730377835 0.599948664702 -0.03) (0.326607632973 0.599971122994 -0.03) (0.327485028887 0.599987165489 -0.03) (0.328362518656 0.599996791329 -0.03))
    polyLine 62 66 ((0.285515631396 0.591750502234 0) (0.286334010263 0.592067262368 0) (0.287154683653 0.592378029386 0) (0.287977607678 0.59268278667 0) (0.288802738329 0.592981517921 0) (0.289630031481 0.593274207164 0) (0.290459442891 0.593560838747 0) (0.291290928205 0.593841397341 0) (0.292124442957 0.594115867943 0) (0.292959942572 0.594384235874 0) (0.293797382368 0.594646486783 0) (0.294636717563 0.594902606644 0) (0.295477903269 0.595152581762 0) (0.296320894502 0.595396398769 0) (0.297165646182 0.595634044624 0) (0.298012113131 0.595865506621 0) (0.298860250084 0.59609077238 0) (0.299710011682 0.596309829854 0) (0.300561352484 0.59652266733 0) (0.301414226962 0.596729273425 0) (0.302268589504 0.596929637089 0) (0.303124394423 0.597123747609 0) (0.30398159595 0.597311594604 0) (0.304840148246 0.597493168027 0) (0.305700005396 0.597668458169 0) (0.306561121417 0.597837455656 0) (0.307423450258 0.598000151449 0) (0.308286945805 0.598156536849 0) (0.309151561879 0.598306603492 0) (0.310017252242 0.598450343353 0) (0.310883970599 0.598587748745 0) (0.3117516706 0.59871881232 0) (0.312620305842 0.598843527069 0) (0.313489829872 0.598961886322 0) (0.31436019619 0.59907388375 0) (0.315231358252 0.599179513363 0) (0.316103269468 0.599278769513 0) (0.316975883211 0.599371646892 0) (0.317849152816 0.599458140532 0) (0.318723031581 0.599538245808 0) (0.319597472775 0.599611958437 0) (0.320472429633 0.599679274476 0) (0.321347855364 0.599740190326 0) (0.322223703153 0.599794702728 0) (0.323099926162 0.599842808768 0) (0.323976477532 0.599884505873 0) (0.324853310386 0.599919791813 0) (0.325730377835 0.599948664702 0) (0.326607632973 0.599971122994 0) (0.327485028887 0.599987165489 0) (0.328362518656 0.599996791329 0))
    polyLine 61 65 ((0.24704553257 1.15983958088 -0.03) (0.250390158367 1.16338406316 -0.03) (0.253754525378 1.16693884007 -0.03) (0.257138780612 1.1705039766 -0.03) (0.260543072509 1.17407953822 -0.03) (0.263967550956 1.17766559094 -0.03) (0.267412367304 1.18126220127 -0.03) (0.270877674385 1.18486943624 -0.03) (0.274363626529 1.1884873634 -0.03) (0.277870379582 1.19211605084 -0.03) (0.281398090924 1.19575556716 -0.03) (0.284946919485 1.19940598154 -0.03) (0.288517025765 1.20306736368 -0.03) (0.292108571853 1.20673978382 -0.03) (0.295721721445 1.21042331279 -0.03) (0.29935663986 1.21411802195 -0.03) (0.303013494066 1.21782398325 -0.03) (0.306692452692 1.2215412692 -0.03) (0.310393686053 1.22526995291 -0.03) (0.314117366169 1.22901010804 -0.03) (0.317863666782 1.23276180888 -0.03) (0.321632763383 1.2365251303 -0.03) (0.325424833226 1.24030014777 -0.03))
    polyLine 63 67 ((0.24704553257 1.15983958088 0) (0.250390158367 1.16338406316 0) (0.253754525378 1.16693884007 0) (0.257138780612 1.1705039766 0) (0.260543072509 1.17407953822 0) (0.263967550956 1.17766559094 0) (0.267412367304 1.18126220127 0) (0.270877674385 1.18486943624 0) (0.274363626529 1.1884873634 0) (0.277870379582 1.19211605084 0) (0.281398090924 1.19575556716 0) (0.284946919485 1.19940598154 0) (0.288517025765 1.20306736368 0) (0.292108571853 1.20673978382 0) (0.295721721445 1.21042331279 0) (0.29935663986 1.21411802195 0) (0.303013494066 1.21782398325 0) (0.306692452692 1.2215412692 0) (0.310393686053 1.22526995291 0) (0.314117366169 1.22901010804 0) (0.317863666782 1.23276180888 0) (0.321632763383 1.2365251303 0) (0.325424833226 1.24030014777 0))
);

boundary
(
    body_fore
    {
        type wall;
        faces
        (
            (0 2 6 4)
            (4 6 10 8)
            (8 10 14 12)
            (12 14 18 16)
            (16 18 22 20)
            (20 22 26 24)
            (24 26 30 28)
            (28 30 34 32)
            (32 34 38 36)
            (36 38 42 40)
            (40 42 46 44)
            (44 46 50 48)
            (48 50 54 52)
            (52 54 58 56)
            (56 58 62 60)
            (60 62 66 64)
        );
    }
    freestream
    {
        type patch;
        faces
        (
            (1 5 7 3)
            (5 9 11 7)
            (9 13 15 11)
            (13 17 19 15)
            (17 21 23 19)
            (21 25 27 23)
            (25 29 31 27)
            (29 33 35 31)
            (33 37 39 35)
            (37 41 43 39)
            (41 45 47 43)
            (45 49 51 47)
            (49 53 55 51)
            (53 57 59 55)
            (57 61 63 59)
            (61 65 67 63)
        );
    }
    outlet
    {
        type patch;
        faces
        (
            (64 66 67 65)
        );
    }
    axis
    {
        type patch;
        faces
        (
            (0 1 3 2)
        );
    }
    front
    {
        type patch;
        faces
        (
            (2 6 7 3)
            (6 10 11 7)
            (10 14 15 11)
            (14 18 19 15)
            (18 22 23 19)
            (22 26 27 23)
            (26 30 31 27)
            (30 34 35 31)
            (34 38 39 35)
            (38 42 43 39)
            (42 46 47 43)
            (46 50 51 47)
            (50 54 55 51)
            (54 58 59 55)
            (58 62 63 59)
            (62 66 67 63)
        );
    }
    back
    {
        type patch;
        faces
        (
            (0 1 5 4)
            (4 5 9 8)
            (8 9 13 12)
            (12 13 17 16)
            (16 17 21 20)
            (20 21 25 24)
            (24 25 29 28)
            (28 29 33 32)
            (32 33 37 36)
            (36 37 41 40)
            (40 41 45 44)
            (44 45 49 48)
            (48 49 53 52)
            (52 53 57 56)
            (56 57 61 60)
            (60 61 65 64)
        );
    }
);
