FoamFile
{
    version     2.0;
    format      ascii;
    class       dictionary;
    object      blockMeshDict;
}
// Generated by aether.cfd - do not edit by hand. Regenerate from the run config.

scale 1;

vertices
(
    (0 0 -0.03)
    (-0.416412151767 7.66163637474e-17 -0.03)
    (0 0 0)
    (-0.416412151767 7.66163637474e-17 0)
    (0.000675457583689 0.0420875635341 -0.03)
    (-0.411613917787 0.125298847674 -0.03)
    (0.000675457583689 0.0420875635341 0)
    (-0.411613917787 0.125298847674 0)
    (0.00270098120973 0.084131783011 -0.03)
    (-0.3977323733 0.247269979455 -0.03)
    (0.00270098120973 0.084131783011 0)
    (-0.3977323733 0.247269979455 0)
    (0.00607448507272 0.126089363908 -0.03)
    (-0.376107402516 0.363317998476 -0.03)
    (0.00607448507272 0.126089363908 0)
    (-0.376107402516 0.363317998476 0)
    (0.0107924953732 0.167917100913 -0.03)
    (-0.348453157599 0.471943282013 -0.03)
    (0.0107924953732 0.167917100913 0)
    (-0.348453157599 0.471943282013 0)
    (0.0168502599383 0.20957190526 -0.03)
    (-0.316429872228 0.572677521107 -0.03)
    (0.0168502599383 0.20957190526 0)
    (-0.316429872228 0.572677521107 0)
    (0.024241479157 0.251010884963 -0.03)
    (-0.281400049137 0.665785282302 -0.03)
    (0.024241479157 0.251010884963 0)
    (-0.281400049137 0.665785282302 0)
    (0.0329584962053 0.292191374652 -0.03)
    (-0.244362856503 0.75194266548 -0.03)
    (0.0329584962053 0.292191374652 0)
    (-0.244362856503 0.75194266548 0)
    (0.0429923348441 0.333070969219 -0.03)
    (-0.20599078567 0.831995552067 -0.03)
    (0.0429923348441 0.333070969219 0)
    (-0.20599078567 0.831995552067 0)
    (0.0543327216894 0.373607555921 -0.03)
    (-0.166701721774 0.906811908718 -0.03)
    (0.0543327216894 0.373607555921 0)
    (-0.166701721774 0.906811908718 0)
    (0.0669680069118 0.41375937729 -0.03)
    (-0.126730387399 0.977205434613 -0.03)
    (0.0669680069118 0.41375937729 0)
    (-0.126730387399 0.977205434613 0)
    (0.0808850901832 0.453485110932 -0.03)
    (-0.0861859188577 1.04390386937 -0.03)
    (0.0808850901832 0.453485110932 0)
    (-0.0861859188577 1.04390386937 0)
    (0.0960696405387 0.492743849762 -0.03)
    (-0.0450934960874 1.10754246723 -0.03)
    (0.0960696405387 0.492743849762 0)
    (-0.0450934960874 1.10754246723 0)
    (0.11243769809 0.53152487035 -0.03)
    (-0.0035331188603 1.16851176871 -0.03)
    (0.11243769809 0.53152487035 0)
    (-0.0035331188603 1.16851176871 0)
    (0.134217453708 0.567248535718 -0.03)
    (0.0456786149922 1.23698055169 -0.03)
    (0.134217453708 0.567248535718 0)
    (0.0456786149922 1.23698055169 0)
    (0.168292809699 0.591454450528 -0.03)
    (0.1171703574 1.33046236679 -0.03)
    (0.168292809699 0.591454450528 0)
    (0.1171703574 1.33046236679 0)
    (0.209207935598 0.6 -0.03)
    (0.209207935598 1.44236215718 -0.03)
    (0.209207935598 0.6 0)
    (0.209207935598 1.44236215718 0)
);

blocks
(
    hex (0 4 5 1 2 6 7 3) (4 48 1) simpleGrading (1 4 1)
    hex (4 8 9 5 6 10 11 7) (4 48 1) simpleGrading (1 4 1)
    hex (8 12 13 9 10 14 15 11) (4 48 1) simpleGrading (1 4 1)
    hex (12 16 17 13 14 18 19 15) (4 48 1) simpleGrading (1 4 1)
    hex (16 20 21 17 18 22 23 19) (4 48 1) simpleGrading (1 4 1)
    hex (20 24 25 21 22 26 27 23) (4 48 1) simpleGrading (1 4 1)
    hex (24 28 29 25 26 30 31 27) (4 48 1) simpleGrading (1 4 1)
    hex (28 32 33 29 30 34 35 31) (4 48 1) simpleGrading (1 4 1)
    hex (32 36 37 33 34 38 39 35) (4 48 1) simpleGrading (1 4 1)
    hex (36 40 41 37 38 42 43 39) (4 48 1) simpleGrading (1 4 1)
    hex (40 44 45 41 42 46 47 43) (4 48 1) simpleGrading (1 4 1)
    hex (44 48 49 45 46 50 51 47) (4 48 1) simpleGrading (1 4 1)
    hex (48 52 53 49 50 54 55 51) (4 48 1) simpleGrading (1 4 1)
    hex (52 56 57 53 54 58 59 55) (4 48 1) simpleGrading (1 4 1)
    hex (56 60 61 57 58 62 63 59) (4 48 1) simpleGrading (1 4 1)
    hex (60 64 65 61 62 66 67 63) (4 48 1) simpleGrading (1 4 1)
);

edges
(
    polyLine 0 4 ((3.30138027248e-07 0.000930630660987 -0.03) (1.32055194269e-06 0.00186126085351 -0.03) (2.97124124769e-06 0.00279189010912 -0.03) (5.28220511161e-06 0.00372251795934 -0.03) (8.25344237089e-06 0.00465314393572 -0.03) (1.18849515301e-05 0.00558376756979 -0.03) (1.61767307609e-05 0.00651438839311 -0.03) (2.11287779032e-05 0.00744500593721 -0.03) (2.67410904641e-05 0.00837561973364 -0.03) (3.30136656183e-05 0.00930622931395 -0.03) (3.99465002086e-05 0.0102368342097 -0.03) (4.75395907451e-05 0.0111674339524 -0.03) (5.57929334055e-05 0.0120980280736 -0.03) (6.47065240351e-05 0.013028616105 -0.03) (7.42803581472e-05 0.013959197578 -0.03) (8.45144309226e-05 0.0148897720242 -0.03) (9.54087372093e-05 0.0158203389751 -0.03) (0.000106963271524 0.0167508979625 -0.03) (0.000119178028049 0.0176814485177 -0.03) (0.000132053000637 0.0186119901725 -0.03) (0.000145588182807 0.0195425224583 -0.03) (0.000159783567744 0.0204730449068 -0.03) (0.000174639148304 0.0214035570496 -0.03) (0.000190154917009 0.0223340584183 -0.03) (0.000206330866048 0.0232645485444 -0.03) (0.000223166987278 0.0241950269597 -0.03) (0.000240663272225 0.0251254931956 -0.03) (0.000258819712081 0.0260559467838 -0.03) (0.000277636297707 0.026986387256 -0.03) (0.000297113019631 0.0279168141437 -0.03) (0.000317249868048 0.0288472269787 -0.03) (0.000338046832822 0.0297776252926 -0.03) (0.000359503903484 0.0307080086169 -0.03) (0.000381621069233 0.0316383764835 -0.03) (0.000404398318937 0.0325687284239 -0.03) (0.000427835641128 0.0334990639699 -0.03) (0.00045193302401 0.0344293826531 -0.03) (0.000476690455452 0.0353596840052 -0.03) (0.000502107922992 0.036289967558 -0.03) (0.000528185413835 0.037220232843 -0.03) (0.000554922914854 0.0381504793922 -0.03) (0.00058232041259 0.0390807067371 -0.03) (0.000610377893252 0.0400109144096 -0.03) (0.000639095342716 0.0409411019414 -0.03) (0.000668472746527 0.0418712688642 -0.03))
    polyLine 2 6 ((3.30138027248e-07 0.000930630660987 0) (1.32055194269e-06 0.00186126085351 0) (2.97124124769e-06 0.00279189010912 0) (5.28220511161e-06 0.00372251795934 0) (8.25344237089e-06 0.00465314393572 0) (1.18849515301e-05 0.00558376756979 0) (1.61767307609e-05 0.00651438839311 0) (2.11287779032e-05 0.00744500593721 0) (2.67410904641e-05 0.00837561973364 0) (3.30136656183e-05 0.00930622931395 0) (3.99465002086e-05 0.0102368342097 0) (4.75395907451e-05 0.0111674339524 0) (5.57929334055e-05 0.0120980280736 0) (6.47065240351e-05 0.013028616105 0) (7.42803581472e-05 0.013959197578 0) (8.45144309226e-05 0.0148897720242 0) (9.54087372093e-05 0.0158203389751 0) (0.000106963271524 0.0167508979625 0) (0.000119178028049 0.0176814485177 0) (0.000132053000637 0.0186119901725 0) (0.000145588182807 0.0195425224583 0) (0.000159783567744 0.0204730449068 0) (0.000174639148304 0.0214035570496 0) (0.000190154917009 0.0223340584183 0) (0.000206330866048 0.0232645485444 0) (0.000223166987278 0.0241950269597 0) (0.000240663272225 0.0251254931956 0) (0.000258819712081 0.0260559467838 0) (0.000277636297707 0.026986387256 0) (0.000297113019631 0.0279168141437 0) (0.000317249868048 0.0288472269787 0) (0.000338046832822 0.0297776252926 0) (0.000359503903484 0.0307080086169 0) (0.000381621069233 0.0316383764835 0) (0.000404398318937 0.0325687284239 0) (0.000427835641128 0.0334990639699 0) (0.00045193302401 0.0344293826531 0) (0.000476690455452 0.0353596840052 0) (0.000502107922992 0.036289967558 0) (0.000528185413835 0.037220232843 0) (0.000554922914854 0.0381504793922 0) (0.00058232041259 0.0390807067371 0) (0.000610377893252 0.0400109144096 0) (0.000639095342716 0.0409411019414 0) (0.000668472746527 0.0418712688642 0))
    polyLine 1 5 ((-0.416403913824 0.00519144722759 -0.03) (-0.41637919808 0.0103831992502 -0.03) (-0.416337998796 0.0155755609097 -0.03) (-0.416280306402 0.0207688371414 -0.03) (-0.416206107495 0.0259633330213 -0.03) (-0.416115384834 0.0311593538124 -0.03) (-0.416008117334 0.0363572050121 -0.03) (-0.41588428006 0.0415571923985 -0.03) (-0.415743844213 0.0467596220782 -0.03) (-0.415586777125 0.0519648005325 -0.03) (-0.415413042241 0.0571730346651 -0.03) (-0.415222599111 0.0623846318488 -0.03) (-0.415015403373 0.0675998999732 -0.03) (-0.414791406736 0.0728191474917 -0.03) (-0.414550556961 0.0780426834693 -0.03) (-0.414292797845 0.0832708176296 -0.03) (-0.4140180692 0.088503860403 -0.03) (-0.413726306826 0.0937421229743 -0.03) (-0.413417442493 0.0989859173307 -0.03) (-0.413091403912 0.10423555631 -0.03) (-0.412748114711 0.109491353648 -0.03) (-0.412387494404 0.114753624028 -0.03) (-0.412009458364 0.120022683129 -0.03))
    polyLine 3 7 ((-0.416403913824 0.00519144722759 0) (-0.41637919808 0.0103831992502 0) (-0.416337998796 0.0155755609097 0) (-0.416280306402 0.0207688371414 0) (-0.416206107495 0.0259633330213 0) (-0.416115384834 0.0311593538124 0) (-0.416008117334 0.0363572050121 0) (-0.41588428006 0.0415571923985 0) (-0.415743844213 0.0467596220782 0) (-0.415586777125 0.0519648005325 0) (-0.415413042241 0.0571730346651 0) (-0.415222599111 0.0623846318488 0) (-0.415015403373 0.0675998999732 0) (-0.414791406736 0.0728191474917 0) (-0.414550556961 0.0780426834693 0) (-0.414292797845 0.0832708176296 0) (-0.4140180692 0.088503860403 0) (-0.413726306826 0.0937421229743 0) (-0.413417442493 0.0989859173307 0) (-0.413091403912 0.10423555631 0) (-0.412748114711 0.109491353648 0) (-0.412387494404 0.114753624028 0) (-0.412009458364 0.120022683129 0))
    polyLine 4 8 ((0.000698510089895 0.0428014147098 -0.03) (0.000729207357702 0.0437315390101 -0.03) (0.000760564534495 0.0446616412967 -0.03) (0.000792581604488 0.0455917211016 -0.03) (0.000825258551566 0.0465217779564 -0.03) (0.00085859535928 0.0474518113932 -0.03) (0.000892592010848 0.0483818209436 -0.03) (0.000927248489156 0.0493118061395 -0.03) (0.000962564776761 0.0502417665129 -0.03) (0.000998540855883 0.0511717015955 -0.03) (0.00103517670841 0.0521016109193 -0.03) (0.00107247231591 0.0530314940161 -0.03) (0.0011104276596 0.053961350418 -0.03) (0.00114904272038 0.0548911796567 -0.03) (0.00118831747881 0.0558209812643 -0.03) (0.00122825191511 0.0567507547727 -0.03) (0.00126884600919 0.0576804997139 -0.03) (0.00131009974062 0.0586102156199 -0.03) (0.00135201308862 0.0595399020226 -0.03) (0.00139458603209 0.0604695584541 -0.03) (0.00143781854962 0.0613991844465 -0.03) (0.00148171061943 0.0623287795316 -0.03) (0.00152626221942 0.0632583432417 -0.03) (0.00157147332719 0.0641878751088 -0.03) (0.00161734391996 0.0651173746649 -0.03) (0.00166387397464 0.0660468414423 -0.03) (0.00171106346782 0.0669762749729 -0.03) (0.00175891237573 0.067905674789 -0.03) (0.0018074206743 0.0688350404227 -0.03) (0.0018565883391 0.0697643714062 -0.03) (0.00190641534539 0.0706936672717 -0.03) (0.00195690166807 0.0716229275514 -0.03) (0.00200804728175 0.0725521517775 -0.03) (0.00205985216067 0.0734813394822 -0.03) (0.00211231627875 0.0744104901979 -0.03) (0.00216543960959 0.0753396034568 -0.03) (0.00221922212645 0.0762686787913 -0.03) (0.00227366380224 0.0771977157335 -0.03) (0.00232876460958 0.078126713816 -0.03) (0.00238452452071 0.079055672571 -0.03) (0.00244094350757 0.0799845915309 -0.03) (0.00249802154177 0.0809134702281 -0.03) (0.00255575859456 0.0818423081951 -0.03) (0.00261415463689 0.0827711049643 -0.03) (0.00267320963936 0.0836998600681 -0.03))
    polyLine 6 10 ((0.000698510089895 0.0428014147098 0) (0.000729207357702 0.0437315390101 0) (0.000760564534495 0.0446616412967 0) (0.000792581604488 0.0455917211016 0) (0.000825258551566 0.0465217779564 0) (0.00085859535928 0.0474518113932 0) (0.000892592010848 0.0483818209436 0) (0.000927248489156 0.0493118061395 0) (0.000962564776761 0.0502417665129 0) (0.000998540855883 0.0511717015955 0) (0.00103517670841 0.0521016109193 0) (0.00107247231591 0.0530314940161 0) (0.0011104276596 0.053961350418 0) (0.00114904272038 0.0548911796567 0) (0.00118831747881 0.0558209812643 0) (0.00122825191511 0.0567507547727 0) (0.00126884600919 0.0576804997139 0) (0.00131009974062 0.0586102156199 0) (0.00135201308862 0.0595399020226 0) (0.00139458603209 0.0604695584541 0) (0.00143781854962 0.0613991844465 0) (0.00148171061943 0.0623287795316 0) (0.00152626221942 0.0632583432417 0) (0.00157147332719 0.0641878751088 0) (0.00161734391996 0.0651173746649 0) (0.00166387397464 0.0660468414423 0) (0.00171106346782 0.0669762749729 0) (0.00175891237573 0.067905674789 0) (0.0018074206743 0.0688350404227 0) (0.0018565883391 0.0697643714062 0) (0.00190641534539 0.0706936672717 0) (0.00195690166807 0.0716229275514 0) (0.00200804728175 0.0725521517775 0) (0.00205985216067 0.0734813394822 0) (0.00211231627875 0.0744104901979 0) (0.00216543960959 0.0753396034568 0) (0.00221922212645 0.0762686787913 0) (0.00227366380224 0.0771977157335 0) (0.00232876460958 0.078126713816 0) (0.00238452452071 0.079055672571 0) (0.00244094350757 0.0799845915309 0) (0.00249802154177 0.0809134702281 0) (0.00255575859456 0.0818423081951 0) (0.00261415463689 0.0827711049643 0) (0.00267320963936 0.0836998600681 0))
    polyLine 5 9 ((-0.411224971224 0.13027895508 -0.03) (-0.410820308002 0.135265925113 -0.03) (-0.410399843402 0.140260025812 -0.03) (-0.409963489301 0.145261526187 -0.03) (-0.409511154146 0.150270696265 -0.03) (-0.409042742922 0.155287807119 -0.03) (-0.408558157116 0.160313130911 -0.03) (-0.408057294693 0.165346940927 -0.03) (-0.407540050057 0.170389511614 -0.03) (-0.407006314014 0.175441118621 -0.03) (-0.406455973741 0.180502038833 -0.03) (-0.405888912745 0.185572550414 -0.03) (-0.405305010826 0.19065293284 -0.03) (-0.404704144035 0.195743466942 -0.03) (-0.404086184635 0.200844434943 -0.03) (-0.403451001058 0.2059561205 -0.03) (-0.402798457858 0.211078808739 -0.03) (-0.402128415671 0.216212786295 -0.03) (-0.401440731163 0.221358341357 -0.03) (-0.400735256987 0.226515763704 -0.03) (-0.400011841731 0.231685344745 -0.03) (-0.399270329865 0.236867377562 -0.03) (-0.398510561694 0.242062156949 -0.03))
    polyLine 7 11 ((-0.411224971224 0.13027895508 0) (-0.410820308002 0.135265925113 0) (-0.410399843402 0.140260025812 0) (-0.409963489301 0.145261526187 0) (-0.409511154146 0.150270696265 0) (-0.409042742922 0.155287807119 0) (-0.408558157116 0.160313130911 0) (-0.408057294693 0.165346940927 0) (-0.407540050057 0.170389511614 0) (-0.407006314014 0.175441118621 0) (-0.406455973741 0.180502038833 0) (-0.405888912745 0.185572550414 0) (-0.405305010826 0.19065293284 0) (-0.404704144035 0.195743466942 0) (-0.404086184635 0.200844434943 0) (-0.403451001058 0.2059561205 0) (-0.402798457858 0.211078808739 0) (-0.402128415671 0.216212786295 0) (-0.401440731163 0.221358341357 0) (-0.400735256987 0.226515763704 0) (-0.400011841731 0.231685344745 0) (-0.399270329865 0.236867377562 0) (-0.398510561694 0.242062156949 0))
    polyLine 8 12 ((0.00273292357224 0.084628573039 -0.03) (0.00279329640548 0.0855572434096 -0.03) (0.00285432810868 0.0864858707123 -0.03) (0.00291601865112 0.0874144544797 -0.03) (0.00297836800175 0.0883429942444 -0.03) (0.00304137612919 0.089271489539 -0.03) (0.0031050430017 0.090199939896 -0.03) (0.00316936858726 0.0911283448482 -0.03) (0.00323435285347 0.0920567039281 -0.03) (0.00329999576762 0.0929850166685 -0.03) (0.00336629729668 0.0939132826021 -0.03) (0.00343325740726 0.0948415012615 -0.03) (0.00350087606566 0.0957696721796 -0.03) (0.00356915323785 0.0966977948892 -0.03) (0.00363808888944 0.0976258689229 -0.03) (0.00370768298575 0.0985538938137 -0.03) (0.00377793549174 0.0994818690944 -0.03) (0.00384884637204 0.100409794298 -0.03) (0.00392041559096 0.101337668957 -0.03) (0.00399264311248 0.102265492605 -0.03) (0.00406552890024 0.103193264774 -0.03) (0.00413907291754 0.104120984998 -0.03) (0.00421327512736 0.105048652809 -0.03) (0.00428813549236 0.105976267741 -0.03) (0.00436365397485 0.106903829327 -0.03) (0.00443983053682 0.107831337099 -0.03) (0.00451666513992 0.108758790591 -0.03) (0.00459415774547 0.109686189336 -0.03) (0.00467230831447 0.110613532867 -0.03) (0.00475111680757 0.111540820717 -0.03) (0.00483058318511 0.11246805242 -0.03) (0.00491070740708 0.113395227509 -0.03) (0.00499148943316 0.114322345517 -0.03) (0.00507292922266 0.115249405977 -0.03) (0.00515502673461 0.116176408423 -0.03) (0.00523778192768 0.117103352388 -0.03) (0.0053211947602 0.118030237406 -0.03) (0.00540526519019 0.118957063009 -0.03) (0.00548999317533 0.119883828731 -0.03) (0.00557537867297 0.120810534107 -0.03) (0.00566142164013 0.121737178669 -0.03) (0.00574812203349 0.122663761951 -0.03) (0.00583547980942 0.123590283486 -0.03) (0.00592349492393 0.124516742808 -0.03) (0.00601216733273 0.125443139451 -0.03))
    polyLine 10 14 ((0.00273292357224 0.084628573039 0) (0.00279329640548 0.0855572434096 0) (0.00285432810868 0.0864858707123 0) (0.00291601865112 0.0874144544797 0) (0.00297836800175 0.0883429942444 0) (0.00304137612919 0.089271489539 0) (0.0031050430017 0.090199939896 0) (0.00316936858726 0.0911283448482 0) (0.00323435285347 0.0920567039281 0) (0.00329999576762 0.0929850166685 0) (0.00336629729668 0.0939132826021 0) (0.00343325740726 0.0948415012615 0) (0.00350087606566 0.0957696721796 0) (0.00356915323785 0.0966977948892 0) (0.00363808888944 0.0976258689229 0) (0.00370768298575 0.0985538938137 0) (0.00377793549174 0.0994818690944 0) (0.00384884637204 0.100409794298 0) (0.00392041559096 0.101337668957 0) (0.00399264311248 0.102265492605 0) (0.00406552890024 0.103193264774 0) (0.00413907291754 0.104120984998 0) (0.00421327512736 0.105048652809 0) (0.00428813549236 0.105976267741 0) (0.00436365397485 0.106903829327 0) (0.00443983053682 0.107831337099 0) (0.00451666513992 0.108758790591 0) (0.00459415774547 0.109686189336 0) (0.00467230831447 0.110613532867 0) (0.00475111680757 0.111540820717 0) (0.00483058318511 0.11246805242 0) (0.00491070740708 0.113395227509 0) (0.00499148943316 0.114322345517 0) (0.00507292922266 0.115249405977 0) (0.00515502673461 0.116176408423 0) (0.00523778192768 0.117103352388 0) (0.0053211947602 0.118030237406 0) (0.00540526519019 0.118957063009 0) (0.00548999317533 0.119883828731 0) (0.00557537867297 0.120810534107 0) (0.00566142164013 0.121737178669 0) (0.00574812203349 0.122663761951 0) (0.00583547980942 0.123590283486 0) (0.00592349492393 0.124516742808 0) (0.00601216733273 0.125443139451 0))
    polyLine 9 13 ((-0.397017421004 0.251959934156 -0.03) (-0.396287341478 0.256660874054 -0.03) (-0.395542006934 0.261373017951 -0.03) (-0.394781286694 0.266096585898 -0.03) (-0.394005047151 0.270831799214 -0.03) (-0.393213151734 0.27557888052 -0.03) (-0.392405460873 0.280338053753 -0.03) (-0.391581831957 0.285109544202 -0.03) (-0.390742119298 0.289893578528 -0.03) (-0.38988617409 0.294690384791 -0.03) (-0.389013844367 0.299500192477 -0.03) (-0.388124974962 0.304323232525 -0.03) (-0.387219407465 0.30915973735 -0.03) (-0.386296980178 0.314009940875 -0.03) (-0.385357528072 0.318874078554 -0.03) (-0.384400882739 0.323752387399 -0.03) (-0.383426872348 0.328645106013 -0.03) (-0.382435321596 0.33355247461 -0.03) (-0.381426051657 0.338474735048 -0.03) (-0.380398880137 0.343412130858 -0.03) (-0.37935362102 0.348364907267 -0.03) (-0.378290084618 0.353333311233 -0.03) (-0.377208077515 0.358317591469 -0.03))
    polyLine 11 15 ((-0.397017421004 0.251959934156 0) (-0.396287341478 0.256660874054 0) (-0.395542006934 0.261373017951 0) (-0.394781286694 0.266096585898 0) (-0.394005047151 0.270831799214 0) (-0.393213151734 0.27557888052 0) (-0.392405460873 0.280338053753 0) (-0.391581831957 0.285109544202 0) (-0.390742119298 0.289893578528 0) (-0.38988617409 0.294690384791 0) (-0.389013844367 0.299500192477 0) (-0.388124974962 0.304323232525 0) (-0.387219407465 0.30915973735 0) (-0.386296980178 0.314009940875 0) (-0.385357528072 0.318874078554 0) (-0.384400882739 0.323752387399 0) (-0.383426872348 0.328645106013 0) (-0.382435321596 0.33355247461 0) (-0.381426051657 0.338474735048 0) (-0.380398880137 0.343412130858 0) (-0.37935362102 0.348364907267 0) (-0.378290084618 0.353333311233 0) (-0.377208077515 0.358317591469 0))
    polyLine 12 16 ((0.00610149699117 0.126369472948 -0.03) (0.0061914838543 0.127295742834 -0.03) (0.00628212787681 0.128221948641 -0.03) (0.00637342901307 0.129148089904 -0.03) (0.00646538721712 0.130074166156 -0.03) (0.00655800244268 0.131000176931 -0.03) (0.00665127464313 0.131926121764 -0.03) (0.00674520377151 0.132852000187 -0.03) (0.00683978978054 0.133777811736 -0.03) (0.0069350326226 0.134703555943 -0.03) (0.00703093224977 0.135629232343 -0.03) (0.00712748861375 0.13655484047 -0.03) (0.00722470166595 0.137480379858 -0.03) (0.00732257135743 0.138405850041 -0.03) (0.00742109763892 0.139331250553 -0.03) (0.00752028046084 0.140256580929 -0.03) (0.00762011977324 0.141181840702 -0.03) (0.00772061552589 0.142107029407 -0.03) (0.00782176766818 0.143032146578 -0.03) (0.00792357614919 0.143957191749 -0.03) (0.0080260409177 0.144882164456 -0.03) (0.0081291619221 0.145807064231 -0.03) (0.00823293911049 0.14673189061 -0.03) (0.00833737243065 0.147656643127 -0.03) (0.00844246182998 0.148581321317 -0.03) (0.0085482072556 0.149505924713 -0.03) (0.00865460865427 0.150430452852 -0.03) (0.00876166597244 0.151354905266 -0.03) (0.00886937915621 0.152279281492 -0.03) (0.00897774815136 0.153203581063 -0.03) (0.00908677290335 0.154127803514 -0.03) (0.00919645335728 0.155051948381 -0.03) (0.00930678945796 0.155976015197 -0.03) (0.00941778114983 0.156900003498 -0.03) (0.00952942837703 0.157823912819 -0.03) (0.00964173108336 0.158747742694 -0.03) (0.00975468921229 0.159671492659 -0.03) (0.00986830270694 0.160595162248 -0.03) (0.00998257151015 0.161518750997 -0.03) (0.0100974955644 0.16244225844 -0.03) (0.0102130748118 0.163365684113 -0.03) (0.0103293091942 0.164289027551 -0.03) (0.010446198653 0.165212288289 -0.03) (0.0105637431296 0.166135465863 -0.03) (0.0106819425645 0.167058559807 -0.03))
    polyLine 14 18 ((0.00610149699117 0.126369472948 0) (0.0061914838543 0.127295742834 0) (0.00628212787681 0.128221948641 0) (0.00637342901307 0.129148089904 0) (0.00646538721712 0.130074166156 0) (0.00655800244268 0.131000176931 0) (0.00665127464313 0.131926121764 0) (0.00674520377151 0.132852000187 0) (0.00683978978054 0.133777811736 0) (0.0069350326226 0.134703555943 0) (0.00703093224977 0.135629232343 0) (0.00712748861375 0.13655484047 0) (0.00722470166595 0.137480379858 0) (0.00732257135743 0.138405850041 0) (0.00742109763892 0.139331250553 0) (0.00752028046084 0.140256580929 0) (0.00762011977324 0.141181840702 0) (0.00772061552589 0.142107029407 0) (0.00782176766818 0.143032146578 0) (0.00792357614919 0.143957191749 0) (0.0080260409177 0.144882164456 0) (0.0081291619221 0.145807064231 0) (0.00823293911049 0.14673189061 0) (0.00833737243065 0.147656643127 0) (0.00844246182998 0.148581321317 0) (0.0085482072556 0.149505924713 0) (0.00865460865427 0.150430452852 0) (0.00876166597244 0.151354905266 0) (0.00886937915621 0.152279281492 0) (0.00897774815136 0.153203581063 0) (0.00908677290335 0.154127803514 0) (0.00919645335728 0.155051948381 0) (0.00930678945796 0.155976015197 0) (0.00941778114983 0.156900003498 0) (0.00952942837703 0.157823912819 0) (0.00964173108336 0.158747742694 0) (0.00975468921229 0.159671492659 0) (0.00986830270694 0.160595162248 0) (0.00998257151015 0.161518750997 0) (0.0100974955644 0.16244225844 0) (0.0102130748118 0.163365684113 0) (0.0103293091942 0.164289027551 0) (0.010446198653 0.165212288289 0) (0.0105637431296 0.166135465863 0) (0.0106819425645 0.167058559807 0))
    polyLine 13 17 ((-0.375133810313 0.367684624163 -0.03) (-0.374145781897 0.372063831563 -0.03) (-0.373143179955 0.376455789379 -0.03) (-0.372125864881 0.380860667403 -0.03) (-0.371093694745 0.385278636533 -0.03) (-0.370046525265 0.389709868791 -0.03) (-0.368984209771 0.394154537332 -0.03) (-0.36790659918 0.398612816469 -0.03) (-0.366813541957 0.403084881679 -0.03) (-0.365704884089 0.407570909626 -0.03) (-0.364580469047 0.412071078176 -0.03) (-0.363440137756 0.41658556641 -0.03) (-0.362283728556 0.421114554645 -0.03) (-0.361111077171 0.425658224448 -0.03) (-0.359922016672 0.430216758654 -0.03) (-0.358716377441 0.434790341381 -0.03) (-0.357493987132 0.43937915805 -0.03) (-0.356254670636 0.443983395402 -0.03) (-0.354998250043 0.448603241515 -0.03) (-0.353724544599 0.453238885819 -0.03) (-0.352433370672 0.457890519119 -0.03) (-0.351124541708 0.46255833361 -0.03) (-0.349797868191 0.467242522897 -0.03))
    polyLine 15 19 ((-0.375133810313 0.367684624163 0) (-0.374145781897 0.372063831563 0) (-0.373143179955 0.376455789379 0) (-0.372125864881 0.380860667403 0) (-0.371093694745 0.385278636533 0) (-0.370046525265 0.389709868791 0) (-0.368984209771 0.394154537332 0) (-0.36790659918 0.398612816469 0) (-0.366813541957 0.403084881679 0) (-0.365704884089 0.407570909626 0) (-0.364580469047 0.412071078176 0) (-0.363440137756 0.41658556641 0) (-0.362283728556 0.421114554645 0) (-0.361111077171 0.425658224448 0) (-0.359922016672 0.430216758654 0) (-0.358716377441 0.434790341381 0) (-0.357493987132 0.43937915805 0) (-0.356254670636 0.443983395402 0) (-0.354998250043 0.448603241515 0) (-0.353724544599 0.453238885819 0) (-0.352433370672 0.457890519119 0) (-0.351124541708 0.46255833361 0) (-0.349797868191 0.467242522897 0))
    polyLine 16 20 ((0.0108007968985 0.167981569657 -0.03) (0.0109203060716 0.168904494948 -0.03) (0.0110404700237 0.169827335217 -0.03) (0.0111612886943 0.170750089997 -0.03) (0.0112827620226 0.171672758825 -0.03) (0.0114048899474 0.172595341237 -0.03) (0.0115276724072 0.173517836768 -0.03) (0.0116511093403 0.174440244952 -0.03) (0.0117752006846 0.175362565328 -0.03) (0.0118999463774 0.176284797429 -0.03) (0.0120253463562 0.177206940792 -0.03) (0.0121514005576 0.178128994952 -0.03) (0.0122781089184 0.179050959445 -0.03) (0.0124054713746 0.179972833808 -0.03) (0.0125334878622 0.180894617576 -0.03) (0.0126621583167 0.181816310286 -0.03) (0.0127914826735 0.182737911472 -0.03) (0.0129214608673 0.183659420672 -0.03) (0.0130520928327 0.184580837421 -0.03) (0.013183378504 0.185502161256 -0.03) (0.0133153178152 0.186423391713 -0.03) (0.0134479106997 0.187344528327 -0.03) (0.0135811570908 0.188265570637 -0.03) (0.0137150569216 0.189186518177 -0.03) (0.0138496101244 0.190107370484 -0.03) (0.0139848166317 0.191028127095 -0.03) (0.0141206763754 0.191948787546 -0.03) (0.0142571892871 0.192869351374 -0.03) (0.014394355298 0.193789818115 -0.03) (0.0145321743392 0.194710187306 -0.03) (0.0146706463412 0.195630458484 -0.03) (0.0148097712343 0.196550631185 -0.03) (0.0149495489485 0.197470704947 -0.03) (0.0150899794135 0.198390679306 -0.03) (0.0152310625585 0.199310553798 -0.03) (0.0153727983126 0.200230327962 -0.03) (0.0155151866044 0.201150001334 -0.03) (0.0156582273621 0.20206957345 -0.03) (0.0158019205139 0.202989043849 -0.03) (0.0159462659874 0.203908412067 -0.03) (0.0160912637098 0.204827677642 -0.03) (0.0162369136083 0.20574684011 -0.03) (0.0163832156095 0.20666589901 -0.03) (0.0165301696398 0.207584853877 -0.03) (0.0166777756252 0.208503704251 -0.03) (0.0168260334913 0.209422449668 -0.03))
    polyLine 18 22 ((0.0108007968985 0.167981569657 0) (0.0109203060716 0.168904494948 0) (0.0110404700237 0.169827335217 0) (0.0111612886943 0.170750089997 0) (0.0112827620226 0.171672758825 0) (0.0114048899474 0.172595341237 0) (0.0115276724072 0.173517836768 0) (0.0116511093403 0.174440244952 0) (0.0117752006846 0.175362565328 0) (0.0118999463774 0.176284797429 0) (0.0120253463562 0.177206940792 0) (0.0121514005576 0.178128994952 0) (0.0122781089184 0.179050959445 0) (0.0124054713746 0.179972833808 0) (0.0125334878622 0.180894617576 0) (0.0126621583167 0.181816310286 0) (0.0127914826735 0.182737911472 0) (0.0129214608673 0.183659420672 0) (0.0130520928327 0.184580837421 0) (0.013183378504 0.185502161256 0) (0.0133153178152 0.186423391713 0) (0.0134479106997 0.187344528327 0) (0.0135811570908 0.188265570637 0) (0.0137150569216 0.189186518177 0) (0.0138496101244 0.190107370484 0) (0.0139848166317 0.191028127095 0) (0.0141206763754 0.191948787546 0) (0.0142571892871 0.192869351374 0) (0.014394355298 0.193789818115 0) (0.0145321743392 0.194710187306 0) (0.0146706463412 0.195630458484 0) (0.0148097712343 0.196550631185 0) (0.0149495489485 0.197470704947 0) (0.0150899794135 0.198390679306 0) (0.0152310625585 0.199310553798 0) (0.0153727983126 0.200230327962 0) (0.0155151866044 0.201150001334 0) (0.0156582273621 0.20206957345 0) (0.0158019205139 0.202989043849 0) (0.0159462659874 0.203908412067 0) (0.0160912637098 0.204827677642 0) (0.0162369136083 0.20574684011 0) (0.0163832156095 0.20666589901 0) (0.0165301696398 0.207584853877 0) (0.0166777756252 0.208503704251 0) (0.0168260334913 0.209422449668 0))
    polyLine 17 21 ((-0.347285866757 0.475986453678 -0.03) (-0.346105051485 0.480042071792 -0.03) (-0.344910585076 0.484110261799 -0.03) (-0.343702339113 0.488191149951 -0.03) (-0.342480183448 0.49228486332 -0.03) (-0.341243986181 0.496391529805 -0.03) (-0.339993613638 0.500511278142 -0.03) (-0.33872893035 0.504644237915 -0.03) (-0.337449799029 0.508790539562 -0.03) (-0.336156080545 0.512950314387 -0.03) (-0.334847633906 0.517123694569 -0.03) (-0.333524316232 0.521310813174 -0.03) (-0.332185982731 0.52551180416 -0.03) (-0.330832486678 0.529726802393 -0.03) (-0.329463679386 0.533955943651 -0.03) (-0.328079410185 0.538199364638 -0.03) (-0.326679526395 0.542457202997 -0.03) (-0.325263873302 0.546729597313 -0.03) (-0.323832294129 0.55101668713 -0.03) (-0.322384630011 0.55531861296 -0.03) (-0.32092071997 0.559635516291 -0.03) (-0.319440400885 0.563967539605 -0.03) (-0.317943507467 0.568314826379 -0.03))
    polyLine 19 23 ((-0.347285866757 0.475986453678 0) (-0.346105051485 0.480042071792 0) (-0.344910585076 0.484110261799 0) (-0.343702339113 0.488191149951 0) (-0.342480183448 0.49228486332 0) (-0.341243986181 0.496391529805 0) (-0.339993613638 0.500511278142 0) (-0.33872893035 0.504644237915 0) (-0.337449799029 0.508790539562 0) (-0.336156080545 0.512950314387 0) (-0.334847633906 0.517123694569 0) (-0.333524316232 0.521310813174 0) (-0.332185982731 0.52551180416 0) (-0.330832486678 0.529726802393 0) (-0.329463679386 0.533955943651 0) (-0.328079410185 0.538199364638 0) (-0.326679526395 0.542457202997 0) (-0.325263873302 0.546729597313 0) (-0.323832294129 0.55101668713 0) (-0.322384630011 0.55531861296 0) (-0.32092071997 0.559635516291 0) (-0.319440400885 0.563967539605 0) (-0.317943507467 0.568314826379 0))
    polyLine 20 24 ((0.0169749431636 0.210341089666 -0.03) (0.0171245045671 0.211259623782 -0.03) (0.0172747176266 0.212178051555 -0.03) (0.0174255822663 0.213096372521 -0.03) (0.0175770984104 0.214014586218 -0.03) (0.0177292659825 0.214932692185 -0.03) (0.0178820849062 0.215850689959 -0.03) (0.0180355551044 0.216768579077 -0.03) (0.0181896765 0.217686359079 -0.03) (0.0183444490152 0.218604029502 -0.03) (0.0184998725723 0.219521589884 -0.03) (0.0186559470929 0.220439039762 -0.03) (0.0188126724986 0.221356378677 -0.03) (0.0189700487104 0.222273606164 -0.03) (0.0191280756491 0.223190721764 -0.03) (0.0192867532352 0.224107725013 -0.03) (0.0194460813887 0.225024615452 -0.03) (0.0196060600295 0.225941392617 -0.03) (0.0197666890771 0.226858056047 -0.03) (0.0199279684505 0.227774605282 -0.03) (0.0200898980687 0.22869103986 -0.03) (0.02025247785 0.229607359319 -0.03) (0.0204157077127 0.230523563198 -0.03) (0.0205795875746 0.231439651036 -0.03) (0.0207441173532 0.232355622372 -0.03) (0.0209092969656 0.233271476744 -0.03) (0.0210751263288 0.234187213693 -0.03) (0.0212416053592 0.235102832756 -0.03) (0.0214087339731 0.236018333473 -0.03) (0.0215765120863 0.236933715382 -0.03) (0.0217449396143 0.237848978025 -0.03) (0.0219140164724 0.238764120938 -0.03) (0.0220837425755 0.239679143662 -0.03) (0.0222541178382 0.240594045737 -0.03) (0.0224251421745 0.241508826701 -0.03) (0.0225968154986 0.242423486095 -0.03) (0.0227691377239 0.243338023457 -0.03) (0.0229421087638 0.244252438327 -0.03) (0.0231157285311 0.245166730246 -0.03) (0.0232899969384 0.246080898753 -0.03) (0.0234649138981 0.246994943387 -0.03) (0.023640479322 0.247908863689 -0.03) (0.0238166931218 0.248822659198 -0.03) (0.0239935552089 0.249736329455 -0.03) (0.0241710654941 0.250649873999 -0.03))
    polyLine 22 26 ((0.0169749431636 0.210341089666 0) (0.0171245045671 0.211259623782 0) (0.0172747176266 0.212178051555 0) (0.0174255822663 0.213096372521 0) (0.0175770984104 0.214014586218 0) (0.0177292659825 0.214932692185 0) (0.0178820849062 0.215850689959 0) (0.0180355551044 0.216768579077 0) (0.0181896765 0.217686359079 0) (0.0183444490152 0.218604029502 0) (0.0184998725723 0.219521589884 0) (0.0186559470929 0.220439039762 0) (0.0188126724986 0.221356378677 0) (0.0189700487104 0.222273606164 0) (0.0191280756491 0.223190721764 0) (0.0192867532352 0.224107725013 0) (0.0194460813887 0.225024615452 0) (0.0196060600295 0.225941392617 0) (0.0197666890771 0.226858056047 0) (0.0199279684505 0.227774605282 0) (0.0200898980687 0.22869103986 0) (0.02025247785 0.229607359319 0) (0.0204157077127 0.230523563198 0) (0.0205795875746 0.231439651036 0) (0.0207441173532 0.232355622372 0) (0.0209092969656 0.233271476744 0) (0.0210751263288 0.234187213693 0) (0.0212416053592 0.235102832756 0) (0.0214087339731 0.236018333473 0) (0.0215765120863 0.236933715382 0) (0.0217449396143 0.237848978025 0) (0.0219140164724 0.238764120938 0) (0.0220837425755 0.239679143662 0) (0.0222541178382 0.240594045737 0) (0.0224251421745 0.241508826701 0) (0.0225968154986 0.242423486095 0) (0.0227691377239 0.243338023457 0) (0.0229421087638 0.244252438327 0) (0.0231157285311 0.245166730246 0) (0.0232899969384 0.246080898753 0) (0.0234649138981 0.246994943387 0) (0.023640479322 0.247908863689 0) (0.0238166931218 0.248822659198 0) (0.0239935552089 0.249736329455 0) (0.0241710654941 0.250649873999 0))
    polyLine 21 25 ((-0.315123213421 0.576417375043 -0.03) (-0.313804101741 0.58016867466 -0.03) (-0.312472428812 0.583931511875 -0.03) (-0.311128085031 0.58770597917 -0.03) (-0.309770959552 0.591492169593 -0.03) (-0.308400940272 0.595290176765 -0.03) (-0.307017913817 0.599100094888 -0.03) (-0.30562176553 0.602922018747 -0.03) (-0.304212379452 0.606756043717 -0.03) (-0.302789638312 0.61060226577 -0.03) (-0.301353423508 0.614460781479 -0.03) (-0.299903615095 0.618331688026 -0.03) (-0.298440091769 0.622215083205 -0.03) (-0.29696273085 0.626111065432 -0.03) (-0.295471408268 0.630019733747 -0.03) (-0.293965998544 0.633941187824 -0.03) (-0.292446374779 0.637875527973 -0.03) (-0.290912408633 0.641822855153 -0.03) (-0.289363970311 0.645783270969 -0.03) (-0.287800928543 0.649756877688 -0.03) (-0.286223150572 0.653743778241 -0.03) (-0.284630502131 0.657744076227 -0.03) (-0.283022847431 0.661757875926 -0.03))
    polyLine 23 27 ((-0.315123213421 0.576417375043 0) (-0.313804101741 0.58016867466 0) (-0.312472428812 0.583931511875 0) (-0.311128085031 0.58770597917 0) (-0.309770959552 0.591492169593 0) (-0.308400940272 0.595290176765 0) (-0.307017913817 0.599100094888 0) (-0.30562176553 0.602922018747 0) (-0.304212379452 0.606756043717 0) (-0.302789638312 0.61060226577 0) (-0.301353423508 0.614460781479 0) (-0.299903615095 0.618331688026 0) (-0.298440091769 0.622215083205 0) (-0.29696273085 0.626111065432 0) (-0.295471408268 0.630019733747 0) (-0.293965998544 0.633941187824 0) (-0.292446374779 0.637875527973 0) (-0.290912408633 0.641822855153 0) (-0.289363970311 0.645783270969 0) (-0.287800928543 0.649756877688 0) (-0.286223150572 0.653743778241 0) (-0.284630502131 0.657744076227 0) (-0.283022847431 0.661757875926 0))
    polyLine 24 28 ((0.0243492238881 0.251563292372 -0.03) (0.0245280303012 0.252476584112 -0.03) (0.0247074846435 0.25338974876 -0.03) (0.0248875868246 0.254302785857 -0.03) (0.0250683367538 0.255215694943 -0.03) (0.0252497343401 0.256128475559 -0.03) (0.0254317794923 0.257041127244 -0.03) (0.0256144721186 0.25795364954 -0.03) (0.0257978121272 0.258866041987 -0.03) (0.0259817994258 0.259778304126 -0.03) (0.0261664339216 0.260690435498 -0.03) (0.0263517155219 0.261602435643 -0.03) (0.0265376441332 0.262514304102 -0.03) (0.0267242196621 0.263426040417 -0.03) (0.0269114420146 0.264337644129 -0.03) (0.0270993110964 0.265249114778 -0.03) (0.0272878268131 0.266160451906 -0.03) (0.0274769890696 0.267071655054 -0.03) (0.0276667977708 0.267982723763 -0.03) (0.0278572528212 0.268893657575 -0.03) (0.0280483541248 0.269804456032 -0.03) (0.0282401015854 0.270715118674 -0.03) (0.0284324951066 0.271625645043 -0.03) (0.0286255345915 0.272536034681 -0.03) (0.028819219943 0.27344628713 -0.03) (0.0290135510634 0.274356401931 -0.03) (0.029208527855 0.275266378627 -0.03) (0.0294041502197 0.276176216759 -0.03) (0.029600418059 0.27708591587 -0.03) (0.0297973312741 0.2779954755 -0.03) (0.0299948897658 0.278904895194 -0.03) (0.0301930934347 0.279814174492 -0.03) (0.0303919421811 0.280723312937 -0.03) (0.0305914359048 0.281632310071 -0.03) (0.0307915745055 0.282541165437 -0.03) (0.0309923578823 0.283449878578 -0.03) (0.0311937859342 0.284358449035 -0.03) (0.0313958585599 0.285266876352 -0.03) (0.0315985756575 0.286175160071 -0.03) (0.0318019371251 0.287083299736 -0.03) (0.0320059428603 0.287991294888 -0.03) (0.0322105927603 0.288899145071 -0.03) (0.0324158867223 0.289806849827 -0.03) (0.0326218246427 0.290714408701 -0.03) (0.032828406418 0.291621821235 -0.03))
    polyLine 26 30 ((0.0243492238881 0.251563292372 0) (0.0245280303012 0.252476584112 0) (0.0247074846435 0.25338974876 0) (0.0248875868246 0.254302785857 0) (0.0250683367538 0.255215694943 0) (0.0252497343401 0.256128475559 0) (0.0254317794923 0.257041127244 0) (0.0256144721186 0.25795364954 0) (0.0257978121272 0.258866041987 0) (0.0259817994258 0.259778304126 0) (0.0261664339216 0.260690435498 0) (0.0263517155219 0.261602435643 0) (0.0265376441332 0.262514304102 0) (0.0267242196621 0.263426040417 0) (0.0269114420146 0.264337644129 0) (0.0270993110964 0.265249114778 0) (0.0272878268131 0.266160451906 0) (0.0274769890696 0.267071655054 0) (0.0276667977708 0.267982723763 0) (0.0278572528212 0.268893657575 0) (0.0280483541248 0.269804456032 0) (0.0282401015854 0.270715118674 0) (0.0284324951066 0.271625645043 0) (0.0286255345915 0.272536034681 0) (0.028819219943 0.27344628713 0) (0.0290135510634 0.274356401931 0) (0.029208527855 0.275266378627 0) (0.0294041502197 0.276176216759 0) (0.029600418059 0.27708591587 0) (0.0297973312741 0.2779954755 0) (0.0299948897658 0.278904895194 0) (0.0301930934347 0.279814174492 0) (0.0303919421811 0.280723312937 0) (0.0305914359048 0.281632310071 0) (0.0307915745055 0.282541165437 0) (0.0309923578823 0.283449878578 0) (0.0311937859342 0.284358449035 0) (0.0313958585599 0.285266876352 0) (0.0315985756575 0.286175160071 0) (0.0318019371251 0.287083299736 0) (0.0320059428603 0.287991294888 0) (0.0322105927603 0.288899145071 0) (0.0324158867223 0.289806849827 0) (0.0326218246427 0.290714408701 0) (0.032828406418 0.291621821235 0))
    polyLine 25 29 ((-0.279995239524 0.669252393799 -0.03) (-0.278579086464 0.672729670896 -0.03) (-0.277151500384 0.676217181159 -0.03) (-0.275712390838 0.679714992541 -0.03) (-0.274261666499 0.683223173382 -0.03) (-0.272799235145 0.686741792415 -0.03) (-0.271325003657 0.690270918769 -0.03) (-0.269838878003 0.693810621974 -0.03) (-0.268340763234 0.697360971961 -0.03) (-0.266830563471 0.700922039068 -0.03) (-0.265308181898 0.704493894043 -0.03) (-0.263773520749 0.708076608051 -0.03) (-0.262226481304 0.71167025267 -0.03) (-0.260666963872 0.715274899903 -0.03) (-0.259094867787 0.718890622176 -0.03) (-0.257510091394 0.722517492346 -0.03) (-0.255912532041 0.726155583702 -0.03) (-0.254302086068 0.72980496997 -0.03) (-0.252678648796 0.733465725317 -0.03) (-0.251042114515 0.737137924355 -0.03) (-0.249392376477 0.740821642147 -0.03) (-0.247729326883 0.744516954206 -0.03) (-0.24605285687 0.748223936506 -0.03))
    polyLine 27 31 ((-0.279995239524 0.669252393799 0) (-0.278579086464 0.672729670896 0) (-0.277151500384 0.676217181159 0) (-0.275712390838 0.679714992541 0) (-0.274261666499 0.683223173382 0) (-0.272799235145 0.686741792415 0) (-0.271325003657 0.690270918769 0) (-0.269838878003 0.693810621974 0) (-0.268340763234 0.697360971961 0) (-0.266830563471 0.700922039068 0) (-0.265308181898 0.704493894043 0) (-0.263773520749 0.708076608051 0) (-0.262226481304 0.71167025267 0) (-0.260666963872 0.715274899903 0) (-0.259094867787 0.718890622176 0) (-0.257510091394 0.722517492346 0) (-0.255912532041 0.726155583702 0) (-0.254302086068 0.72980496997 0) (-0.252678648796 0.733465725317 0) (-0.251042114515 0.737137924355 0) (-0.249392376477 0.740821642147 0) (-0.247729326883 0.744516954206 0) (-0.24605285687 0.748223936506 0))
    polyLine 28 32 ((0.0330356319443 0.292529086971 -0.03) (0.033243501117 0.293436205455 -0.03) (0.0334520138317 0.294343176229 -0.03) (0.0336611699834 0.295249998835 -0.03) (0.0338709694667 0.296156672819 -0.03) (0.0340814121761 0.297063197724 -0.03) (0.0342924980057 0.297969573092 -0.03) (0.0345042268491 0.298875798469 -0.03) (0.0347165985999 0.299781873397 -0.03) (0.034929613151 0.300687797421 -0.03) (0.0351432703953 0.301593570084 -0.03) (0.0353575702252 0.302499190932 -0.03) (0.0355725125329 0.303404659507 -0.03) (0.0357880972101 0.304309975354 -0.03) (0.0360043241484 0.305215138018 -0.03) (0.0362211932388 0.306120147042 -0.03) (0.0364387043722 0.307025001971 -0.03) (0.0366568574392 0.30792970235 -0.03) (0.0368756523299 0.308834247723 -0.03) (0.0370950889341 0.309738637635 -0.03) (0.0373151671415 0.31064287163 -0.03) (0.0375358868412 0.311546949255 -0.03) (0.0377572479221 0.312450870052 -0.03) (0.0379792502728 0.313354633568 -0.03) (0.0382018937815 0.314258239347 -0.03) (0.0384251783363 0.315161686935 -0.03) (0.0386491038246 0.316064975876 -0.03) (0.0388736701337 0.316968105717 -0.03) (0.0390988771507 0.317871076002 -0.03) (0.0393247247621 0.318773886277 -0.03) (0.0395512128542 0.319676536087 -0.03) (0.0397783413131 0.320579024979 -0.03) (0.0400061100244 0.321481352497 -0.03) (0.0402345188735 0.322383518188 -0.03) (0.0404635677454 0.323285521597 -0.03) (0.0406932565247 0.324187362271 -0.03) (0.040923585096 0.325089039755 -0.03) (0.0411545533431 0.325990553596 -0.03) (0.0413861611499 0.326891903339 -0.03) (0.0416184083998 0.327793088532 -0.03) (0.0418512949758 0.32869410872 -0.03) (0.0420848207608 0.329594963449 -0.03) (0.0423189856371 0.330495652267 -0.03) (0.042553789487 0.33139617472 -0.03) (0.0427892321921 0.332296530355 -0.03))
    polyLine 30 34 ((0.0330356319443 0.292529086971 0) (0.033243501117 0.293436205455 0) (0.0334520138317 0.294343176229 0) (0.0336611699834 0.295249998835 0) (0.0338709694667 0.296156672819 0) (0.0340814121761 0.297063197724 0) (0.0342924980057 0.297969573092 0) (0.0345042268491 0.298875798469 0) (0.0347165985999 0.299781873397 0) (0.034929613151 0.300687797421 0) (0.0351432703953 0.301593570084 0) (0.0353575702252 0.302499190932 0) (0.0355725125329 0.303404659507 0) (0.0357880972101 0.304309975354 0) (0.0360043241484 0.305215138018 0) (0.0362211932388 0.306120147042 0) (0.0364387043722 0.307025001971 0) (0.0366568574392 0.30792970235 0) (0.0368756523299 0.308834247723 0) (0.0370950889341 0.309738637635 0) (0.0373151671415 0.31064287163 0) (0.0375358868412 0.311546949255 0) (0.0377572479221 0.312450870052 0) (0.0379792502728 0.313354633568 0) (0.0382018937815 0.314258239347 0) (0.0384251783363 0.315161686935 0) (0.0386491038246 0.316064975876 0) (0.0388736701337 0.316968105717 0) (0.0390988771507 0.317871076002 0) (0.0393247247621 0.318773886277 0) (0.0395512128542 0.319676536087 0) (0.0397783413131 0.320579024979 0) (0.0400061100244 0.321481352497 0) (0.0402345188735 0.322383518188 0) (0.0404635677454 0.323285521597 0) (0.0406932565247 0.324187362271 0) (0.040923585096 0.325089039755 0) (0.0411545533431 0.325990553596 0) (0.0413861611499 0.326891903339 0) (0.0416184083998 0.327793088532 0) (0.0418512949758 0.32869410872 0) (0.0420848207608 0.329594963449 0) (0.0423189856371 0.330495652267 0) (0.042553789487 0.33139617472 0) (0.0427892321921 0.332296530355 0))
    polyLine 29 33 ((-0.242888882836 0.755171357432 -0.03) (-0.241404614157 0.758408959703 -0.03) (-0.239909977163 0.761655522727 -0.03) (-0.238404897926 0.764911097209 -0.03) (-0.236889301883 0.768175734123 -0.03) (-0.235363113836 0.771449484718 -0.03) (-0.23382625794 0.774732400516 -0.03) (-0.232278657698 0.778024533318 -0.03) (-0.230720235961 0.781325935204 -0.03) (-0.229150914914 0.784636658536 -0.03) (-0.227570616075 0.787956755962 -0.03) (-0.225979260285 0.791286280414 -0.03) (-0.224376767705 0.794625285117 -0.03) (-0.222763057809 0.797973823583 -0.03) (-0.221138049376 0.801331949623 -0.03) (-0.219501660484 0.804699717341 -0.03) (-0.217853808503 0.808077181143 -0.03) (-0.216194410092 0.811464395733 -0.03) (-0.214523381185 0.814861416123 -0.03) (-0.212840636992 0.818268297631 -0.03) (-0.211146091987 0.821685095882 -0.03) (-0.209439659902 0.825111866816 -0.03) (-0.20772125372 0.828548666687 -0.03))
    polyLine 31 35 ((-0.242888882836 0.755171357432 0) (-0.241404614157 0.758408959703 0) (-0.239909977163 0.761655522727 0) (-0.238404897926 0.764911097209 0) (-0.236889301883 0.768175734123 0) (-0.235363113836 0.771449484718 0) (-0.23382625794 0.774732400516 0) (-0.232278657698 0.778024533318 0) (-0.230720235961 0.781325935204 0) (-0.229150914914 0.784636658536 0) (-0.227570616075 0.787956755962 0) (-0.225979260285 0.791286280414 0) (-0.224376767705 0.794625285117 0) (-0.222763057809 0.797973823583 0) (-0.221138049376 0.801331949623 0) (-0.219501660484 0.804699717341 0) (-0.217853808503 0.808077181143 0) (-0.216194410092 0.811464395733 0) (-0.214523381185 0.814861416123 0) (-0.212840636992 0.818268297631 0) (-0.211146091987 0.821685095882 0) (-0.209439659902 0.825111866816 0) (-0.20772125372 0.828548666687 0))
    polyLine 32 36 ((0.0430253136341 0.333196718718 -0.03) (0.043262033694 0.334096739356 -0.03) (0.0434993922527 0.334996591817 -0.03) (0.0437373891907 0.335896275646 -0.03) (0.0439760243882 0.336795790393 -0.03) (0.0442152977251 0.337695135602 -0.03) (0.0444552090809 0.338594310823 -0.03) (0.0446957583349 0.339493315602 -0.03) (0.044936945366 0.340392149487 -0.03) (0.0451787700528 0.341290812025 -0.03) (0.0454212322735 0.342189302763 -0.03) (0.0456643319061 0.343087621251 -0.03) (0.0459080688283 0.343985767035 -0.03) (0.0461524429173 0.344883739663 -0.03) (0.04639745405 0.345781538683 -0.03) (0.0466431021033 0.346679163644 -0.03) (0.0468893869534 0.347576614093 -0.03) (0.0471363084764 0.348473889579 -0.03) (0.0473838665479 0.34937098965 -0.03) (0.0476320610433 0.350267913854 -0.03) (0.0478808918378 0.351164661741 -0.03) (0.048130358806 0.352061232858 -0.03) (0.0483804618224 0.352957626754 -0.03) (0.0486312007611 0.353853842979 -0.03) (0.0488825754958 0.35474988108 -0.03) (0.0491345859 0.355645740607 -0.03) (0.049387231847 0.356541421109 -0.03) (0.0496405132094 0.357436922135 -0.03) (0.0498944298598 0.358332243234 -0.03) (0.0501489816703 0.359227383956 -0.03) (0.0504041685129 0.36012234385 -0.03) (0.0506599902591 0.361017122465 -0.03) (0.0509164467801 0.361911719351 -0.03) (0.0511735379468 0.362806134059 -0.03) (0.0514312636298 0.363700366136 -0.03) (0.0516896236994 0.364594415134 -0.03) (0.0519486180255 0.365488280602 -0.03) (0.0522082464777 0.366381962091 -0.03) (0.0524685089253 0.36727545915 -0.03) (0.0527294052374 0.368168771329 -0.03) (0.0529909352826 0.36906189818 -0.03) (0.0532530989293 0.369954839252 -0.03) (0.0535158960454 0.370847594097 -0.03) (0.0537793264988 0.371740162264 -0.03) (0.0540433901567 0.372632543304 -0.03) (0.0543080868863 0.373524736768 -0.03))
    polyLine 34 38 ((0.0430253136341 0.333196718718 0) (0.043262033694 0.334096739356 0) (0.0434993922527 0.334996591817 0) (0.0437373891907 0.335896275646 0) (0.0439760243882 0.336795790393 0) (0.0442152977251 0.337695135602 0) (0.0444552090809 0.338594310823 0) (0.0446957583349 0.339493315602 0) (0.044936945366 0.340392149487 0) (0.0451787700528 0.341290812025 0) (0.0454212322735 0.342189302763 0) (0.0456643319061 0.343087621251 0) (0.0459080688283 0.343985767035 0) (0.0461524429173 0.344883739663 0) (0.04639745405 0.345781538683 0) (0.0466431021033 0.346679163644 0) (0.0468893869534 0.347576614093 0) (0.0471363084764 0.348473889579 0) (0.0473838665479 0.34937098965 0) (0.0476320610433 0.350267913854 0) (0.0478808918378 0.351164661741 0) (0.048130358806 0.352061232858 0) (0.0483804618224 0.352957626754 0) (0.0486312007611 0.353853842979 0) (0.0488825754958 0.35474988108 0) (0.0491345859 0.355645740607 0) (0.049387231847 0.356541421109 0) (0.0496405132094 0.357436922135 0) (0.0498944298598 0.358332243234 0) (0.0501489816703 0.359227383956 0) (0.0504041685129 0.36012234385 0) (0.0506599902591 0.361017122465 0) (0.0509164467801 0.361911719351 0) (0.0511735379468 0.362806134059 0) (0.0514312636298 0.363700366136 0) (0.0516896236994 0.364594415134 0) (0.0519486180255 0.365488280602 0) (0.0522082464777 0.366381962091 0) (0.0524685089253 0.36727545915 0) (0.0527294052374 0.368168771329 0) (0.0529909352826 0.36906189818 0) (0.0532530989293 0.369954839252 0) (0.0535158960454 0.370847594097 0) (0.0537793264988 0.371740162264 0) (0.0540433901567 0.372632543304 0) (0.0543080868863 0.373524736768 0))
    polyLine 33 37 ((-0.204466695799 0.835019827899 -0.03) (-0.202933243906 0.838051906971 -0.03) (-0.201390369745 0.84109182779 -0.03) (-0.19983801261 0.844139629051 -0.03) (-0.198276111333 0.847195349645 -0.03) (-0.196704604277 0.850259028658 -0.03) (-0.195123429336 0.853330705373 -0.03) (-0.193532523928 0.856410419271 -0.03) (-0.191931824993 0.859498210033 -0.03) (-0.190321268985 0.862594117543 -0.03) (-0.188700791875 0.865698181884 -0.03) (-0.18707032914 0.868810443348 -0.03) (-0.185429815761 0.871930942432 -0.03) (-0.183779186221 0.875059719839 -0.03) (-0.182118374496 0.878196816484 -0.03) (-0.180447314057 0.881342273493 -0.03) (-0.17876593786 0.884496132202 -0.03) (-0.177074178343 0.887658434166 -0.03) (-0.175371967424 0.890829221153 -0.03) (-0.173659236493 0.894008535151 -0.03) (-0.171935916409 0.897196418365 -0.03) (-0.170201937496 0.900392913226 -0.03) (-0.168457229538 0.903598062385 -0.03))
    polyLine 35 39 ((-0.204466695799 0.835019827899 0) (-0.202933243906 0.838051906971 0) (-0.201390369745 0.84109182779 0) (-0.19983801261 0.844139629051 0) (-0.198276111333 0.847195349645 0) (-0.196704604277 0.850259028658 0) (-0.195123429336 0.853330705373 0) (-0.193532523928 0.856410419271 0) (-0.191931824993 0.859498210033 0) (-0.190321268985 0.862594117543 0) (-0.188700791875 0.865698181884 0) (-0.18707032914 0.868810443348 0) (-0.185429815761 0.871930942432 0) (-0.183779186221 0.875059719839 0) (-0.182118374496 0.878196816484 0) (-0.180447314057 0.881342273493 0) (-0.17876593786 0.884496132202 0) (-0.177074178343 0.887658434166 0) (-0.175371967424 0.890829221153 0) (-0.173659236493 0.894008535151 0) (-0.171935916409 0.897196418365 0) (-0.170201937496 0.900392913226 0) (-0.168457229538 0.903598062385 0))
    polyLine 36 40 ((0.0545734165543 0.374416742207 -0.03) (0.0548393790272 0.375308559172 -0.03) (0.0551059741711 0.376200187214 -0.03) (0.0553732018517 0.377091625884 -0.03) (0.0556410619347 0.377982874734 -0.03) (0.055909554285 0.378873933315 -0.03) (0.0561786787677 0.379764801177 -0.03) (0.0564484352471 0.380655477874 -0.03) (0.0567188235876 0.381545962956 -0.03) (0.056989843653 0.382436255976 -0.03) (0.0572614953068 0.383326356484 -0.03) (0.0575337784124 0.384216264033 -0.03) (0.0578066928327 0.385105978176 -0.03) (0.0580802384303 0.385995498464 -0.03) (0.0583544150674 0.386884824449 -0.03) (0.0586292226062 0.387773955684 -0.03) (0.0589046609082 0.388662891721 -0.03) (0.0591807298348 0.389551632112 -0.03) (0.059457429247 0.390440176411 -0.03) (0.0597347590056 0.391328524171 -0.03) (0.0600127189709 0.392216674943 -0.03) (0.0602913090031 0.39310462828 -0.03) (0.0605705289618 0.393992383737 -0.03) (0.0608503787066 0.394879940866 -0.03) (0.0611308580966 0.395767299219 -0.03) (0.0614119669905 0.396654458352 -0.03) (0.0616937052469 0.397541417816 -0.03) (0.0619760727239 0.398428177165 -0.03) (0.0622590692795 0.399314735954 -0.03) (0.0625426947711 0.400201093735 -0.03) (0.062826949056 0.401087250063 -0.03) (0.0631118319911 0.401973204492 -0.03) (0.063397343433 0.402858956575 -0.03) (0.063683483238 0.403744505867 -0.03) (0.063970251262 0.404629851922 -0.03) (0.0642576473606 0.405514994294 -0.03) (0.0645456713893 0.406399932537 -0.03) (0.0648343232031 0.407284666207 -0.03) (0.0651236026565 0.408169194858 -0.03) (0.0654135096041 0.409053518044 -0.03) (0.0657040438998 0.409937635321 -0.03) (0.0659952053974 0.410821546243 -0.03) (0.0662869939505 0.411705250366 -0.03) (0.0665794094119 0.412588747244 -0.03) (0.0668724516347 0.413472036433 -0.03))
    polyLine 38 42 ((0.0545734165543 0.374416742207 0) (0.0548393790272 0.375308559172 0) (0.0551059741711 0.376200187214 0) (0.0553732018517 0.377091625884 0) (0.0556410619347 0.377982874734 0) (0.055909554285 0.378873933315 0) (0.0561786787677 0.379764801177 0) (0.0564484352471 0.380655477874 0) (0.0567188235876 0.381545962956 0) (0.056989843653 0.382436255976 0) (0.0572614953068 0.383326356484 0) (0.0575337784124 0.384216264033 0) (0.0578066928327 0.385105978176 0) (0.0580802384303 0.385995498464 0) (0.0583544150674 0.386884824449 0) (0.0586292226062 0.387773955684 0) (0.0589046609082 0.388662891721 0) (0.0591807298348 0.389551632112 0) (0.059457429247 0.390440176411 0) (0.0597347590056 0.391328524171 0) (0.0600127189709 0.392216674943 0) (0.0602913090031 0.39310462828 0) (0.0605705289618 0.393992383737 0) (0.0608503787066 0.394879940866 0) (0.0611308580966 0.395767299219 0) (0.0614119669905 0.396654458352 0) (0.0616937052469 0.397541417816 0) (0.0619760727239 0.398428177165 0) (0.0622590692795 0.399314735954 0) (0.0625426947711 0.400201093735 0) (0.062826949056 0.401087250063 0) (0.0631118319911 0.401973204492 0) (0.063397343433 0.402858956575 0) (0.063683483238 0.403744505867 0) (0.063970251262 0.404629851922 0) (0.0642576473606 0.405514994294 0) (0.0645456713893 0.406399932537 0) (0.0648343232031 0.407284666207 0) (0.0651236026565 0.408169194858 0) (0.0654135096041 0.409053518044 0) (0.0657040438998 0.409937635321 0) (0.0659952053974 0.410821546243 0) (0.0662869939505 0.411705250366 0) (0.0665794094119 0.412588747244 0) (0.0668724516347 0.413472036433 0))
    polyLine 37 41 ((-0.165139114095 0.909663302068 -0.03) (-0.163567943001 0.912521570324 -0.03) (-0.161988158364 0.915386743651 -0.03) (-0.160399709713 0.918258852357 -0.03) (-0.158802546226 0.92113792689 -0.03) (-0.157196616731 0.924023997845 -0.03) (-0.155581869703 0.926917095962 -0.03) (-0.153958253261 0.929817252128 -0.03) (-0.152325715161 0.932724497378 -0.03) (-0.150684202801 0.935638862894 -0.03) (-0.149033663213 0.93856038001 -0.03) (-0.147374043059 0.941489080211 -0.03) (-0.145705288633 0.944424995132 -0.03) (-0.144027345852 0.947368156563 -0.03) (-0.14234016026 0.950318596449 -0.03) (-0.140643677018 0.953276346889 -0.03) (-0.138937840906 0.95624144014 -0.03) (-0.137222596317 0.959213908616 -0.03) (-0.135497887256 0.96219378489 -0.03) (-0.133763657335 0.965181101698 -0.03) (-0.132019849772 0.968175891933 -0.03) (-0.130266407384 0.971178188655 -0.03) (-0.128503272589 0.974188025086 -0.03))
    polyLine 39 43 ((-0.165139114095 0.909663302068 0) (-0.163567943001 0.912521570324 0) (-0.161988158364 0.915386743651 0) (-0.160399709713 0.918258852357 0) (-0.158802546226 0.92113792689 0) (-0.157196616731 0.924023997845 0) (-0.155581869703 0.926917095962 0) (-0.153958253261 0.929817252128 0) (-0.152325715161 0.932724497378 0) (-0.150684202801 0.935638862894 0) (-0.149033663213 0.93856038001 0) (-0.147374043059 0.941489080211 0) (-0.145705288633 0.944424995132 0) (-0.144027345852 0.947368156563 0) (-0.14234016026 0.950318596449 0) (-0.140643677018 0.953276346889 0) (-0.138937840906 0.95624144014 0) (-0.137222596317 0.959213908616 0) (-0.135497887256 0.96219378489 0) (-0.133763657335 0.965181101698 0) (-0.132019849772 0.968175891933 0) (-0.130266407384 0.971178188655 0) (-0.128503272589 0.974188025086 0))
    polyLine 40 44 ((0.0671661204713 0.414355117489 -0.03) (0.0674604157738 0.415237989966 -0.03) (0.067755337394 0.416120653421 -0.03) (0.0680508851837 0.417003107408 -0.03) (0.0683470589939 0.417885351485 -0.03) (0.0686438586756 0.418767385206 -0.03) (0.0689412840793 0.419649208128 -0.03) (0.0692393350555 0.420530819806 -0.03) (0.0695380114539 0.421412219798 -0.03) (0.0698373131244 0.422293407659 -0.03) (0.0701372399161 0.423174382945 -0.03) (0.0704377916782 0.424055145214 -0.03) (0.0707389682594 0.424935694022 -0.03) (0.0710407695079 0.425816028926 -0.03) (0.071343195272 0.426696149482 -0.03) (0.0716462453994 0.427576055248 -0.03) (0.0719499197376 0.42845574578 -0.03) (0.0722542181336 0.429335220636 -0.03) (0.0725591404343 0.430214479373 -0.03) (0.0728646864862 0.431093521549 -0.03) (0.0731708561355 0.43197234672 -0.03) (0.073477649228 0.432850954445 -0.03) (0.0737850656095 0.433729344281 -0.03) (0.074093105125 0.434607515787 -0.03) (0.0744017676195 0.435485468519 -0.03) (0.0747110529377 0.436363202037 -0.03) (0.0750209609239 0.437240715898 -0.03) (0.0753314914221 0.438118009661 -0.03) (0.0756426442759 0.438995082883 -0.03) (0.0759544193287 0.439871935124 -0.03) (0.0762668164237 0.440748565942 -0.03) (0.0765798354034 0.441624974896 -0.03) (0.0768934761104 0.442501161545 -0.03) (0.0772077383868 0.443377125447 -0.03) (0.0775226220744 0.444252866162 -0.03) (0.0778381270147 0.445128383248 -0.03) (0.0781542530489 0.446003676266 -0.03) (0.0784710000177 0.446878744774 -0.03) (0.0787883677619 0.447753588332 -0.03) (0.0791063561216 0.4486282065 -0.03) (0.0794249649368 0.449502598837 -0.03) (0.079744194047 0.450376764903 -0.03) (0.0800640432916 0.451250704258 -0.03) (0.0803845125096 0.452124416463 -0.03) (0.0807056015397 0.452997901077 -0.03))
    polyLine 42 46 ((0.0671661204713 0.414355117489 0) (0.0674604157738 0.415237989966 0) (0.067755337394 0.416120653421 0) (0.0680508851837 0.417003107408 0) (0.0683470589939 0.417885351485 0) (0.0686438586756 0.418767385206 0) (0.0689412840793 0.419649208128 0) (0.0692393350555 0.420530819806 0) (0.0695380114539 0.421412219798 0) (0.0698373131244 0.422293407659 0) (0.0701372399161 0.423174382945 0) (0.0704377916782 0.424055145214 0) (0.0707389682594 0.424935694022 0) (0.0710407695079 0.425816028926 0) (0.071343195272 0.426696149482 0) (0.0716462453994 0.427576055248 0) (0.0719499197376 0.42845574578 0) (0.0722542181336 0.429335220636 0) (0.0725591404343 0.430214479373 0) (0.0728646864862 0.431093521549 0) (0.0731708561355 0.43197234672 0) (0.073477649228 0.432850954445 0) (0.0737850656095 0.433729344281 0) (0.074093105125 0.434607515787 0) (0.0744017676195 0.435485468519 0) (0.0747110529377 0.436363202037 0) (0.0750209609239 0.437240715898 0) (0.0753314914221 0.438118009661 0) (0.0756426442759 0.438995082883 0) (0.0759544193287 0.439871935124 0) (0.0762668164237 0.440748565942 0) (0.0765798354034 0.441624974896 0) (0.0768934761104 0.442501161545 0) (0.0772077383868 0.443377125447 0) (0.0775226220744 0.444252866162 0) (0.0778381270147 0.445128383248 0) (0.0781542530489 0.446003676266 0) (0.0784710000177 0.446878744774 0) (0.0787883677619 0.447753588332 0) (0.0791063561216 0.4486282065 0) (0.0794249649368 0.449502598837 0) (0.079744194047 0.450376764903 0) (0.0800640432916 0.451250704258 0) (0.0803845125096 0.452124416463 0) (0.0807056015397 0.452997901077 0))
    polyLine 41 45 ((-0.125135549067 0.979912109501 -0.03) (-0.123532813589 0.982624900063 -0.03) (-0.121922138574 0.985343830567 -0.03) (-0.120303481358 0.988068925389 -0.03) (-0.11867679901 0.990800209018 -0.03) (-0.117042048327 0.993537706052 -0.03) (-0.115399185832 0.996281441199 -0.03) (-0.113748167772 0.999031439282 -0.03) (-0.112088950117 1.00178772523 -0.03) (-0.110421488557 1.00455032411 -0.03) (-0.108745738499 1.00731926106 -0.03) (-0.107061655067 1.01009456137 -0.03) (-0.105369193099 1.01287625043 -0.03) (-0.103668307145 1.01566435376 -0.03) (-0.101958951464 1.01845889698 -0.03) (-0.100241080023 1.02125990584 -0.03) (-0.0985146464929 1.02406740621 -0.03) (-0.0967796042501 1.02688142408 -0.03) (-0.0950359063704 1.02970198555 -0.03) (-0.0932835056285 1.03252911686 -0.03) (-0.0915223544953 1.03536284435 -0.03) (-0.0897524051363 1.03820319451 -0.03) (-0.0879736094082 1.04105019394 -0.03))
    polyLine 43 47 ((-0.125135549067 0.979912109501 0) (-0.123532813589 0.982624900063 0) (-0.121922138574 0.985343830567 0) (-0.120303481358 0.988068925389 0) (-0.11867679901 0.990800209018 0) (-0.117042048327 0.993537706052 0) (-0.115399185832 0.996281441199 0) (-0.113748167772 0.999031439282 0) (-0.112088950117 1.00178772523 0) (-0.110421488557 1.00455032411 0) (-0.108745738499 1.00731926106 0) (-0.107061655067 1.01009456137 0) (-0.105369193099 1.01287625043 0) (-0.103668307145 1.01566435376 0) (-0.101958951464 1.01845889698 0) (-0.100241080023 1.02125990584 0) (-0.0985146464929 1.02406740621 0) (-0.0967796042501 1.02688142408 0) (-0.0950359063704 1.02970198555 0) (-0.0932835056285 1.03252911686 0) (-0.0915223544953 1.03536284435 0) (-0.0897524051363 1.03820319451 0) (-0.0879736094082 1.04105019394 0))
    polyLine 44 48 ((0.0810273102202 0.453871157661 -0.03) (0.0813496383892 0.454744185775 -0.03) (0.0816725858845 0.455616984979 -0.03) (0.0819961525434 0.456489554835 -0.03) (0.0823203382031 0.457361894903 -0.03) (0.0826451427004 0.458234004744 -0.03) (0.0829705658718 0.459105883919 -0.03) (0.0832966075535 0.459977531989 -0.03) (0.0836232675814 0.460848948515 -0.03) (0.0839505457911 0.461720133059 -0.03) (0.0842784420177 0.462591085182 -0.03) (0.0846069560962 0.463461804446 -0.03) (0.0849360878614 0.464332290412 -0.03) (0.0852658371474 0.465202542643 -0.03) (0.0855962037883 0.466072560699 -0.03) (0.0859271876178 0.466942344144 -0.03) (0.0862587884693 0.467811892539 -0.03) (0.0865910061759 0.468681205447 -0.03) (0.0869238405703 0.46955028243 -0.03) (0.087257291485 0.47041912305 -0.03) (0.0875913587522 0.471287726871 -0.03) (0.0879260422036 0.472156093454 -0.03) (0.0882613416708 0.473024222364 -0.03) (0.0885972569851 0.473892113162 -0.03) (0.0889337879773 0.474759765412 -0.03) (0.089270934478 0.475627178678 -0.03) (0.0896086963175 0.476494352522 -0.03) (0.0899470733258 0.477361286508 -0.03) (0.0902860653326 0.4782279802 -0.03) (0.0906256721672 0.479094433161 -0.03) (0.0909658936586 0.479960644956 -0.03) (0.0913067296357 0.480826615147 -0.03) (0.0916481799268 0.4816923433 -0.03) (0.09199024436 0.482557828979 -0.03) (0.0923329227632 0.483423071747 -0.03) (0.0926762149639 0.48428807117 -0.03) (0.0930201207893 0.485152826811 -0.03) (0.0933646400662 0.486017338236 -0.03) (0.0937097726212 0.48688160501 -0.03) (0.0940555182806 0.487745626697 -0.03) (0.0944018768703 0.488609402862 -0.03) (0.094748848216 0.48947293307 -0.03) (0.0950964321431 0.490336216888 -0.03) (0.0954446284766 0.49119925388 -0.03) (0.0957934370411 0.492062043612 -0.03))
    polyLine 46 50 ((0.0810273102202 0.453871157661 0) (0.0813496383892 0.454744185775 0) (0.0816725858845 0.455616984979 0) (0.0819961525434 0.456489554835 0) (0.0823203382031 0.457361894903 0) (0.0826451427004 0.458234004744 0) (0.0829705658718 0.459105883919 0) (0.0832966075535 0.459977531989 0) (0.0836232675814 0.460848948515 0) (0.0839505457911 0.461720133059 0) (0.0842784420177 0.462591085182 0) (0.0846069560962 0.463461804446 0) (0.0849360878614 0.464332290412 0) (0.0852658371474 0.465202542643 0) (0.0855962037883 0.466072560699 0) (0.0859271876178 0.466942344144 0) (0.0862587884693 0.467811892539 0) (0.0865910061759 0.468681205447 0) (0.0869238405703 0.46955028243 0) (0.087257291485 0.47041912305 0) (0.0875913587522 0.471287726871 0) (0.0879260422036 0.472156093454 0) (0.0882613416708 0.473024222364 0) (0.0885972569851 0.473892113162 0) (0.0889337879773 0.474759765412 0) (0.089270934478 0.475627178678 0) (0.0896086963175 0.476494352522 0) (0.0899470733258 0.477361286508 0) (0.0902860653326 0.4782279802 0) (0.0906256721672 0.479094433161 0) (0.0909658936586 0.479960644956 0) (0.0913067296357 0.480826615147 0) (0.0916481799268 0.4816923433 0) (0.09199024436 0.482557828979 0) (0.0923329227632 0.483423071747 0) (0.0926762149639 0.48428807117 0) (0.0930201207893 0.485152826811 0) (0.0933646400662 0.486017338236 0) (0.0937097726212 0.48688160501 0) (0.0940555182806 0.487745626697 0) (0.0944018768703 0.488609402862 0) (0.094748848216 0.48947293307 0) (0.0950964321431 0.490336216888 0) (0.0954446284766 0.49119925388 0) (0.0957934370411 0.492062043612 0))
    polyLine 45 49 ((-0.0845614520043 1.04649047144 -0.03) (-0.0829296337355 1.04908257585 -0.03) (-0.0812904275438 1.05168020264 -0.03) (-0.0796437967078 1.05428337193 -0.03) (-0.0779897042907 1.05689210393 -0.03) (-0.076328113139 1.05950641895 -0.03) (-0.0746589858811 1.06212633738 -0.03) (-0.0729822849254 1.06475187969 -0.03) (-0.071297972459 1.06738306645 -0.03) (-0.0696060104464 1.07001991831 -0.03) (-0.0679063606275 1.07266245603 -0.03) (-0.0661989845163 1.07531070043 -0.03) (-0.0644838433994 1.07796467246 -0.03) (-0.0627608983341 1.08062439313 -0.03) (-0.0610301101471 1.08328988356 -0.03) (-0.0592914394328 1.08596116495 -0.03) (-0.0575448465516 1.08863825862 -0.03) (-0.0557902916284 1.09132118594 -0.03) (-0.0540277345506 1.09400996843 -0.03) (-0.0522571349668 1.09670462766 -0.03) (-0.0504784522852 1.09940518533 -0.03) (-0.0486916456712 1.10211166321 -0.03) (-0.0468966740467 1.10482408318 -0.03))
    polyLine 47 51 ((-0.0845614520043 1.04649047144 0) (-0.0829296337355 1.04908257585 0) (-0.0812904275438 1.05168020264 0) (-0.0796437967078 1.05428337193 0) (-0.0779897042907 1.05689210393 0) (-0.076328113139 1.05950641895 0) (-0.0746589858811 1.06212633738 0) (-0.0729822849254 1.06475187969 0) (-0.071297972459 1.06738306645 0) (-0.0696060104464 1.07001991831 0) (-0.0679063606275 1.07266245603 0) (-0.0661989845163 1.07531070043 0) (-0.0644838433994 1.07796467246 0) (-0.0627608983341 1.08062439313 0) (-0.0610301101471 1.08328988356 0) (-0.0592914394328 1.08596116495 0) (-0.0575448465516 1.08863825862 0) (-0.0557902916284 1.09132118594 0) (-0.0540277345506 1.09400996843 0) (-0.0522571349668 1.09670462766 0) (-0.0504784522852 1.09940518533 0) (-0.0486916456712 1.10211166321 0) (-0.0468966740467 1.10482408318 0))
    polyLine 48 52 ((0.0961428576612 0.492924585649 -0.03) (0.0964928901609 0.493786879558 -0.03) (0.096843534364 0.494648924905 -0.03) (0.097194790094 0.495510721254 -0.03) (0.0975466571741 0.496372268174 -0.03) (0.0978991354272 0.497233565229 -0.03) (0.0982522246759 0.498094611986 -0.03) (0.0986059247423 0.498955408013 -0.03) (0.0989602354485 0.499815952875 -0.03) (0.0993151566161 0.500676246139 -0.03) (0.0996706880665 0.501536287373 -0.03) (0.100026829621 0.502396076143 -0.03) (0.100383581099 0.503255612017 -0.03) (0.100740942323 0.504114894562 -0.03) (0.101098913111 0.504973923346 -0.03) (0.101457493285 0.505832697935 -0.03) (0.101816682663 0.506691217898 -0.03) (0.102176481064 0.507549482803 -0.03) (0.102536888308 0.508407492217 -0.03) (0.102897904213 0.509265245709 -0.03) (0.103259528597 0.510122742846 -0.03) (0.103621761278 0.510979983198 -0.03) (0.103984602074 0.511836966333 -0.03) (0.104348050802 0.512693691819 -0.03) (0.10471210728 0.513550159224 -0.03) (0.105076771323 0.514406368119 -0.03) (0.10544204275 0.515262318072 -0.03) (0.105807921374 0.516118008651 -0.03) (0.106174407013 0.516973439427 -0.03) (0.106541499483 0.517828609969 -0.03) (0.106909198597 0.518683519846 -0.03) (0.107274410985 0.519531818792 -0.03) (0.107639623374 0.520380117737 -0.03) (0.108004835763 0.521228416683 -0.03) (0.108370048151 0.522076715629 -0.03) (0.10873526054 0.522925014574 -0.03) (0.109100472929 0.52377331352 -0.03) (0.109465685317 0.524621612466 -0.03) (0.109830897706 0.525469911411 -0.03) (0.110196110095 0.526318210357 -0.03) (0.110561322483 0.527166509303 -0.03) (0.110926534872 0.528014808248 -0.03) (0.111291747261 0.528863107194 -0.03) (0.111656959649 0.52971140614 -0.03) (0.112022172038 0.530559705085 -0.03) (0.112387384427 0.531408004031 -0.03))
    polyLine 50 54 ((0.0961428576612 0.492924585649 0) (0.0964928901609 0.493786879558 0) (0.096843534364 0.494648924905 0) (0.097194790094 0.495510721254 0) (0.0975466571741 0.496372268174 0) (0.0978991354272 0.497233565229 0) (0.0982522246759 0.498094611986 0) (0.0986059247423 0.498955408013 0) (0.0989602354485 0.499815952875 0) (0.0993151566161 0.500676246139 0) (0.0996706880665 0.501536287373 0) (0.100026829621 0.502396076143 0) (0.100383581099 0.503255612017 0) (0.100740942323 0.504114894562 0) (0.101098913111 0.504973923346 0) (0.101457493285 0.505832697935 0) (0.101816682663 0.506691217898 0) (0.102176481064 0.507549482803 0) (0.102536888308 0.508407492217 0) (0.102897904213 0.509265245709 0) (0.103259528597 0.510122742846 0) (0.103621761278 0.510979983198 0) (0.103984602074 0.511836966333 0) (0.104348050802 0.512693691819 0) (0.10471210728 0.513550159224 0) (0.105076771323 0.514406368119 0) (0.10544204275 0.515262318072 0) (0.105807921374 0.516118008651 0) (0.106174407013 0.516973439427 0) (0.106541499483 0.517828609969 0) (0.106909198597 0.518683519846 0) (0.107274410985 0.519531818792 0) (0.107639623374 0.520380117737 0) (0.108004835763 0.521228416683 0) (0.108370048151 0.522076715629 0) (0.10873526054 0.522925014574 0) (0.109100472929 0.52377331352 0) (0.109465685317 0.524621612466 0) (0.109830897706 0.525469911411 0) (0.110196110095 0.526318210357 0) (0.110561322483 0.527166509303 0) (0.110926534872 0.528014808248 0) (0.111291747261 0.528863107194 0) (0.111656959649 0.52971140614 0) (0.112022172038 0.530559705085 0) (0.112387384427 0.531408004031 0))
    polyLine 49 53 ((-0.0434436524188 1.11002408039 -0.03) (-0.0417869322807 1.11251067816 -0.03) (-0.0401233038914 1.11500227739 -0.03) (-0.0384527352953 1.11749889497 -0.03) (-0.0367751943617 1.12000054788 -0.03) (-0.0350906487839 1.12250725316 -0.03) (-0.0333990660775 1.12501902793 -0.03) (-0.03170041358 1.12753588937 -0.03) (-0.0299946584488 1.13005785475 -0.03) (-0.0282817676609 1.13258494139 -0.03) (-0.0265617080108 1.13511716669 -0.03) (-0.0248344461102 1.13765454814 -0.03) (-0.0230999483859 1.14019710329 -0.03) (-0.0213581810795 1.14274484976 -0.03) (-0.0196091102453 1.14529780525 -0.03) (-0.0178527017498 1.14785598753 -0.03) (-0.01608892127 1.15041941446 -0.03) (-0.014317734292 1.15298810397 -0.03) (-0.0125391061106 1.15556207406 -0.03) (-0.0107530018268 1.1581413428 -0.03) (-0.00895938634747 1.16072592836 -0.03) (-0.00715822438371 1.16331584898 -0.03) (-0.00534948044946 1.16591112296 -0.03))
    polyLine 51 55 ((-0.0434436524188 1.11002408039 0) (-0.0417869322807 1.11251067816 0) (-0.0401233038914 1.11500227739 0) (-0.0384527352953 1.11749889497 0) (-0.0367751943617 1.12000054788 0) (-0.0350906487839 1.12250725316 0) (-0.0333990660775 1.12501902793 0) (-0.03170041358 1.12753588937 0) (-0.0299946584488 1.13005785475 0) (-0.0282817676609 1.13258494139 0) (-0.0265617080108 1.13511716669 0) (-0.0248344461102 1.13765454814 0) (-0.0230999483859 1.14019710329 0) (-0.0213581810795 1.14274484976 0) (-0.0196091102453 1.14529780525 0) (-0.0178527017498 1.14785598753 0) (-0.01608892127 1.15041941446 0) (-0.014317734292 1.15298810397 0) (-0.0125391061106 1.15556207406 0) (-0.0107530018268 1.1581413428 0) (-0.00895938634747 1.16072592836 0) (-0.00715822438371 1.16331584898 0) (-0.00534948044946 1.16591112296 0))
    polyLine 52 56 ((0.112752596815 0.532256302977 -0.03) (0.113117809204 0.533104601922 -0.03) (0.113483021593 0.533952900868 -0.03) (0.113848233981 0.534801199814 -0.03) (0.11421344637 0.535649498759 -0.03) (0.114578658759 0.536497797705 -0.03) (0.114943871147 0.537346096651 -0.03) (0.115309083536 0.538194395596 -0.03) (0.115680664418 0.539046792627 -0.03) (0.116059983018 0.539895774636 -0.03) (0.116447007954 0.540741271383 -0.03) (0.116841707206 0.541583212919 -0.03) (0.117244048121 0.542421529589 -0.03) (0.117653997411 0.543256152037 -0.03) (0.11807152116 0.544087011212 -0.03) (0.118496584827 0.544914038376 -0.03) (0.118929153244 0.545737165108 -0.03) (0.119369190624 0.546556323306 -0.03) (0.119816660562 0.547371445202 -0.03) (0.120271526037 0.548182463359 -0.03) (0.120733749418 0.548989310678 -0.03) (0.121203292464 0.549791920408 -0.03) (0.121680116329 0.550590226147 -0.03) (0.122164181563 0.551384161849 -0.03) (0.12265544812 0.552173661831 -0.03) (0.123153875355 0.552958660775 -0.03) (0.123659422032 0.553739093737 -0.03) (0.124172046327 0.554514896149 -0.03) (0.124691705829 0.555286003828 -0.03) (0.125218357545 0.556052352978 -0.03) (0.125751957905 0.556813880198 -0.03) (0.126292462762 0.557570522485 -0.03) (0.126839827399 0.55832221724 -0.03) (0.127394006532 0.559068902274 -0.03) (0.127954954312 0.559810515811 -0.03) (0.128522624331 0.560546996497 -0.03) (0.129096969623 0.5612782834 -0.03) (0.129677942673 0.562004316021 -0.03) (0.130265495415 0.562725034292 -0.03) (0.130859579239 0.563440378587 -0.03) (0.131460144996 0.564150289724 -0.03) (0.132067143 0.56485470897 -0.03) (0.132680523031 0.565553578048 -0.03) (0.133300234345 0.566246839137 -0.03) (0.13392622567 0.566934434885 -0.03))
    polyLine 54 58 ((0.112752596815 0.532256302977 0) (0.113117809204 0.533104601922 0) (0.113483021593 0.533952900868 0) (0.113848233981 0.534801199814 0) (0.11421344637 0.535649498759 0) (0.114578658759 0.536497797705 0) (0.114943871147 0.537346096651 0) (0.115309083536 0.538194395596 0) (0.115680664418 0.539046792627 0) (0.116059983018 0.539895774636 0) (0.116447007954 0.540741271383 0) (0.116841707206 0.541583212919 0) (0.117244048121 0.542421529589 0) (0.117653997411 0.543256152037 0) (0.11807152116 0.544087011212 0) (0.118496584827 0.544914038376 0) (0.118929153244 0.545737165108 0) (0.119369190624 0.546556323306 0) (0.119816660562 0.547371445202 0) (0.120271526037 0.548182463359 0) (0.120733749418 0.548989310678 0) (0.121203292464 0.549791920408 0) (0.121680116329 0.550590226147 0) (0.122164181563 0.551384161849 0) (0.12265544812 0.552173661831 0) (0.123153875355 0.552958660775 0) (0.123659422032 0.553739093737 0) (0.124172046327 0.554514896149 0) (0.124691705829 0.555286003828 0) (0.125218357545 0.556052352978 0) (0.125751957905 0.556813880198 0) (0.126292462762 0.557570522485 0) (0.126839827399 0.55832221724 0) (0.127394006532 0.559068902274 0) (0.127954954312 0.559810515811 0) (0.128522624331 0.560546996497 0) (0.129096969623 0.5612782834 0) (0.129677942673 0.562004316021 0) (0.130265495415 0.562725034292 0) (0.130859579239 0.563440378587 0) (0.131460144996 0.564150289724 0) (0.132067143 0.56485470897 0) (0.132680523031 0.565553578048 0) (0.133300234345 0.566246839137 0) (0.13392622567 0.566934434885 0))
    polyLine 53 57 ((-0.00158712404781 1.17129188333 -0.03) (0.000367623547021 1.17407815403 -0.03) (0.00233116799582 1.17687060344 -0.03) (0.00430355363431 1.17966925431 -0.03) (0.00628482506419 1.18247412946 -0.03) (0.0082750271551 1.18528525186 -0.03) (0.0102742050465 1.18810264454 -0.03) (0.0122824041498 1.19092633068 -0.03) (0.01429967015 1.19375633355 -0.03) (0.0163260490079 1.19659267653 -0.03) (0.0183615869621 1.19943538311 -0.03) (0.0204063305311 1.2022844769 -0.03) (0.0224603265152 1.20513998162 -0.03) (0.0245236219983 1.20800192108 -0.03) (0.0265962643507 1.21087031924 -0.03) (0.0286783012305 1.21374520015 -0.03) (0.0307697805861 1.21662658798 -0.03) (0.0328707506582 1.21951450703 -0.03) (0.0349812599818 1.22240898169 -0.03) (0.0371013573888 1.22531003649 -0.03) (0.0392310920098 1.22821769607 -0.03) (0.0413705132765 1.23113198519 -0.03) (0.0435196709238 1.23405292873 -0.03))
    polyLine 55 59 ((-0.00158712404781 1.17129188333 0) (0.000367623547021 1.17407815403 0) (0.00233116799582 1.17687060344 0) (0.00430355363431 1.17966925431 0) (0.00628482506419 1.18247412946 0) (0.0082750271551 1.18528525186 0) (0.0102742050465 1.18810264454 0) (0.0122824041498 1.19092633068 0) (0.01429967015 1.19375633355 0) (0.0163260490079 1.19659267653 0) (0.0183615869621 1.19943538311 0) (0.0204063305311 1.2022844769 0) (0.0224603265152 1.20513998162 0) (0.0245236219983 1.20800192108 0) (0.0265962643507 1.21087031924 0) (0.0286783012305 1.21374520015 0) (0.0307697805861 1.21662658798 0) (0.0328707506582 1.21951450703 0) (0.0349812599818 1.22240898169 0) (0.0371013573888 1.22531003649 0) (0.0392310920098 1.22821769607 0) (0.0413705132765 1.23113198519 0) (0.0435196709238 1.23405292873 0))
    polyLine 56 60 ((0.134558445217 0.567616308402 -0.03) (0.135196840682 0.568292403278 -0.03) (0.135841359248 0.568962663578 -0.03) (0.136491947593 0.569627033848 -0.03) (0.137148551892 0.570285459124 -0.03) (0.137811117824 0.570937884934 -0.03) (0.138479590572 0.571584257301 -0.03) (0.139153914832 0.572224522748 -0.03) (0.139834034815 0.572858628306 -0.03) (0.140519894255 0.573486521512 -0.03) (0.141211436409 0.574108150422 -0.03) (0.141908604063 0.574723463604 -0.03) (0.142611339539 0.575332410155 -0.03) (0.143319584699 0.575934939693 -0.03) (0.144033280948 0.57653100237 -0.03) (0.144752369239 0.577120548873 -0.03) (0.145476790083 0.577703530427 -0.03) (0.146206483544 0.578279898801 -0.03) (0.146941389255 0.578849606311 -0.03) (0.147681446415 0.579412605823 -0.03) (0.148426593798 0.579968850759 -0.03) (0.149176769754 0.580518295101 -0.03) (0.149931912222 0.58106089339 -0.03) (0.150691958727 0.581596600738 -0.03) (0.151456846387 0.582125372822 -0.03) (0.152226511923 0.582647165898 -0.03) (0.153000891657 0.583161936796 -0.03) (0.153779921525 0.583669642928 -0.03) (0.154563537074 0.58417024229 -0.03) (0.155351673476 0.584663693466 -0.03) (0.156144265524 0.585149955633 -0.03) (0.156941247648 0.58562898856 -0.03) (0.15774255391 0.586100752617 -0.03) (0.158548118017 0.586565208772 -0.03) (0.159357873322 0.587022318602 -0.03) (0.160171752834 0.587472044287 -0.03) (0.160989689216 0.587914348621 -0.03) (0.161811614801 0.588349195012 -0.03) (0.162637461589 0.588776547483 -0.03) (0.163467161254 0.589196370678 -0.03) (0.164300645155 0.589608629866 -0.03) (0.165137844335 0.590013290938 -0.03) (0.165978689531 0.590410320417 -0.03) (0.166823111179 0.590799685454 -0.03) (0.167671039416 0.591181353838 -0.03))
    polyLine 58 62 ((0.134558445217 0.567616308402 0) (0.135196840682 0.568292403278 0) (0.135841359248 0.568962663578 0) (0.136491947593 0.569627033848 0) (0.137148551892 0.570285459124 0) (0.137811117824 0.570937884934 0) (0.138479590572 0.571584257301 0) (0.139153914832 0.572224522748 0) (0.139834034815 0.572858628306 0) (0.140519894255 0.573486521512 0) (0.141211436409 0.574108150422 0) (0.141908604063 0.574723463604 0) (0.142611339539 0.575332410155 0) (0.143319584699 0.575934939693 0) (0.144033280948 0.57653100237 0) (0.144752369239 0.577120548873 0) (0.145476790083 0.577703530427 0) (0.146206483544 0.578279898801 0) (0.146941389255 0.578849606311 0) (0.147681446415 0.579412605823 0) (0.148426593798 0.579968850759 0) (0.149176769754 0.580518295101 0) (0.149931912222 0.58106089339 0) (0.150691958727 0.581596600738 0) (0.151456846387 0.582125372822 0) (0.152226511923 0.582647165898 0) (0.153000891657 0.583161936796 0) (0.153779921525 0.583669642928 0) (0.154563537074 0.58417024229 0) (0.155351673476 0.584663693466 0) (0.156144265524 0.585149955633 0) (0.156941247648 0.58562898856 0) (0.15774255391 0.586100752617 0) (0.158548118017 0.586565208772 0) (0.159357873322 0.587022318602 0) (0.160171752834 0.587472044287 0) (0.160989689216 0.587914348621 0) (0.161811614801 0.588349195012 0) (0.162637461589 0.588776547483 0) (0.163467161254 0.589196370678 0) (0.164300645155 0.589608629866 0) (0.165137844335 0.590013290938 0) (0.165978689531 0.590410320417 0) (0.166823111179 0.590799685454 0) (0.167671039416 0.591181353838 0))
    polyLine 57 61 ((0.0484608100877 1.24074361952 -0.03) (0.0512592793932 1.24451775993 -0.03) (0.054074130588 1.2483030265 -0.03) (0.0569054722054 1.25209947314 -0.03) (0.0597534136408 1.2559071541 -0.03) (0.0626180651596 1.25972612396 -0.03) (0.0654995379063 1.26355643766 -0.03) (0.0683979439124 1.2673981505 -0.03) (0.0713133961053 1.27125131812 -0.03) (0.0742460083169 1.27511599653 -0.03) (0.0771958952925 1.27899224207 -0.03) (0.0801631726997 1.28288011149 -0.03) (0.0831479571373 1.28677966187 -0.03) (0.0861503661445 1.29069095067 -0.03) (0.0891705182103 1.29461403575 -0.03) (0.0922085327826 1.29854897531 -0.03) (0.0952645302776 1.30249582795 -0.03) (0.0983386320897 1.30645465265 -0.03) (0.101430960601 1.3104255088 -0.03) (0.104541639191 1.31440845614 -0.03) (0.107670792247 1.31840355485 -0.03) (0.110818545172 1.32241086549 -0.03) (0.1139850244 1.32643044901 -0.03))
    polyLine 59 63 ((0.0484608100877 1.24074361952 0) (0.0512592793932 1.24451775993 0) (0.054074130588 1.2483030265 0) (0.0569054722054 1.25209947314 0) (0.0597534136408 1.2559071541 0) (0.0626180651596 1.25972612396 0) (0.0654995379063 1.26355643766 0) (0.0683979439124 1.2673981505 0) (0.0713133961053 1.27125131812 0) (0.0742460083169 1.27511599653 0) (0.0771958952925 1.27899224207 0) (0.0801631726997 1.28288011149 0) (0.0831479571373 1.28677966187 0) (0.0861503661445 1.29069095067 0) (0.0891705182103 1.29461403575 0) (0.0922085327826 1.29854897531 0) (0.0952645302776 1.30249582795 0) (0.0983386320897 1.30645465265 0) (0.101430960601 1.3104255088 0) (0.104541639191 1.31440845614 0) (0.107670792247 1.31840355485 0) (0.110818545172 1.32241086549 0) (0.1139850244 1.32643044901 0))
    polyLine 60 64 ((0.168522404092 0.591555293991 -0.03) (0.169377134773 0.591921474977 -0.03) (0.170235160743 0.592279866501 -0.03) (0.171096411018 0.592630438913 -0.03) (0.171960814343 0.592973163208 -0.03) (0.172828299204 0.593308011032 -0.03) (0.173698793833 0.593634954683 -0.03) (0.174572226212 0.593953967113 -0.03) (0.17544852408 0.594265021927 -0.03) (0.176327614939 0.594568093393 -0.03) (0.177209426059 0.594863156436 -0.03) (0.178093884486 0.595150186645 -0.03) (0.178980917048 0.595429160273 -0.03) (0.179870450357 0.595700054241 -0.03) (0.180762410822 0.595962846136 -0.03) (0.181656724647 0.596217514218 -0.03) (0.182553317846 0.596464037417 -0.03) (0.183452116239 0.596702395338 -0.03) (0.184353045469 0.59693256826 -0.03) (0.185256030998 0.597154537141 -0.03) (0.186160998121 0.597368283618 -0.03) (0.187067871969 0.597573790006 -0.03) (0.187976577513 0.597771039303 -0.03) (0.188887039574 0.597960015191 -0.03) (0.189799182827 0.598140702035 -0.03) (0.19071293181 0.598313084886 -0.03) (0.191628210925 0.598477149483 -0.03) (0.19254494445 0.598632882253 -0.03) (0.19346305654 0.598780270311 -0.03) (0.194382471239 0.598919301464 -0.03) (0.195303112482 0.599049964209 -0.03) (0.196224904102 0.599172247736 -0.03) (0.197147769836 0.599286141929 -0.03) (0.198071633334 0.599391637364 -0.03) (0.198996418164 0.599488725315 -0.03) (0.199922047814 0.599577397748 -0.03) (0.200848445707 0.599657647327 -0.03) (0.201775535199 0.599729467413 -0.03) (0.20270323959 0.599792852065 -0.03) (0.203631482128 0.599847796039 -0.03) (0.204560186019 0.599894294788 -0.03) (0.205489274429 0.599932344467 -0.03) (0.206418670491 0.599961941926 -0.03) (0.207348297316 0.599983084717 -0.03) (0.208278077992 0.599995771092 -0.03))
    polyLine 62 66 ((0.168522404092 0.591555293991 0) (0.169377134773 0.591921474977 0) (0.170235160743 0.592279866501 0) (0.171096411018 0.592630438913 0) (0.171960814343 0.592973163208 0) (0.172828299204 0.593308011032 0) (0.173698793833 0.593634954683 0) (0.174572226212 0.593953967113 0) (0.17544852408 0.594265021927 0) (0.176327614939 0.594568093393 0) (0.177209426059 0.594863156436 0) (0.178093884486 0.595150186645 0) (0.178980917048 0.595429160273 0) (0.179870450357 0.595700054241 0) (0.180762410822 0.595962846136 0) (0.181656724647 0.596217514218 0) (0.182553317846 0.596464037417 0) (0.183452116239 0.596702395338 0) (0.184353045469 0.59693256826 0) (0.185256030998 0.597154537141 0) (0.186160998121 0.597368283618 0) (0.187067871969 0.597573790006 0) (0.187976577513 0.597771039303 0) (0.188887039574 0.597960015191 0) (0.189799182827 0.598140702035 0) (0.19071293181 0.598313084886 0) (0.191628210925 0.598477149483 0) (0.19254494445 0.598632882253 0) (0.19346305654 0.598780270311 0) (0.194382471239 0.598919301464 0) (0.195303112482 0.599049964209 0) (0.196224904102 0.599172247736 0) (0.197147769836 0.599286141929 0) (0.198071633334 0.599391637364 0) (0.198996418164 0.599488725315 0) (0.199922047814 0.599577397748 0) (0.200848445707 0.599657647327 0) (0.201775535199 0.599729467413 0) (0.20270323959 0.599792852065 0) (0.203631482128 0.599847796039 0) (0.204560186019 0.599894294788 0) (0.205489274429 0.599932344467 0) (0.206418670491 0.599961941926 0) (0.207348297316 0.599983084717 0) (0.208278077992 0.599995771092 0))
    polyLine 61 65 ((0.12071981276 1.33494160629 -0.03) (0.124292721016 1.33943613081 -0.03) (0.127889259808 1.34394602548 -0.03) (0.131509608403 1.34847137605 -0.03) (0.135153947713 1.35301226895 -0.03) (0.138822460317 1.35756879122 -0.03) (0.142515330474 1.36214103058 -0.03) (0.14623274415 1.36672907542 -0.03) (0.149974889029 1.37133301479 -0.03) (0.153741954538 1.37595293844 -0.03) (0.157534131864 1.38058893678 -0.03) (0.161351613976 1.38524110094 -0.03) (0.165194595644 1.38990952275 -0.03) (0.16906327346 1.39459429474 -0.03) (0.17295784586 1.39929551017 -0.03) (0.176878513142 1.40401326302 -0.03) (0.180825477492 1.40874764801 -0.03) (0.184798943003 1.4134987606 -0.03) (0.188799115697 1.418266697 -0.03) (0.192826203547 1.42305155418 -0.03) (0.196880416503 1.42785342988 -0.03) (0.20096196651 1.43267242261 -0.03) (0.205071067538 1.43750863168 -0.03))
    polyLine 63 67 ((0.12071981276 1.33494160629 0) (0.124292721016 1.33943613081 0) (0.127889259808 1.34394602548 0) (0.131509608403 1.34847137605 0) (0.135153947713 1.35301226895 0) (0.138822460317 1.35756879122 0) (0.142515330474 1.36214103058 0) (0.14623274415 1.36672907542 0) (0.149974889029 1.37133301479 0) (0.153741954538 1.37595293844 0) (0.157534131864 1.38058893678 0) (0.161351613976 1.38524110094 0) (0.165194595644 1.38990952275 0) (0.16906327346 1.39459429474 0) (0.17295784586 1.39929551017 0) (0.176878513142 1.40401326302 0) (0.180825477492 1.40874764801 0) (0.184798943003 1.4134987606 0) (0.188799115697 1.418266697 0) (0.192826203547 1.42305155418 0) (0.196880416503 1.42785342988 0) (0.20096196651 1.43267242261 0) (0.205071067538 1.43750863168 0))
);

boundary
(
    body_fore
    {
        type wall;
        faces
        (
            (0 2 6 4)
            (4 6 10 8)
            (8 10 14 12)
            (12 14 18 16)
            (16 18 22 20)
            (20 22 26 24)
            (24 26 30 28)
            (28 30 34 32)
            (32 34 38 36)
            (36 38 42 40)
            (40 42 46 44)
            (44 46 50 48)
            (48 50 54 52)
            (52 54 58 56)
            (56 58 62 60)
            (60 62 66 64)
        );
    }
    freestream
    {
        type patch;
        faces
        (
            (1 5 7 3)
            (5 9 11 7)
            (9 13 15 11)
            (13 17 19 15)
            (17 21 23 19)
            (21 25 27 23)
            (25 29 31 27)
            (29 33 35 31)
            (33 37 39 35)
            (37 41 43 39)
            (41 45 47 43)
            (45 49 51 47)
            (49 53 55 51)
            (53 57 59 55)
            (57 61 63 59)
            (61 65 67 63)
        );
    }
    outlet
    {
        type patch;
        faces
        (
            (64 66 67 65)
        );
    }
    axis
    {
        type patch;
        faces
        (
            (0 1 3 2)
        );
    }
    front
    {
        type patch;
        faces
        (
            (2 6 7 3)
            (6 10 11 7)
            (10 14 15 11)
            (14 18 19 15)
            (18 22 23 19)
            (22 26 27 23)
            (26 30 31 27)
            (30 34 35 31)
            (34 38 39 35)
            (38 42 43 39)
            (42 46 47 43)
            (46 50 51 47)
            (50 54 55 51)
            (54 58 59 55)
            (58 62 63 59)
            (62 66 67 63)
        );
    }
    back
    {
        type patch;
        faces
        (
            (0 1 5 4)
            (4 5 9 8)
            (8 9 13 12)
            (12 13 17 16)
            (16 17 21 20)
            (20 21 25 24)
            (24 25 29 28)
            (28 29 33 32)
            (32 33 37 36)
            (36 37 41 40)
            (40 41 45 44)
            (44 45 49 48)
            (48 49 53 52)
            (52 53 57 56)
            (56 57 61 60)
            (60 61 65 64)
        );
    }
);
