FoamFile
{
    version     2.0;
    format      ascii;
    class       dictionary;
    object      blockMeshDict;
}
// Generated by aether.cfd - do not edit by hand. Regenerate from the run config.

scale 1;

vertices
(
    (0 0 -0.03)
    (-0.319989393117 6.94073968148e-17 -0.03)
    (0 0 0)
    (-0.319989393117 6.94073968148e-17 0)
    (0.000885282757598 0.0431035796286 -0.03)
    (-0.316210479334 0.0986915797965 -0.03)
    (0.000885282757598 0.0431035796286 0)
    (-0.316210479334 0.0986915797965 0)
    (0.00353960133817 0.0861344619862 -0.03)
    (-0.305168607961 0.195458629411 -0.03)
    (0.00353960133817 0.0861344619862 0)
    (-0.305168607961 0.195458629411 0)
    (0.00795847908292 0.129020073912 -0.03)
    (-0.287654163385 0.288730800885 -0.03)
    (0.00795847908292 0.129020073912 0)
    (-0.287654163385 0.288730800885 0)
    (0.0141344633449 0.17168808725 -0.03)
    (-0.264727981622 0.377496653906 -0.03)
    (0.0141344633449 0.17168808725 0)
    (-0.264727981622 0.377496653906 0)
    (0.0220571380584 0.214066540834 -0.03)
    (-0.237483960088 0.461316733302 -0.03)
    (0.0220571380584 0.214066540834 0)
    (-0.237483960088 0.461316733302 0)
    (0.0317131413058 0.256083961853 -0.03)
    (-0.206885090054 0.540206951233 -0.03)
    (0.0317131413058 0.256083961853 0)
    (-0.206885090054 0.540206951233 0)
    (0.043086187853 0.297669486387 -0.03)
    (-0.173690738688 0.614481391845 -0.03)
    (0.043086187853 0.297669486387 0)
    (-0.173690738688 0.614481391845 0)
    (0.0561570966151 0.338752978929 -0.03)
    (-0.138450321293 0.684613970062 -0.03)
    (0.0561570966151 0.338752978929 0)
    (-0.138450321293 0.684613970062 0)
    (0.0709038230056 0.379265150664 -0.03)
    (-0.101530632699 0.751140151574 -0.03)
    (0.0709038230056 0.379265150664 0)
    (-0.101530632699 0.751140151574 0)
    (0.087301496116 0.419137676332 -0.03)
    (-0.0631533739786 0.814596814988 -0.03)
    (0.087301496116 0.419137676332 0)
    (-0.0631533739786 0.814596814988 0)
    (0.10504805852 0.458431077626 -0.03)
    (-0.0237385067809 0.875034472341 -0.03)
    (0.10504805852 0.458431077626 0)
    (-0.0237385067809 0.875034472341 0)
    (0.122934078627 0.497661853691 -0.03)
    (0.015143803246 0.930858202846 -0.03)
    (0.122934078627 0.497661853691 0)
    (0.015143803246 0.930858202846 0)
    (0.141050122711 0.536781643644 -0.03)
    (0.0532605216815 0.982545212485 -0.03)
    (0.141050122711 0.536781643644 0)
    (0.0532605216815 0.982545212485 0)
    (0.167766011749 0.570327082832 -0.03)
    (0.102017918299 1.0449902838 -0.03)
    (0.167766011749 0.570327082832 0)
    (0.102017918299 1.0449902838 0)
    (0.204571071303 0.592336834318 -0.03)
    (0.166793809033 1.12267042167 -0.03)
    (0.204571071303 0.592336834318 0)
    (0.166793809033 1.12267042167 0)
    (0.246765012015 0.6 -0.03)
    (0.246765012015 1.21183941038 -0.03)
    (0.246765012015 0.6 0)
    (0.246765012015 1.21183941038 0)
);

blocks
(
    hex (0 4 5 1 2 6 7 3) (4 48 1) simpleGrading (1 4 1)
    hex (4 8 9 5 6 10 11 7) (4 48 1) simpleGrading (1 4 1)
    hex (8 12 13 9 10 14 15 11) (4 48 1) simpleGrading (1 4 1)
    hex (12 16 17 13 14 18 19 15) (4 48 1) simpleGrading (1 4 1)
    hex (16 20 21 17 18 22 23 19) (4 48 1) simpleGrading (1 4 1)
    hex (20 24 25 21 22 26 27 23) (4 48 1) simpleGrading (1 4 1)
    hex (24 28 29 25 26 30 31 27) (4 48 1) simpleGrading (1 4 1)
    hex (28 32 33 29 30 34 35 31) (4 48 1) simpleGrading (1 4 1)
    hex (32 36 37 33 34 38 39 35) (4 48 1) simpleGrading (1 4 1)
    hex (36 40 41 37 38 42 43 39) (4 48 1) simpleGrading (1 4 1)
    hex (40 44 45 41 42 46 47 43) (4 48 1) simpleGrading (1 4 1)
    hex (44 48 49 45 46 50 51 47) (4 48 1) simpleGrading (1 4 1)
    hex (48 52 53 49 50 54 55 51) (4 48 1) simpleGrading (1 4 1)
    hex (52 56 57 53 54 58 59 55) (4 48 1) simpleGrading (1 4 1)
    hex (56 60 61 57 58 62 63 59) (4 48 1) simpleGrading (1 4 1)
    hex (60 64 65 61 62 66 67 63) (4 48 1) simpleGrading (1 4 1)
);

edges
(
    polyLine 0 4 ((4.00031031794e-07 0.000916463133146 -0.03) (1.60012382251e-06 0.00183292556785 -0.03) (3.60027745746e-06 0.00274938660566 -0.03) (6.40049041215e-06 0.00366584554814 -0.03) (1.00007605528e-05 0.00458230169684 -0.03) (1.44010851355e-05 0.00549875435333 -0.03) (1.96014608066e-05 0.00641520281917 -0.03) (2.56018836029e-05 0.00733164639592 -0.03) (3.24023489516e-05 0.00824808438515 -0.03) (4.00028516697e-05 0.00916451608844 -0.03) (4.8403385965e-05 0.0100809408074 -0.03) (5.76039454355e-05 0.0109973578435 -0.03) (6.7604523069e-05 0.0119137664985 -0.03) (7.84051112442e-05 0.0128301660739 -0.03) (9.00057017298e-05 0.0137465558712 -0.03) (0.000102406285685 0.0146629351922 -0.03) (0.000115606853659 0.0155793033385 -0.03) (0.000129607395592 0.0164956596116 -0.03) (0.000144407900813 0.0174120033132 -0.03) (0.000160008358044 0.018328333745 -0.03) (0.000176408755394 0.0192446502085 -0.03) (0.000193609080365 0.0201609520056 -0.03) (0.000211609319849 0.0210772384378 -0.03) (0.000230409460127 0.0219935088068 -0.03) (0.000250009486871 0.0229097624144 -0.03) (0.000270409385144 0.0238259985622 -0.03) (0.0002916091394 0.024742216552 -0.03) (0.000313608733482 0.0256584156856 -0.03) (0.000336408150622 0.0265745952646 -0.03) (0.000360007373447 0.0274907545909 -0.03) (0.000384406383971 0.0284068929662 -0.03) (0.000409605163598 0.0293230096923 -0.03) (0.000435603693126 0.0302391040712 -0.03) (0.000462401952739 0.0311551754045 -0.03) (0.000489999922015 0.0320712229941 -0.03) (0.000518397579922 0.032987246142 -0.03) (0.000547594904816 0.03390324415 -0.03) (0.000577591874447 0.03481921632 -0.03) (0.000608388465954 0.035735161954 -0.03) (0.000639984655865 0.0366510803539 -0.03) (0.000672380420102 0.0375669708216 -0.03) (0.000705575733976 0.0384828326592 -0.03) (0.000739570572187 0.0393986651687 -0.03) (0.000774364908828 0.0403144676521 -0.03) (0.000809958717383 0.0412302394115 -0.03) (0.000846351970724 0.0421459797489 -0.03) (0.000883544641116 0.0430616879664 -0.03))
    polyLine 2 6 ((4.00031031794e-07 0.000916463133146 0) (1.60012382251e-06 0.00183292556785 0) (3.60027745746e-06 0.00274938660566 0) (6.40049041215e-06 0.00366584554814 0) (1.00007605528e-05 0.00458230169684 0) (1.44010851355e-05 0.00549875435333 0) (1.96014608066e-05 0.00641520281917 0) (2.56018836029e-05 0.00733164639592 0) (3.24023489516e-05 0.00824808438515 0) (4.00028516697e-05 0.00916451608844 0) (4.8403385965e-05 0.0100809408074 0) (5.76039454355e-05 0.0109973578435 0) (6.7604523069e-05 0.0119137664985 0) (7.84051112442e-05 0.0128301660739 0) (9.00057017298e-05 0.0137465558712 0) (0.000102406285685 0.0146629351922 0) (0.000115606853659 0.0155793033385 0) (0.000129607395592 0.0164956596116 0) (0.000144407900813 0.0174120033132 0) (0.000160008358044 0.018328333745 0) (0.000176408755394 0.0192446502085 0) (0.000193609080365 0.0201609520056 0) (0.000211609319849 0.0210772384378 0) (0.000230409460127 0.0219935088068 0) (0.000250009486871 0.0229097624144 0) (0.000270409385144 0.0238259985622 0) (0.0002916091394 0.024742216552 0) (0.000313608733482 0.0256584156856 0) (0.000336408150622 0.0265745952646 0) (0.000360007373447 0.0274907545909 0) (0.000384406383971 0.0284068929662 0) (0.000409605163598 0.0293230096923 0) (0.000435603693126 0.0302391040712 0) (0.000462401952739 0.0311551754045 0) (0.000489999922015 0.0320712229941 0) (0.000518397579922 0.032987246142 0) (0.000547594904816 0.03390324415 0) (0.000577591874447 0.03481921632 0) (0.000608388465954 0.035735161954 0) (0.000639984655865 0.0366510803539 0) (0.000672380420102 0.0375669708216 0) (0.000705575733976 0.0384828326592 0) (0.000739570572187 0.0393986651687 0) (0.000774364908828 0.0403144676521 0) (0.000809958717383 0.0412302394115 0) (0.000846351970724 0.0421459797489 0) (0.000883544641116 0.0430616879664 0))
    polyLine 1 5 ((-0.319982876914 0.00409813432012 -0.03) (-0.319963327382 0.00819641448103 -0.03) (-0.319930741751 0.0122949863375 -0.03) (-0.319885115408 0.0163939957723 -0.03) (-0.319826441889 0.0204935887101 -0.03) (-0.319754712884 0.0245939111317 -0.03) (-0.31966991823 0.0286951090877 -0.03) (-0.319572045913 0.0327973287128 -0.03) (-0.31946108206 0.0369007162399 -0.03) (-0.319337010941 0.0410054180137 -0.03) (-0.319199814963 0.0451115805054 -0.03) (-0.319049474666 0.0492193503263 -0.03) (-0.318885968719 0.0533288742422 -0.03) (-0.318709273913 0.0574402991873 -0.03) (-0.318519365158 0.0615537722786 -0.03) (-0.31831621548 0.0656694408303 -0.03) (-0.318099796006 0.0697874523673 -0.03) (-0.317870075965 0.0739079546404 -0.03) (-0.317627022681 0.0780310956399 -0.03) (-0.317370601558 0.0821570236103 -0.03) (-0.317100776082 0.0862858870649 -0.03) (-0.316817507803 0.0904178347997 -0.03) (-0.316520756333 0.0945530159084 -0.03))
    polyLine 3 7 ((-0.319982876914 0.00409813432012 0) (-0.319963327382 0.00819641448103 0) (-0.319930741751 0.0122949863375 0) (-0.319885115408 0.0163939957723 0) (-0.319826441889 0.0204935887101 0) (-0.319754712884 0.0245939111317 0) (-0.31966991823 0.0286951090877 0) (-0.319572045913 0.0327973287128 0) (-0.31946108206 0.0369007162399 0) (-0.319337010941 0.0410054180137 0) (-0.319199814963 0.0451115805054 0) (-0.319049474666 0.0492193503263 0) (-0.318885968719 0.0533288742422 0) (-0.318709273913 0.0574402991873 0) (-0.318519365158 0.0615537722786 0) (-0.31831621548 0.0656694408303 0) (-0.318099796006 0.0697874523673 0) (-0.317870075965 0.0739079546404 0) (-0.317627022681 0.0780310956399 0) (-0.317370601558 0.0821570236103 0) (-0.317100776082 0.0862858870649 0) (-0.316817507803 0.0904178347997 0) (-0.316520756333 0.0945530159084 0))
    polyLine 4 8 ((0.000921536700214 0.0439773633663 -0.03) (0.000960328119064 0.0448930052506 -0.03) (0.000999918868102 0.0458086129215 -0.03) (0.00104030891716 0.0467241856812 -0.03) (0.00108149823545 0.047639722832 -0.03) (0.00112348679158 0.0485552236761 -0.03) (0.00116627455356 0.0494706875159 -0.03) (0.00120986148877 0.0503861136535 -0.03) (0.001254247564 0.0513015013915 -0.03) (0.00129943274542 0.0522168500321 -0.03) (0.00134541699859 0.0531321588777 -0.03) (0.00139220028847 0.0540474272308 -0.03) (0.00143978257941 0.0549626543939 -0.03) (0.00148816383514 0.0558778396694 -0.03) (0.00153734401879 0.0567929823599 -0.03) (0.00158732309287 0.057708081768 -0.03) (0.00163810101931 0.0586231371961 -0.03) (0.0016896777594 0.0595381479471 -0.03) (0.00174205327384 0.0604531133234 -0.03) (0.0017952275227 0.0613680326279 -0.03) (0.00184920046547 0.0622829051632 -0.03) (0.001903972061 0.0631977302322 -0.03) (0.00195954226757 0.0641125071375 -0.03) (0.00201591104282 0.0650272351822 -0.03) (0.00207307834378 0.0659419136689 -0.03) (0.0021310441269 0.0668565419007 -0.03) (0.00218980834799 0.0677711191805 -0.03) (0.00224937096227 0.0686856448114 -0.03) (0.00230973192434 0.0696001180962 -0.03) (0.00237089118822 0.0705145383382 -0.03) (0.00243284870728 0.0714289048403 -0.03) (0.0024956044343 0.0723432169058 -0.03) (0.00255915832147 0.0732574738379 -0.03) (0.00262351032034 0.0741716749398 -0.03) (0.00268866038187 0.0750858195148 -0.03) (0.00275460845642 0.0759999068661 -0.03) (0.00282135449371 0.0769139362972 -0.03) (0.00288889844289 0.0778279071115 -0.03) (0.00295724025248 0.0787418186124 -0.03) (0.00302637987038 0.0796556701035 -0.03) (0.00309631724392 0.0805694608882 -0.03) (0.0031670523198 0.0814831902702 -0.03) (0.00323858504409 0.082396857553 -0.03) (0.00331091536229 0.0833104620405 -0.03) (0.00338404321928 0.0842240030363 -0.03) (0.00345796855932 0.0851374798442 -0.03) (0.00353269132607 0.086050891768 -0.03))
    polyLine 6 10 ((0.000921536700214 0.0439773633663 0) (0.000960328119064 0.0448930052506 0) (0.000999918868102 0.0458086129215 0) (0.00104030891716 0.0467241856812 0) (0.00108149823545 0.047639722832 0) (0.00112348679158 0.0485552236761 0) (0.00116627455356 0.0494706875159 0) (0.00120986148877 0.0503861136535 0) (0.001254247564 0.0513015013915 0) (0.00129943274542 0.0522168500321 0) (0.00134541699859 0.0531321588777 0) (0.00139220028847 0.0540474272308 0) (0.00143978257941 0.0549626543939 0) (0.00148816383514 0.0558778396694 0) (0.00153734401879 0.0567929823599 0) (0.00158732309287 0.057708081768 0) (0.00163810101931 0.0586231371961 0) (0.0016896777594 0.0595381479471 0) (0.00174205327384 0.0604531133234 0) (0.0017952275227 0.0613680326279 0) (0.00184920046547 0.0622829051632 0) (0.001903972061 0.0631977302322 0) (0.00195954226757 0.0641125071375 0) (0.00201591104282 0.0650272351822 0) (0.00207307834378 0.0659419136689 0) (0.0021310441269 0.0668565419007 0) (0.00218980834799 0.0677711191805 0) (0.00224937096227 0.0686856448114 0) (0.00230973192434 0.0696001180962 0) (0.00237089118822 0.0705145383382 0) (0.00243284870728 0.0714289048403 0) (0.0024956044343 0.0723432169058 0) (0.00255915832147 0.0732574738379 0) (0.00262351032034 0.0741716749398 0) (0.00268866038187 0.0750858195148 0) (0.00275460845642 0.0759999068661 0) (0.00282135449371 0.0769139362972 0) (0.00288889844289 0.0778279071115 0) (0.00295724025248 0.0787418186124 0) (0.00302637987038 0.0796556701035 0) (0.00309631724392 0.0805694608882 0) (0.0031670523198 0.0814831902702 0) (0.00323858504409 0.082396857553 0) (0.00331091536229 0.0833104620405 0) (0.00338404321928 0.0842240030363 0) (0.00345796855932 0.0851374798442 0) (0.00353269132607 0.086050891768 0))
    polyLine 5 9 ((-0.315899439462 0.102673044548 -0.03) (-0.315575820364 0.106657906532 -0.03) (-0.315239579292 0.110646299336 -0.03) (-0.314890671794 0.114638356861 -0.03) (-0.314529051713 0.118634213337 -0.03) (-0.314154671168 0.122634003335 -0.03) (-0.313767480552 0.126637861778 -0.03) (-0.313367428516 0.130645923951 -0.03) (-0.31295446196 0.134658325521 -0.03) (-0.312528526018 0.138675202539 -0.03) (-0.312089564053 0.142696691464 -0.03) (-0.311637517639 0.146722929165 -0.03) (-0.311172326549 0.150754052941 -0.03) (-0.310693928744 0.154790200531 -0.03) (-0.310202260358 0.158831510127 -0.03) (-0.309697255685 0.162878120386 -0.03) (-0.309178847162 0.166930170445 -0.03) (-0.308646965358 0.170987799933 -0.03) (-0.308101538958 0.175051148984 -0.03) (-0.307542494743 0.17912035825 -0.03) (-0.30696975758 0.183195568915 -0.03) (-0.306383250401 0.18727692271 -0.03) (-0.30578289419 0.191364561921 -0.03))
    polyLine 7 11 ((-0.315899439462 0.102673044548 0) (-0.315575820364 0.106657906532 0) (-0.315239579292 0.110646299336 0) (-0.314890671794 0.114638356861 0) (-0.314529051713 0.118634213337 0) (-0.314154671168 0.122634003335 0) (-0.313767480552 0.126637861778 0) (-0.313367428516 0.130645923951 0) (-0.31295446196 0.134658325521 0) (-0.312528526018 0.138675202539 0) (-0.312089564053 0.142696691464 0) (-0.311637517639 0.146722929165 0) (-0.311172326549 0.150754052941 0) (-0.310693928744 0.154790200531 0) (-0.310202260358 0.158831510127 0) (-0.309697255685 0.162878120386 0) (-0.309178847162 0.166930170445 0) (-0.308646965358 0.170987799933 0) (-0.308101538958 0.175051148984 0) (-0.307542494743 0.17912035825 0) (-0.30696975758 0.183195568915 0) (-0.306383250401 0.18727692271 0) (-0.30578289419 0.191364561921 0))
    polyLine 8 12 ((0.00360821146259 0.0869642381116 -0.03) (0.00368452891133 0.087877518179 -0.03) (0.00376164361411 0.0887907312741 -0.03) (0.00383955551217 0.0897038767009 -0.03) (0.00391826454614 0.0906169537636 -0.03) (0.00399777065602 0.0915299617663 -0.03) (0.00407807378123 0.0924429000131 -0.03) (0.00415917386056 0.0933557678084 -0.03) (0.00424107083221 0.0942685644563 -0.03) (0.00432376463377 0.0951812892613 -0.03) (0.00440725520221 0.0960939415277 -0.03) (0.0044915424739 0.09700652056 -0.03) (0.00457662638461 0.0979190256628 -0.03) (0.00466250686949 0.0988314561406 -0.03) (0.0047491838631 0.099743811298 -0.03) (0.00483665729937 0.10065609044 -0.03) (0.00492492711165 0.10156829287 -0.03) (0.00501399323265 0.102480417895 -0.03) (0.00510385559451 0.103392464818 -0.03) (0.00519451412874 0.104304432945 -0.03) (0.00528596876624 0.105216321581 -0.03) (0.00537821943732 0.10612813003 -0.03) (0.00547126607167 0.107039857598 -0.03) (0.00556510859839 0.10795150359 -0.03) (0.00565974694594 0.108863067311 -0.03) (0.00575518104222 0.109774548067 -0.03) (0.00585141081448 0.110685945162 -0.03) (0.00594843618939 0.111597257903 -0.03) (0.006046257093 0.112508485594 -0.03) (0.00614487345077 0.113419627541 -0.03) (0.00624428518754 0.114330683051 -0.03) (0.00634449222754 0.115241651427 -0.03) (0.00644549449441 0.116152531978 -0.03) (0.00654729191118 0.117063324007 -0.03) (0.00664988440025 0.117974026821 -0.03) (0.00675327188345 0.118884639726 -0.03) (0.00685745428198 0.119795162028 -0.03) (0.00696243151644 0.120705593033 -0.03) (0.00706820350684 0.121615932047 -0.03) (0.00717477017255 0.122526178376 -0.03) (0.00728213143237 0.123436331327 -0.03) (0.00739028720448 0.124346390206 -0.03) (0.00749923740643 0.12525635432 -0.03) (0.00760898195522 0.126166222974 -0.03) (0.00771952076719 0.127075995476 -0.03) (0.00783085375811 0.127985671133 -0.03) (0.00794298084312 0.12889524925 -0.03))
    polyLine 10 14 ((0.00360821146259 0.0869642381116 0) (0.00368452891133 0.087877518179 0) (0.00376164361411 0.0887907312741 0) (0.00383955551217 0.0897038767009 0) (0.00391826454614 0.0906169537636 0) (0.00399777065602 0.0915299617663 0) (0.00407807378123 0.0924429000131 0) (0.00415917386056 0.0933557678084 0) (0.00424107083221 0.0942685644563 0) (0.00432376463377 0.0951812892613 0) (0.00440725520221 0.0960939415277 0) (0.0044915424739 0.09700652056 0) (0.00457662638461 0.0979190256628 0) (0.00466250686949 0.0988314561406 0) (0.0047491838631 0.099743811298 0) (0.00483665729937 0.10065609044 0) (0.00492492711165 0.10156829287 0) (0.00501399323265 0.102480417895 0) (0.00510385559451 0.103392464818 0) (0.00519451412874 0.104304432945 0) (0.00528596876624 0.105216321581 0) (0.00537821943732 0.10612813003 0) (0.00547126607167 0.107039857598 0) (0.00556510859839 0.10795150359 0) (0.00565974694594 0.108863067311 0) (0.00575518104222 0.109774548067 0) (0.00585141081448 0.110685945162 0) (0.00594843618939 0.111597257903 0) (0.006046257093 0.112508485594 0) (0.00614487345077 0.113419627541 0) (0.00624428518754 0.114330683051 0) (0.00634449222754 0.115241651427 0) (0.00644549449441 0.116152531978 0) (0.00654729191118 0.117063324007 0) (0.00664988440025 0.117974026821 0) (0.00675327188345 0.118884639726 0) (0.00685745428198 0.119795162028 0) (0.00696243151644 0.120705593033 0) (0.00706820350684 0.121615932047 0) (0.00717477017255 0.122526178376 0) (0.00728213143237 0.123436331327 0) (0.00739028720448 0.124346390206 0) (0.00749923740643 0.12525635432 0) (0.00760898195522 0.126166222974 0) (0.00771952076719 0.127075995476 0) (0.00783085375811 0.127985671133 0) (0.00794298084312 0.12889524925 0))
    polyLine 9 13 ((-0.304585305848 0.199268395556 -0.03) (-0.30398983875 0.203083950346 -0.03) (-0.30338213706 0.206905409757 -0.03) (-0.302762129653 0.21073289023 -0.03) (-0.302129743871 0.214566508685 -0.03) (-0.301484905506 0.218406382524 -0.03) (-0.300827538791 0.22225262965 -0.03) (-0.30015756638 0.226105368467 -0.03) (-0.299474909336 0.229964717899 -0.03) (-0.298779487118 0.233830797395 -0.03) (-0.298071217558 0.237703726941 -0.03) (-0.297350016852 0.241583627069 -0.03) (-0.296615799541 0.245470618869 -0.03) (-0.295868478495 0.249364823999 -0.03) (-0.295107964895 0.253266364696 -0.03) (-0.294334168214 0.257175363786 -0.03) (-0.293546996203 0.261091944695 -0.03) (-0.292746354872 0.265016231459 -0.03) (-0.291932148469 0.268948348738 -0.03) (-0.291104279461 0.272888421825 -0.03) (-0.29026264852 0.276836576655 -0.03) (-0.289407154495 0.280792939823 -0.03) (-0.288537694399 0.284757638586 -0.03))
    polyLine 11 15 ((-0.304585305848 0.199268395556 0) (-0.30398983875 0.203083950346 0) (-0.30338213706 0.206905409757 0) (-0.302762129653 0.21073289023 0) (-0.302129743871 0.214566508685 0) (-0.301484905506 0.218406382524 0) (-0.300827538791 0.22225262965 0) (-0.30015756638 0.226105368467 0) (-0.299474909336 0.229964717899 0) (-0.298779487118 0.233830797395 0) (-0.298071217558 0.237703726941 0) (-0.297350016852 0.241583627069 0) (-0.296615799541 0.245470618869 0) (-0.295868478495 0.249364823999 0) (-0.295107964895 0.253266364696 0) (-0.294334168214 0.257175363786 0) (-0.293546996203 0.261091944695 0) (-0.292746354872 0.265016231459 0) (-0.291932148469 0.268948348738 0) (-0.291104279461 0.272888421825 0) (-0.29026264852 0.276836576655 0) (-0.289407154495 0.280792939823 0) (-0.288537694399 0.284757638586 0))
    polyLine 12 16 ((0.00805590193678 0.129804729135 -0.03) (0.00816961695302 0.130714110094 -0.03) (0.00828412580519 0.131623391435 -0.03) (0.00839942840601 0.132532572465 -0.03) (0.00851552466761 0.13344165249 -0.03) (0.00863241450151 0.134350630818 -0.03) (0.00875009781864 0.135259506757 -0.03) (0.0088685745293 0.136168279613 -0.03) (0.00898784454319 0.137076948693 -0.03) (0.00910790776943 0.137985513306 -0.03) (0.00922876411652 0.138893972759 -0.03) (0.00935041349234 0.13980232636 -0.03) (0.00947285580418 0.140710573416 -0.03) (0.00959609095874 0.141618713235 -0.03) (0.00972011886209 0.142526745125 -0.03) (0.00984493941971 0.143434668395 -0.03) (0.00997055253648 0.144342482351 -0.03) (0.0100969581167 0.145250186303 -0.03) (0.0102241560639 0.146157779558 -0.03) (0.0103521462813 0.147065261425 -0.03) (0.0104809286713 0.147972631212 -0.03) (0.0106105031357 0.148879888227 -0.03) (0.0107408695759 0.14978703178 -0.03) (0.0108720278924 0.150694061179 -0.03) (0.0110039779852 0.151600975733 -0.03) (0.011136719754 0.15250777475 -0.03) (0.0112702530973 0.153414457539 -0.03) (0.0114045779136 0.15432102341 -0.03) (0.0115396941004 0.155227471671 -0.03) (0.0116756015548 0.156133801633 -0.03) (0.0118123001731 0.157040012603 -0.03) (0.0119497898512 0.157946103891 -0.03) (0.0120880704844 0.158852074807 -0.03) (0.0122271419672 0.159757924661 -0.03) (0.0123670041936 0.160663652761 -0.03) (0.0125076570571 0.161569258418 -0.03) (0.0126491004504 0.162474740942 -0.03) (0.0127913342658 0.163380099642 -0.03) (0.0129343583949 0.164285333829 -0.03) (0.0130781727287 0.165190442813 -0.03) (0.0132227771575 0.166095425903 -0.03) (0.0133681715712 0.16700028241 -0.03) (0.0135143558589 0.167905011645 -0.03) (0.0136613299093 0.168809612918 -0.03) (0.0138090936103 0.16971408554 -0.03) (0.0139576468493 0.17061842882 -0.03) (0.0141069895132 0.171522642071 -0.03))
    polyLine 14 18 ((0.00805590193678 0.129804729135 0) (0.00816961695302 0.130714110094 0) (0.00828412580519 0.131623391435 0) (0.00839942840601 0.132532572465 0) (0.00851552466761 0.13344165249 0) (0.00863241450151 0.134350630818 0) (0.00875009781864 0.135259506757 0) (0.0088685745293 0.136168279613 0) (0.00898784454319 0.137076948693 0) (0.00910790776943 0.137985513306 0) (0.00922876411652 0.138893972759 0) (0.00935041349234 0.13980232636 0) (0.00947285580418 0.140710573416 0) (0.00959609095874 0.141618713235 0) (0.00972011886209 0.142526745125 0) (0.00984493941971 0.143434668395 0) (0.00997055253648 0.144342482351 0) (0.0100969581167 0.145250186303 0) (0.0102241560639 0.146157779558 0) (0.0103521462813 0.147065261425 0) (0.0104809286713 0.147972631212 0) (0.0106105031357 0.148879888227 0) (0.0107408695759 0.14978703178 0) (0.0108720278924 0.150694061179 0) (0.0110039779852 0.151600975733 0) (0.011136719754 0.15250777475 0) (0.0112702530973 0.153414457539 0) (0.0114045779136 0.15432102341 0) (0.0115396941004 0.155227471671 0) (0.0116756015548 0.156133801633 0) (0.0118123001731 0.157040012603 0) (0.0119497898512 0.157946103891 0) (0.0120880704844 0.158852074807 0) (0.0122271419672 0.159757924661 0) (0.0123670041936 0.160663652761 0) (0.0125076570571 0.161569258418 0) (0.0126491004504 0.162474740942 0) (0.0127913342658 0.163380099642 0) (0.0129343583949 0.164285333829 0) (0.0130781727287 0.165190442813 0) (0.0132227771575 0.166095425903 0) (0.0133681715712 0.16700028241 0) (0.0135143558589 0.167905011645 0) (0.0136613299093 0.168809612918 0) (0.0138090936103 0.16971408554 0) (0.0139576468493 0.17061842882 0) (0.0141069895132 0.171522642071 0))
    polyLine 13 17 ((-0.286841255332 0.292338741989 -0.03) (-0.286016623584 0.29595383535 -0.03) (-0.285180186071 0.299576177673 -0.03) (-0.284331859412 0.303205866151 -0.03) (-0.283471558905 0.30684299847 -0.03) (-0.282599198509 0.310487672822 -0.03) (-0.281714690831 0.31413998791 -0.03) (-0.280817947112 0.317800042954 -0.03) (-0.279908877212 0.321467937699 -0.03) (-0.278987389595 0.325143772428 -0.03) (-0.278053391313 0.328827647962 -0.03) (-0.27710678799 0.332519665673 -0.03) (-0.276147483806 0.336219927491 -0.03) (-0.275175381483 0.339928535914 -0.03) (-0.274190382266 0.34364559401 -0.03) (-0.273192385908 0.347371205433 -0.03) (-0.272181290649 0.351105474426 -0.03) (-0.271156993205 0.354848505833 -0.03) (-0.270119388743 0.358600405106 -0.03) (-0.269068370871 0.362361278311 -0.03) (-0.268003831611 0.366131232144 -0.03) (-0.266925661387 0.369910373931 -0.03) (-0.265833749002 0.373698811644 -0.03))
    polyLine 15 19 ((-0.286841255332 0.292338741989 0) (-0.286016623584 0.29595383535 0) (-0.285180186071 0.299576177673 0) (-0.284331859412 0.303205866151 0) (-0.283471558905 0.30684299847 0) (-0.282599198509 0.310487672822 0) (-0.281714690831 0.31413998791 0) (-0.280817947112 0.317800042954 0) (-0.279908877212 0.321467937699 0) (-0.278987389595 0.325143772428 0) (-0.278053391313 0.328827647962 0) (-0.27710678799 0.332519665673 0) (-0.276147483806 0.336219927491 0) (-0.275175381483 0.339928535914 0) (-0.274190382266 0.34364559401 0) (-0.273192385908 0.347371205433 0) (-0.272181290649 0.351105474426 0) (-0.271156993205 0.354848505833 0) (-0.270119388743 0.358600405106 0) (-0.269068370871 0.362361278311 0) (-0.268003831611 0.366131232144 0) (-0.266925661387 0.369910373931 0) (-0.265833749002 0.373698811644 0))
    polyLine 16 20 ((0.014257121488 0.172426724603 -0.03) (0.0144080426594 0.173330675727 -0.03) (0.0145597529124 0.174234494754 -0.03) (0.0147122521314 0.175138180996 -0.03) (0.0148655402 0.176041733762 -0.03) (0.0150196170015 0.176945152366 -0.03) (0.0151744824186 0.177848436118 -0.03) (0.015330136333 0.178751584331 -0.03) (0.0154865786263 0.179654596315 -0.03) (0.0156438091792 0.180557471382 -0.03) (0.0158018278719 0.181460208845 -0.03) (0.0159606345839 0.182362808016 -0.03) (0.0161202291942 0.183265268206 -0.03) (0.0162806115812 0.184167588728 -0.03) (0.0164417816226 0.185069768894 -0.03) (0.0166037391957 0.185971808017 -0.03) (0.016766484177 0.186873705409 -0.03) (0.0169300164425 0.187775460382 -0.03) (0.0170943358675 0.188677072251 -0.03) (0.0172594423268 0.189578540326 -0.03) (0.0174253356946 0.190479863923 -0.03) (0.0175920158444 0.191381042352 -0.03) (0.0177594826493 0.192282074929 -0.03) (0.0179277359815 0.193182960965 -0.03) (0.018096775713 0.194083699775 -0.03) (0.0182666017148 0.194984290672 -0.03) (0.0184372138574 0.195884732969 -0.03) (0.018608612011 0.196785025981 -0.03) (0.0187807960449 0.197685169022 -0.03) (0.0189537658278 0.198585161404 -0.03) (0.0191275212279 0.199485002443 -0.03) (0.0193020621128 0.200384691453 -0.03) (0.0194773883495 0.201284227747 -0.03) (0.0196534998044 0.202183610641 -0.03) (0.0198303963432 0.203082839449 -0.03) (0.0200080778311 0.203981913486 -0.03) (0.0201865441328 0.204880832066 -0.03) (0.0203657951122 0.205779594504 -0.03) (0.0205458306327 0.206678200116 -0.03) (0.020726650557 0.207576648217 -0.03) (0.0209082547475 0.208474938121 -0.03) (0.0210906430656 0.209373069145 -0.03) (0.0212738153725 0.210271040604 -0.03) (0.0214577715284 0.211168851813 -0.03) (0.0216425113932 0.212066502088 -0.03) (0.0218280348262 0.212963990745 -0.03) (0.0220143416858 0.213861317101 -0.03))
    polyLine 18 22 ((0.014257121488 0.172426724603 0) (0.0144080426594 0.173330675727 0) (0.0145597529124 0.174234494754 0) (0.0147122521314 0.175138180996 0) (0.0148655402 0.176041733762 0) (0.0150196170015 0.176945152366 0) (0.0151744824186 0.177848436118 0) (0.015330136333 0.178751584331 0) (0.0154865786263 0.179654596315 0) (0.0156438091792 0.180557471382 0) (0.0158018278719 0.181460208845 0) (0.0159606345839 0.182362808016 0) (0.0161202291942 0.183265268206 0) (0.0162806115812 0.184167588728 0) (0.0164417816226 0.185069768894 0) (0.0166037391957 0.185971808017 0) (0.016766484177 0.186873705409 0) (0.0169300164425 0.187775460382 0) (0.0170943358675 0.188677072251 0) (0.0172594423268 0.189578540326 0) (0.0174253356946 0.190479863923 0) (0.0175920158444 0.191381042352 0) (0.0177594826493 0.192282074929 0) (0.0179277359815 0.193182960965 0) (0.018096775713 0.194083699775 0) (0.0182666017148 0.194984290672 0) (0.0184372138574 0.195884732969 0) (0.018608612011 0.196785025981 0) (0.0187807960449 0.197685169022 0) (0.0189537658278 0.198585161404 0) (0.0191275212279 0.199485002443 0) (0.0193020621128 0.200384691453 0) (0.0194773883495 0.201284227747 0) (0.0196534998044 0.202183610641 0) (0.0198303963432 0.203082839449 0) (0.0200080778311 0.203981913486 0) (0.0201865441328 0.204880832066 0) (0.0203657951122 0.205779594504 0) (0.0205458306327 0.206678200116 0) (0.020726650557 0.207576648217 0) (0.0209082547475 0.208474938121 0) (0.0210906430656 0.209373069145 0) (0.0212738153725 0.210271040604 0) (0.0214577715284 0.211168851813 0) (0.0216425113932 0.212066502088 0) (0.0218280348262 0.212963990745 0) (0.0220143416858 0.213861317101 0))
    polyLine 17 21 ((-0.26372928486 0.380894277286 -0.03) (-0.262719377995 0.384299557186 -0.03) (-0.261698177423 0.387712572186 -0.03) (-0.260665598452 0.391133401298 -0.03) (-0.259621555291 0.394562123978 -0.03) (-0.258565961036 0.397998820129 -0.03) (-0.257498727658 0.401443570108 -0.03) (-0.25641976599 0.404896454729 -0.03) (-0.255328985717 0.408357555272 -0.03) (-0.254226295361 0.411826953485 -0.03) (-0.253111602266 0.415304731594 -0.03) (-0.251984812588 0.418790972305 -0.03) (-0.250845831283 0.422285758813 -0.03) (-0.249694562087 0.425789174807 -0.03) (-0.248530907506 0.429301304473 -0.03) (-0.247354768804 0.432822232507 -0.03) (-0.246166045985 0.436352044116 -0.03) (-0.244964637779 0.439890825023 -0.03) (-0.243750441629 0.443438661479 -0.03) (-0.242523353672 0.446995640265 -0.03) (-0.24128326873 0.4505618487 -0.03) (-0.240030080289 0.454137374648 -0.03) (-0.238763680485 0.457722306524 -0.03))
    polyLine 19 23 ((-0.26372928486 0.380894277286 0) (-0.262719377995 0.384299557186 0) (-0.261698177423 0.387712572186 0) (-0.260665598452 0.391133401298 0) (-0.259621555291 0.394562123978 0) (-0.258565961036 0.397998820129 0) (-0.257498727658 0.401443570108 0) (-0.25641976599 0.404896454729 0) (-0.255328985717 0.408357555272 0) (-0.254226295361 0.411826953485 0) (-0.253111602266 0.415304731594 0) (-0.251984812588 0.418790972305 0) (-0.250845831283 0.422285758813 0) (-0.249694562087 0.425789174807 0) (-0.248530907506 0.429301304473 0) (-0.247354768804 0.432822232507 0) (-0.246166045985 0.436352044116 0) (-0.244964637779 0.439890825023 0) (-0.243750441629 0.443438661479 0) (-0.242523353672 0.446995640265 0) (-0.24128326873 0.4505618487 0) (-0.240030080289 0.454137374648 0) (-0.238763680485 0.457722306524 0))
    polyLine 20 24 ((0.0222014318302 0.214758480471 -0.03) (0.0223893051167 0.215655480171 -0.03) (0.0225779614022 0.216552315519 -0.03) (0.0227674005429 0.21744898583 -0.03) (0.0229576223943 0.218345490421 -0.03) (0.0231486268117 0.219241828609 -0.03) (0.0233404136493 0.22013799971 -0.03) (0.023532982761 0.221034003043 -0.03) (0.0237263340001 0.221929837923 -0.03) (0.0239204672192 0.222825503668 -0.03) (0.0241153822703 0.223720999597 -0.03) (0.024311079005 0.224616325025 -0.03) (0.024507557274 0.225511479271 -0.03) (0.0247048169276 0.226406461653 -0.03) (0.0249028578156 0.227301271488 -0.03) (0.0251016797869 0.228195908094 -0.03) (0.02530128269 0.229090370791 -0.03) (0.0255016663729 0.229984658896 -0.03) (0.0257028306827 0.230878771727 -0.03) (0.0259047754663 0.231772708603 -0.03) (0.0261075005696 0.232666468843 -0.03) (0.0263110058383 0.233560051766 -0.03) (0.0265152911171 0.234453456691 -0.03) (0.0267203562505 0.235346682936 -0.03) (0.0269262010821 0.236239729822 -0.03) (0.027132825455 0.237132596667 -0.03) (0.0273402292118 0.238025282791 -0.03) (0.0275484121945 0.238917787514 -0.03) (0.0277573742443 0.239810110155 -0.03) (0.027967115202 0.240702250035 -0.03) (0.0281776349078 0.241594206473 -0.03) (0.0283889332012 0.24248597879 -0.03) (0.0286010099212 0.243377566307 -0.03) (0.0288138649062 0.244268968343 -0.03) (0.0290274979939 0.245160184219 -0.03) (0.0292419090216 0.246051213256 -0.03) (0.0294570978258 0.246942054776 -0.03) (0.0296730642425 0.247832708099 -0.03) (0.0298898081072 0.248723172546 -0.03) (0.0301073292546 0.249613447439 -0.03) (0.030325627519 0.250503532099 -0.03) (0.030544702734 0.251393425848 -0.03) (0.0307645547327 0.252283128008 -0.03) (0.0309851833475 0.2531726379 -0.03) (0.0312065884103 0.254061954847 -0.03) (0.0314287697523 0.254951078172 -0.03) (0.0316517272042 0.255840007195 -0.03))
    polyLine 22 26 ((0.0222014318302 0.214758480471 0) (0.0223893051167 0.215655480171 0) (0.0225779614022 0.216552315519 0) (0.0227674005429 0.21744898583 0) (0.0229576223943 0.218345490421 0) (0.0231486268117 0.219241828609 0) (0.0233404136493 0.22013799971 0) (0.023532982761 0.221034003043 0) (0.0237263340001 0.221929837923 0) (0.0239204672192 0.222825503668 0) (0.0241153822703 0.223720999597 0) (0.024311079005 0.224616325025 0) (0.024507557274 0.225511479271 0) (0.0247048169276 0.226406461653 0) (0.0249028578156 0.227301271488 0) (0.0251016797869 0.228195908094 0) (0.02530128269 0.229090370791 0) (0.0255016663729 0.229984658896 0) (0.0257028306827 0.230878771727 0) (0.0259047754663 0.231772708603 0) (0.0261075005696 0.232666468843 0) (0.0263110058383 0.233560051766 0) (0.0265152911171 0.234453456691 0) (0.0267203562505 0.235346682936 0) (0.0269262010821 0.236239729822 0) (0.027132825455 0.237132596667 0) (0.0273402292118 0.238025282791 0) (0.0275484121945 0.238917787514 0) (0.0277573742443 0.239810110155 0) (0.027967115202 0.240702250035 0) (0.0281776349078 0.241594206473 0) (0.0283889332012 0.24248597879 0) (0.0286010099212 0.243377566307 0) (0.0288138649062 0.244268968343 0) (0.0290274979939 0.245160184219 0) (0.0292419090216 0.246051213256 0) (0.0294570978258 0.246942054776 0) (0.0296730642425 0.247832708099 0) (0.0298898081072 0.248723172546 0) (0.0301073292546 0.249613447439 0) (0.030325627519 0.250503532099 0) (0.030544702734 0.251393425848 0) (0.0307645547327 0.252283128008 0) (0.0309851833475 0.2531726379 0) (0.0312065884103 0.254061954847 0) (0.0314287697523 0.254951078172 0) (0.0316517272042 0.255840007195 0))
    polyLine 21 25 ((-0.236338331847 0.464511005782 -0.03) (-0.235182071625 0.467712872303 -0.03) (-0.234015100582 0.470922395967 -0.03) (-0.232837338997 0.474139640233 -0.03) (-0.231648706259 0.477364668929 -0.03) (-0.230449120853 0.480597546249 -0.03) (-0.229238500353 0.48383833676 -0.03) (-0.228016761415 0.487087105408 -0.03) (-0.226783819761 0.490343917517 -0.03) (-0.225539590174 0.493608838798 -0.03) (-0.224283986484 0.49688193535 -0.03) (-0.223016921559 0.500163273668 -0.03) (-0.221738307297 0.503452920642 -0.03) (-0.220448054611 0.506750943565 -0.03) (-0.219146073419 0.510057410139 -0.03) (-0.217832272636 0.513372388475 -0.03) (-0.21650656016 0.516695947099 -0.03) (-0.215168842861 0.520028154958 -0.03) (-0.213819026569 0.523369081425 -0.03) (-0.212457016064 0.526718796302 -0.03) (-0.211082715063 0.530077369824 -0.03) (-0.209696026207 0.533444872666 -0.03) (-0.208296851053 0.536821375946 -0.03))
    polyLine 23 27 ((-0.236338331847 0.464511005782 0) (-0.235182071625 0.467712872303 0) (-0.234015100582 0.470922395967 0) (-0.232837338997 0.474139640233 0) (-0.231648706259 0.477364668929 0) (-0.230449120853 0.480597546249 0) (-0.229238500353 0.48383833676 0) (-0.228016761415 0.487087105408 0) (-0.226783819761 0.490343917517 0) (-0.225539590174 0.493608838798 0) (-0.224283986484 0.49688193535 0) (-0.223016921559 0.500163273668 0) (-0.221738307297 0.503452920642 0) (-0.220448054611 0.506750943565 0) (-0.219146073419 0.510057410139 0) (-0.217832272636 0.513372388475 0) (-0.21650656016 0.516695947099 0) (-0.215168842861 0.520028154958 0) (-0.213819026569 0.523369081425 0) (-0.212457016064 0.526718796302 0) (-0.211082715063 0.530077369824 0) (-0.209696026207 0.533444872666 0) (-0.208296851053 0.536821375946 0))
    polyLine 24 28 ((0.0318754605961 0.256728741241 -0.03) (0.0320999697575 0.257617279631 -0.03) (0.0323252545173 0.258505621689 -0.03) (0.0325513147037 0.259393766737 -0.03) (0.0327781501446 0.260281714099 -0.03) (0.0330057606669 0.261169463097 -0.03) (0.0332341460974 0.262057013056 -0.03) (0.0334633062618 0.262944363299 -0.03) (0.0336932409856 0.263831513149 -0.03) (0.0339239500936 0.264718461931 -0.03) (0.0341554334098 0.265605208969 -0.03) (0.034387690758 0.266491753587 -0.03) (0.034620721961 0.267378095108 -0.03) (0.0348545268413 0.268264232858 -0.03) (0.0350891052207 0.269150166162 -0.03) (0.0353244569205 0.270035894344 -0.03) (0.0355605817612 0.270921416728 -0.03) (0.0357974795629 0.271806732642 -0.03) (0.0360351501451 0.272691841408 -0.03) (0.0362735933266 0.273576742354 -0.03) (0.0365128089258 0.274461434804 -0.03) (0.0367527967603 0.275345918085 -0.03) (0.0369935566472 0.276230191522 -0.03) (0.037235088403 0.277114254441 -0.03) (0.0374773918436 0.277998106169 -0.03) (0.0377204667845 0.278881746032 -0.03) (0.0379643130403 0.279765173357 -0.03) (0.0382089304252 0.28064838747 -0.03) (0.0384543187528 0.281531387698 -0.03) (0.0387004778361 0.282414173369 -0.03) (0.0389474074874 0.283296743809 -0.03) (0.0391951075186 0.284179098346 -0.03) (0.0394435777409 0.285061236307 -0.03) (0.039692817965 0.285943157021 -0.03) (0.0399428280009 0.286824859815 -0.03) (0.040193607658 0.287706344016 -0.03) (0.0404451567452 0.288587608954 -0.03) (0.0406974750709 0.289468653957 -0.03) (0.0409505624428 0.290349478353 -0.03) (0.0412044186679 0.291230081471 -0.03) (0.0414590435528 0.29211046264 -0.03) (0.0417144369034 0.292990621189 -0.03) (0.0419705985251 0.293870556447 -0.03) (0.0422275282227 0.294750267743 -0.03) (0.0424852258004 0.295629754407 -0.03) (0.0427436910617 0.29650901577 -0.03) (0.0430029238098 0.29738805116 -0.03))
    polyLine 26 30 ((0.0318754605961 0.256728741241 0) (0.0320999697575 0.257617279631 0) (0.0323252545173 0.258505621689 0) (0.0325513147037 0.259393766737 0) (0.0327781501446 0.260281714099 0) (0.0330057606669 0.261169463097 0) (0.0332341460974 0.262057013056 0) (0.0334633062618 0.262944363299 0) (0.0336932409856 0.263831513149 0) (0.0339239500936 0.264718461931 0) (0.0341554334098 0.265605208969 0) (0.034387690758 0.266491753587 0) (0.034620721961 0.267378095108 0) (0.0348545268413 0.268264232858 0) (0.0350891052207 0.269150166162 0) (0.0353244569205 0.270035894344 0) (0.0355605817612 0.270921416728 0) (0.0357974795629 0.271806732642 0) (0.0360351501451 0.272691841408 0) (0.0362735933266 0.273576742354 0) (0.0365128089258 0.274461434804 0) (0.0367527967603 0.275345918085 0) (0.0369935566472 0.276230191522 0) (0.037235088403 0.277114254441 0) (0.0374773918436 0.277998106169 0) (0.0377204667845 0.278881746032 0) (0.0379643130403 0.279765173357 0) (0.0382089304252 0.28064838747 0) (0.0384543187528 0.281531387698 0) (0.0387004778361 0.282414173369 0) (0.0389474074874 0.283296743809 0) (0.0391951075186 0.284179098346 0) (0.0394435777409 0.285061236307 0) (0.039692817965 0.285943157021 0) (0.0399428280009 0.286824859815 0) (0.040193607658 0.287706344016 0) (0.0404451567452 0.288587608954 0) (0.0406974750709 0.289468653957 0) (0.0409505624428 0.290349478353 0) (0.0412044186679 0.291230081471 0) (0.0414590435528 0.29211046264 0) (0.0417144369034 0.292990621189 0) (0.0419705985251 0.293870556447 0) (0.0422275282227 0.294750267743 0) (0.0424852258004 0.295629754407 0) (0.0427436910617 0.29650901577 0) (0.0430029238098 0.29738805116 0))
    polyLine 25 29 ((-0.205623682322 0.543214187446 -0.03) (-0.204352245149 0.546228651969 -0.03) (-0.203070707092 0.549250395477 -0.03) (-0.201778995999 0.552279468937 -0.03) (-0.200477039004 0.555315923604 -0.03) (-0.199164762521 0.558359811027 -0.03) (-0.197842092233 0.561411183055 -0.03) (-0.196508953084 0.564470091833 -0.03) (-0.195165269276 0.567536589811 -0.03) (-0.19381096426 0.570610729746 -0.03) (-0.192445960722 0.5736925647 -0.03) (-0.191070180584 0.576782148052 -0.03) (-0.189683544991 0.579879533491 -0.03) (-0.188285974302 0.582984775027 -0.03) (-0.186877388085 0.586097926992 -0.03) (-0.185457705106 0.589219044042 -0.03) (-0.184026843323 0.592348181158 -0.03) (-0.182584719874 0.595485393656 -0.03) (-0.181131251072 0.598630737185 -0.03) (-0.179666352392 0.601784267732 -0.03) (-0.178189938468 0.604946041624 -0.03) (-0.176701923078 0.608116115535 -0.03) (-0.175202219137 0.611294546484 -0.03))
    polyLine 27 31 ((-0.205623682322 0.543214187446 0) (-0.204352245149 0.546228651969 0) (-0.203070707092 0.549250395477 0) (-0.201778995999 0.552279468937 0) (-0.200477039004 0.555315923604 0) (-0.199164762521 0.558359811027 0) (-0.197842092233 0.561411183055 0) (-0.196508953084 0.564470091833 0) (-0.195165269276 0.567536589811 0) (-0.19381096426 0.570610729746 0) (-0.192445960722 0.5736925647 0) (-0.191070180584 0.576782148052 0) (-0.189683544991 0.579879533491 0) (-0.188285974302 0.582984775027 0) (-0.186877388085 0.586097926992 0) (-0.185457705106 0.589219044042 0) (-0.184026843323 0.592348181158 0) (-0.182584719874 0.595485393656 0) (-0.181131251072 0.598630737185 0) (-0.179666352392 0.601784267732 0) (-0.178189938468 0.604946041624 0) (-0.176701923078 0.608116115535 0) (-0.175202219137 0.611294546484 0))
    polyLine 28 32 ((0.043262923847 0.298266859907 -0.03) (0.0435236909752 0.299145441343 -0.03) (0.0437852249956 0.300023794797 -0.03) (0.0440475257089 0.300901919601 -0.03) (0.0443105929153 0.301779815084 -0.03) (0.0445744264143 0.302657480578 -0.03) (0.0448390260047 0.303534915414 -0.03) (0.045104391485 0.304412118923 -0.03) (0.0453705226528 0.305289090437 -0.03) (0.0456374193054 0.306165829287 -0.03) (0.0459050812393 0.307042334805 -0.03) (0.0461735082507 0.307918606323 -0.03) (0.0464427001348 0.308794643174 -0.03) (0.0467126566866 0.30967044469 -0.03) (0.0469833777003 0.310546010202 -0.03) (0.0472548629696 0.311421339045 -0.03) (0.0475271122875 0.312296430551 -0.03) (0.0478001254467 0.313171284053 -0.03) (0.0480739022391 0.314045898883 -0.03) (0.0483484424559 0.314920274377 -0.03) (0.048623745888 0.315794409867 -0.03) (0.0488998123255 0.316668304687 -0.03) (0.0491766415581 0.317541958171 -0.03) (0.0494542333748 0.318415369654 -0.03) (0.049732587564 0.319288538469 -0.03) (0.0500117039137 0.320161463951 -0.03) (0.050291582211 0.321034145436 -0.03) (0.0505722222426 0.321906582257 -0.03) (0.0508536237948 0.32277877375 -0.03) (0.051135786653 0.323650719251 -0.03) (0.0514187106022 0.324522418094 -0.03) (0.0517023954269 0.325393869616 -0.03) (0.0519868409107 0.326265073152 -0.03) (0.0522720468369 0.327136028038 -0.03) (0.0525580129881 0.328006733611 -0.03) (0.0528447391465 0.328877189207 -0.03) (0.0531322250934 0.329747394163 -0.03) (0.0534204706099 0.330617347815 -0.03) (0.0537094754762 0.3314870495 -0.03) (0.053999239472 0.332356498556 -0.03) (0.0542897623766 0.33322569432 -0.03) (0.0545810439685 0.33409463613 -0.03) (0.0548730840258 0.334963323323 -0.03) (0.0551658823258 0.335831755237 -0.03) (0.0554594386455 0.336699931211 -0.03) (0.0557537527611 0.337567850583 -0.03) (0.0560488244483 0.338435512691 -0.03))
    polyLine 30 34 ((0.043262923847 0.298266859907 0) (0.0435236909752 0.299145441343 0) (0.0437852249956 0.300023794797 0) (0.0440475257089 0.300901919601 0) (0.0443105929153 0.301779815084 0) (0.0445744264143 0.302657480578 0) (0.0448390260047 0.303534915414 0) (0.045104391485 0.304412118923 0) (0.0453705226528 0.305289090437 0) (0.0456374193054 0.306165829287 0) (0.0459050812393 0.307042334805 0) (0.0461735082507 0.307918606323 0) (0.0464427001348 0.308794643174 0) (0.0467126566866 0.30967044469 0) (0.0469833777003 0.310546010202 0) (0.0472548629696 0.311421339045 0) (0.0475271122875 0.312296430551 0) (0.0478001254467 0.313171284053 0) (0.0480739022391 0.314045898883 0) (0.0483484424559 0.314920274377 0) (0.048623745888 0.315794409867 0) (0.0488998123255 0.316668304687 0) (0.0491766415581 0.317541958171 0) (0.0494542333748 0.318415369654 0) (0.049732587564 0.319288538469 0) (0.0500117039137 0.320161463951 0) (0.050291582211 0.321034145436 0) (0.0505722222426 0.321906582257 0) (0.0508536237948 0.32277877375 0) (0.051135786653 0.323650719251 0) (0.0514187106022 0.324522418094 0) (0.0517023954269 0.325393869616 0) (0.0519868409107 0.326265073152 0) (0.0522720468369 0.327136028038 0) (0.0525580129881 0.328006733611 0) (0.0528447391465 0.328877189207 0) (0.0531322250934 0.329747394163 0) (0.0534204706099 0.330617347815 0) (0.0537094754762 0.3314870495 0) (0.053999239472 0.332356498556 0) (0.0542897623766 0.33322569432 0) (0.0545810439685 0.33409463613 0) (0.0548730840258 0.334963323323 0) (0.0551658823258 0.335831755237 0) (0.0554594386455 0.336699931211 0) (0.0557537527611 0.337567850583 0) (0.0560488244483 0.338435512691 0))
    polyLine 29 33 ((-0.172336648676 0.617322496484 -0.03) (-0.170973112324 0.620170341842 -0.03) (-0.169600066004 0.62302496898 -0.03) (-0.168217445517 0.625886419189 -0.03) (-0.166825186091 0.628754733991 -0.03) (-0.165423222376 0.631629955138 -0.03) (-0.164011488435 0.63451212462 -0.03) (-0.162589917743 0.637401284661 -0.03) (-0.161158443177 0.640297477726 -0.03) (-0.159716997011 0.643200746521 -0.03) (-0.158265510913 0.646111133995 -0.03) (-0.156803915936 0.649028683342 -0.03) (-0.155332142511 0.651953438006 -0.03) (-0.153850120445 0.65488544168 -0.03) (-0.152357778912 0.657824738309 -0.03) (-0.150855046445 0.660771372094 -0.03) (-0.149341850934 0.663725387493 -0.03) (-0.147818119617 0.666686829224 -0.03) (-0.146283779073 0.669655742265 -0.03) (-0.144738755216 0.67263217186 -0.03) (-0.143182973288 0.675616163521 -0.03) (-0.141616357855 0.678607763028 -0.03) (-0.140038832794 0.681607016433 -0.03))
    polyLine 31 35 ((-0.172336648676 0.617322496484 0) (-0.170973112324 0.620170341842 0) (-0.169600066004 0.62302496898 0) (-0.168217445517 0.625886419189 0) (-0.166825186091 0.628754733991 0) (-0.165423222376 0.631629955138 0) (-0.164011488435 0.63451212462 0) (-0.162589917743 0.637401284661 0) (-0.161158443177 0.640297477726 0) (-0.159716997011 0.643200746521 0) (-0.158265510913 0.646111133995 0) (-0.156803915936 0.649028683342 0) (-0.155332142511 0.651953438006 0) (-0.153850120445 0.65488544168 0) (-0.152357778912 0.657824738309 0) (-0.150855046445 0.660771372094 0) (-0.149341850934 0.663725387493 0) (-0.147818119617 0.666686829224 0) (-0.146283779073 0.669655742265 0) (-0.144738755216 0.67263217186 0) (-0.143182973288 0.675616163521 0) (-0.141616357855 0.678607763028 0) (-0.140038832794 0.681607016433 0))
    polyLine 32 36 ((0.0563446534822 0.339302916874 -0.03) (0.0566412396374 0.340170062472 -0.03) (0.0569385826878 0.341036948822 -0.03) (0.0572366824069 0.341903575265 -0.03) (0.0575355385675 0.342769941141 -0.03) (0.0578351509417 0.343636045788 -0.03) (0.0581355193013 0.344501888547 -0.03) (0.0584366434173 0.345367468757 -0.03) (0.0587385230603 0.34623278576 -0.03) (0.0590411580002 0.347097838896 -0.03) (0.0593445480063 0.347962627505 -0.03) (0.0596486928474 0.348827150929 -0.03) (0.0599535922918 0.349691408508 -0.03) (0.0602592461071 0.350555399584 -0.03) (0.0605656540603 0.351419123499 -0.03) (0.0608728159179 0.352282579594 -0.03) (0.0611807314458 0.353145767211 -0.03) (0.0614894004094 0.354008685692 -0.03) (0.0617988225734 0.35487133438 -0.03) (0.062108997702 0.355733712617 -0.03) (0.0624199255588 0.356595819746 -0.03) (0.0627316059069 0.357457655111 -0.03) (0.0630440385087 0.358319218053 -0.03) (0.0633572231261 0.359180507917 -0.03) (0.0636711595204 0.360041524046 -0.03) (0.0639858474525 0.360902265784 -0.03) (0.0643012866823 0.361762732476 -0.03) (0.0646174769697 0.362622923464 -0.03) (0.0649344180735 0.363482838094 -0.03) (0.0652521097523 0.364342475711 -0.03) (0.0655705517638 0.365201835658 -0.03) (0.0658897438655 0.366060917282 -0.03) (0.0662096858141 0.366919719928 -0.03) (0.0665303773658 0.367778242941 -0.03) (0.066851818276 0.368636485666 -0.03) (0.0671740083 0.36949444745 -0.03) (0.067496947192 0.370352127639 -0.03) (0.0678206347061 0.371209525579 -0.03) (0.0681450705955 0.372066640617 -0.03) (0.068470254613 0.372923472099 -0.03) (0.0687961865107 0.373780019373 -0.03) (0.0691228660403 0.374636281786 -0.03) (0.0694502929528 0.375492258685 -0.03) (0.0697784669986 0.376347949417 -0.03) (0.0701073879276 0.377203353332 -0.03) (0.0704370554892 0.378058469776 -0.03) (0.0707674694322 0.378913298099 -0.03))
    polyLine 34 38 ((0.0563446534822 0.339302916874 0) (0.0566412396374 0.340170062472 0) (0.0569385826878 0.341036948822 0) (0.0572366824069 0.341903575265 0) (0.0575355385675 0.342769941141 0) (0.0578351509417 0.343636045788 0) (0.0581355193013 0.344501888547 0) (0.0584366434173 0.345367468757 0) (0.0587385230603 0.34623278576 0) (0.0590411580002 0.347097838896 0) (0.0593445480063 0.347962627505 0) (0.0596486928474 0.348827150929 0) (0.0599535922918 0.349691408508 0) (0.0602592461071 0.350555399584 0) (0.0605656540603 0.351419123499 0) (0.0608728159179 0.352282579594 0) (0.0611807314458 0.353145767211 0) (0.0614894004094 0.354008685692 0) (0.0617988225734 0.35487133438 0) (0.062108997702 0.355733712617 0) (0.0624199255588 0.356595819746 0) (0.0627316059069 0.357457655111 0) (0.0630440385087 0.358319218053 0) (0.0633572231261 0.359180507917 0) (0.0636711595204 0.360041524046 0) (0.0639858474525 0.360902265784 0) (0.0643012866823 0.361762732476 0) (0.0646174769697 0.362622923464 0) (0.0649344180735 0.363482838094 0) (0.0652521097523 0.364342475711 0) (0.0655705517638 0.365201835658 0) (0.0658897438655 0.366060917282 0) (0.0662096858141 0.366919719928 0) (0.0665303773658 0.367778242941 0) (0.066851818276 0.368636485666 0) (0.0671740083 0.36949444745 0) (0.067496947192 0.370352127639 0) (0.0678206347061 0.371209525579 0) (0.0681450705955 0.372066640617 0) (0.068470254613 0.372923472099 0) (0.0687961865107 0.373780019373 0) (0.0691228660403 0.374636281786 0) (0.0694502929528 0.375492258685 0) (0.0697784669986 0.376347949417 0) (0.0701073879276 0.377203353332 0) (0.0704370554892 0.378058469776 0) (0.0707674694322 0.378913298099 0))
    polyLine 33 37 ((-0.137019499289 0.687311242594 -0.03) (-0.13557976218 0.690014751722 -0.03) (-0.134131053491 0.692724531209 -0.03) (-0.132673316288 0.695440614999 -0.03) (-0.131206493168 0.698163037222 -0.03) (-0.129730526262 0.700891832191 -0.03) (-0.128245357225 0.703627034408 -0.03) (-0.126750927232 0.706368678561 -0.03) (-0.125247176979 0.709116799531 -0.03) (-0.123734046672 0.711871432389 -0.03) (-0.122211476025 0.714632612401 -0.03) (-0.120679404256 0.717400375026 -0.03) (-0.119137770084 0.720174755921 -0.03) (-0.117586511719 0.722955790941 -0.03) (-0.116025566861 0.725743516143 -0.03) (-0.114454872698 0.728537967783 -0.03) (-0.112874365894 0.731339182322 -0.03) (-0.111283982589 0.734147196427 -0.03) (-0.109683658394 0.736962046971 -0.03) (-0.108073328385 0.739783771037 -0.03) (-0.106452927097 0.742612405917 -0.03) (-0.104822388519 0.745447989117 -0.03) (-0.103181646092 0.748290558357 -0.03))
    polyLine 35 39 ((-0.137019499289 0.687311242594 0) (-0.13557976218 0.690014751722 0) (-0.134131053491 0.692724531209 0) (-0.132673316288 0.695440614999 0) (-0.131206493168 0.698163037222 0) (-0.129730526262 0.700891832191 0) (-0.128245357225 0.703627034408 0) (-0.126750927232 0.706368678561 0) (-0.125247176979 0.709116799531 0) (-0.123734046672 0.711871432389 0) (-0.122211476025 0.714632612401 0) (-0.120679404256 0.717400375026 0) (-0.119137770084 0.720174755921 0) (-0.117586511719 0.722955790941 0) (-0.116025566861 0.725743516143 0) (-0.114454872698 0.728537967783 0) (-0.112874365894 0.731339182322 0) (-0.111283982589 0.734147196427 0) (-0.109683658394 0.736962046971 0) (-0.108073328385 0.739783771037 0) (-0.106452927097 0.742612405917 0) (-0.104822388519 0.745447989117 0) (-0.103181646092 0.748290558357 0))
    polyLine 36 40 ((0.0710986295046 0.379767837648 -0.03) (0.0714305354542 0.380622087772 -0.03) (0.071763187028 0.381476047821 -0.03) (0.0720965839724 0.382329717143 -0.03) (0.0724307260335 0.383183095088 -0.03) (0.0727656129564 0.384036181006 -0.03) (0.0731012444861 0.384888974247 -0.03) (0.0734376203667 0.385741474159 -0.03) (0.0737747403419 0.386593680095 -0.03) (0.0741126041547 0.387445591404 -0.03) (0.0744512115476 0.388297207437 -0.03) (0.0747905622627 0.389148527545 -0.03) (0.0751306560413 0.38999955108 -0.03) (0.0754714926241 0.390850277392 -0.03) (0.0758130717515 0.391700705834 -0.03) (0.0761553931631 0.392550835756 -0.03) (0.076498456598 0.393400666513 -0.03) (0.0768422617948 0.394250197454 -0.03) (0.0771868084914 0.395099427934 -0.03) (0.0775320964254 0.395948357306 -0.03) (0.0778781253334 0.396796984921 -0.03) (0.0782248949519 0.397645310133 -0.03) (0.0785724050165 0.398493332296 -0.03) (0.0789206552625 0.399341050764 -0.03) (0.0792696454243 0.400188464891 -0.03) (0.079619375236 0.401035574029 -0.03) (0.0799698444312 0.401882377535 -0.03) (0.0803210527426 0.402728874763 -0.03) (0.0806729999027 0.403575065067 -0.03) (0.0810256856432 0.404420947803 -0.03) (0.0813791096954 0.405266522326 -0.03) (0.0817332717898 0.406111787992 -0.03) (0.0820881716566 0.406956744156 -0.03) (0.0824438090253 0.407801390174 -0.03) (0.0828001836248 0.408645725403 -0.03) (0.0831572951837 0.4094897492 -0.03) (0.0835151434296 0.41033346092 -0.03) (0.08387372809 0.411176859922 -0.03) (0.0842330488914 0.412019945561 -0.03) (0.0845931055602 0.412862717197 -0.03) (0.0849538978218 0.413705174186 -0.03) (0.0853154254013 0.414547315887 -0.03) (0.0856776880232 0.415389141657 -0.03) (0.0860406854113 0.416230650855 -0.03) (0.0864044172892 0.41707184284 -0.03) (0.0867688833795 0.41791271697 -0.03) (0.0871340834045 0.418753272606 -0.03))
    polyLine 38 42 ((0.0710986295046 0.379767837648 0) (0.0714305354542 0.380622087772 0) (0.071763187028 0.381476047821 0) (0.0720965839724 0.382329717143 0) (0.0724307260335 0.383183095088 0) (0.0727656129564 0.384036181006 0) (0.0731012444861 0.384888974247 0) (0.0734376203667 0.385741474159 0) (0.0737747403419 0.386593680095 0) (0.0741126041547 0.387445591404 0) (0.0744512115476 0.388297207437 0) (0.0747905622627 0.389148527545 0) (0.0751306560413 0.38999955108 0) (0.0754714926241 0.390850277392 0) (0.0758130717515 0.391700705834 0) (0.0761553931631 0.392550835756 0) (0.076498456598 0.393400666513 0) (0.0768422617948 0.394250197454 0) (0.0771868084914 0.395099427934 0) (0.0775320964254 0.395948357306 0) (0.0778781253334 0.396796984921 0) (0.0782248949519 0.397645310133 0) (0.0785724050165 0.398493332296 0) (0.0789206552625 0.399341050764 0) (0.0792696454243 0.400188464891 0) (0.079619375236 0.401035574029 0) (0.0799698444312 0.401882377535 0) (0.0803210527426 0.402728874763 0) (0.0806729999027 0.403575065067 0) (0.0810256856432 0.404420947803 0) (0.0813791096954 0.405266522326 0) (0.0817332717898 0.406111787992 0) (0.0820881716566 0.406956744156 0) (0.0824438090253 0.407801390174 0) (0.0828001836248 0.408645725403 0) (0.0831572951837 0.4094897492 0) (0.0835151434296 0.41033346092 0) (0.08387372809 0.411176859922 0) (0.0842330488914 0.412019945561 0) (0.0845931055602 0.412862717197 0) (0.0849538978218 0.413705174186 0) (0.0853154254013 0.414547315887 0) (0.0856776880232 0.415389141657 0) (0.0860406854113 0.416230650855 0) (0.0864044172892 0.41707184284 0) (0.0867688833795 0.41791271697 0) (0.0871340834045 0.418753272606 0))
    polyLine 37 41 ((-0.100033224142 0.753715387537 -0.03) (-0.0985273615615 0.756296392252 -0.03) (-0.0970129945869 0.758883193981 -0.03) (-0.0954900724659 0.761475821136 -0.03) (-0.093958544062 0.764074302274 -0.03) (-0.0924183578516 0.766678666106 -0.03) (-0.0908694619204 0.769288941492 -0.03) (-0.0893118039597 0.771905157447 -0.03) (-0.0877453312632 0.774527343136 -0.03) (-0.0861699907237 0.777155527881 -0.03) (-0.0845857288291 0.779789741161 -0.03) (-0.0829924916593 0.782430012611 -0.03) (-0.0813902248823 0.785076372024 -0.03) (-0.0797788737505 0.787728849356 -0.03) (-0.0781583830976 0.79038747472 -0.03) (-0.0765286973342 0.793052278395 -0.03) (-0.0748897604442 0.795723290823 -0.03) (-0.0732415159815 0.798400542609 -0.03) (-0.0715839070654 0.801084064528 -0.03) (-0.0699168763773 0.803773887519 -0.03) (-0.0682403661566 0.806470042694 -0.03) (-0.0665543181967 0.809172561333 -0.03) (-0.0648586738409 0.811881474889 -0.03))
    polyLine 39 43 ((-0.100033224142 0.753715387537 0) (-0.0985273615615 0.756296392252 0) (-0.0970129945869 0.758883193981 0) (-0.0954900724659 0.761475821136 0) (-0.093958544062 0.764074302274 0) (-0.0924183578516 0.766678666106 0) (-0.0908694619204 0.769288941492 0) (-0.0893118039597 0.771905157447 0) (-0.0877453312632 0.774527343136 0) (-0.0861699907237 0.777155527881 0) (-0.0845857288291 0.779789741161 0) (-0.0829924916593 0.782430012611 0) (-0.0813902248823 0.785076372024 0) (-0.0797788737505 0.787728849356 0) (-0.0781583830976 0.79038747472 0) (-0.0765286973342 0.793052278395 0) (-0.0748897604442 0.795723290823 0) (-0.0732415159815 0.798400542609 0) (-0.0715839070654 0.801084064528 0) (-0.0699168763773 0.803773887519 0) (-0.0682403661566 0.806470042694 0) (-0.0665543181967 0.809172561333 0) (-0.0648586738409 0.811881474889 0))
    polyLine 40 44 ((0.0875000170858 0.419593509105 -0.03) (0.0878666841447 0.420433425829 -0.03) (0.0882340843015 0.421273022136 -0.03) (0.0886022172765 0.422112297387 -0.03) (0.0889710827889 0.422951250943 -0.03) (0.0893406805577 0.423789882163 -0.03) (0.0897110103011 0.424628190409 -0.03) (0.0900820717371 0.425466175042 -0.03) (0.0904538645827 0.426303835424 -0.03) (0.0908263885547 0.427141170915 -0.03) (0.091199643369 0.427978180878 -0.03) (0.0915736287414 0.428814864674 -0.03) (0.0919483443867 0.429651221667 -0.03) (0.0923237900194 0.430487251219 -0.03) (0.0926999653533 0.431322952692 -0.03) (0.0930768701017 0.43215832545 -0.03) (0.0934545039775 0.432993368857 -0.03) (0.0938328666928 0.433828082275 -0.03) (0.0942119579593 0.434662465068 -0.03) (0.094591777488 0.435496516601 -0.03) (0.094972182683 0.436330888414 -0.03) (0.095352587878 0.437165260227 -0.03) (0.095732993073 0.43799963204 -0.03) (0.096113398268 0.438834003852 -0.03) (0.096493803463 0.439668375665 -0.03) (0.096874208658 0.440502747478 -0.03) (0.097254613853 0.44133711929 -0.03) (0.097635019048 0.442171491103 -0.03) (0.098015424243 0.443005862916 -0.03) (0.098395829438 0.443840234729 -0.03) (0.098776234633 0.444674606541 -0.03) (0.099156639828 0.445508978354 -0.03) (0.099537045023 0.446343350167 -0.03) (0.099917450218 0.447177721979 -0.03) (0.100297855413 0.448012093792 -0.03) (0.100678260608 0.448846465605 -0.03) (0.101058665803 0.449680837418 -0.03) (0.101439070998 0.45051520923 -0.03) (0.101819476193 0.451349581043 -0.03) (0.102199881388 0.452183952856 -0.03) (0.102580286583 0.453018324669 -0.03) (0.102960691778 0.453852696481 -0.03) (0.103341096973 0.454687068294 -0.03) (0.103721502168 0.455521440107 -0.03) (0.104101907363 0.456355811919 -0.03) (0.104482312558 0.457190183732 -0.03) (0.104862717753 0.458024555545 -0.03))
    polyLine 42 46 ((0.0875000170858 0.419593509105 0) (0.0878666841447 0.420433425829 0) (0.0882340843015 0.421273022136 0) (0.0886022172765 0.422112297387 0) (0.0889710827889 0.422951250943 0) (0.0893406805577 0.423789882163 0) (0.0897110103011 0.424628190409 0) (0.0900820717371 0.425466175042 0) (0.0904538645827 0.426303835424 0) (0.0908263885547 0.427141170915 0) (0.091199643369 0.427978180878 0) (0.0915736287414 0.428814864674 0) (0.0919483443867 0.429651221667 0) (0.0923237900194 0.430487251219 0) (0.0926999653533 0.431322952692 0) (0.0930768701017 0.43215832545 0) (0.0934545039775 0.432993368857 0) (0.0938328666928 0.433828082275 0) (0.0942119579593 0.434662465068 0) (0.094591777488 0.435496516601 0) (0.094972182683 0.436330888414 0) (0.095352587878 0.437165260227 0) (0.095732993073 0.43799963204 0) (0.096113398268 0.438834003852 0) (0.096493803463 0.439668375665 0) (0.096874208658 0.440502747478 0) (0.097254613853 0.44133711929 0) (0.097635019048 0.442171491103 0) (0.098015424243 0.443005862916 0) (0.098395829438 0.443840234729 0) (0.098776234633 0.444674606541 0) (0.099156639828 0.445508978354 0) (0.099537045023 0.446343350167 0) (0.099917450218 0.447177721979 0) (0.100297855413 0.448012093792 0) (0.100678260608 0.448846465605 0) (0.101058665803 0.449680837418 0) (0.101439070998 0.45051520923 0) (0.101819476193 0.451349581043 0) (0.102199881388 0.452183952856 0) (0.102580286583 0.453018324669 0) (0.102960691778 0.453852696481 0) (0.103341096973 0.454687068294 0) (0.103721502168 0.455521440107 0) (0.104101907363 0.456355811919 0) (0.104482312558 0.457190183732 0) (0.104862717753 0.458024555545 0))
    polyLine 41 45 ((-0.0616064294579 0.817052275714 -0.03) (-0.0600515322374 0.819513017381 -0.03) (-0.0584886379332 0.821979063589 -0.03) (-0.05691770185 0.824450438052 -0.03) (-0.0553386789784 0.826927164607 -0.03) (-0.0537515239929 0.829409267211 -0.03) (-0.0521561912485 0.83189676994 -0.03) (-0.0505526347787 0.834389696995 -0.03) (-0.0489408082927 0.836888072696 -0.03) (-0.0473206651724 0.839391921491 -0.03) (-0.0456921584702 0.841901267951 -0.03) (-0.0440552409059 0.844416136773 -0.03) (-0.042409864864 0.846936552779 -0.03) (-0.0407559823912 0.849462540922 -0.03) (-0.039093545193 0.851994126281 -0.03) (-0.0374225046316 0.854531334065 -0.03) (-0.0357428117223 0.857074189615 -0.03) (-0.0340544171311 0.859622718403 -0.03) (-0.0323572711715 0.862176946031 -0.03) (-0.0306513238019 0.864736898239 -0.03) (-0.028936524622 0.867302600897 -0.03) (-0.0272128228704 0.869874080014 -0.03) (-0.0254801674212 0.872451361735 -0.03))
    polyLine 43 47 ((-0.0616064294579 0.817052275714 0) (-0.0600515322374 0.819513017381 0) (-0.0584886379332 0.821979063589 0) (-0.05691770185 0.824450438052 0) (-0.0553386789784 0.826927164607 0) (-0.0537515239929 0.829409267211 0) (-0.0521561912485 0.83189676994 0) (-0.0505526347787 0.834389696995 0) (-0.0489408082927 0.836888072696 0) (-0.0473206651724 0.839391921491 0) (-0.0456921584702 0.841901267951 0) (-0.0440552409059 0.844416136773 0) (-0.042409864864 0.846936552779 0) (-0.0407559823912 0.849462540922 0) (-0.039093545193 0.851994126281 0) (-0.0374225046316 0.854531334065 0) (-0.0357428117223 0.857074189615 0) (-0.0340544171311 0.859622718403 0) (-0.0323572711715 0.862176946031 0) (-0.0306513238019 0.864736898239 0) (-0.028936524622 0.867302600897 0) (-0.0272128228704 0.869874080014 0) (-0.0254801674212 0.872451361735 0))
    polyLine 44 48 ((0.105243122948 0.458858927358 -0.03) (0.105623528143 0.45969329917 -0.03) (0.106003933338 0.460527670983 -0.03) (0.106384338533 0.461362042796 -0.03) (0.106764743728 0.462196414608 -0.03) (0.107145148923 0.463030786421 -0.03) (0.107525554118 0.463865158234 -0.03) (0.107905959313 0.464699530047 -0.03) (0.108286364508 0.465533901859 -0.03) (0.108666769703 0.466368273672 -0.03) (0.109047174898 0.467202645485 -0.03) (0.109427580093 0.468037017297 -0.03) (0.109807985288 0.46887138911 -0.03) (0.110188390483 0.469705760923 -0.03) (0.110568795678 0.470540132736 -0.03) (0.110949200873 0.471374504548 -0.03) (0.111329606068 0.472208876361 -0.03) (0.111710011263 0.473043248174 -0.03) (0.112090416458 0.473877619987 -0.03) (0.112470821653 0.474711991799 -0.03) (0.112851226848 0.475546363612 -0.03) (0.113231632043 0.476380735425 -0.03) (0.113612037238 0.477215107237 -0.03) (0.113992442433 0.47804947905 -0.03) (0.114372847628 0.478883850863 -0.03) (0.114753252823 0.479718222676 -0.03) (0.115133658018 0.480552594488 -0.03) (0.115514063213 0.481386966301 -0.03) (0.115894468408 0.482221338114 -0.03) (0.116274873603 0.483055709926 -0.03) (0.116655278798 0.483890081739 -0.03) (0.117035683993 0.484724453552 -0.03) (0.117416089188 0.485558825365 -0.03) (0.117796494383 0.486393197177 -0.03) (0.118176899578 0.48722756899 -0.03) (0.118557304773 0.488061940803 -0.03) (0.118937709968 0.488896312615 -0.03) (0.119318115163 0.489730684428 -0.03) (0.119698520358 0.490565056241 -0.03) (0.120078925553 0.491399428054 -0.03) (0.120459330748 0.492233799866 -0.03) (0.120839735943 0.493068171679 -0.03) (0.121220141138 0.493902543492 -0.03) (0.121600546333 0.494736915305 -0.03) (0.121980951528 0.495571287117 -0.03) (0.122361356723 0.49640565893 -0.03) (0.122741761918 0.497240030743 -0.03))
    polyLine 46 50 ((0.105243122948 0.458858927358 0) (0.105623528143 0.45969329917 0) (0.106003933338 0.460527670983 0) (0.106384338533 0.461362042796 0) (0.106764743728 0.462196414608 0) (0.107145148923 0.463030786421 0) (0.107525554118 0.463865158234 0) (0.107905959313 0.464699530047 0) (0.108286364508 0.465533901859 0) (0.108666769703 0.466368273672 0) (0.109047174898 0.467202645485 0) (0.109427580093 0.468037017297 0) (0.109807985288 0.46887138911 0) (0.110188390483 0.469705760923 0) (0.110568795678 0.470540132736 0) (0.110949200873 0.471374504548 0) (0.111329606068 0.472208876361 0) (0.111710011263 0.473043248174 0) (0.112090416458 0.473877619987 0) (0.112470821653 0.474711991799 0) (0.112851226848 0.475546363612 0) (0.113231632043 0.476380735425 0) (0.113612037238 0.477215107237 0) (0.113992442433 0.47804947905 0) (0.114372847628 0.478883850863 0) (0.114753252823 0.479718222676 0) (0.115133658018 0.480552594488 0) (0.115514063213 0.481386966301 0) (0.115894468408 0.482221338114 0) (0.116274873603 0.483055709926 0) (0.116655278798 0.483890081739 0) (0.117035683993 0.484724453552 0) (0.117416089188 0.485558825365 0) (0.117796494383 0.486393197177 0) (0.118176899578 0.48722756899 0) (0.118557304773 0.488061940803 0) (0.118937709968 0.488896312615 0) (0.119318115163 0.489730684428 0) (0.119698520358 0.490565056241 0) (0.120078925553 0.491399428054 0) (0.120459330748 0.492233799866 0) (0.120839735943 0.493068171679 0) (0.121220141138 0.493902543492 0) (0.121600546333 0.494736915305 0) (0.121980951528 0.495571287117 0) (0.122361356723 0.49640565893 0) (0.122741761918 0.497240030743 0))
    polyLine 45 49 ((-0.0222021765494 0.877306807453 -0.03) (-0.0206588319036 0.879583672449 -0.03) (-0.0191084373004 0.881865085375 -0.03) (-0.0175509569719 0.884151064358 -0.03) (-0.0159863549228 0.886441627611 -0.03) (-0.0144145949295 0.888736793432 -0.03) (-0.0128356405379 0.891036580205 -0.03) (-0.0112494550618 0.8933410064 -0.03) (-0.0096560015812 0.895650090575 -0.03) (-0.00805524294046 0.897963851374 -0.03) (-0.00644714174663 0.90028230753 -0.03) (-0.00483166036755 0.902605477865 -0.03) (-0.00320876093009 0.90493338129 -0.03) (-0.00157840531831 0.907266036807 -0.03) (5.94448284023e-05 0.909603463506 -0.03) (0.00170482811715 0.911945680572 -0.03) (0.00335778340342 0.914292707279 -0.03) (0.00501834979301 0.916644562994 -0.03) (0.00668656664391 0.919001267178 -0.03) (0.00836247356823 0.921362839385 -0.03) (0.0100461104342 0.923729299264 -0.03) (0.0117375173679 0.926100666558 -0.03) (0.0134367347558 0.928476961107 -0.03))
    polyLine 47 51 ((-0.0222021765494 0.877306807453 0) (-0.0206588319036 0.879583672449 0) (-0.0191084373004 0.881865085375 0) (-0.0175509569719 0.884151064358 0) (-0.0159863549228 0.886441627611 0) (-0.0144145949295 0.888736793432 0) (-0.0128356405379 0.891036580205 0) (-0.0112494550618 0.8933410064 0) (-0.0096560015812 0.895650090575 0) (-0.00805524294046 0.897963851374 0) (-0.00644714174663 0.90028230753 0) (-0.00483166036755 0.902605477865 0) (-0.00320876093009 0.90493338129 0) (-0.00157840531831 0.907266036807 0) (5.94448284023e-05 0.909603463506 0) (0.00170482811715 0.911945680572 0) (0.00335778340342 0.914292707279 0) (0.00501834979301 0.916644562994 0) (0.00668656664391 0.919001267178 0) (0.00836247356823 0.921362839385 0) (0.0100461104342 0.923729299264 0) (0.0117375173679 0.926100666558 0) (0.0134367347558 0.928476961107 0))
    polyLine 48 52 ((0.123122167113 0.498074402555 -0.03) (0.123502572308 0.498908774368 -0.03) (0.123882977503 0.499743146181 -0.03) (0.124263382698 0.500577517994 -0.03) (0.124643787893 0.501411889806 -0.03) (0.125024193088 0.502246261619 -0.03) (0.125404598283 0.503080633432 -0.03) (0.125785003478 0.503915005244 -0.03) (0.126165408673 0.504749377057 -0.03) (0.126545813868 0.50558374887 -0.03) (0.126926219063 0.506418120683 -0.03) (0.127306624258 0.507252492495 -0.03) (0.127687029453 0.508086864308 -0.03) (0.128067434648 0.508921236121 -0.03) (0.128447839843 0.509755607933 -0.03) (0.128828245038 0.510589979746 -0.03) (0.129208650233 0.511424351559 -0.03) (0.129589055428 0.512258723372 -0.03) (0.129969460623 0.513093095184 -0.03) (0.130349865818 0.513927466997 -0.03) (0.130730271013 0.51476183881 -0.03) (0.131110676208 0.515596210622 -0.03) (0.131491081403 0.516430582435 -0.03) (0.131871486598 0.517264954248 -0.03) (0.132251891793 0.518099326061 -0.03) (0.132632296988 0.518933697873 -0.03) (0.133012702183 0.519768069686 -0.03) (0.133393107378 0.520602441499 -0.03) (0.133773512573 0.521436813312 -0.03) (0.134153917768 0.522271185124 -0.03) (0.134534322963 0.523105556937 -0.03) (0.134914728158 0.52393992875 -0.03) (0.135295133353 0.524774300562 -0.03) (0.135675538548 0.525608672375 -0.03) (0.136055943743 0.526443044188 -0.03) (0.136436348938 0.527277416001 -0.03) (0.136816754133 0.528111787813 -0.03) (0.137197159328 0.528946159626 -0.03) (0.137577564523 0.529780531439 -0.03) (0.13796006918 0.530611109598 -0.03) (0.138348891851 0.531438748904 -0.03) (0.13874400996 0.532263401297 -0.03) (0.139145400563 0.533085018894 -0.03) (0.139553040351 0.533903553983 -0.03) (0.139966905655 0.534718959037 -0.03) (0.140386972442 0.535531186705 -0.03) (0.140813216321 0.536340189823 -0.03))
    polyLine 50 54 ((0.123122167113 0.498074402555 0) (0.123502572308 0.498908774368 0) (0.123882977503 0.499743146181 0) (0.124263382698 0.500577517994 0) (0.124643787893 0.501411889806 0) (0.125024193088 0.502246261619 0) (0.125404598283 0.503080633432 0) (0.125785003478 0.503915005244 0) (0.126165408673 0.504749377057 0) (0.126545813868 0.50558374887 0) (0.126926219063 0.506418120683 0) (0.127306624258 0.507252492495 0) (0.127687029453 0.508086864308 0) (0.128067434648 0.508921236121 0) (0.128447839843 0.509755607933 0) (0.128828245038 0.510589979746 0) (0.129208650233 0.511424351559 0) (0.129589055428 0.512258723372 0) (0.129969460623 0.513093095184 0) (0.130349865818 0.513927466997 0) (0.130730271013 0.51476183881 0) (0.131110676208 0.515596210622 0) (0.131491081403 0.516430582435 0) (0.131871486598 0.517264954248 0) (0.132251891793 0.518099326061 0) (0.132632296988 0.518933697873 0) (0.133012702183 0.519768069686 0) (0.133393107378 0.520602441499 0) (0.133773512573 0.521436813312 0) (0.134153917768 0.522271185124 0) (0.134534322963 0.523105556937 0) (0.134914728158 0.52393992875 0) (0.135295133353 0.524774300562 0) (0.135675538548 0.525608672375 0) (0.136055943743 0.526443044188 0) (0.136436348938 0.527277416001 0) (0.136816754133 0.528111787813 0) (0.137197159328 0.528946159626 0) (0.137577564523 0.529780531439 0) (0.13796006918 0.530611109598 0) (0.138348891851 0.531438748904 0) (0.13874400996 0.532263401297 0) (0.139145400563 0.533085018894 0) (0.139553040351 0.533903553983 0) (0.139966905655 0.534718959037 0) (0.140386972442 0.535531186705 0) (0.140813216321 0.536340189823 0))
    polyLine 49 53 ((0.0166583669872 0.932965889198 -0.03) (0.0181791177945 0.935077465695 -0.03) (0.0197060842075 0.937192946271 -0.03) (0.0212392949299 0.939312344919 -0.03) (0.0227787788308 0.941435675693 -0.03) (0.0243245649458 0.943562952709 -0.03) (0.0258766824782 0.945694190142 -0.03) (0.0274351608001 0.947829402232 -0.03) (0.0290000294536 0.949968603277 -0.03) (0.0305713181519 0.952111807642 -0.03) (0.0321490567806 0.954259029751 -0.03) (0.0337332753987 0.956410284093 -0.03) (0.03532400424 0.958565585222 -0.03) (0.0369212737144 0.960724947753 -0.03) (0.0385251144086 0.962888386368 -0.03) (0.040135557088 0.965055915813 -0.03) (0.0417526326974 0.967227550899 -0.03) (0.0433763723627 0.969403306502 -0.03) (0.0450068073918 0.971583197567 -0.03) (0.0466439692759 0.973767239102 -0.03) (0.0482878896911 0.975955446183 -0.03) (0.0499386004995 0.978147833955 -0.03) (0.0515961337503 0.980344417629 -0.03))
    polyLine 51 55 ((0.0166583669872 0.932965889198 0) (0.0181791177945 0.935077465695 0) (0.0197060842075 0.937192946271 0) (0.0212392949299 0.939312344919 0) (0.0227787788308 0.941435675693 0) (0.0243245649458 0.943562952709 0) (0.0258766824782 0.945694190142 0) (0.0274351608001 0.947829402232 0) (0.0290000294536 0.949968603277 0) (0.0305713181519 0.952111807642 0) (0.0321490567806 0.954259029751 0) (0.0337332753987 0.956410284093 0) (0.03532400424 0.958565585222 0) (0.0369212737144 0.960724947753 0) (0.0385251144086 0.962888386368 0) (0.040135557088 0.965055915813 0) (0.0417526326974 0.967227550899 0) (0.0433763723627 0.969403306502 0) (0.0450068073918 0.971583197567 0) (0.0466439692759 0.973767239102 0) (0.0482878896911 0.975955446183 0) (0.0499386004995 0.978147833955 0) (0.0515961337503 0.980344417629 0))
    polyLine 52 56 ((0.14124561254 0.537145921417 -0.03) (0.141684135991 0.537948334697 -0.03) (0.142128761211 0.538747383072 -0.03) (0.142579462381 0.539543020141 -0.03) (0.14303621333 0.540335199705 -0.03) (0.143498987535 0.541123875763 -0.03) (0.143967758126 0.54190900252 -0.03) (0.144442497881 0.542690534384 -0.03) (0.144923179233 0.543468425975 -0.03) (0.145409774272 0.544242632123 -0.03) (0.14590225474 0.545013107871 -0.03) (0.146400592043 0.54577980848 -0.03) (0.146904757241 0.54654268943 -0.03) (0.14741472106 0.547301706422 -0.03) (0.147930453888 0.548056815381 -0.03) (0.148451925776 0.548807972462 -0.03) (0.148979106446 0.549555134046 -0.03) (0.149511965284 0.550298256747 -0.03) (0.150050471349 0.551037297414 -0.03) (0.150594593372 0.551772213134 -0.03) (0.151144299756 0.552502961231 -0.03) (0.151699558582 0.553229499273 -0.03) (0.152260337608 0.553951785072 -0.03) (0.15282660427 0.554669776686 -0.03) (0.153398325686 0.555383432424 -0.03) (0.153975468659 0.556092710846 -0.03) (0.154557999675 0.556797570765 -0.03) (0.155145884908 0.557497971253 -0.03) (0.155739090222 0.558193871638 -0.03) (0.156337581169 0.558885231512 -0.03) (0.156941322999 0.55957201073 -0.03) (0.157550280652 0.560254169412 -0.03) (0.158164418769 0.560931667946 -0.03) (0.158783701687 0.561604466993 -0.03) (0.159408093448 0.562272527484 -0.03) (0.160037557794 0.562935810627 -0.03) (0.160672058173 0.563594277907 -0.03) (0.161311557742 0.564247891089 -0.03) (0.161956019367 0.564896612219 -0.03) (0.162605405626 0.565540403627 -0.03) (0.163259678811 0.56617922793 -0.03) (0.163918800929 0.566813048033 -0.03) (0.164582733708 0.567441827133 -0.03) (0.165251438594 0.568065528717 -0.03) (0.165924876757 0.568684116569 -0.03) (0.166603009093 0.569297554769 -0.03) (0.167285796225 0.569905807696 -0.03))
    polyLine 54 58 ((0.14124561254 0.537145921417 0) (0.141684135991 0.537948334697 0) (0.142128761211 0.538747383072 0) (0.142579462381 0.539543020141 0) (0.14303621333 0.540335199705 0) (0.143498987535 0.541123875763 0) (0.143967758126 0.54190900252 0) (0.144442497881 0.542690534384 0) (0.144923179233 0.543468425975 0) (0.145409774272 0.544242632123 0) (0.14590225474 0.545013107871 0) (0.146400592043 0.54577980848 0) (0.146904757241 0.54654268943 0) (0.14741472106 0.547301706422 0) (0.147930453888 0.548056815381 0) (0.148451925776 0.548807972462 0) (0.148979106446 0.549555134046 0) (0.149511965284 0.550298256747 0) (0.150050471349 0.551037297414 0) (0.150594593372 0.551772213134 0) (0.151144299756 0.552502961231 0) (0.151699558582 0.553229499273 0) (0.152260337608 0.553951785072 0) (0.15282660427 0.554669776686 0) (0.153398325686 0.555383432424 0) (0.153975468659 0.556092710846 0) (0.154557999675 0.556797570765 0) (0.155145884908 0.557497971253 0) (0.155739090222 0.558193871638 0) (0.156337581169 0.558885231512 0) (0.156941322999 0.55957201073 0) (0.157550280652 0.560254169412 0) (0.158164418769 0.560931667946 0) (0.158783701687 0.561604466993 0) (0.159408093448 0.562272527484 0) (0.160037557794 0.562935810627 0) (0.160672058173 0.563594277907 0) (0.161311557742 0.564247891089 0) (0.161956019367 0.564896612219 0) (0.162605405626 0.565540403627 0) (0.163259678811 0.56617922793 0) (0.163918800929 0.566813048033 0) (0.164582733708 0.567441827133 0) (0.165251438594 0.568065528717 0) (0.165924876757 0.568684116569 0) (0.166603009093 0.569297554769 0) (0.167285796225 0.569905807696 0))
    polyLine 53 57 ((0.0551824669701 0.985080539643 -0.03) (0.0571135642182 0.987621476244 -0.03) (0.0590538633467 0.990168045841 -0.03) (0.0610034146158 0.992720272113 -0.03) (0.0629622686282 0.995278178858 -0.03) (0.0649304763314 0.997841790002 -0.03) (0.0669080890212 1.00041112959 -0.03) (0.0688951583439 1.00298622181 -0.03) (0.0708917362996 1.00556709095 -0.03) (0.0728978752448 1.00815376144 -0.03) (0.0749136278958 1.01074625785 -0.03) (0.0769390473308 1.01334460486 -0.03) (0.078974186994 1.01594882729 -0.03) (0.0810191006976 1.0185589501 -0.03) (0.0830738426255 1.02117499836 -0.03) (0.0851384673362 1.02379699729 -0.03) (0.0872130297655 1.02642497224 -0.03) (0.0892975852305 1.02905894871 -0.03) (0.091392189432 1.0316989523 -0.03) (0.0934968984579 1.0343450088 -0.03) (0.0956117687868 1.03699714408 -0.03) (0.0977368572905 1.0396553842 -0.03) (0.0998722212382 1.04231975534 -0.03))
    polyLine 55 59 ((0.0551824669701 0.985080539643 0) (0.0571135642182 0.987621476244 0) (0.0590538633467 0.990168045841 0) (0.0610034146158 0.992720272113 0) (0.0629622686282 0.995278178858 0) (0.0649304763314 0.997841790002 0) (0.0669080890212 1.00041112959 0) (0.0688951583439 1.00298622181 0) (0.0708917362996 1.00556709095 0) (0.0728978752448 1.00815376144 0) (0.0749136278958 1.01074625785 0) (0.0769390473308 1.01334460486 0) (0.078974186994 1.01594882729 0) (0.0810191006976 1.0185589501 0) (0.0830738426255 1.02117499836 0) (0.0851384673362 1.02379699729 0) (0.0872130297655 1.02642497224 0) (0.0892975852305 1.02905894871 0) (0.091392189432 1.0316989523 0) (0.0934968984579 1.0343450088 0) (0.0956117687868 1.03699714408 0) (0.0977368572905 1.0396553842 0) (0.0998722212382 1.04231975534 0))
    polyLine 56 60 ((0.167973198504 0.570508840031 -0.03) (0.168665176015 0.571106616757 -0.03) (0.169361688578 0.571699103163 -0.03) (0.170062695746 0.572286264845 -0.03) (0.170768156815 0.572868067707 -0.03) (0.17147803082 0.573444477967 -0.03) (0.17219227654 0.574015462153 -0.03) (0.172910852502 0.57458098711 -0.03) (0.17363371698 0.57514102 -0.03) (0.174360827999 0.575695528302 -0.03) (0.175092143337 0.576244479818 -0.03) (0.175827620528 0.576787842672 -0.03) (0.176567216866 0.577325585312 -0.03) (0.177310889405 0.577857676513 -0.03) (0.17805859496 0.578384085378 -0.03) (0.178810290116 0.578904781339 -0.03) (0.179565931222 0.579419734161 -0.03) (0.180325474401 0.579928913942 -0.03) (0.181088875548 0.580432291116 -0.03) (0.181856090334 0.580929836452 -0.03) (0.18262707421 0.58142152106 -0.03) (0.183401782406 0.581907316389 -0.03) (0.184180169937 0.58238719423 -0.03) (0.184962191605 0.582861126717 -0.03) (0.185747801998 0.58332908633 -0.03) (0.1865369555 0.583791045897 -0.03) (0.187329606285 0.584246978593 -0.03) (0.188125708327 0.584696857943 -0.03) (0.188925215398 0.585140657823 -0.03) (0.189728081073 0.585578352463 -0.03) (0.190534258732 0.586009916448 -0.03) (0.191343701562 0.586435324717 -0.03) (0.19215636256 0.586854552569 -0.03) (0.192972194539 0.58726757566 -0.03) (0.193791150124 0.587674370007 -0.03) (0.194613181761 0.588074911988 -0.03) (0.195438241716 0.588469178345 -0.03) (0.196266282081 0.588857146183 -0.03) (0.197097254774 0.589238792975 -0.03) (0.197931111543 0.58961409656 -0.03) (0.198767803966 0.589983035144 -0.03) (0.19960728346 0.590345587305 -0.03) (0.200449501279 0.590701731989 -0.03) (0.201294408517 0.591051448516 -0.03) (0.202141956113 0.59139471658 -0.03) (0.202992094851 0.591731516248 -0.03) (0.203844775367 0.592061827962 -0.03))
    polyLine 58 62 ((0.167973198504 0.570508840031 0) (0.168665176015 0.571106616757 0) (0.169361688578 0.571699103163 0) (0.170062695746 0.572286264845 0) (0.170768156815 0.572868067707 0) (0.17147803082 0.573444477967 0) (0.17219227654 0.574015462153 0) (0.172910852502 0.57458098711 0) (0.17363371698 0.57514102 0) (0.174360827999 0.575695528302 0) (0.175092143337 0.576244479818 0) (0.175827620528 0.576787842672 0) (0.176567216866 0.577325585312 0) (0.177310889405 0.577857676513 0) (0.17805859496 0.578384085378 0) (0.178810290116 0.578904781339 0) (0.179565931222 0.579419734161 0) (0.180325474401 0.579928913942 0) (0.181088875548 0.580432291116 0) (0.181856090334 0.580929836452 0) (0.18262707421 0.58142152106 0) (0.183401782406 0.581907316389 0) (0.184180169937 0.58238719423 0) (0.184962191605 0.582861126717 0) (0.185747801998 0.58332908633 0) (0.1865369555 0.583791045897 0) (0.187329606285 0.584246978593 0) (0.188125708327 0.584696857943 0) (0.188925215398 0.585140657823 0) (0.189728081073 0.585578352463 0) (0.190534258732 0.586009916448 0) (0.191343701562 0.586435324717 0) (0.19215636256 0.586854552569 0) (0.192972194539 0.58726757566 0) (0.193791150124 0.587674370007 0) (0.194613181761 0.588074911988 0) (0.195438241716 0.588469178345 0) (0.196266282081 0.588857146183 0) (0.197097254774 0.589238792975 0) (0.197931111543 0.58961409656 0) (0.198767803966 0.589983035144 0) (0.19960728346 0.590345587305 0) (0.200449501279 0.590701731989 0) (0.201294408517 0.591051448516 0) (0.202141956113 0.59139471658 0) (0.202992094851 0.591731516248 0) (0.203844775367 0.592061827962 0))
    polyLine 57 61 ((0.104543637442 1.04812520504 -0.03) (0.107083698191 1.05126864779 -0.03) (0.109638195267 1.05442065508 -0.03) (0.112207224169 1.05758127019 -0.03) (0.114790881188 1.06075053669 -0.03) (0.117389263407 1.06392849843 -0.03) (0.120002468715 1.06711519952 -0.03) (0.122630595813 1.07031068439 -0.03) (0.125273744222 1.07351499774 -0.03) (0.12793201429 1.07672818455 -0.03) (0.130605507203 1.07995029011 -0.03) (0.133294324991 1.08318135999 -0.03) (0.135998570538 1.08642144008 -0.03) (0.13871834759 1.08967057655 -0.03) (0.141453760763 1.09292881589 -0.03) (0.144204915553 1.09619620487 -0.03) (0.146971918345 1.0994727906 -0.03) (0.149754876421 1.10275862048 -0.03) (0.15255389797 1.10605374222 -0.03) (0.155369092095 1.10935820388 -0.03) (0.158200568827 1.11267205381 -0.03) (0.161048439129 1.1159953407 -0.03) (0.16391281491 1.11932811354 -0.03))
    polyLine 59 63 ((0.104543637442 1.04812520504 0) (0.107083698191 1.05126864779 0) (0.109638195267 1.05442065508 0) (0.112207224169 1.05758127019 0) (0.114790881188 1.06075053669 0) (0.117389263407 1.06392849843 0) (0.120002468715 1.06711519952 0) (0.122630595813 1.07031068439 0) (0.125273744222 1.07351499774 0) (0.12793201429 1.07672818455 0) (0.130605507203 1.07995029011 0) (0.133294324991 1.08318135999 0) (0.135998570538 1.08642144008 0) (0.13871834759 1.08967057655 0) (0.141453760763 1.09292881589 0) (0.144204915553 1.09619620487 0) (0.146971918345 1.0994727906 0) (0.149754876421 1.10275862048 0) (0.15255389797 1.10605374222 0) (0.155369092095 1.10935820388 0) (0.158200568827 1.11267205381 0) (0.161048439129 1.1159953407 0) (0.16391281491 1.11932811354 0))
    polyLine 60 64 ((0.204699948147 0.592385632542 -0.03) (0.205557563535 0.592702911186 -0.03) (0.206417571729 0.59301364547 -0.03) (0.207279922793 0.593317817351 -0.03) (0.208144566652 0.593615409166 -0.03) (0.209011453097 0.593906403635 -0.03) (0.209880531792 0.594190783861 -0.03) (0.210751752271 0.59446853333 -0.03) (0.211625063945 0.594739635914 -0.03) (0.212500416102 0.595004075871 -0.03) (0.213377757914 0.595261837846 -0.03) (0.214257038435 0.595512906871 -0.03) (0.215138206609 0.595757268367 -0.03) (0.216021211267 0.595994908145 -0.03) (0.216906001136 0.596225812406 -0.03) (0.217792524839 0.596449967741 -0.03) (0.218680730898 0.596667361135 -0.03) (0.219570567737 0.596877979964 -0.03) (0.220461983685 0.597081811998 -0.03) (0.22135492698 0.597278845401 -0.03) (0.222249345771 0.597469068732 -0.03) (0.223145188123 0.597652470944 -0.03) (0.224042402015 0.59782904139 -0.03) (0.224940935349 0.597998769814 -0.03) (0.22584073595 0.598161646363 -0.03) (0.226741751567 0.598317661577 -0.03) (0.227643929883 0.598466806398 -0.03) (0.228547218509 0.598609072165 -0.03) (0.229451564994 0.598744450617 -0.03) (0.230356916825 0.598872933893 -0.03) (0.231263221431 0.598994514532 -0.03) (0.232170426185 0.599109185475 -0.03) (0.233078478408 0.599216940062 -0.03) (0.233987325371 0.599317772038 -0.03) (0.234896914301 0.599411675546 -0.03) (0.23580719238 0.599498645134 -0.03) (0.236718106751 0.599578675752 -0.03) (0.237629604519 0.599651762753 -0.03) (0.238541632755 0.599717901893 -0.03) (0.239454138502 0.59977708933 -0.03) (0.240367068772 0.59982932163 -0.03) (0.241280370553 0.599874595758 -0.03) (0.242193990813 0.599912909085 -0.03) (0.2431078765 0.599944259387 -0.03) (0.244021974547 0.599968644843 -0.03) (0.244936231876 0.599986064037 -0.03) (0.245850595396 0.599996515959 -0.03))
    polyLine 62 66 ((0.204699948147 0.592385632542 0) (0.205557563535 0.592702911186 0) (0.206417571729 0.59301364547 0) (0.207279922793 0.593317817351 0) (0.208144566652 0.593615409166 0) (0.209011453097 0.593906403635 0) (0.209880531792 0.594190783861 0) (0.210751752271 0.59446853333 0) (0.211625063945 0.594739635914 0) (0.212500416102 0.595004075871 0) (0.213377757914 0.595261837846 0) (0.214257038435 0.595512906871 0) (0.215138206609 0.595757268367 0) (0.216021211267 0.595994908145 0) (0.216906001136 0.596225812406 0) (0.217792524839 0.596449967741 0) (0.218680730898 0.596667361135 0) (0.219570567737 0.596877979964 0) (0.220461983685 0.597081811998 0) (0.22135492698 0.597278845401 0) (0.222249345771 0.597469068732 0) (0.223145188123 0.597652470944 0) (0.224042402015 0.59782904139 0) (0.224940935349 0.597998769814 0) (0.22584073595 0.598161646363 0) (0.226741751567 0.598317661577 0) (0.227643929883 0.598466806398 0) (0.228547218509 0.598609072165 0) (0.229451564994 0.598744450617 0) (0.230356916825 0.598872933893 0) (0.231263221431 0.598994514532 0) (0.232170426185 0.599109185475 0) (0.233078478408 0.599216940062 0) (0.233987325371 0.599317772038 0) (0.234896914301 0.599411675546 0) (0.23580719238 0.599498645134 0) (0.236718106751 0.599578675752 0) (0.237629604519 0.599651762753 0) (0.238541632755 0.599717901893 0) (0.239454138502 0.59977708933 0) (0.240367068772 0.59982932163 0) (0.241280370553 0.599874595758 0) (0.242193990813 0.599912909085 0) (0.2431078765 0.599944259387 0) (0.244021974547 0.599968644843 0) (0.244936231876 0.599986064037 0) (0.245850595396 0.599996515959 0))
    polyLine 61 65 ((0.169891925046 1.12625374992 -0.03) (0.173009300066 1.12984809137 -0.03) (0.176146075637 1.13345350754 -0.03) (0.179302394603 1.13707006041 -0.03) (0.182478401121 1.14069781241 -0.03) (0.185674240678 1.14433682641 -0.03) (0.188890060102 1.14798716577 -0.03) (0.192126007581 1.15164889428 -0.03) (0.195382232677 1.15532207621 -0.03) (0.198658886339 1.15900677632 -0.03) (0.201956120921 1.16270305982 -0.03) (0.205274090199 1.16641099243 -0.03) (0.208612949383 1.17013064032 -0.03) (0.211972855136 1.1738620702 -0.03) (0.215353965591 1.17760534923 -0.03) (0.218756440365 1.18136054512 -0.03) (0.222180440579 1.18512772603 -0.03) (0.225626128872 1.18890696069 -0.03) (0.229093669422 1.1926983183 -0.03) (0.232583227959 1.19650186862 -0.03) (0.236094971787 1.20031768192 -0.03) (0.239629069799 1.20414582899 -0.03) (0.243185692499 1.20798638118 -0.03))
    polyLine 63 67 ((0.169891925046 1.12625374992 0) (0.173009300066 1.12984809137 0) (0.176146075637 1.13345350754 0) (0.179302394603 1.13707006041 0) (0.182478401121 1.14069781241 0) (0.185674240678 1.14433682641 0) (0.188890060102 1.14798716577 0) (0.192126007581 1.15164889428 0) (0.195382232677 1.15532207621 0) (0.198658886339 1.15900677632 0) (0.201956120921 1.16270305982 0) (0.205274090199 1.16641099243 0) (0.208612949383 1.17013064032 0) (0.211972855136 1.1738620702 0) (0.215353965591 1.17760534923 0) (0.218756440365 1.18136054512 0) (0.222180440579 1.18512772603 0) (0.225626128872 1.18890696069 0) (0.229093669422 1.1926983183 0) (0.232583227959 1.19650186862 0) (0.236094971787 1.20031768192 0) (0.239629069799 1.20414582899 0) (0.243185692499 1.20798638118 0))
);

boundary
(
    body_fore
    {
        type wall;
        faces
        (
            (0 2 6 4)
            (4 6 10 8)
            (8 10 14 12)
            (12 14 18 16)
            (16 18 22 20)
            (20 22 26 24)
            (24 26 30 28)
            (28 30 34 32)
            (32 34 38 36)
            (36 38 42 40)
            (40 42 46 44)
            (44 46 50 48)
            (48 50 54 52)
            (52 54 58 56)
            (56 58 62 60)
            (60 62 66 64)
        );
    }
    freestream
    {
        type patch;
        faces
        (
            (1 5 7 3)
            (5 9 11 7)
            (9 13 15 11)
            (13 17 19 15)
            (17 21 23 19)
            (21 25 27 23)
            (25 29 31 27)
            (29 33 35 31)
            (33 37 39 35)
            (37 41 43 39)
            (41 45 47 43)
            (45 49 51 47)
            (49 53 55 51)
            (53 57 59 55)
            (57 61 63 59)
            (61 65 67 63)
        );
    }
    outlet
    {
        type patch;
        faces
        (
            (64 66 67 65)
        );
    }
    axis
    {
        type patch;
        faces
        (
            (0 1 3 2)
        );
    }
    front
    {
        type patch;
        faces
        (
            (2 6 7 3)
            (6 10 11 7)
            (10 14 15 11)
            (14 18 19 15)
            (18 22 23 19)
            (22 26 27 23)
            (26 30 31 27)
            (30 34 35 31)
            (34 38 39 35)
            (38 42 43 39)
            (42 46 47 43)
            (46 50 51 47)
            (50 54 55 51)
            (54 58 59 55)
            (58 62 63 59)
            (62 66 67 63)
        );
    }
    back
    {
        type patch;
        faces
        (
            (0 1 5 4)
            (4 5 9 8)
            (8 9 13 12)
            (12 13 17 16)
            (16 17 21 20)
            (20 21 25 24)
            (24 25 29 28)
            (28 29 33 32)
            (32 33 37 36)
            (36 37 41 40)
            (40 41 45 44)
            (44 45 49 48)
            (48 49 53 52)
            (52 53 57 56)
            (56 57 61 60)
            (60 61 65 64)
        );
    }
);
