FoamFile
{
    version     2.0;
    format      ascii;
    class       dictionary;
    object      blockMeshDict;
}
// Generated by aether.cfd - do not edit by hand. Regenerate from the run config.

scale 1;

vertices
(
    (0 0 -0.03)
    (-0.228768502096 7.82712439715e-17 -0.03)
    (0 0 0)
    (-0.228768502096 7.82712439715e-17 0)
    (0.00229581006672 0.0476405823952 -0.03)
    (-0.225792987832 0.0742691326973 -0.03)
    (0.00229581006672 0.0476405823952 0)
    (-0.225792987832 0.0742691326973 0)
    (0.00916120128569 0.0948397571563 -0.03)
    (-0.217089930632 0.148322845064 -0.03)
    (0.00916120128569 0.0948397571563 0)
    (-0.217089930632 0.148322845064 0)
    (0.0205332538799 0.141160077982 -0.03)
    (-0.203212556872 0.222179646252 -0.03)
    (0.0205332538799 0.141160077982 0)
    (-0.203212556872 0.222179646252 0)
    (0.0363059733865 0.186172486244 -0.03)
    (-0.184789462656 0.296213726401 -0.03)
    (0.0363059733865 0.186172486244 0)
    (-0.184789462656 0.296213726401 0)
    (0.0563337514692 0.229459709508 -0.03)
    (-0.16230046021 0.371164105139 -0.03)
    (0.0563337514692 0.229459709508 0)
    (-0.16230046021 0.371164105139 0)
    (0.0804305459361 0.270620856012 -0.03)
    (-0.135953809964 0.448105113151 -0.03)
    (0.0804305459361 0.270620856012 0)
    (-0.135953809964 0.448105113151 0)
    (0.108373460557 0.309274303865 -0.03)
    (-0.105636586299 0.528445584054 -0.03)
    (0.108373460557 0.309274303865 0)
    (-0.105636586299 0.528445584054 0)
    (0.139132649272 0.345748087371 -0.03)
    (-0.0710279529293 0.613646456942 -0.03)
    (0.139132649272 0.345748087371 0)
    (-0.0710279529293 0.613646456942 0)
    (0.170083931001 0.382061625929 -0.03)
    (-0.0322660271065 0.703810852126 -0.03)
    (0.170083931001 0.382061625929 0)
    (-0.0322660271065 0.703810852126 0)
    (0.20103521273 0.418375164487 -0.03)
    (0.0105409730833 0.799105356494 -0.03)
    (0.20103521273 0.418375164487 0)
    (0.0105409730833 0.799105356494 0)
    (0.231986494459 0.454688703045 -0.03)
    (0.0573587707112 0.899817352698 -0.03)
    (0.231986494459 0.454688703045 0)
    (0.0573587707112 0.899817352698 0)
    (0.262937776188 0.491002241604 -0.03)
    (0.10821426214 1.00630559494 -0.03)
    (0.262937776188 0.491002241604 0)
    (0.10821426214 1.00630559494 0)
    (0.293889057917 0.527315780162 -0.03)
    (0.163195848635 1.11899817636 -0.03)
    (0.293889057917 0.527315780162 0)
    (0.163195848635 1.11899817636 0)
    (0.324984668084 0.563501468342 -0.03)
    (0.222663189844 1.23881508298 -0.03)
    (0.324984668084 0.563501468342 0)
    (0.222663189844 1.23881508298 0)
    (0.363937740665 0.590492260971 -0.03)
    (0.300775320207 1.39383830693 -0.03)
    (0.363937740665 0.590492260971 0)
    (0.300775320207 1.39383830693 0)
    (0.410364707789 0.6 -0.03)
    (0.410364707789 1.60818961154 -0.03)
    (0.410364707789 0.6 0)
    (0.410364707789 1.60818961154 0)
);

blocks
(
    hex (0 4 5 1 2 6 7 3) (4 48 1) simpleGrading (1 4 1)
    hex (4 8 9 5 6 10 11 7) (4 48 1) simpleGrading (1 4 1)
    hex (8 12 13 9 10 14 15 11) (4 48 1) simpleGrading (1 4 1)
    hex (12 16 17 13 14 18 19 15) (4 48 1) simpleGrading (1 4 1)
    hex (16 20 21 17 18 22 23 19) (4 48 1) simpleGrading (1 4 1)
    hex (20 24 25 21 22 26 27 23) (4 48 1) simpleGrading (1 4 1)
    hex (24 28 29 25 26 30 31 27) (4 48 1) simpleGrading (1 4 1)
    hex (28 32 33 29 30 34 35 31) (4 48 1) simpleGrading (1 4 1)
    hex (32 36 37 33 34 38 39 35) (4 48 1) simpleGrading (1 4 1)
    hex (36 40 41 37 38 42 43 39) (4 48 1) simpleGrading (1 4 1)
    hex (40 44 45 41 42 46 47 43) (4 48 1) simpleGrading (1 4 1)
    hex (44 48 49 45 46 50 51 47) (4 48 1) simpleGrading (1 4 1)
    hex (48 52 53 49 50 54 55 51) (4 48 1) simpleGrading (1 4 1)
    hex (52 56 57 53 54 58 59 55) (4 48 1) simpleGrading (1 4 1)
    hex (56 60 61 57 58 62 63 59) (4 48 1) simpleGrading (1 4 1)
    hex (60 64 65 61 62 66 67 63) (4 48 1) simpleGrading (1 4 1)
);

edges
(
    polyLine 0 4 ((8.03254888226e-07 0.000892191859127 -0.03) (3.2130169485e-06 0.00178438082552 -0.03) (7.22927836771e-06 0.00267656400646 -0.03) (1.28520261241e-05 0.00356873850925 -0.03) (2.00812419871e-05 0.0044609014412 -0.03) (2.89169025176e-05 0.00535304990968 -0.03) (3.93589790679e-05 0.0062451810221 -0.03) (5.14074377821e-05 0.00713729188592 -0.03) (6.50622395957e-05 0.00802937960868 -0.03) (8.0323340236e-05 0.00892144129798 -0.03) (9.71906902223e-05 0.00981347406151 -0.03) (0.000115664234866 0.0107054750071 -0.03) (0.000135743914271 0.0115974412425 -0.03) (0.000157429663333 0.0124893698759 -0.03) (0.000180721411742 0.0133812580152 -0.03) (0.000205619083978 0.0142731027689 -0.03) (0.000232122599317 0.0151649012452 -0.03) (0.000260231871827 0.0160566505528 -0.03) (0.00028994681037 0.0169483478002 -0.03) (0.000321267318603 0.0178399900965 -0.03) (0.000354193294974 0.0187315745506 -0.03) (0.00038872463273 0.0196230982718 -0.03) (0.00042486121991 0.0205145583695 -0.03) (0.00046260293935 0.0214059519533 -0.03) (0.000501949668679 0.0222972761332 -0.03) (0.000542901280327 0.0231885280191 -0.03) (0.000585457641515 0.0240797047215 -0.03) (0.000629618614265 0.0249708033508 -0.03) (0.000675384055395 0.0258618210179 -0.03) (0.00072275381652 0.0267527548339 -0.03) (0.000771727744054 0.0276436019101 -0.03) (0.000822305679212 0.0285343593581 -0.03) (0.000874487458004 0.0294250242899 -0.03) (0.000928272911244 0.0303155938176 -0.03) (0.000983661864544 0.0312060650538 -0.03) (0.00104065413832 0.0320964351114 -0.03) (0.00109924954778 0.0329867011035 -0.03) (0.00115944790295 0.0338768601437 -0.03) (0.00122124900865 0.0347669093457 -0.03) (0.0012846526645 0.0356568458238 -0.03) (0.00134965866492 0.0365466666927 -0.03) (0.00141626679916 0.0374363690672 -0.03) (0.00148447685125 0.0383259500626 -0.03) (0.00155428860003 0.0392154067948 -0.03) (0.00162570181916 0.0401047363799 -0.03) (0.00169871627709 0.0409939359343 -0.03) (0.00177333173709 0.0418830025752 -0.03) (0.00184954795724 0.0427719334198 -0.03) (0.00192736469042 0.043660725586 -0.03) (0.00200678168433 0.0445493761921 -0.03) (0.00208779868148 0.0454378823569 -0.03) (0.00217041541919 0.0463262411996 -0.03) (0.00225463162959 0.0472144498399 -0.03))
    polyLine 2 6 ((8.03254888226e-07 0.000892191859127 0) (3.2130169485e-06 0.00178438082552 0) (7.22927836771e-06 0.00267656400646 0) (1.28520261241e-05 0.00356873850925 0) (2.00812419871e-05 0.0044609014412 0) (2.89169025176e-05 0.00535304990968 0) (3.93589790679e-05 0.0062451810221 0) (5.14074377821e-05 0.00713729188592 0) (6.50622395957e-05 0.00802937960868 0) (8.0323340236e-05 0.00892144129798 0) (9.71906902223e-05 0.00981347406151 0) (0.000115664234866 0.0107054750071 0) (0.000135743914271 0.0115974412425 0) (0.000157429663333 0.0124893698759 0) (0.000180721411742 0.0133812580152 0) (0.000205619083978 0.0142731027689 0) (0.000232122599317 0.0151649012452 0) (0.000260231871827 0.0160566505528 0) (0.00028994681037 0.0169483478002 0) (0.000321267318603 0.0178399900965 0) (0.000354193294974 0.0187315745506 0) (0.00038872463273 0.0196230982718 0) (0.00042486121991 0.0205145583695 0) (0.00046260293935 0.0214059519533 0) (0.000501949668679 0.0222972761332 0) (0.000542901280327 0.0231885280191 0) (0.000585457641515 0.0240797047215 0) (0.000629618614265 0.0249708033508 0) (0.000675384055395 0.0258618210179 0) (0.00072275381652 0.0267527548339 0) (0.000771727744054 0.0276436019101 0) (0.000822305679212 0.0285343593581 0) (0.000874487458004 0.0294250242899 0) (0.000928272911244 0.0303155938176 0) (0.000983661864544 0.0312060650538 0) (0.00104065413832 0.0320964351114 0) (0.00109924954778 0.0329867011035 0) (0.00115944790295 0.0338768601437 0) (0.00122124900865 0.0347669093457 0) (0.0012846526645 0.0356568458238 0) (0.00134965866492 0.0365466666927 0) (0.00141626679916 0.0374363690672 0) (0.00148447685125 0.0383259500626 0) (0.00155428860003 0.0392154067948 0) (0.00162570181916 0.0401047363799 0) (0.00169871627709 0.0409939359343 0) (0.00177333173709 0.0418830025752 0) (0.00184954795724 0.0427719334198 0) (0.00192736469042 0.043660725586 0) (0.00200678168433 0.0445493761921 0) (0.00208779868148 0.0454378823569 0) (0.00217041541919 0.0463262411996 0) (0.00225463162959 0.0472144498399 0))
    polyLine 1 5 ((-0.228763306031 0.00309500978203 -0.03) (-0.228747718478 0.00619001375469 -0.03) (-0.228721741371 0.00928500614345 -0.03) (-0.228685377932 0.0123799812434 -0.03) (-0.228638632661 0.0154749334542 -0.03) (-0.228581511342 0.0185698573142 -0.03) (-0.228514021025 0.0216647475354 -0.03) (-0.228436170026 0.0247595990376 -0.03) (-0.228347967916 0.0278544069823 -0.03) (-0.228249425508 0.0309491668068 -0.03) (-0.228140554846 0.0340438742574 -0.03) (-0.228021369193 0.0371385254227 -0.03) (-0.227891883014 0.0402331167667 -0.03) (-0.227752111964 0.0433276451608 -0.03) (-0.227602072864 0.0464221079162 -0.03) (-0.227441783689 0.0495165028151 -0.03) (-0.227271263546 0.0526108281423 -0.03) (-0.22709053265 0.0557050827153 -0.03) (-0.226899612308 0.0587992659146 -0.03) (-0.226698524891 0.0618933777132 -0.03) (-0.226487293812 0.0649874187054 -0.03) (-0.226265943502 0.0680813901351 -0.03) (-0.226034499381 0.0711752939238 -0.03))
    polyLine 3 7 ((-0.228763306031 0.00309500978203 0) (-0.228747718478 0.00619001375469 0) (-0.228721741371 0.00928500614345 0) (-0.228685377932 0.0123799812434 0) (-0.228638632661 0.0154749334542 0) (-0.228581511342 0.0185698573142 0) (-0.228514021025 0.0216647475354 0) (-0.228436170026 0.0247595990376 0) (-0.228347967916 0.0278544069823 0) (-0.228249425508 0.0309491668068 0) (-0.228140554846 0.0340438742574 0) (-0.228021369193 0.0371385254227 0) (-0.227891883014 0.0402331167667 0) (-0.227752111964 0.0433276451608 0) (-0.227602072864 0.0464221079162 0) (-0.227441783689 0.0495165028151 0) (-0.227271263546 0.0526108281423 0) (-0.22709053265 0.0557050827153 0) (-0.226899612308 0.0587992659146 0) (-0.226698524891 0.0618933777132 0) (-0.226487293812 0.0649874187054 0) (-0.226265943502 0.0680813901351 0) (-0.226034499381 0.0711752939238 0))
    polyLine 4 8 ((0.00234044703962 0.0481025053979 -0.03) (0.00242786137107 0.0489904049943 -0.03) (0.00251687434049 0.0498781457504 -0.03) (0.00260748565929 0.0507657247878 -0.03) (0.00269969503368 0.0516531392287 -0.03) (0.0027935021647 0.0525403861959 -0.03) (0.00288890674818 0.0534274628128 -0.03) (0.00298590847482 0.0543143662031 -0.03) (0.00308450703009 0.0552010934913 -0.03) (0.00318470209431 0.0560876418023 -0.03) (0.00328649334264 0.0569740082618 -0.03) (0.00338988044502 0.0578601899959 -0.03) (0.00349486306625 0.0587461841313 -0.03) (0.00360144086596 0.0596319877953 -0.03) (0.00370961349857 0.0605175981161 -0.03) (0.00381938061338 0.0614030122222 -0.03) (0.00393074185448 0.0622882272428 -0.03) (0.0040436968608 0.0631732403078 -0.03) (0.00415824526613 0.0640580485478 -0.03) (0.00427438669906 0.0649426490939 -0.03) (0.00439212078302 0.0658270390782 -0.03) (0.0045114471363 0.066711215633 -0.03) (0.004632365372 0.0675951758917 -0.03) (0.00475487509807 0.0684789169883 -0.03) (0.0048789759173 0.0693624360573 -0.03) (0.00500466742733 0.0702457302343 -0.03) (0.00513194922063 0.0711287966552 -0.03) (0.00526082088451 0.072011632457 -0.03) (0.00539128200113 0.0728942347773 -0.03) (0.00552333214752 0.0737766007544 -0.03) (0.00565697089551 0.0746587275274 -0.03) (0.00579219781183 0.0755406122364 -0.03) (0.00592901245802 0.0764222520218 -0.03) (0.0060674143905 0.0773036440253 -0.03) (0.00620740316053 0.0781847853891 -0.03) (0.00634897831423 0.0790656732563 -0.03) (0.00649213939256 0.0799463047708 -0.03) (0.00663688593137 0.0808266770774 -0.03) (0.00678321746135 0.0817067873216 -0.03) (0.00693113350804 0.08258663265 -0.03) (0.00708063359187 0.0834662102098 -0.03) (0.00723171722811 0.0843455171491 -0.03) (0.00738438392691 0.0852245506171 -0.03) (0.00753863319328 0.0861033077636 -0.03) (0.0076944645271 0.0869817857394 -0.03) (0.00785187742313 0.0878599816964 -0.03) (0.00801087137099 0.0887378927872 -0.03) (0.00817144585517 0.0896155161653 -0.03) (0.00833360035505 0.0904928489852 -0.03) (0.00849733434489 0.0913698884023 -0.03) (0.0086626472938 0.0922466315732 -0.03) (0.0088295386658 0.0931230756551 -0.03) (0.00899800791978 0.0939992178063 -0.03))
    polyLine 6 10 ((0.00234044703962 0.0481025053979 0) (0.00242786137107 0.0489904049943 0) (0.00251687434049 0.0498781457504 0) (0.00260748565929 0.0507657247878 0) (0.00269969503368 0.0516531392287 0) (0.0027935021647 0.0525403861959 0) (0.00288890674818 0.0534274628128 0) (0.00298590847482 0.0543143662031 0) (0.00308450703009 0.0552010934913 0) (0.00318470209431 0.0560876418023 0) (0.00328649334264 0.0569740082618 0) (0.00338988044502 0.0578601899959 0) (0.00349486306625 0.0587461841313 0) (0.00360144086596 0.0596319877953 0) (0.00370961349857 0.0605175981161 0) (0.00381938061338 0.0614030122222 0) (0.00393074185448 0.0622882272428 0) (0.0040436968608 0.0631732403078 0) (0.00415824526613 0.0640580485478 0) (0.00427438669906 0.0649426490939 0) (0.00439212078302 0.0658270390782 0) (0.0045114471363 0.066711215633 0) (0.004632365372 0.0675951758917 0) (0.00475487509807 0.0684789169883 0) (0.0048789759173 0.0693624360573 0) (0.00500466742733 0.0702457302343 0) (0.00513194922063 0.0711287966552 0) (0.00526082088451 0.072011632457 0) (0.00539128200113 0.0728942347773 0) (0.00552333214752 0.0737766007544 0) (0.00565697089551 0.0746587275274 0) (0.00579219781183 0.0755406122364 0) (0.00592901245802 0.0764222520218 0) (0.0060674143905 0.0773036440253 0) (0.00620740316053 0.0781847853891 0) (0.00634897831423 0.0790656732563 0) (0.00649213939256 0.0799463047708 0) (0.00663688593137 0.0808266770774 0) (0.00678321746135 0.0817067873216 0) (0.00693113350804 0.08258663265 0) (0.00708063359187 0.0834662102098 0) (0.00723171722811 0.0843455171491 0) (0.00738438392691 0.0852245506171 0) (0.00753863319328 0.0861033077636 0) (0.0076944645271 0.0869817857394 0) (0.00785187742313 0.0878599816964 0) (0.00801087137099 0.0887378927872 0) (0.00817144585517 0.0896155161653 0) (0.00833360035505 0.0904928489852 0) (0.00849733434489 0.0913698884023 0) (0.0086626472938 0.0922466315732 0) (0.0088295386658 0.0931230756551 0) (0.00899800791978 0.0939992178063 0))
    polyLine 5 9 ((-0.225542128327 0.0773545631003 -0.03) (-0.225281310814 0.0804399362553 -0.03) (-0.225010564159 0.0835252570143 -0.03) (-0.224729918069 0.0866105310263 -0.03) (-0.224439403056 0.0896957647606 -0.03) (-0.224139050411 0.0927809655294 -0.03) (-0.223828892171 0.09586614151 -0.03) (-0.223508961086 0.0989513017655 -0.03) (-0.223179290589 0.102036456265 -0.03) (-0.222839914758 0.105121615905 -0.03) (-0.22249086829 0.108206792525 -0.03) (-0.222132186459 0.11129199893 -0.03) (-0.22176390509 0.114377248903 -0.03) (-0.221386060518 0.117462557228 -0.03) (-0.220998689561 0.120547939699 -0.03) (-0.220601829477 0.123633413142 -0.03) (-0.220195517936 0.126718995424 -0.03) (-0.219779792982 0.129804705472 -0.03) (-0.219354693001 0.13289056328 -0.03) (-0.218920256684 0.135976589928 -0.03) (-0.218476522992 0.139062807591 -0.03) (-0.218023531124 0.142149239548 -0.03) (-0.217561320481 0.145235910198 -0.03))
    polyLine 7 11 ((-0.225542128327 0.0773545631003 0) (-0.225281310814 0.0804399362553 0) (-0.225010564159 0.0835252570143 0) (-0.224729918069 0.0866105310263 0) (-0.224439403056 0.0896957647606 0) (-0.224139050411 0.0927809655294 0) (-0.223828892171 0.09586614151 0) (-0.223508961086 0.0989513017655 0) (-0.223179290589 0.102036456265 0) (-0.222839914758 0.105121615905 0) (-0.22249086829 0.108206792525 0) (-0.222132186459 0.11129199893 0) (-0.22176390509 0.114377248903 0) (-0.221386060518 0.117462557228 0) (-0.220998689561 0.120547939699 0) (-0.220601829477 0.123633413142 0) (-0.220195517936 0.126718995424 0) (-0.219779792982 0.129804705472 0) (-0.219354693001 0.13289056328 0) (-0.218920256684 0.135976589928 0) (-0.218476522992 0.139062807591 0) (-0.218023531124 0.142149239548 0) (-0.217561320481 0.145235910198 0))
    polyLine 8 12 ((0.00916805450952 0.0948750551862 -0.03) (0.00933967788369 0.0957505849551 -0.03) (0.00951287748582 0.0966258042742 -0.03) (0.00968765275436 0.0975007103058 -0.03) (0.00986400312264 0.0983753002133 -0.03) (0.0100419280189 0.099249571161 -0.03) (0.0102214268662 0.100123520314 -0.03) (0.0104024990826 0.10099714484 -0.03) (0.0105851440811 0.101870441904 -0.03) (0.0107693612693 0.102743408677 -0.03) (0.0109551500501 0.103616042327 -0.03) (0.0111425098211 0.104488340026 -0.03) (0.0113314399748 0.105360298944 -0.03) (0.0115219398985 0.106231916256 -0.03) (0.0117140089748 0.107103189134 -0.03) (0.0119076465808 0.107974114755 -0.03) (0.0121028520887 0.108844690293 -0.03) (0.0122996248656 0.109714912928 -0.03) (0.0124979642735 0.110584779836 -0.03) (0.0126978696694 0.111454288198 -0.03) (0.012899340405 0.112323435194 -0.03) (0.0131023758272 0.113192218007 -0.03) (0.0133069752777 0.11406063382 -0.03) (0.0135131380931 0.114928679816 -0.03) (0.0137208636049 0.115796353182 -0.03) (0.0139301511397 0.116663651105 -0.03) (0.0141410000189 0.117530570772 -0.03) (0.0143534095588 0.118397109372 -0.03) (0.0145673790708 0.119263264097 -0.03) (0.0147829078612 0.120129032137 -0.03) (0.0149999952311 0.120994410686 -0.03) (0.0152186404766 0.121859396937 -0.03) (0.0154388428889 0.122723988087 -0.03) (0.0156606017539 0.123588181332 -0.03) (0.0158839163528 0.12445197387 -0.03) (0.0161087859614 0.1253153629 -0.03) (0.0163352098507 0.126178345624 -0.03) (0.0165631872865 0.127040919242 -0.03) (0.0167927175297 0.127903080959 -0.03) (0.017023799836 0.128764827979 -0.03) (0.0172564334563 0.129626157508 -0.03) (0.0174906176362 0.130487066753 -0.03) (0.0177263516166 0.131347552924 -0.03) (0.017963634633 0.132207613229 -0.03) (0.0182024659161 0.133067244881 -0.03) (0.0184428446915 0.133926445092 -0.03) (0.01868477018 0.134785211077 -0.03) (0.0189282415971 0.135643540051 -0.03) (0.0191732581534 0.136501429231 -0.03) (0.0194198190545 0.137358875837 -0.03) (0.019667923501 0.138215877087 -0.03) (0.0199175706884 0.139072430203 -0.03) (0.0201687598074 0.139928532407 -0.03) (0.0204214900434 0.140784180926 -0.03))
    polyLine 10 14 ((0.00916805450952 0.0948750551862 0) (0.00933967788369 0.0957505849551 0) (0.00951287748582 0.0966258042742 0) (0.00968765275436 0.0975007103058 0) (0.00986400312264 0.0983753002133 0) (0.0100419280189 0.099249571161 0) (0.0102214268662 0.100123520314 0) (0.0104024990826 0.10099714484 0) (0.0105851440811 0.101870441904 0) (0.0107693612693 0.102743408677 0) (0.0109551500501 0.103616042327 0) (0.0111425098211 0.104488340026 0) (0.0113314399748 0.105360298944 0) (0.0115219398985 0.106231916256 0) (0.0117140089748 0.107103189134 0) (0.0119076465808 0.107974114755 0) (0.0121028520887 0.108844690293 0) (0.0122996248656 0.109714912928 0) (0.0124979642735 0.110584779836 0) (0.0126978696694 0.111454288198 0) (0.012899340405 0.112323435194 0) (0.0131023758272 0.113192218007 0) (0.0133069752777 0.11406063382 0) (0.0135131380931 0.114928679816 0) (0.0137208636049 0.115796353182 0) (0.0139301511397 0.116663651105 0) (0.0141410000189 0.117530570772 0) (0.0143534095588 0.118397109372 0) (0.0145673790708 0.119263264097 0) (0.0147829078612 0.120129032137 0) (0.0149999952311 0.120994410686 0) (0.0152186404766 0.121859396937 0) (0.0154388428889 0.122723988087 0) (0.0156606017539 0.123588181332 0) (0.0158839163528 0.12445197387 0) (0.0161087859614 0.1253153629 0) (0.0163352098507 0.126178345624 0) (0.0165631872865 0.127040919242 0) (0.0167927175297 0.127903080959 0) (0.017023799836 0.128764827979 0) (0.0172564334563 0.129626157508 0) (0.0174906176362 0.130487066753 0) (0.0177263516166 0.131347552924 0) (0.017963634633 0.132207613229 0) (0.0182024659161 0.133067244881 0) (0.0184428446915 0.133926445092 0) (0.01868477018 0.134785211077 0) (0.0189282415971 0.135643540051 0) (0.0191732581534 0.136501429231 0) (0.0194198190545 0.137358875837 0) (0.019667923501 0.138215877087 0) (0.0199175706884 0.139072430203 0) (0.0201687598074 0.139928532407 0) (0.0204214900434 0.140784180926 0))
    polyLine 9 13 ((-0.216611977654 0.151393672384 -0.03) (-0.216125021176 0.154464814859 -0.03) (-0.215629100434 0.157536300978 -0.03) (-0.215124254702 0.160608160367 -0.03) (-0.214610523251 0.163680423794 -0.03) (-0.214087945324 0.166753123178 -0.03) (-0.213556560101 0.16982629159 -0.03) (-0.213016406672 0.172899963263 -0.03) (-0.212467524 0.175974173596 -0.03) (-0.211909950898 0.179048959156 -0.03) (-0.211343725994 0.182124357685 -0.03) (-0.210768887706 0.185200408103 -0.03) (-0.21018547421 0.18827715051 -0.03) (-0.209593523412 0.191354626189 -0.03) (-0.208993072922 0.194432877611 -0.03) (-0.208384160026 0.197511948436 -0.03) (-0.207766821659 0.200591883512 -0.03) (-0.207141094379 0.203672728882 -0.03) (-0.206507014341 0.206754531783 -0.03) (-0.205864617271 0.209837340646 -0.03) (-0.205213938445 0.212921205101 -0.03) (-0.204555012658 0.216006175971 -0.03) (-0.20388787421 0.219092305281 -0.03))
    polyLine 11 15 ((-0.216611977654 0.151393672384 0) (-0.216125021176 0.154464814859 0) (-0.215629100434 0.157536300978 0) (-0.215124254702 0.160608160367 0) (-0.214610523251 0.163680423794 0) (-0.214087945324 0.166753123178 0) (-0.213556560101 0.16982629159 0) (-0.213016406672 0.172899963263 0) (-0.212467524 0.175974173596 0) (-0.211909950898 0.179048959156 0) (-0.211343725994 0.182124357685 0) (-0.210768887706 0.185200408103 0) (-0.21018547421 0.18827715051 0) (-0.209593523412 0.191354626189 0) (-0.208993072922 0.194432877611 0) (-0.208384160026 0.197511948436 0) (-0.207766821659 0.200591883512 0) (-0.207141094379 0.203672728882 0) (-0.206507014341 0.206754531783 0) (-0.205864617271 0.209837340646 0) (-0.205213938445 0.212921205101 0) (-0.204555012658 0.216006175971 0) (-0.20388787421 0.219092305281 0))
    polyLine 12 16 ((0.0206757605772 0.141639372983 -0.03) (0.0209315705842 0.142494105806 -0.03) (0.0211889192351 0.143348376624 -0.03) (0.0214478056954 0.144202182667 -0.03) (0.0217082291259 0.145055521167 -0.03) (0.021970188682 0.145908389357 -0.03) (0.0222336835145 0.146760784472 -0.03) (0.0224987127691 0.147612703748 -0.03) (0.0227652755865 0.148464144423 -0.03) (0.0230333711023 0.149315103736 -0.03) (0.0233029984474 0.150165578929 -0.03) (0.0235741567475 0.151015567244 -0.03) (0.0238468451235 0.151865065924 -0.03) (0.0241210626912 0.152714072217 -0.03) (0.0243968085616 0.153562583368 -0.03) (0.0246740818406 0.154410596627 -0.03) (0.0249528816292 0.155258109244 -0.03) (0.0252332070235 0.156105118472 -0.03) (0.0255150571145 0.156951621564 -0.03) (0.0257984309885 0.157797615776 -0.03) (0.0260833277267 0.158643098364 -0.03) (0.0263697464052 0.159488066588 -0.03) (0.0266576860956 0.160332517708 -0.03) (0.0269471458643 0.161176448985 -0.03) (0.0272381247726 0.162019857684 -0.03) (0.0275306218772 0.16286274107 -0.03) (0.0278246362297 0.16370509641 -0.03) (0.0281201668769 0.164546920974 -0.03) (0.0284172128605 0.165388212031 -0.03) (0.0287157732175 0.166228966853 -0.03) (0.0290158469798 0.167069182716 -0.03) (0.0293174331745 0.167908856894 -0.03) (0.0296205308239 0.168747986666 -0.03) (0.029925138945 0.16958656931 -0.03) (0.0302312565505 0.170424602108 -0.03) (0.0305388826476 0.171262082343 -0.03) (0.0308480162391 0.172099007298 -0.03) (0.0311586563225 0.172935374262 -0.03) (0.0314708018908 0.173771180521 -0.03) (0.0317844519319 0.174606423366 -0.03) (0.0320996054288 0.175441100089 -0.03) (0.0324162613598 0.176275207984 -0.03) (0.032734418698 0.177108744346 -0.03) (0.0330540764121 0.177941706473 -0.03) (0.0333752334655 0.178774091663 -0.03) (0.033697888817 0.179605897219 -0.03) (0.0340220414204 0.180437120443 -0.03) (0.0343476902248 0.181267758641 -0.03) (0.0346748341743 0.182097809118 -0.03) (0.0350034722083 0.182927269184 -0.03) (0.0353336032611 0.18375613615 -0.03) (0.0356652262624 0.184584407327 -0.03) (0.035998340137 0.185412080032 -0.03))
    polyLine 14 18 ((0.0206757605772 0.141639372983 0) (0.0209315705842 0.142494105806 0) (0.0211889192351 0.143348376624 0) (0.0214478056954 0.144202182667 0) (0.0217082291259 0.145055521167 0) (0.021970188682 0.145908389357 0) (0.0222336835145 0.146760784472 0) (0.0224987127691 0.147612703748 0) (0.0227652755865 0.148464144423 0) (0.0230333711023 0.149315103736 0) (0.0233029984474 0.150165578929 0) (0.0235741567475 0.151015567244 0) (0.0238468451235 0.151865065924 0) (0.0241210626912 0.152714072217 0) (0.0243968085616 0.153562583368 0) (0.0246740818406 0.154410596627 0) (0.0249528816292 0.155258109244 0) (0.0252332070235 0.156105118472 0) (0.0255150571145 0.156951621564 0) (0.0257984309885 0.157797615776 0) (0.0260833277267 0.158643098364 0) (0.0263697464052 0.159488066588 0) (0.0266576860956 0.160332517708 0) (0.0269471458643 0.161176448985 0) (0.0272381247726 0.162019857684 0) (0.0275306218772 0.16286274107 0) (0.0278246362297 0.16370509641 0) (0.0281201668769 0.164546920974 0) (0.0284172128605 0.165388212031 0) (0.0287157732175 0.166228966853 0) (0.0290158469798 0.167069182716 0) (0.0293174331745 0.167908856894 0) (0.0296205308239 0.168747986666 0) (0.029925138945 0.16958656931 0) (0.0302312565505 0.170424602108 0) (0.0305388826476 0.171262082343 0) (0.0308480162391 0.172099007298 0) (0.0311586563225 0.172935374262 0) (0.0314708018908 0.173771180521 0) (0.0317844519319 0.174606423366 0) (0.0320996054288 0.175441100089 0) (0.0324162613598 0.176275207984 0) (0.032734418698 0.177108744346 0) (0.0330540764121 0.177941706473 0) (0.0333752334655 0.178774091663 0) (0.033697888817 0.179605897219 0) (0.0340220414204 0.180437120443 0) (0.0343476902248 0.181267758641 0) (0.0346748341743 0.182097809118 0) (0.0350034722083 0.182927269184 0) (0.0353336032611 0.18375613615 0) (0.0356652262624 0.184584407327 0) (0.035998340137 0.185412080032 0))
    polyLine 13 17 ((-0.202534436736 0.225244245144 -0.03) (-0.201848328963 0.228310144845 -0.03) (-0.201154264889 0.231377400846 -0.03) (-0.20045227526 0.234446069804 -0.03) (-0.199742390209 0.237516209536 -0.03) (-0.199024639241 0.240587879025 -0.03) (-0.198299051214 0.243661138416 -0.03) (-0.197565654317 0.246736049018 -0.03) (-0.196824476057 0.249812673303 -0.03) (-0.196075543238 0.252891074908 -0.03) (-0.195318881948 0.255971318633 -0.03) (-0.194554517541 0.259053470444 -0.03) (-0.193782474621 0.262137597471 -0.03) (-0.193002777024 0.265223768008 -0.03) (-0.192215447811 0.268312051518 -0.03) (-0.191420509245 0.271402518628 -0.03) (-0.190617982781 0.274495241135 -0.03) (-0.189807889052 0.277590292002 -0.03) (-0.188990247855 0.280687745364 -0.03) (-0.188165078139 0.283787676527 -0.03) (-0.187332397991 0.28689016197 -0.03) (-0.186492224625 0.289995279347 -0.03) (-0.18564457437 0.293103107487 -0.03))
    polyLine 15 19 ((-0.202534436736 0.225244245144 0) (-0.201848328963 0.228310144845 0) (-0.201154264889 0.231377400846 0) (-0.20045227526 0.234446069804 0) (-0.199742390209 0.237516209536 0) (-0.199024639241 0.240587879025 0) (-0.198299051214 0.243661138416 0) (-0.197565654317 0.246736049018 0) (-0.196824476057 0.249812673303 0) (-0.196075543238 0.252891074908 0) (-0.195318881948 0.255971318633 0) (-0.194554517541 0.259053470444 0) (-0.193782474621 0.262137597471 0) (-0.193002777024 0.265223768008 0) (-0.192215447811 0.268312051518 0) (-0.191420509245 0.271402518628 0) (-0.190617982781 0.274495241135 0) (-0.189807889052 0.277590292002 0) (-0.188990247855 0.280687745364 0) (-0.188165078139 0.283787676527 0) (-0.187332397991 0.28689016197 0) (-0.186492224625 0.289995279347 0) (-0.18564457437 0.293103107487 0))
    polyLine 16 20 ((0.0363329438049 0.186239151579 -0.03) (0.0366690361811 0.187065619287 -0.03) (0.037006616176 0.187891480478 -0.03) (0.0373456826951 0.188716732472 -0.03) (0.0376862346389 0.189541372595 -0.03) (0.0380282709034 0.190365398173 -0.03) (0.0383717903795 0.191188806533 -0.03) (0.0387167919535 0.192011595007 -0.03) (0.0390632745068 0.192833760926 -0.03) (0.0394112369159 0.193655301626 -0.03) (0.0397606780528 0.194476214441 -0.03) (0.0401115967844 0.195296496711 -0.03) (0.0404639919729 0.196116145776 -0.03) (0.0408178624758 0.196935158979 -0.03) (0.0411732071457 0.197753533663 -0.03) (0.0415300248305 0.198571267176 -0.03) (0.0418883143734 0.199388356867 -0.03) (0.0422480746125 0.200204800085 -0.03) (0.0426093043816 0.201020594185 -0.03) (0.0429720025093 0.20183573652 -0.03) (0.0433361678198 0.202650224448 -0.03) (0.0437017991322 0.203464055329 -0.03) (0.0440688952612 0.204277226523 -0.03) (0.0444374550164 0.205089735394 -0.03) (0.044807477203 0.205901579308 -0.03) (0.0451789606212 0.206712755632 -0.03) (0.0455519040665 0.207523261736 -0.03) (0.0459263063298 0.208333094993 -0.03) (0.0463021661971 0.209142252777 -0.03) (0.0466794824498 0.209950732464 -0.03) (0.0470582538646 0.210758531432 -0.03) (0.0474384792134 0.211565647064 -0.03) (0.0478201572633 0.212372076742 -0.03) (0.0482032867769 0.213177817851 -0.03) (0.0485878665119 0.213982867778 -0.03) (0.0489738952215 0.214787223915 -0.03) (0.049361371654 0.215590883652 -0.03) (0.0497502945531 0.216393844384 -0.03) (0.0501406626579 0.217196103507 -0.03) (0.0505324747026 0.217997658422 -0.03) (0.0509257294169 0.218798506527 -0.03) (0.0513204255257 0.219598645228 -0.03) (0.0517165617494 0.220398071929 -0.03) (0.0521141368035 0.22119678404 -0.03) (0.052513149399 0.221994778969 -0.03) (0.0529135982422 0.22279205413 -0.03) (0.0533154820347 0.223588606938 -0.03) (0.0537187994736 0.224384434811 -0.03) (0.054123549251 0.225179535167 -0.03) (0.0545297300548 0.225973905429 -0.03) (0.054937340568 0.226767543021 -0.03) (0.055346379469 0.227560445371 -0.03) (0.0557568454316 0.228352609907 -0.03) (0.0561687371249 0.229144034061 -0.03))
    polyLine 18 22 ((0.0363329438049 0.186239151579 0) (0.0366690361811 0.187065619287 0) (0.037006616176 0.187891480478 0) (0.0373456826951 0.188716732472 0) (0.0376862346389 0.189541372595 0) (0.0380282709034 0.190365398173 0) (0.0383717903795 0.191188806533 0) (0.0387167919535 0.192011595007 0) (0.0390632745068 0.192833760926 0) (0.0394112369159 0.193655301626 0) (0.0397606780528 0.194476214441 0) (0.0401115967844 0.195296496711 0) (0.0404639919729 0.196116145776 0) (0.0408178624758 0.196935158979 0) (0.0411732071457 0.197753533663 0) (0.0415300248305 0.198571267176 0) (0.0418883143734 0.199388356867 0) (0.0422480746125 0.200204800085 0) (0.0426093043816 0.201020594185 0) (0.0429720025093 0.20183573652 0) (0.0433361678198 0.202650224448 0) (0.0437017991322 0.203464055329 0) (0.0440688952612 0.204277226523 0) (0.0444374550164 0.205089735394 0) (0.044807477203 0.205901579308 0) (0.0451789606212 0.206712755632 0) (0.0455519040665 0.207523261736 0) (0.0459263063298 0.208333094993 0) (0.0463021661971 0.209142252777 0) (0.0466794824498 0.209950732464 0) (0.0470582538646 0.210758531432 0) (0.0474384792134 0.211565647064 0) (0.0478201572633 0.212372076742 0) (0.0482032867769 0.213177817851 0) (0.0485878665119 0.213982867778 0) (0.0489738952215 0.214787223915 0) (0.049361371654 0.215590883652 0) (0.0497502945531 0.216393844384 0) (0.0501406626579 0.217196103507 0) (0.0505324747026 0.217997658422 0) (0.0509257294169 0.218798506527 0) (0.0513204255257 0.219598645228 0) (0.0517165617494 0.220398071929 0) (0.0521141368035 0.22119678404 0) (0.052513149399 0.221994778969 0) (0.0529135982422 0.22279205413 0) (0.0533154820347 0.223588606938 0) (0.0537187994736 0.224384434811 0) (0.054123549251 0.225179535167 0) (0.0545297300548 0.225973905429 0) (0.054937340568 0.226767543021 0) (0.055346379469 0.227560445371 0) (0.0557568454316 0.228352609907 0) (0.0561687371249 0.229144034061 0))
    polyLine 17 21 ((-0.183935579723 0.299296020016 -0.03) (-0.183074411481 0.302381208275 -0.03) (-0.18220597024 0.305469372238 -0.03) (-0.181330267408 0.30856059411 -0.03) (-0.18044731348 0.311654957242 -0.03) (-0.179557118028 0.314752546137 -0.03) (-0.178659689691 0.317853446454 -0.03) (-0.177755036171 0.32095774501 -0.03) (-0.176843164218 0.324065529786 -0.03) (-0.175924079623 0.327176889934 -0.03) (-0.174997787212 0.330291915779 -0.03) (-0.174064290836 0.333410698827 -0.03) (-0.173123593361 0.336533331768 -0.03) (-0.172175696662 0.339659908487 -0.03) (-0.171220601616 0.342790524067 -0.03) (-0.170258308089 0.345925274798 -0.03) (-0.169288814936 0.349064258182 -0.03) (-0.168312119987 0.352207572944 -0.03) (-0.167328220039 0.355355319039 -0.03) (-0.166337110856 0.35850759766 -0.03) (-0.165338787151 0.361664511249 -0.03) (-0.164333242586 0.364826163502 -0.03) (-0.163320469761 0.367992659384 -0.03))
    polyLine 19 23 ((-0.183935579723 0.299296020016 0) (-0.183074411481 0.302381208275 0) (-0.18220597024 0.305469372238 0) (-0.181330267408 0.30856059411 0) (-0.18044731348 0.311654957242 0) (-0.179557118028 0.314752546137 0) (-0.178659689691 0.317853446454 0) (-0.177755036171 0.32095774501 0) (-0.176843164218 0.324065529786 0) (-0.175924079623 0.327176889934 0) (-0.174997787212 0.330291915779 0) (-0.174064290836 0.333410698827 0) (-0.173123593361 0.336533331768 0) (-0.172175696662 0.339659908487 0) (-0.171220601616 0.342790524067 0) (-0.170258308089 0.345925274798 0) (-0.169288814936 0.349064258182 0) (-0.168312119987 0.352207572944 0) (-0.167328220039 0.355355319039 0) (-0.166337110856 0.35850759766 0) (-0.165338787151 0.361664511249 0) (-0.164333242586 0.364826163502 0) (-0.163320469761 0.367992659384 0))
    polyLine 20 24 ((0.0565820532135 0.229934715267 -0.03) (0.0569967923572 0.230724650962 -0.03) (0.0574129532115 0.231513838583 -0.03) (0.0578305344269 0.232302275573 -0.03) (0.0582495346496 0.233089959376 -0.03) (0.0586699525211 0.233876887436 -0.03) (0.0590917866782 0.234663057203 -0.03) (0.0595150357532 0.235448466128 -0.03) (0.0599396983739 0.236233111664 -0.03) (0.0603657731633 0.237016991267 -0.03) (0.0607932587401 0.237800102396 -0.03) (0.0612221537182 0.238582442512 -0.03) (0.0616524567069 0.239364009077 -0.03) (0.0620841663113 0.240144799559 -0.03) (0.0625172811314 0.240924811425 -0.03) (0.0629517997631 0.241704042147 -0.03) (0.0633877207975 0.242482489197 -0.03) (0.0638250428212 0.243260150053 -0.03) (0.0642637644164 0.244037022192 -0.03) (0.0647038841605 0.244813103096 -0.03) (0.0651454006266 0.245588390249 -0.03) (0.0655883123831 0.246362881136 -0.03) (0.0660326179941 0.247136573247 -0.03) (0.0664783160189 0.247909464073 -0.03) (0.0669254050125 0.248681551109 -0.03) (0.0673738835253 0.24945283185 -0.03) (0.0678237501032 0.250223303797 -0.03) (0.0682750032876 0.250992964451 -0.03) (0.0687276416154 0.251761811317 -0.03) (0.0691816636191 0.252529841902 -0.03) (0.0696370678265 0.253297053715 -0.03) (0.0700938527612 0.254063444269 -0.03) (0.0705520169421 0.25482901108 -0.03) (0.0710115588837 0.255593751666 -0.03) (0.0714724770961 0.256357663545 -0.03) (0.0719347700848 0.257120744243 -0.03) (0.0723984363509 0.257882991285 -0.03) (0.0728634743912 0.258644402199 -0.03) (0.0733298826978 0.259404974516 -0.03) (0.0737976597585 0.260164705771 -0.03) (0.0742668040567 0.260923593501 -0.03) (0.0747373140712 0.261681635245 -0.03) (0.0752091882766 0.262438828544 -0.03) (0.0756824251428 0.263195170945 -0.03) (0.0761570231356 0.263950659995 -0.03) (0.0766329807161 0.264705293243 -0.03) (0.0771102963412 0.265459068245 -0.03) (0.0775889684632 0.266211982555 -0.03) (0.0780689955303 0.266964033732 -0.03) (0.0785503759859 0.267715219339 -0.03) (0.0790331082694 0.268465536939 -0.03) (0.0795171908155 0.2692149841 -0.03) (0.0800026220548 0.269963558392 -0.03))
    polyLine 22 26 ((0.0565820532135 0.229934715267 0) (0.0569967923572 0.230724650962 0) (0.0574129532115 0.231513838583 0) (0.0578305344269 0.232302275573 0) (0.0582495346496 0.233089959376 0) (0.0586699525211 0.233876887436 0) (0.0590917866782 0.234663057203 0) (0.0595150357532 0.235448466128 0) (0.0599396983739 0.236233111664 0) (0.0603657731633 0.237016991267 0) (0.0607932587401 0.237800102396 0) (0.0612221537182 0.238582442512 0) (0.0616524567069 0.239364009077 0) (0.0620841663113 0.240144799559 0) (0.0625172811314 0.240924811425 0) (0.0629517997631 0.241704042147 0) (0.0633877207975 0.242482489197 0) (0.0638250428212 0.243260150053 0) (0.0642637644164 0.244037022192 0) (0.0647038841605 0.244813103096 0) (0.0651454006266 0.245588390249 0) (0.0655883123831 0.246362881136 0) (0.0660326179941 0.247136573247 0) (0.0664783160189 0.247909464073 0) (0.0669254050125 0.248681551109 0) (0.0673738835253 0.24945283185 0) (0.0678237501032 0.250223303797 0) (0.0682750032876 0.250992964451 0) (0.0687276416154 0.251761811317 0) (0.0691816636191 0.252529841902 0) (0.0696370678265 0.253297053715 0) (0.0700938527612 0.254063444269 0) (0.0705520169421 0.25482901108 0) (0.0710115588837 0.255593751666 0) (0.0714724770961 0.256357663545 0) (0.0719347700848 0.257120744243 0) (0.0723984363509 0.257882991285 0) (0.0728634743912 0.258644402199 0) (0.0733298826978 0.259404974516 0) (0.0737976597585 0.260164705771 0) (0.0742668040567 0.260923593501 0) (0.0747373140712 0.261681635245 0) (0.0752091882766 0.262438828544 0) (0.0756824251428 0.263195170945 0) (0.0761570231356 0.263950659995 0) (0.0766329807161 0.264705293243 0) (0.0771102963412 0.265459068245 0) (0.0775889684632 0.266211982555 0) (0.0780689955303 0.266964033732 0) (0.0785503759859 0.267715219339 0) (0.0790331082694 0.268465536939 0) (0.0795171908155 0.2692149841 0) (0.0800026220548 0.269963558392 0))
    polyLine 21 25 ((-0.161285573571 0.374302462573 -0.03) (-0.160263603274 0.377445861718 -0.03) (-0.159234538036 0.380594408775 -0.03) (-0.158198365527 0.383748211206 -0.03) (-0.157155072362 0.386907377745 -0.03) (-0.156104644096 0.390072018412 -0.03) (-0.155047065214 0.393242244523 -0.03) (-0.153982319125 0.396418168708 -0.03) (-0.152910388154 0.39959990492 -0.03) (-0.151831253536 0.402787568451 -0.03) (-0.150744895404 0.405981275947 -0.03) (-0.149651292786 0.409181145425 -0.03) (-0.148550423594 0.412387296284 -0.03) (-0.147442264617 0.415599849325 -0.03) (-0.146326791514 0.41881892677 -0.03) (-0.1452039788 0.422044652271 -0.03) (-0.144073799844 0.425277150936 -0.03) (-0.142936226858 0.428516549345 -0.03) (-0.141791230886 0.431762975568 -0.03) (-0.140638781798 0.435016559183 -0.03) (-0.139478848276 0.4382774313 -0.03) (-0.138311397809 0.44154572458 -0.03) (-0.137136396682 0.444821573255 -0.03))
    polyLine 23 27 ((-0.161285573571 0.374302462573 0) (-0.160263603274 0.377445861718 0) (-0.159234538036 0.380594408775 0) (-0.158198365527 0.383748211206 0) (-0.157155072362 0.386907377745 0) (-0.156104644096 0.390072018412 0) (-0.155047065214 0.393242244523 0) (-0.153982319125 0.396418168708 0) (-0.152910388154 0.39959990492 0) (-0.151831253536 0.402787568451 0) (-0.150744895404 0.405981275947 0) (-0.149651292786 0.409181145425 0) (-0.148550423594 0.412387296284 0) (-0.147442264617 0.415599849325 0) (-0.146326791514 0.41881892677 0) (-0.1452039788 0.422044652271 0) (-0.144073799844 0.425277150936 0) (-0.142936226858 0.428516549345 0) (-0.141791230886 0.431762975568 0) (-0.140638781798 0.435016559183 0) (-0.139478848276 0.4382774313 0) (-0.138311397809 0.44154572458 0) (-0.137136396682 0.444821573255 0))
    polyLine 24 28 ((0.0804894004134 0.270711257388 -0.03) (0.0809775243129 0.271458078664 -0.03) (0.0814669921708 0.272204019797 -0.03) (0.0819578024001 0.27294907837 -0.03) (0.0824499534094 0.273693251968 -0.03) (0.082943443603 0.274436538176 -0.03) (0.083438271381 0.275178934585 -0.03) (0.0839344351388 0.275920438789 -0.03) (0.0844319332679 0.276661048383 -0.03) (0.0849307641552 0.277400760965 -0.03) (0.0854309261834 0.278139574138 -0.03) (0.0859324177307 0.278877485506 -0.03) (0.0864352371713 0.279614492676 -0.03) (0.0869393828749 0.280350593259 -0.03) (0.0874448532068 0.281085784868 -0.03) (0.0879516465282 0.28182006512 -0.03) (0.0884597611959 0.282553431633 -0.03) (0.0889691955625 0.283285882031 -0.03) (0.0894799479763 0.284017413938 -0.03) (0.0899920167812 0.284748024982 -0.03) (0.090505400317 0.285477712794 -0.03) (0.0910200969192 0.28620647501 -0.03) (0.0915361049189 0.286934309265 -0.03) (0.0920534226431 0.2876612132 -0.03) (0.0925720484146 0.288387184458 -0.03) (0.0930919805519 0.289112220686 -0.03) (0.093613217369 0.289836319532 -0.03) (0.0941357571762 0.290559478649 -0.03) (0.094659598279 0.291281695692 -0.03) (0.0951847389792 0.29200296832 -0.03) (0.095711177574 0.292723294194 -0.03) (0.0962389123567 0.293442670979 -0.03) (0.096767941616 0.294161096341 -0.03) (0.0972982636368 0.294878567952 -0.03) (0.0978298766997 0.295595083486 -0.03) (0.0983627790809 0.296310640619 -0.03) (0.0988969690527 0.297025237032 -0.03) (0.0994324448831 0.297738870407 -0.03) (0.0999692048359 0.29845153843 -0.03) (0.100507247171 0.299163238792 -0.03) (0.101046570143 0.299873969184 -0.03) (0.101587172005 0.300583727302 -0.03) (0.102129051003 0.301292510844 -0.03) (0.10267220538 0.302000317514 -0.03) (0.103216633375 0.302707145015 -0.03) (0.103762333223 0.303412991057 -0.03) (0.104309303155 0.30411785335 -0.03) (0.104857541397 0.304821729609 -0.03) (0.105407046172 0.305524617553 -0.03) (0.105957815699 0.306226514901 -0.03) (0.10650984819 0.306927419379 -0.03) (0.107063141857 0.307627328713 -0.03) (0.107617694906 0.308326240636 -0.03) (0.108173505538 0.309024152879 -0.03))
    polyLine 26 30 ((0.0804894004134 0.270711257388 0) (0.0809775243129 0.271458078664 0) (0.0814669921708 0.272204019797 0) (0.0819578024001 0.27294907837 0) (0.0824499534094 0.273693251968 0) (0.082943443603 0.274436538176 0) (0.083438271381 0.275178934585 0) (0.0839344351388 0.275920438789 0) (0.0844319332679 0.276661048383 0) (0.0849307641552 0.277400760965 0) (0.0854309261834 0.278139574138 0) (0.0859324177307 0.278877485506 0) (0.0864352371713 0.279614492676 0) (0.0869393828749 0.280350593259 0) (0.0874448532068 0.281085784868 0) (0.0879516465282 0.28182006512 0) (0.0884597611959 0.282553431633 0) (0.0889691955625 0.283285882031 0) (0.0894799479763 0.284017413938 0) (0.0899920167812 0.284748024982 0) (0.090505400317 0.285477712794 0) (0.0910200969192 0.28620647501 0) (0.0915361049189 0.286934309265 0) (0.0920534226431 0.2876612132 0) (0.0925720484146 0.288387184458 0) (0.0930919805519 0.289112220686 0) (0.093613217369 0.289836319532 0) (0.0941357571762 0.290559478649 0) (0.094659598279 0.291281695692 0) (0.0951847389792 0.29200296832 0) (0.095711177574 0.292723294194 0) (0.0962389123567 0.293442670979 0) (0.096767941616 0.294161096341 0) (0.0972982636368 0.294878567952 0) (0.0978298766997 0.295595083486 0) (0.0983627790809 0.296310640619 0) (0.0988969690527 0.297025237032 0) (0.0994324448831 0.297738870407 0) (0.0999692048359 0.29845153843 0) (0.100507247171 0.299163238792 0) (0.101046570143 0.299873969184 0) (0.101587172005 0.300583727302 0) (0.102129051003 0.301292510844 0) (0.10267220538 0.302000317514 0) (0.103216633375 0.302707145015 0) (0.103762333223 0.303412991057 0) (0.104309303155 0.30411785335 0) (0.104857541397 0.304821729609 0) (0.105407046172 0.305524617553 0) (0.105957815699 0.306226514901 0) (0.10650984819 0.306927419379 0) (0.107063141857 0.307627328713 0) (0.107617694906 0.308326240636 0) (0.108173505538 0.309024152879 0))
    polyLine 25 29 ((-0.134779943929 0.451351378089 -0.03) (-0.133598627495 0.454605392285 -0.03) (-0.132409823616 0.457867290752 -0.03) (-0.13121349405 0.461137210098 -0.03) (-0.13000959936 0.464415288553 -0.03) (-0.128798098894 0.46770166599 -0.03) (-0.127578950776 0.470996483953 -0.03) (-0.126352111897 0.474299885677 -0.03) (-0.125117537902 0.477612016121 -0.03) (-0.123875183176 0.480933021988 -0.03) (-0.122625000833 0.484263051757 -0.03) (-0.121366942703 0.487602255709 -0.03) (-0.120100959318 0.490950785957 -0.03) (-0.118826999901 0.494308796475 -0.03) (-0.117545012347 0.497676443126 -0.03) (-0.116254943215 0.501053883697 -0.03) (-0.114956737708 0.504441277929 -0.03) (-0.113650339661 0.507838787549 -0.03) (-0.112335691524 0.511246576304 -0.03) (-0.111012734348 0.514664809996 -0.03) (-0.109681407765 0.518093656516 -0.03) (-0.108341649975 0.52153328588 -0.03) (-0.106993397726 0.524983870266 -0.03))
    polyLine 27 31 ((-0.134779943929 0.451351378089 0) (-0.133598627495 0.454605392285 0) (-0.132409823616 0.457867290752 0) (-0.13121349405 0.461137210098 0) (-0.13000959936 0.464415288553 0) (-0.128798098894 0.46770166599 0) (-0.127578950776 0.470996483953 0) (-0.126352111897 0.474299885677 0) (-0.125117537902 0.477612016121 0) (-0.123875183176 0.480933021988 0) (-0.122625000833 0.484263051757 0) (-0.121366942703 0.487602255709 0) (-0.120100959318 0.490950785957 0) (-0.118826999901 0.494308796475 0) (-0.117545012347 0.497676443126 0) (-0.116254943215 0.501053883697 0) (-0.114956737708 0.504441277929 0) (-0.113650339661 0.507838787549 0) (-0.112335691524 0.511246576304 0) (-0.111012734348 0.514664809996 0) (-0.109681407765 0.518093656516 0) (-0.108341649975 0.52153328588 0) (-0.106993397726 0.524983870266 0))
    polyLine 28 32 ((0.108730571952 0.309721063181 -0.03) (0.109288892341 0.310416969283 -0.03) (0.109848464895 0.311111868927 -0.03) (0.1104092878 0.31180575986 -0.03) (0.110971359238 0.312498639834 -0.03) (0.111534677385 0.313190506601 -0.03) (0.112099240417 0.313881357918 -0.03) (0.112665046501 0.314571191546 -0.03) (0.113232093804 0.315260005247 -0.03) (0.113800380488 0.315947796788 -0.03) (0.114369904708 0.31663456394 -0.03) (0.11494066462 0.317320304475 -0.03) (0.115512658373 0.31800501617 -0.03) (0.116085884111 0.318688696806 -0.03) (0.116660339977 0.319371344165 -0.03) (0.117236024108 0.320052956034 -0.03) (0.117812934637 0.320733530204 -0.03) (0.118391069693 0.321413064467 -0.03) (0.118970096682 0.322092406895 -0.03) (0.119549123671 0.322771749323 -0.03) (0.12012815066 0.323451091752 -0.03) (0.120707177648 0.32413043418 -0.03) (0.121286204637 0.324809776608 -0.03) (0.121865231626 0.325489119036 -0.03) (0.122444258615 0.326168461464 -0.03) (0.123023285604 0.326847803892 -0.03) (0.123602312592 0.32752714632 -0.03) (0.124181339581 0.328206488748 -0.03) (0.12476036657 0.328885831176 -0.03) (0.125339393559 0.329565173605 -0.03) (0.125918420547 0.330244516033 -0.03) (0.126497447536 0.330923858461 -0.03) (0.127076474525 0.331603200889 -0.03) (0.127655501514 0.332282543317 -0.03) (0.128234528503 0.332961885745 -0.03) (0.128813555491 0.333641228173 -0.03) (0.12939258248 0.334320570601 -0.03) (0.129971609469 0.334999913029 -0.03) (0.130550636458 0.335679255458 -0.03) (0.131129663446 0.336358597886 -0.03) (0.131708690435 0.337037940314 -0.03) (0.132287717424 0.337717282742 -0.03) (0.132866744413 0.33839662517 -0.03) (0.133445771402 0.339075967598 -0.03) (0.13402479839 0.339755310026 -0.03) (0.134603825379 0.340434652454 -0.03) (0.135182852368 0.341113994882 -0.03) (0.135761879357 0.341793337311 -0.03) (0.136340906345 0.342472679739 -0.03) (0.136919933334 0.343152022167 -0.03) (0.137498960323 0.343831364595 -0.03) (0.138077987312 0.344510707023 -0.03) (0.1386570143 0.345190049451 -0.03))
    polyLine 30 34 ((0.108730571952 0.309721063181 0) (0.109288892341 0.310416969283 0) (0.109848464895 0.311111868927 0) (0.1104092878 0.31180575986 0) (0.110971359238 0.312498639834 0) (0.111534677385 0.313190506601 0) (0.112099240417 0.313881357918 0) (0.112665046501 0.314571191546 0) (0.113232093804 0.315260005247 0) (0.113800380488 0.315947796788 0) (0.114369904708 0.31663456394 0) (0.11494066462 0.317320304475 0) (0.115512658373 0.31800501617 0) (0.116085884111 0.318688696806 0) (0.116660339977 0.319371344165 0) (0.117236024108 0.320052956034 0) (0.117812934637 0.320733530204 0) (0.118391069693 0.321413064467 0) (0.118970096682 0.322092406895 0) (0.119549123671 0.322771749323 0) (0.12012815066 0.323451091752 0) (0.120707177648 0.32413043418 0) (0.121286204637 0.324809776608 0) (0.121865231626 0.325489119036 0) (0.122444258615 0.326168461464 0) (0.123023285604 0.326847803892 0) (0.123602312592 0.32752714632 0) (0.124181339581 0.328206488748 0) (0.12476036657 0.328885831176 0) (0.125339393559 0.329565173605 0) (0.125918420547 0.330244516033 0) (0.126497447536 0.330923858461 0) (0.127076474525 0.331603200889 0) (0.127655501514 0.332282543317 0) (0.128234528503 0.332961885745 0) (0.128813555491 0.333641228173 0) (0.12939258248 0.334320570601 0) (0.129971609469 0.334999913029 0) (0.130550636458 0.335679255458 0) (0.131129663446 0.336358597886 0) (0.131708690435 0.337037940314 0) (0.132287717424 0.337717282742 0) (0.132866744413 0.33839662517 0) (0.133445771402 0.339075967598 0) (0.13402479839 0.339755310026 0) (0.134603825379 0.340434652454 0) (0.135182852368 0.341113994882 0) (0.135761879357 0.341793337311 0) (0.136340906345 0.342472679739 0) (0.136919933334 0.343152022167 0) (0.137498960323 0.343831364595 0) (0.138077987312 0.344510707023 0) (0.1386570143 0.345190049451 0))
    polyLine 29 33 ((-0.10429696409 0.531853042089 -0.03) (-0.10294897462 0.535271552931 -0.03) (-0.101592552534 0.538701287676 -0.03) (-0.100227631045 0.542142419609 -0.03) (-0.0988541419198 0.545595124237 -0.03) (-0.097472015454 0.549059579332 -0.03) (-0.0960811804576 0.552535964972 -0.03) (-0.0946815642322 0.55602446358 -0.03) (-0.0932730925519 0.559525259968 -0.03) (-0.0918556896414 0.563038541381 -0.03) (-0.0904292781551 0.56656449754 -0.03) (-0.0889937791543 0.570103320689 -0.03) (-0.0875491120852 0.573655205641 -0.03) (-0.0860951947548 0.577220349827 -0.03) (-0.0846319433075 0.580798953342 -0.03) (-0.0831592722002 0.584391218999 -0.03) (-0.0816770941771 0.587997352377 -0.03) (-0.0801853202437 0.591617561877 -0.03) (-0.0786838596406 0.59525205877 -0.03) (-0.0771726198157 0.598901057261 -0.03) (-0.0756515063965 0.602564774535 -0.03) (-0.0741204231609 0.606243430824 -0.03) (-0.0725792720085 0.609937249462 -0.03))
    polyLine 31 35 ((-0.10429696409 0.531853042089 0) (-0.10294897462 0.535271552931 0) (-0.101592552534 0.538701287676 0) (-0.100227631045 0.542142419609 0) (-0.0988541419198 0.545595124237 0) (-0.097472015454 0.549059579332 0) (-0.0960811804576 0.552535964972 0) (-0.0946815642322 0.55602446358 0) (-0.0932730925519 0.559525259968 0) (-0.0918556896414 0.563038541381 0) (-0.0904292781551 0.56656449754 0) (-0.0889937791543 0.570103320689 0) (-0.0875491120852 0.573655205641 0) (-0.0860951947548 0.577220349827 0) (-0.0846319433075 0.580798953342 0) (-0.0831592722002 0.584391218999 0) (-0.0816770941771 0.587997352377 0) (-0.0801853202437 0.591617561877 0) (-0.0786838596406 0.59525205877 0) (-0.0771726198157 0.598901057261 0) (-0.0756515063965 0.602564774535 0) (-0.0741204231609 0.606243430824 0) (-0.0725792720085 0.609937249462 0))
    polyLine 32 36 ((0.139236041289 0.345869391879 -0.03) (0.139815068278 0.346548734307 -0.03) (0.140394095267 0.347228076735 -0.03) (0.140973122256 0.347907419164 -0.03) (0.141552149244 0.348586761592 -0.03) (0.142131176233 0.34926610402 -0.03) (0.142710203222 0.349945446448 -0.03) (0.143289230211 0.350624788876 -0.03) (0.143868257199 0.351304131304 -0.03) (0.144447284188 0.351983473732 -0.03) (0.145026311177 0.35266281616 -0.03) (0.145605338166 0.353342158588 -0.03) (0.146184365155 0.354021501017 -0.03) (0.146763392143 0.354700843445 -0.03) (0.147342419132 0.355380185873 -0.03) (0.147921446121 0.356059528301 -0.03) (0.14850047311 0.356738870729 -0.03) (0.149079500098 0.357418213157 -0.03) (0.149658527087 0.358097555585 -0.03) (0.150237554076 0.358776898013 -0.03) (0.150816581065 0.359456240441 -0.03) (0.151395608054 0.36013558287 -0.03) (0.151974635042 0.360814925298 -0.03) (0.152553662031 0.361494267726 -0.03) (0.15313268902 0.362173610154 -0.03) (0.153711716009 0.362852952582 -0.03) (0.154290742997 0.36353229501 -0.03) (0.154869769986 0.364211637438 -0.03) (0.155448796975 0.364890979866 -0.03) (0.156027823964 0.365570322294 -0.03) (0.156606850952 0.366249664723 -0.03) (0.157185877941 0.366929007151 -0.03) (0.15776490493 0.367608349579 -0.03) (0.158343931919 0.368287692007 -0.03) (0.158922958908 0.368967034435 -0.03) (0.159501985896 0.369646376863 -0.03) (0.160081012885 0.370325719291 -0.03) (0.160660039874 0.371005061719 -0.03) (0.161239066863 0.371684404148 -0.03) (0.161818093851 0.372363746576 -0.03) (0.16239712084 0.373043089004 -0.03) (0.162976147829 0.373722431432 -0.03) (0.163555174818 0.37440177386 -0.03) (0.164134201807 0.375081116288 -0.03) (0.164713228795 0.375760458716 -0.03) (0.165292255784 0.376439801144 -0.03) (0.165871282773 0.377119143572 -0.03) (0.166450309762 0.377798486001 -0.03) (0.16702933675 0.378477828429 -0.03) (0.167608363739 0.379157170857 -0.03) (0.168187390728 0.379836513285 -0.03) (0.168766417717 0.380515855713 -0.03) (0.169345444706 0.381195198141 -0.03) (0.169924471694 0.381874540569 -0.03))
    polyLine 34 38 ((0.139236041289 0.345869391879 0) (0.139815068278 0.346548734307 0) (0.140394095267 0.347228076735 0) (0.140973122256 0.347907419164 0) (0.141552149244 0.348586761592 0) (0.142131176233 0.34926610402 0) (0.142710203222 0.349945446448 0) (0.143289230211 0.350624788876 0) (0.143868257199 0.351304131304 0) (0.144447284188 0.351983473732 0) (0.145026311177 0.35266281616 0) (0.145605338166 0.353342158588 0) (0.146184365155 0.354021501017 0) (0.146763392143 0.354700843445 0) (0.147342419132 0.355380185873 0) (0.147921446121 0.356059528301 0) (0.14850047311 0.356738870729 0) (0.149079500098 0.357418213157 0) (0.149658527087 0.358097555585 0) (0.150237554076 0.358776898013 0) (0.150816581065 0.359456240441 0) (0.151395608054 0.36013558287 0) (0.151974635042 0.360814925298 0) (0.152553662031 0.361494267726 0) (0.15313268902 0.362173610154 0) (0.153711716009 0.362852952582 0) (0.154290742997 0.36353229501 0) (0.154869769986 0.364211637438 0) (0.155448796975 0.364890979866 0) (0.156027823964 0.365570322294 0) (0.156606850952 0.366249664723 0) (0.157185877941 0.366929007151 0) (0.15776490493 0.367608349579 0) (0.158343931919 0.368287692007 0) (0.158922958908 0.368967034435 0) (0.159501985896 0.369646376863 0) (0.160081012885 0.370325719291 0) (0.160660039874 0.371005061719 0) (0.161239066863 0.371684404148 0) (0.161818093851 0.372363746576 0) (0.16239712084 0.373043089004 0) (0.162976147829 0.373722431432 0) (0.163555174818 0.37440177386 0) (0.164134201807 0.375081116288 0) (0.164713228795 0.375760458716 0) (0.165292255784 0.376439801144 0) (0.165871282773 0.377119143572 0) (0.166450309762 0.377798486001 0) (0.16702933675 0.378477828429 0) (0.167608363739 0.379157170857 0) (0.168187390728 0.379836513285 0) (0.168766417717 0.380515855713 0) (0.169345444706 0.381195198141 0) (0.169924471694 0.381874540569 0))
    polyLine 33 37 ((-0.0695311393176 0.617216951836 -0.03) (-0.0680247960648 0.62080200557 -0.03) (-0.0665088299585 0.624401826197 -0.03) (-0.0649831460673 0.628016624654 -0.03) (-0.0634476477123 0.631646614817 -0.03) (-0.0619022364389 0.635292013557 -0.03) (-0.0603468119873 0.638953040801 -0.03) (-0.0587812722628 0.642629919587 -0.03) (-0.0572055133043 0.646322876125 -0.03) (-0.0556194292534 0.650032139864 -0.03) (-0.0540229123217 0.653757943548 -0.03) (-0.0524158527573 0.657500523287 -0.03) (-0.0507981388114 0.661260118623 -0.03) (-0.0491696567026 0.665036972592 -0.03) (-0.0475302905815 0.668831331802 -0.03) (-0.045879922494 0.672643446501 -0.03) (-0.0442184323431 0.676473570648 -0.03) (-0.0425456978509 0.680321961992 -0.03) (-0.0408615945184 0.684188882144 -0.03) (-0.0391659955849 0.688074596663 -0.03) (-0.0374587719867 0.691979375129 -0.03) (-0.0357397923135 0.695903491228 -0.03) (-0.0340089227653 0.699847222842 -0.03))
    polyLine 35 39 ((-0.0695311393176 0.617216951836 0) (-0.0680247960648 0.62080200557 0) (-0.0665088299585 0.624401826197 0) (-0.0649831460673 0.628016624654 0) (-0.0634476477123 0.631646614817 0) (-0.0619022364389 0.635292013557 0) (-0.0603468119873 0.638953040801 0) (-0.0587812722628 0.642629919587 0) (-0.0572055133043 0.646322876125 0) (-0.0556194292534 0.650032139864 0) (-0.0540229123217 0.653757943548 0) (-0.0524158527573 0.657500523287 0) (-0.0507981388114 0.661260118623 0) (-0.0491696567026 0.665036972592 0) (-0.0475302905815 0.668831331802 0) (-0.045879922494 0.672643446501 0) (-0.0442184323431 0.676473570648 0) (-0.0425456978509 0.680321961992 0) (-0.0408615945184 0.684188882144 0) (-0.0391659955849 0.688074596663 0) (-0.0374587719867 0.691979375129 0) (-0.0357397923135 0.695903491228 0) (-0.0340089227653 0.699847222842 0))
    polyLine 36 40 ((0.170503498683 0.382553882997 -0.03) (0.171082525672 0.383233225425 -0.03) (0.171661552661 0.383912567854 -0.03) (0.172240579649 0.384591910282 -0.03) (0.172819606638 0.38527125271 -0.03) (0.173398633627 0.385950595138 -0.03) (0.173977660616 0.386629937566 -0.03) (0.174556687604 0.387309279994 -0.03) (0.175135714593 0.387988622422 -0.03) (0.175714741582 0.38866796485 -0.03) (0.176293768571 0.389347307278 -0.03) (0.17687279556 0.390026649707 -0.03) (0.177451822548 0.390705992135 -0.03) (0.178030849537 0.391385334563 -0.03) (0.178609876526 0.392064676991 -0.03) (0.179188903515 0.392744019419 -0.03) (0.179767930503 0.393423361847 -0.03) (0.180346957492 0.394102704275 -0.03) (0.180925984481 0.394782046703 -0.03) (0.18150501147 0.395461389131 -0.03) (0.182084038459 0.39614073156 -0.03) (0.182663065447 0.396820073988 -0.03) (0.183242092436 0.397499416416 -0.03) (0.183821119425 0.398178758844 -0.03) (0.184400146414 0.398858101272 -0.03) (0.184979173402 0.3995374437 -0.03) (0.185558200391 0.400216786128 -0.03) (0.18613722738 0.400896128556 -0.03) (0.186716254369 0.401575470984 -0.03) (0.187295281358 0.402254813413 -0.03) (0.187874308346 0.402934155841 -0.03) (0.188453335335 0.403613498269 -0.03) (0.189032362324 0.404292840697 -0.03) (0.189611389313 0.404972183125 -0.03) (0.190190416301 0.405651525553 -0.03) (0.19076944329 0.406330867981 -0.03) (0.191348470279 0.407010210409 -0.03) (0.191927497268 0.407689552837 -0.03) (0.192506524256 0.408368895266 -0.03) (0.193085551245 0.409048237694 -0.03) (0.193664578234 0.409727580122 -0.03) (0.194243605223 0.41040692255 -0.03) (0.194822632212 0.411086264978 -0.03) (0.1954016592 0.411765607406 -0.03) (0.195980686189 0.412444949834 -0.03) (0.196559713178 0.413124292262 -0.03) (0.197138740167 0.41380363469 -0.03) (0.197717767155 0.414482977119 -0.03) (0.198296794144 0.415162319547 -0.03) (0.198875821133 0.415841661975 -0.03) (0.199454848122 0.416521004403 -0.03) (0.200033875111 0.417200346831 -0.03) (0.200612902099 0.417879689259 -0.03))
    polyLine 38 42 ((0.170503498683 0.382553882997 0) (0.171082525672 0.383233225425 0) (0.171661552661 0.383912567854 0) (0.172240579649 0.384591910282 0) (0.172819606638 0.38527125271 0) (0.173398633627 0.385950595138 0) (0.173977660616 0.386629937566 0) (0.174556687604 0.387309279994 0) (0.175135714593 0.387988622422 0) (0.175714741582 0.38866796485 0) (0.176293768571 0.389347307278 0) (0.17687279556 0.390026649707 0) (0.177451822548 0.390705992135 0) (0.178030849537 0.391385334563 0) (0.178609876526 0.392064676991 0) (0.179188903515 0.392744019419 0) (0.179767930503 0.393423361847 0) (0.180346957492 0.394102704275 0) (0.180925984481 0.394782046703 0) (0.18150501147 0.395461389131 0) (0.182084038459 0.39614073156 0) (0.182663065447 0.396820073988 0) (0.183242092436 0.397499416416 0) (0.183821119425 0.398178758844 0) (0.184400146414 0.398858101272 0) (0.184979173402 0.3995374437 0) (0.185558200391 0.400216786128 0) (0.18613722738 0.400896128556 0) (0.186716254369 0.401575470984 0) (0.187295281358 0.402254813413 0) (0.187874308346 0.402934155841 0) (0.188453335335 0.403613498269 0) (0.189032362324 0.404292840697 0) (0.189611389313 0.404972183125 0) (0.190190416301 0.405651525553 0) (0.19076944329 0.406330867981 0) (0.191348470279 0.407010210409 0) (0.191927497268 0.407689552837 0) (0.192506524256 0.408368895266 0) (0.193085551245 0.409048237694 0) (0.193664578234 0.409727580122 0) (0.194243605223 0.41040692255 0) (0.194822632212 0.411086264978 0) (0.1954016592 0.411765607406 0) (0.195980686189 0.412444949834 0) (0.196559713178 0.413124292262 0) (0.197138740167 0.41380363469 0) (0.197717767155 0.414482977119 0) (0.198296794144 0.415162319547 0) (0.198875821133 0.415841661975 0) (0.199454848122 0.416521004403 0) (0.200033875111 0.417200346831 0) (0.200612902099 0.417879689259 0))
    polyLine 37 41 ((-0.0306181356068 0.707551615472 -0.03) (-0.028959398093 0.711310421697 -0.03) (-0.0272896956339 0.715087515243 -0.03) (-0.025608907259 0.718883144158 -0.03) (-0.0239169099215 0.722697560166 -0.03) (-0.0222135784599 0.726531018744 -0.03) (-0.0204987855589 0.730383779192 -0.03) (-0.0187724017089 0.734256104715 -0.03) (-0.0170342951653 0.738148262495 -0.03) (-0.0152843319061 0.742060523777 -0.03) (-0.0135223755887 0.74599316395 -0.03) (-0.0117482875053 0.749946462629 -0.03) (-0.009961926538 0.753920703746 -0.03) (-0.00816314911165 0.757916175632 -0.03) (-0.0063518091464 0.761933171114 -0.03) (-0.00452775800865 0.765971987604 -0.03) (-0.00269084446076 0.770032927196 -0.03) (-0.000840914609585 0.774116296764 -0.03) (0.00102218814638 0.778222408061 -0.03) (0.0028986231712 0.78235157782 -0.03) (0.00478855264707 0.786504127863 -0.03) (0.00669214163138 0.790680385206 -0.03) (0.00860955811518 0.794880682169 -0.03))
    polyLine 39 43 ((-0.0306181356068 0.707551615472 0) (-0.028959398093 0.711310421697 0) (-0.0272896956339 0.715087515243 0) (-0.025608907259 0.718883144158 0) (-0.0239169099215 0.722697560166 0) (-0.0222135784599 0.726531018744 0) (-0.0204987855589 0.730383779192 0) (-0.0187724017089 0.734256104715 0) (-0.0170342951653 0.738148262495 0) (-0.0152843319061 0.742060523777 0) (-0.0135223755887 0.74599316395 0) (-0.0117482875053 0.749946462629 0) (-0.009961926538 0.753920703746 0) (-0.00816314911165 0.757916175632 0) (-0.0063518091464 0.761933171114 0) (-0.00452775800865 0.765971987604 0) (-0.00269084446076 0.770032927196 0) (-0.000840914609585 0.774116296764 0) (0.00102218814638 0.778222408061 0) (0.0028986231712 0.78235157782 0) (0.00478855264707 0.786504127863 0) (0.00669214163138 0.790680385206 0) (0.00860955811518 0.794880682169 0))
    polyLine 40 44 ((0.201191929088 0.418559031687 -0.03) (0.201770956077 0.419238374115 -0.03) (0.202349983066 0.419917716544 -0.03) (0.202929010054 0.420597058972 -0.03) (0.203508037043 0.4212764014 -0.03) (0.204087064032 0.421955743828 -0.03) (0.204666091021 0.422635086256 -0.03) (0.20524511801 0.423314428684 -0.03) (0.205824144998 0.423993771112 -0.03) (0.206403171987 0.42467311354 -0.03) (0.206982198976 0.425352455968 -0.03) (0.207561225965 0.426031798397 -0.03) (0.208140252953 0.426711140825 -0.03) (0.208719279942 0.427390483253 -0.03) (0.209298306931 0.428069825681 -0.03) (0.20987733392 0.428749168109 -0.03) (0.210456360908 0.429428510537 -0.03) (0.211035387897 0.430107852965 -0.03) (0.211614414886 0.430787195393 -0.03) (0.212193441875 0.431466537821 -0.03) (0.212772468864 0.43214588025 -0.03) (0.213351495852 0.432825222678 -0.03) (0.213930522841 0.433504565106 -0.03) (0.21450954983 0.434183907534 -0.03) (0.215088576819 0.434863249962 -0.03) (0.215667603807 0.43554259239 -0.03) (0.216246630796 0.436221934818 -0.03) (0.216825657785 0.436901277246 -0.03) (0.217404684774 0.437580619674 -0.03) (0.217983711763 0.438259962103 -0.03) (0.218562738751 0.438939304531 -0.03) (0.21914176574 0.439618646959 -0.03) (0.219720792729 0.440297989387 -0.03) (0.220299819718 0.440977331815 -0.03) (0.220878846706 0.441656674243 -0.03) (0.221457873695 0.442336016671 -0.03) (0.222036900684 0.443015359099 -0.03) (0.222615927673 0.443694701527 -0.03) (0.223194954662 0.444374043956 -0.03) (0.22377398165 0.445053386384 -0.03) (0.224353008639 0.445732728812 -0.03) (0.224932035628 0.44641207124 -0.03) (0.225511062617 0.447091413668 -0.03) (0.226090089605 0.447770756096 -0.03) (0.226669116594 0.448450098524 -0.03) (0.227248143583 0.449129440952 -0.03) (0.227827170572 0.44980878338 -0.03) (0.22840619756 0.450488125809 -0.03) (0.228985224549 0.451167468237 -0.03) (0.229564251538 0.451846810665 -0.03) (0.230143278527 0.452526153093 -0.03) (0.230722305516 0.453205495521 -0.03) (0.231301332504 0.453884837949 -0.03) (0.231880359493 0.454564180377 -0.03))
    polyLine 42 46 ((0.201191929088 0.418559031687 0) (0.201770956077 0.419238374115 0) (0.202349983066 0.419917716544 0) (0.202929010054 0.420597058972 0) (0.203508037043 0.4212764014 0) (0.204087064032 0.421955743828 0) (0.204666091021 0.422635086256 0) (0.20524511801 0.423314428684 0) (0.205824144998 0.423993771112 0) (0.206403171987 0.42467311354 0) (0.206982198976 0.425352455968 0) (0.207561225965 0.426031798397 0) (0.208140252953 0.426711140825 0) (0.208719279942 0.427390483253 0) (0.209298306931 0.428069825681 0) (0.20987733392 0.428749168109 0) (0.210456360908 0.429428510537 0) (0.211035387897 0.430107852965 0) (0.211614414886 0.430787195393 0) (0.212193441875 0.431466537821 0) (0.212772468864 0.43214588025 0) (0.213351495852 0.432825222678 0) (0.213930522841 0.433504565106 0) (0.21450954983 0.434183907534 0) (0.215088576819 0.434863249962 0) (0.215667603807 0.43554259239 0) (0.216246630796 0.436221934818 0) (0.216825657785 0.436901277246 0) (0.217404684774 0.437580619674 0) (0.217983711763 0.438259962103 0) (0.218562738751 0.438939304531 0) (0.21914176574 0.439618646959 0) (0.219720792729 0.440297989387 0) (0.220299819718 0.440977331815 0) (0.220878846706 0.441656674243 0) (0.221457873695 0.442336016671 0) (0.222036900684 0.443015359099 0) (0.222615927673 0.443694701527 0) (0.223194954662 0.444374043956 0) (0.22377398165 0.445053386384 0) (0.224353008639 0.445732728812 0) (0.224932035628 0.44641207124 0) (0.225511062617 0.447091413668 0) (0.226090089605 0.447770756096 0) (0.226669116594 0.448450098524 0) (0.227248143583 0.449129440952 0) (0.227827170572 0.44980878338 0) (0.22840619756 0.450488125809 0) (0.228985224549 0.451167468237 0) (0.229564251538 0.451846810665 0) (0.230143278527 0.452526153093 0) (0.230722305516 0.453205495521 0) (0.231301332504 0.453884837949 0) (0.231880359493 0.454564180377 0))
    polyLine 41 45 ((0.0123379023614 0.803030284324 -0.03) (0.0141470674454 0.806976586106 -0.03) (0.0159686102458 0.810944540999 -0.03) (0.0178026750331 0.814934432447 -0.03) (0.0196494084836 0.818946548268 -0.03) (0.021508959726 0.822981180737 -0.03) (0.0233814803902 0.827038626679 -0.03) (0.0252671246557 0.831119187563 -0.03) (0.0271660493025 0.835223169595 -0.03) (0.0290784137628 0.839350883815 -0.03) (0.0310043801738 0.843502646198 -0.03) (0.0329441134324 0.847678777753 -0.03) (0.0348977812504 0.851879604634 -0.03) (0.0368655542119 0.856105458239 -0.03) (0.0388476058319 0.860356675325 -0.03) (0.0408441126162 0.864633598121 -0.03) (0.0428552541228 0.868936574439 -0.03) (0.0448812130254 0.873265957796 -0.03) (0.0469221751779 0.877622107536 -0.03) (0.048978329681 0.882005388952 -0.03) (0.05104986895 0.886416173412 -0.03) (0.0531369887852 0.890854838495 -0.03) (0.0552398884433 0.895321768124 -0.03))
    polyLine 43 47 ((0.0123379023614 0.803030284324 0) (0.0141470674454 0.806976586106 0) (0.0159686102458 0.810944540999 0) (0.0178026750331 0.814934432447 0) (0.0196494084836 0.818946548268 0) (0.021508959726 0.822981180737 0) (0.0233814803902 0.827038626679 0) (0.0252671246557 0.831119187563 0) (0.0271660493025 0.835223169595 0) (0.0290784137628 0.839350883815 0) (0.0310043801738 0.843502646198 0) (0.0329441134324 0.847678777753 0) (0.0348977812504 0.851879604634 0) (0.0368655542119 0.856105458239 0) (0.0388476058319 0.860356675325 0) (0.0408441126162 0.864633598121 0) (0.0428552541228 0.868936574439 0) (0.0448812130254 0.873265957796 0) (0.0469221751779 0.877622107536 0) (0.048978329681 0.882005388952 0) (0.05104986895 0.886416173412 0) (0.0531369887852 0.890854838495 0) (0.0552398884433 0.895321768124 0))
    polyLine 44 48 ((0.232459386482 0.455243522805 -0.03) (0.233038413471 0.455922865233 -0.03) (0.233617440459 0.456602207662 -0.03) (0.234196467448 0.45728155009 -0.03) (0.234775494437 0.457960892518 -0.03) (0.235354521426 0.458640234946 -0.03) (0.235933548415 0.459319577374 -0.03) (0.236512575403 0.459998919802 -0.03) (0.237091602392 0.46067826223 -0.03) (0.237670629381 0.461357604658 -0.03) (0.23824965637 0.462036947087 -0.03) (0.238828683358 0.462716289515 -0.03) (0.239407710347 0.463395631943 -0.03) (0.239986737336 0.464074974371 -0.03) (0.240565764325 0.464754316799 -0.03) (0.241144791314 0.465433659227 -0.03) (0.241723818302 0.466113001655 -0.03) (0.242302845291 0.466792344083 -0.03) (0.24288187228 0.467471686511 -0.03) (0.243460899269 0.46815102894 -0.03) (0.244039926257 0.468830371368 -0.03) (0.244618953246 0.469509713796 -0.03) (0.245197980235 0.470189056224 -0.03) (0.245777007224 0.470868398652 -0.03) (0.246356034212 0.47154774108 -0.03) (0.246935061201 0.472227083508 -0.03) (0.24751408819 0.472906425936 -0.03) (0.248093115179 0.473585768364 -0.03) (0.248672142168 0.474265110793 -0.03) (0.249251169156 0.474944453221 -0.03) (0.249830196145 0.475623795649 -0.03) (0.250409223134 0.476303138077 -0.03) (0.250988250123 0.476982480505 -0.03) (0.251567277111 0.477661822933 -0.03) (0.2521463041 0.478341165361 -0.03) (0.252725331089 0.479020507789 -0.03) (0.253304358078 0.479699850217 -0.03) (0.253883385067 0.480379192646 -0.03) (0.254462412055 0.481058535074 -0.03) (0.255041439044 0.481737877502 -0.03) (0.255620466033 0.48241721993 -0.03) (0.256199493022 0.483096562358 -0.03) (0.25677852001 0.483775904786 -0.03) (0.257357546999 0.484455247214 -0.03) (0.257936573988 0.485134589642 -0.03) (0.258515600977 0.48581393207 -0.03) (0.259094627966 0.486493274499 -0.03) (0.259673654954 0.487172616927 -0.03) (0.260252681943 0.487851959355 -0.03) (0.260831708932 0.488531301783 -0.03) (0.261410735921 0.489210644211 -0.03) (0.261989762909 0.489889986639 -0.03) (0.262568789898 0.490569329067 -0.03))
    polyLine 46 50 ((0.232459386482 0.455243522805 0) (0.233038413471 0.455922865233 0) (0.233617440459 0.456602207662 0) (0.234196467448 0.45728155009 0) (0.234775494437 0.457960892518 0) (0.235354521426 0.458640234946 0) (0.235933548415 0.459319577374 0) (0.236512575403 0.459998919802 0) (0.237091602392 0.46067826223 0) (0.237670629381 0.461357604658 0) (0.23824965637 0.462036947087 0) (0.238828683358 0.462716289515 0) (0.239407710347 0.463395631943 0) (0.239986737336 0.464074974371 0) (0.240565764325 0.464754316799 0) (0.241144791314 0.465433659227 0) (0.241723818302 0.466113001655 0) (0.242302845291 0.466792344083 0) (0.24288187228 0.467471686511 0) (0.243460899269 0.46815102894 0) (0.244039926257 0.468830371368 0) (0.244618953246 0.469509713796 0) (0.245197980235 0.470189056224 0) (0.245777007224 0.470868398652 0) (0.246356034212 0.47154774108 0) (0.246935061201 0.472227083508 0) (0.24751408819 0.472906425936 0) (0.248093115179 0.473585768364 0) (0.248672142168 0.474265110793 0) (0.249251169156 0.474944453221 0) (0.249830196145 0.475623795649 0) (0.250409223134 0.476303138077 0) (0.250988250123 0.476982480505 0) (0.251567277111 0.477661822933 0) (0.2521463041 0.478341165361 0) (0.252725331089 0.479020507789 0) (0.253304358078 0.479699850217 0) (0.253883385067 0.480379192646 0) (0.254462412055 0.481058535074 0) (0.255041439044 0.481737877502 0) (0.255620466033 0.48241721993 0) (0.256199493022 0.483096562358 0) (0.25677852001 0.483775904786 0) (0.257357546999 0.484455247214 0) (0.257936573988 0.485134589642 0) (0.258515600977 0.48581393207 0) (0.259094627966 0.486493274499 0) (0.259673654954 0.487172616927 0) (0.260252681943 0.487851959355 0) (0.260831708932 0.488531301783 0) (0.261410735921 0.489210644211 0) (0.261989762909 0.489889986639 0) (0.262568789898 0.490569329067 0))
    polyLine 45 49 ((0.0593060162513 0.903944160751 -0.03) (0.0612668961239 0.908095456634 -0.03) (0.0632415723342 0.912271551531 -0.03) (0.0652302095407 0.916472761505 -0.03) (0.0672329751084 0.920699407593 -0.03) (0.0692500391625 0.924951815913 -0.03) (0.0712815746436 0.929230317762 -0.03) (0.0733277573646 0.933535249725 -0.03) (0.0753887660691 0.937866953782 -0.03) (0.0774647824904 0.942225777421 -0.03) (0.0795559914127 0.946612073749 -0.03) (0.0816625807341 0.951026201612 -0.03) (0.0837847415299 0.955468525712 -0.03) (0.0859226681193 0.959939416732 -0.03) (0.0880765581319 0.964439251461 -0.03) (0.0902466125776 0.968968412919 -0.03) (0.0924330359168 0.973527290498 -0.03) (0.0946360361337 0.978116280089 -0.03) (0.0968558248104 0.982735784226 -0.03) (0.0990926172037 0.987386212225 -0.03) (0.101346632323 0.992067980335 -0.03) (0.103618093013 0.996781511884 -0.03) (0.105907226032 1.00152723744 -0.03))
    polyLine 47 51 ((0.0593060162513 0.903944160751 0) (0.0612668961239 0.908095456634 0) (0.0632415723342 0.912271551531 0) (0.0652302095407 0.916472761505 0) (0.0672329751084 0.920699407593 0) (0.0692500391625 0.924951815913 0) (0.0712815746436 0.929230317762 0) (0.0733277573646 0.933535249725 0) (0.0753887660691 0.937866953782 0) (0.0774647824904 0.942225777421 0) (0.0795559914127 0.946612073749 0) (0.0816625807341 0.951026201612 0) (0.0837847415299 0.955468525712 0) (0.0859226681193 0.959939416732 0) (0.0880765581319 0.964439251461 0) (0.0902466125776 0.968968412919 0) (0.0924330359168 0.973527290498 0) (0.0946360361337 0.978116280089 0) (0.0968558248104 0.982735784226 0) (0.0990926172037 0.987386212225 0) (0.101346632323 0.992067980335 0) (0.103618093013 0.996781511884 0) (0.105907226032 1.00152723744 0))
    polyLine 48 52 ((0.263147816887 0.491248671495 -0.03) (0.263726843876 0.491928013923 -0.03) (0.264305870865 0.492607356352 -0.03) (0.264884897853 0.49328669878 -0.03) (0.265463924842 0.493966041208 -0.03) (0.266042951831 0.494645383636 -0.03) (0.26662197882 0.495324726064 -0.03) (0.267201005808 0.496004068492 -0.03) (0.267780032797 0.49668341092 -0.03) (0.268359059786 0.497362753348 -0.03) (0.268938086775 0.498042095776 -0.03) (0.269517113763 0.498721438205 -0.03) (0.270096140752 0.499400780633 -0.03) (0.270675167741 0.500080123061 -0.03) (0.27125419473 0.500759465489 -0.03) (0.271833221719 0.501438807917 -0.03) (0.272412248707 0.502118150345 -0.03) (0.272991275696 0.502797492773 -0.03) (0.273570302685 0.503476835201 -0.03) (0.274149329674 0.504156177629 -0.03) (0.274728356662 0.504835520058 -0.03) (0.275307383651 0.505514862486 -0.03) (0.27588641064 0.506194204914 -0.03) (0.276465437629 0.506873547342 -0.03) (0.277044464618 0.50755288977 -0.03) (0.277623491606 0.508232232198 -0.03) (0.278202518595 0.508911574626 -0.03) (0.278781545584 0.509590917054 -0.03) (0.279360572573 0.510270259483 -0.03) (0.279939599561 0.510949601911 -0.03) (0.28051862655 0.511628944339 -0.03) (0.281097653539 0.512308286767 -0.03) (0.281676680528 0.512987629195 -0.03) (0.282255707517 0.513666971623 -0.03) (0.282834734505 0.514346314051 -0.03) (0.283413761494 0.515025656479 -0.03) (0.283992788483 0.515704998907 -0.03) (0.284571815472 0.516384341336 -0.03) (0.28515084246 0.517063683764 -0.03) (0.285729869449 0.517743026192 -0.03) (0.286308896438 0.51842236862 -0.03) (0.286887923427 0.519101711048 -0.03) (0.287466950415 0.519781053476 -0.03) (0.288045977404 0.520460395904 -0.03) (0.288625004393 0.521139738332 -0.03) (0.289204031382 0.52181908076 -0.03) (0.289783058371 0.522498423189 -0.03) (0.290362085359 0.523177765617 -0.03) (0.290941112348 0.523857108045 -0.03) (0.291520139337 0.524536450473 -0.03) (0.292099166326 0.525215792901 -0.03) (0.292678193314 0.525895135329 -0.03) (0.293257220303 0.526574477757 -0.03) (0.293836247292 0.527253820185 -0.03))
    polyLine 50 54 ((0.263147816887 0.491248671495 0) (0.263726843876 0.491928013923 0) (0.264305870865 0.492607356352 0) (0.264884897853 0.49328669878 0) (0.265463924842 0.493966041208 0) (0.266042951831 0.494645383636 0) (0.26662197882 0.495324726064 0) (0.267201005808 0.496004068492 0) (0.267780032797 0.49668341092 0) (0.268359059786 0.497362753348 0) (0.268938086775 0.498042095776 0) (0.269517113763 0.498721438205 0) (0.270096140752 0.499400780633 0) (0.270675167741 0.500080123061 0) (0.27125419473 0.500759465489 0) (0.271833221719 0.501438807917 0) (0.272412248707 0.502118150345 0) (0.272991275696 0.502797492773 0) (0.273570302685 0.503476835201 0) (0.274149329674 0.504156177629 0) (0.274728356662 0.504835520058 0) (0.275307383651 0.505514862486 0) (0.27588641064 0.506194204914 0) (0.276465437629 0.506873547342 0) (0.277044464618 0.50755288977 0) (0.277623491606 0.508232232198 0) (0.278202518595 0.508911574626 0) (0.278781545584 0.509590917054 0) (0.279360572573 0.510270259483 0) (0.279939599561 0.510949601911 0) (0.28051862655 0.511628944339 0) (0.281097653539 0.512308286767 0) (0.281676680528 0.512987629195 0) (0.282255707517 0.513666971623 0) (0.282834734505 0.514346314051 0) (0.283413761494 0.515025656479 0) (0.283992788483 0.515704998907 0) (0.284571815472 0.516384341336 0) (0.28515084246 0.517063683764 0) (0.285729869449 0.517743026192 0) (0.286308896438 0.51842236862 0) (0.286887923427 0.519101711048 0) (0.287466950415 0.519781053476 0) (0.288045977404 0.520460395904 0) (0.288625004393 0.521139738332 0) (0.289204031382 0.52181908076 0) (0.289783058371 0.522498423189 0) (0.290362085359 0.523177765617 0) (0.290941112348 0.523857108045 0) (0.291520139337 0.524536450473 0) (0.292099166326 0.525215792901 0) (0.292678193314 0.525895135329 0) (0.293257220303 0.526574477757 0) (0.293836247292 0.527253820185 0))
    polyLine 49 53 ((0.110316041727 1.01065495831 -0.03) (0.112432829122 1.01503170364 -0.03) (0.114564803762 1.01943617107 -0.03) (0.116712147987 1.02386870606 -0.03) (0.118875047101 1.02832965958 -0.03) (0.121053689431 1.03281938818 -0.03) (0.123248266388 1.03733825411 -0.03) (0.125458972528 1.04188662544 -0.03) (0.127686005617 1.0464648762 -0.03) (0.129929566698 1.05107338646 -0.03) (0.132189860156 1.05571254247 -0.03) (0.134467093787 1.06038273682 -0.03) (0.13676147887 1.06508436851 -0.03) (0.139073230237 1.06981784316 -0.03) (0.141402566351 1.07458357309 -0.03) (0.143749709378 1.07938197746 -0.03) (0.146114885268 1.08421348247 -0.03) (0.148498323832 1.08907852146 -0.03) (0.150900258826 1.09397753506 -0.03) (0.153320928036 1.09891097139 -0.03) (0.155760573362 1.10387928617 -0.03) (0.158219440907 1.10888294292 -0.03) (0.160697781069 1.11392241311 -0.03))
    polyLine 51 55 ((0.110316041727 1.01065495831 0) (0.112432829122 1.01503170364 0) (0.114564803762 1.01943617107 0) (0.116712147987 1.02386870606 0) (0.118875047101 1.02832965958 0) (0.121053689431 1.03281938818 0) (0.123248266388 1.03733825411 0) (0.125458972528 1.04188662544 0) (0.127686005617 1.0464648762 0) (0.129929566698 1.05107338646 0) (0.132189860156 1.05571254247 0) (0.134467093787 1.06038273682 0) (0.13676147887 1.06508436851 0) (0.139073230237 1.06981784316 0) (0.141402566351 1.07458357309 0) (0.143749709378 1.07938197746 0) (0.146114885268 1.08421348247 0) (0.148498323832 1.08907852146 0) (0.150900258826 1.09397753506 0) (0.153320928036 1.09891097139 0) (0.155760573362 1.10387928617 0) (0.158219440907 1.10888294292 0) (0.160697781069 1.11392241311 0))
    polyLine 52 56 ((0.294415274281 0.527933162613 -0.03) (0.29499430127 0.528612505042 -0.03) (0.295573328258 0.52929184747 -0.03) (0.296152355247 0.529971189898 -0.03) (0.296731382236 0.530650532326 -0.03) (0.297310409225 0.531329874754 -0.03) (0.297889436213 0.532009217182 -0.03) (0.298468463202 0.53268855961 -0.03) (0.299047490191 0.533367902038 -0.03) (0.29962651718 0.534047244466 -0.03) (0.300205544169 0.534726586895 -0.03) (0.300784571157 0.535405929323 -0.03) (0.301363598146 0.536085271751 -0.03) (0.301942625135 0.536764614179 -0.03) (0.302521652124 0.537443956607 -0.03) (0.303100679112 0.538123299035 -0.03) (0.303679706101 0.538802641463 -0.03) (0.30425873309 0.539481983891 -0.03) (0.304837760079 0.540161326319 -0.03) (0.305416787067 0.540840668748 -0.03) (0.305995814056 0.541520011176 -0.03) (0.306574841045 0.542199353604 -0.03) (0.307153868034 0.542878696032 -0.03) (0.307732895023 0.54355803846 -0.03) (0.308311922011 0.544237380888 -0.03) (0.308890949 0.544916723316 -0.03) (0.309469975989 0.545596065744 -0.03) (0.310049002978 0.546275408172 -0.03) (0.310628029966 0.546954750601 -0.03) (0.311207056955 0.547634093029 -0.03) (0.311786083944 0.548313435457 -0.03) (0.312365110933 0.548992777885 -0.03) (0.312944137922 0.549672120313 -0.03) (0.31352316491 0.550351462741 -0.03) (0.314102191899 0.551030805169 -0.03) (0.314681218888 0.551710147597 -0.03) (0.315260245877 0.552389490025 -0.03) (0.315839272865 0.553068832454 -0.03) (0.316418299854 0.553748174882 -0.03) (0.316997326843 0.55442751731 -0.03) (0.317576353832 0.555106859738 -0.03) (0.318155380821 0.555786202166 -0.03) (0.318734407809 0.556465544594 -0.03) (0.319313434798 0.557144887022 -0.03) (0.319892461787 0.55782422945 -0.03) (0.320471488776 0.558503571879 -0.03) (0.321050300479 0.559177511456 -0.03) (0.321634164658 0.559847078601 -0.03) (0.322223048286 0.560512235436 -0.03) (0.322816918048 0.561172944333 -0.03) (0.32341574035 0.561829167917 -0.03) (0.324019481317 0.562480869066 -0.03) (0.324628106796 0.563128010912 -0.03))
    polyLine 54 58 ((0.294415274281 0.527933162613 0) (0.29499430127 0.528612505042 0) (0.295573328258 0.52929184747 0) (0.296152355247 0.529971189898 0) (0.296731382236 0.530650532326 0) (0.297310409225 0.531329874754 0) (0.297889436213 0.532009217182 0) (0.298468463202 0.53268855961 0) (0.299047490191 0.533367902038 0) (0.29962651718 0.534047244466 0) (0.300205544169 0.534726586895 0) (0.300784571157 0.535405929323 0) (0.301363598146 0.536085271751 0) (0.301942625135 0.536764614179 0) (0.302521652124 0.537443956607 0) (0.303100679112 0.538123299035 0) (0.303679706101 0.538802641463 0) (0.30425873309 0.539481983891 0) (0.304837760079 0.540161326319 0) (0.305416787067 0.540840668748 0) (0.305995814056 0.541520011176 0) (0.306574841045 0.542199353604 0) (0.307153868034 0.542878696032 0) (0.307732895023 0.54355803846 0) (0.308311922011 0.544237380888 0) (0.308890949 0.544916723316 0) (0.309469975989 0.545596065744 0) (0.310049002978 0.546275408172 0) (0.310628029966 0.546954750601 0) (0.311207056955 0.547634093029 0) (0.311786083944 0.548313435457 0) (0.312365110933 0.548992777885 0) (0.312944137922 0.549672120313 0) (0.31352316491 0.550351462741 0) (0.314102191899 0.551030805169 0) (0.314681218888 0.551710147597 0) (0.315260245877 0.552389490025 0) (0.315839272865 0.553068832454 0) (0.316418299854 0.553748174882 0) (0.316997326843 0.55442751731 0) (0.317576353832 0.555106859738 0) (0.318155380821 0.555786202166 0) (0.318734407809 0.556465544594 0) (0.319313434798 0.557144887022 0) (0.319892461787 0.55782422945 0) (0.320471488776 0.558503571879 0) (0.321050300479 0.559177511456 0) (0.321634164658 0.559847078601 0) (0.322223048286 0.560512235436 0) (0.322816918048 0.561172944333 0) (0.32341574035 0.561829167917 0) (0.324019481317 0.562480869066 0) (0.324628106796 0.563128010912 0))
    polyLine 53 57 ((0.165466318122 1.12360820458 -0.03) (0.167753243346 1.12824852382 -0.03) (0.170056820881 1.13291950386 -0.03) (0.172377250459 1.13762152027 -0.03) (0.174714735028 1.14235495463 -0.03) (0.177069480818 1.14712019459 -0.03) (0.179441697408 1.15191763401 -0.03) (0.181831597792 1.15674767307 -0.03) (0.184239398452 1.16161071843 -0.03) (0.186665319423 1.16650718334 -0.03) (0.189109584372 1.17143748777 -0.03) (0.191572420668 1.17640205856 -0.03) (0.194054059462 1.18140132958 -0.03) (0.196554735763 1.18643574184 -0.03) (0.199074688519 1.19150574365 -0.03) (0.2016141607 1.1966117908 -0.03) (0.204173399381 1.20175434668 -0.03) (0.206752655832 1.20693388246 -0.03) (0.209352185601 1.21215087725 -0.03) (0.211972248611 1.21740581827 -0.03) (0.214613109251 1.22269920104 -0.03) (0.217275036469 1.22803152953 -0.03) (0.219958303877 1.23340331636 -0.03))
    polyLine 55 59 ((0.165466318122 1.12360820458 0) (0.167753243346 1.12824852382 0) (0.170056820881 1.13291950386 0) (0.172377250459 1.13762152027 0) (0.174714735028 1.14235495463 0) (0.177069480818 1.14712019459 0) (0.179441697408 1.15191763401 0) (0.181831597792 1.15674767307 0) (0.184239398452 1.16161071843 0) (0.186665319423 1.16650718334 0) (0.189109584372 1.17143748777 0) (0.191572420668 1.17640205856 0) (0.194054059462 1.18140132958 0) (0.196554735763 1.18643574184 0) (0.199074688519 1.19150574365 0) (0.2016141607 1.1966117908 0) (0.204173399381 1.20175434668 0) (0.206752655832 1.20693388246 0) (0.209352185601 1.21215087725 0) (0.211972248611 1.21740581827 0) (0.214613109251 1.22269920104 0) (0.217275036469 1.22803152953 0) (0.219958303877 1.23340331636 0))
    polyLine 56 60 ((0.325241582356 0.563770556847 -0.03) (0.325859873294 0.564408470523 -0.03) (0.326482944633 0.565041715853 -0.03) (0.327110761126 0.565670257015 -0.03) (0.327743287259 0.566294058452 -0.03) (0.328380487249 0.566913084877 -0.03) (0.32902232505 0.567527301271 -0.03) (0.329668764354 0.568136672888 -0.03) (0.330319768592 0.568741165257 -0.03) (0.330975300937 0.569340744182 -0.03) (0.331635324306 0.569935375744 -0.03) (0.332299801361 0.570525026305 -0.03) (0.332968694514 0.57110966251 -0.03) (0.333641965925 0.571689251286 -0.03) (0.334319577508 0.572263759845 -0.03) (0.33500149093 0.572833155689 -0.03) (0.335687667616 0.573397406605 -0.03) (0.33637806875 0.573956480676 -0.03) (0.337072655275 0.574510346275 -0.03) (0.337771387899 0.575058972068 -0.03) (0.338474227095 0.575602327022 -0.03) (0.339181133104 0.576140380399 -0.03) (0.339892065937 0.576673101761 -0.03) (0.340606985376 0.577200460972 -0.03) (0.341325850979 0.5777224282 -0.03) (0.342048622079 0.578238973918 -0.03) (0.34277525779 0.578750068904 -0.03) (0.343505717007 0.579255684247 -0.03) (0.344239958407 0.579755791343 -0.03) (0.344977940455 0.580250361903 -0.03) (0.345719621404 0.580739367948 -0.03) (0.346464959297 0.581222781815 -0.03) (0.34721391197 0.581700576159 -0.03) (0.347966437056 0.582172723949 -0.03) (0.348722491985 0.582639198479 -0.03) (0.349482033987 0.583099973358 -0.03) (0.350245020095 0.583555022521 -0.03) (0.351011407147 0.584004320226 -0.03) (0.35178115179 0.584447841057 -0.03) (0.352554210478 0.584885559924 -0.03) (0.35333053948 0.585317452065 -0.03) (0.354110094881 0.585743493049 -0.03) (0.35489283258 0.586163658773 -0.03) (0.355678708298 0.586577925471 -0.03) (0.35646767758 0.586986269706 -0.03) (0.357259695793 0.58738866838 -0.03) (0.358054718132 0.587785098728 -0.03) (0.358852699625 0.588175538325 -0.03) (0.35965359513 0.588559965083 -0.03) (0.36045735934 0.588938357256 -0.03) (0.361263946786 0.589310693439 -0.03) (0.362073311841 0.589676952568 -0.03) (0.362885408719 0.590037113924 -0.03) (0.363700191481 0.590391157134 -0.03))
    polyLine 58 62 ((0.325241582356 0.563770556847 0) (0.325859873294 0.564408470523 0) (0.326482944633 0.565041715853 0) (0.327110761126 0.565670257015 0) (0.327743287259 0.566294058452 0) (0.328380487249 0.566913084877 0) (0.32902232505 0.567527301271 0) (0.329668764354 0.568136672888 0) (0.330319768592 0.568741165257 0) (0.330975300937 0.569340744182 0) (0.331635324306 0.569935375744 0) (0.332299801361 0.570525026305 0) (0.332968694514 0.57110966251 0) (0.333641965925 0.571689251286 0) (0.334319577508 0.572263759845 0) (0.33500149093 0.572833155689 0) (0.335687667616 0.573397406605 0) (0.33637806875 0.573956480676 0) (0.337072655275 0.574510346275 0) (0.337771387899 0.575058972068 0) (0.338474227095 0.575602327022 0) (0.339181133104 0.576140380399 0) (0.339892065937 0.576673101761 0) (0.340606985376 0.577200460972 0) (0.341325850979 0.5777224282 0) (0.342048622079 0.578238973918 0) (0.34277525779 0.578750068904 0) (0.343505717007 0.579255684247 0) (0.344239958407 0.579755791343 0) (0.344977940455 0.580250361903 0) (0.345719621404 0.580739367948 0) (0.346464959297 0.581222781815 0) (0.34721391197 0.581700576159 0) (0.347966437056 0.582172723949 0) (0.348722491985 0.582639198479 0) (0.349482033987 0.583099973358 0) (0.350245020095 0.583555022521 0) (0.351011407147 0.584004320226 0) (0.35178115179 0.584447841057 0) (0.352554210478 0.584885559924 0) (0.35333053948 0.585317452065 0) (0.354110094881 0.585743493049 0) (0.35489283258 0.586163658773 0) (0.355678708298 0.586577925471 0) (0.35646767758 0.586986269706 0) (0.357259695793 0.58738866838 0) (0.358054718132 0.587785098728 0) (0.358852699625 0.588175538325 0) (0.35965359513 0.588559965083 0) (0.36045735934 0.588938357256 0) (0.361263946786 0.589310693439 0) (0.362073311841 0.589676952568 0) (0.362885408719 0.590037113924 0) (0.363700191481 0.590391157134 0))
    polyLine 57 61 ((0.225589808658 1.2446667973 -0.03) (0.228541998411 1.25056581663 -0.03) (0.231520122085 1.25651282059 -0.03) (0.234524549566 1.2625085016 -0.03) (0.237555657807 1.26855356519 -0.03) (0.240613830995 1.27464873031 -0.03) (0.243699460729 1.28079472969 -0.03) (0.246812946197 1.28699231011 -0.03) (0.249954694357 1.29324223279 -0.03) (0.253125120131 1.29954527374 -0.03) (0.256324646598 1.30590222409 -0.03) (0.259553705194 1.31231389049 -0.03) (0.262812735919 1.31878109547 -0.03) (0.266102187551 1.32530467789 -0.03) (0.269422517864 1.33188549327 -0.03) (0.272774193855 1.33852441427 -0.03) (0.276157691975 1.34522233109 -0.03) (0.279573498372 1.35198015193 -0.03) (0.283022109133 1.35879880345 -0.03) (0.286504030543 1.36567923123 -0.03) (0.290019779348 1.37262240028 -0.03) (0.293569883021 1.37962929551 -0.03) (0.297154880047 1.38670092228 -0.03))
    polyLine 59 63 ((0.225589808658 1.2446667973 0) (0.228541998411 1.25056581663 0) (0.231520122085 1.25651282059 0) (0.234524549566 1.2625085016 0) (0.237555657807 1.26855356519 0) (0.240613830995 1.27464873031 0) (0.243699460729 1.28079472969 0) (0.246812946197 1.28699231011 0) (0.249954694357 1.29324223279 0) (0.253125120131 1.29954527374 0) (0.256324646598 1.30590222409 0) (0.259553705194 1.31231389049 0) (0.262812735919 1.31878109547 0) (0.266102187551 1.32530467789 0) (0.269422517864 1.33188549327 0) (0.272774193855 1.33852441427 0) (0.276157691975 1.34522233109 0) (0.279573498372 1.35198015193 0) (0.283022109133 1.35879880345 0) (0.286504030543 1.36567923123 0) (0.290019779348 1.37262240028 0) (0.293569883021 1.37962929551 0) (0.297154880047 1.38670092228 0))
    polyLine 60 64 ((0.364517614033 0.590739062168 -0.03) (0.365337630135 0.591080809347 -0.03) (0.366160193399 0.591416379337 -0.03) (0.366985257293 0.591745753156 -0.03) (0.367812775143 0.592068912172 -0.03) (0.368642700138 0.592385838102 -0.03) (0.369474985328 0.592696513019 -0.03) (0.370309583631 0.593000919349 -0.03) (0.371146447836 0.59329903987 -0.03) (0.3719855306 0.593590857719 -0.03) (0.372826784457 0.593876356387 -0.03) (0.373670161818 0.594155519725 -0.03) (0.374515614973 0.594428331938 -0.03) (0.375363096096 0.594694777596 -0.03) (0.376212557244 0.594954841625 -0.03) (0.377063950365 0.595208509313 -0.03) (0.377917227294 0.595455766311 -0.03) (0.378772339764 0.595696598632 -0.03) (0.379629239399 0.595930992651 -0.03) (0.380487877727 0.596158935108 -0.03) (0.381348206174 0.596380413111 -0.03) (0.382210176071 0.596595414128 -0.03) (0.383073738658 0.596803925999 -0.03) (0.383938845083 0.597005936928 -0.03) (0.384805446408 0.597201435486 -0.03) (0.385673493608 0.597390410615 -0.03) (0.38654293758 0.597572851624 -0.03) (0.387413729139 0.597748748193 -0.03) (0.388285819024 0.597918090371 -0.03) (0.389159157903 0.598080868579 -0.03) (0.39003369637 0.598237073609 -0.03) (0.390909384954 0.598386696624 -0.03) (0.391786174116 0.598529729159 -0.03) (0.392664014258 0.598666163125 -0.03) (0.393542855721 0.598795990801 -0.03) (0.394422648788 0.598919204846 -0.03) (0.39530334369 0.599035798287 -0.03) (0.396184890608 0.59914576453 -0.03) (0.397067239671 0.599249097353 -0.03) (0.397950340966 0.599345790912 -0.03) (0.398834144536 0.599435839737 -0.03) (0.399718600386 0.599519238732 -0.03) (0.40060365848 0.599595983182 -0.03) (0.401489268754 0.599666068743 -0.03) (0.402375381106 0.599729491452 -0.03) (0.403261945412 0.59978624772 -0.03) (0.404148911518 0.599836334337 -0.03) (0.405036229248 0.59987974847 -0.03) (0.405923848408 0.599916487662 -0.03) (0.406811718786 0.599946549836 -0.03) (0.407699790155 0.599969933291 -0.03) (0.408588012277 0.599986636703 -0.03) (0.409476334905 0.599996659129 -0.03))
    polyLine 62 66 ((0.364517614033 0.590739062168 0) (0.365337630135 0.591080809347 0) (0.366160193399 0.591416379337 0) (0.366985257293 0.591745753156 0) (0.367812775143 0.592068912172 0) (0.368642700138 0.592385838102 0) (0.369474985328 0.592696513019 0) (0.370309583631 0.593000919349 0) (0.371146447836 0.59329903987 0) (0.3719855306 0.593590857719 0) (0.372826784457 0.593876356387 0) (0.373670161818 0.594155519725 0) (0.374515614973 0.594428331938 0) (0.375363096096 0.594694777596 0) (0.376212557244 0.594954841625 0) (0.377063950365 0.595208509313 0) (0.377917227294 0.595455766311 0) (0.378772339764 0.595696598632 0) (0.379629239399 0.595930992651 0) (0.380487877727 0.596158935108 0) (0.381348206174 0.596380413111 0) (0.382210176071 0.596595414128 0) (0.383073738658 0.596803925999 0) (0.383938845083 0.597005936928 0) (0.384805446408 0.597201435486 0) (0.385673493608 0.597390410615 0) (0.38654293758 0.597572851624 0) (0.387413729139 0.597748748193 0) (0.388285819024 0.597918090371 0) (0.389159157903 0.598080868579 0) (0.39003369637 0.598237073609 0) (0.390909384954 0.598386696624 0) (0.391786174116 0.598529729159 0) (0.392664014258 0.598666163125 0) (0.393542855721 0.598795990801 0) (0.394422648788 0.598919204846 0) (0.39530334369 0.599035798287 0) (0.396184890608 0.59914576453 0) (0.397067239671 0.599249097353 0) (0.397950340966 0.599345790912 0) (0.398834144536 0.599435839737 0) (0.399718600386 0.599519238732 0) (0.40060365848 0.599595983182 0) (0.401489268754 0.599666068743 0) (0.402375381106 0.599729491452 0) (0.403261945412 0.59978624772 0) (0.404148911518 0.599836334337 0) (0.405036229248 0.59987974847 0) (0.405923848408 0.599916487662 0) (0.406811718786 0.599946549836 0) (0.407699790155 0.599969933291 0) (0.408588012277 0.599986636703 0) (0.409476334905 0.599996659129 0))
    polyLine 61 65 ((0.304766740995 1.40170228385 -0.03) (0.308801772154 1.40964718716 -0.03) (0.312881176462 1.4176744403 -0.03) (0.317005734564 1.42578549991 -0.03) (0.321176245494 1.43398185673 -0.03) (0.325393527222 1.44226503671 -0.03) (0.329658417215 1.45063660194 -0.03) (0.333971773021 1.45909815185 -0.03) (0.338334472872 1.46765132422 -0.03) (0.342747416312 1.47629779644 -0.03) (0.347211524845 1.48503928665 -0.03) (0.35172774261 1.49387755502 -0.03) (0.356297037077 1.50281440505 -0.03) (0.36092039977 1.5118516849 -0.03) (0.365598847021 1.52099128877 -0.03) (0.370333420749 1.53023515839 -0.03) (0.375125189266 1.5395852845 -0.03) (0.379975248122 1.54904370839 -0.03) (0.384884720973 1.55861252356 -0.03) (0.389854760487 1.56829387737 -0.03) (0.394886549288 1.57808997279 -0.03) (0.399981300934 1.58800307025 -0.03) (0.40514026093 1.5980354895 -0.03))
    polyLine 63 67 ((0.304766740995 1.40170228385 0) (0.308801772154 1.40964718716 0) (0.312881176462 1.4176744403 0) (0.317005734564 1.42578549991 0) (0.321176245494 1.43398185673 0) (0.325393527222 1.44226503671 0) (0.329658417215 1.45063660194 0) (0.333971773021 1.45909815185 0) (0.338334472872 1.46765132422 0) (0.342747416312 1.47629779644 0) (0.347211524845 1.48503928665 0) (0.35172774261 1.49387755502 0) (0.356297037077 1.50281440505 0) (0.36092039977 1.5118516849 0) (0.365598847021 1.52099128877 0) (0.370333420749 1.53023515839 0) (0.375125189266 1.5395852845 0) (0.379975248122 1.54904370839 0) (0.384884720973 1.55861252356 0) (0.389854760487 1.56829387737 0) (0.394886549288 1.57808997279 0) (0.399981300934 1.58800307025 0) (0.40514026093 1.5980354895 0))
);

boundary
(
    body_fore
    {
        type wall;
        faces
        (
            (0 2 6 4)
            (4 6 10 8)
            (8 10 14 12)
            (12 14 18 16)
            (16 18 22 20)
            (20 22 26 24)
            (24 26 30 28)
            (28 30 34 32)
            (32 34 38 36)
            (36 38 42 40)
            (40 42 46 44)
            (44 46 50 48)
            (48 50 54 52)
            (52 54 58 56)
            (56 58 62 60)
            (60 62 66 64)
        );
    }
    freestream
    {
        type patch;
        faces
        (
            (1 5 7 3)
            (5 9 11 7)
            (9 13 15 11)
            (13 17 19 15)
            (17 21 23 19)
            (21 25 27 23)
            (25 29 31 27)
            (29 33 35 31)
            (33 37 39 35)
            (37 41 43 39)
            (41 45 47 43)
            (45 49 51 47)
            (49 53 55 51)
            (53 57 59 55)
            (57 61 63 59)
            (61 65 67 63)
        );
    }
    outlet
    {
        type patch;
        faces
        (
            (64 66 67 65)
        );
    }
    axis
    {
        type patch;
        faces
        (
            (0 1 3 2)
        );
    }
    front
    {
        type patch;
        faces
        (
            (2 6 7 3)
            (6 10 11 7)
            (10 14 15 11)
            (14 18 19 15)
            (18 22 23 19)
            (22 26 27 23)
            (26 30 31 27)
            (30 34 35 31)
            (34 38 39 35)
            (38 42 43 39)
            (42 46 47 43)
            (46 50 51 47)
            (50 54 55 51)
            (54 58 59 55)
            (58 62 63 59)
            (62 66 67 63)
        );
    }
    back
    {
        type patch;
        faces
        (
            (0 1 5 4)
            (4 5 9 8)
            (8 9 13 12)
            (12 13 17 16)
            (16 17 21 20)
            (20 21 25 24)
            (24 25 29 28)
            (28 29 33 32)
            (32 33 37 36)
            (36 37 41 40)
            (40 41 45 44)
            (44 45 49 48)
            (48 49 53 52)
            (52 53 57 56)
            (56 57 61 60)
            (60 61 65 64)
        );
    }
);
